0	0.7971351491291521	0.5	0.5	
0.0	0.7974700316181306	0.21450474278043113	0.5321100507173431	
0.05	0.7794779227968666	0.09294581542482555	0.5755144841030854	
0.1	0.7529638056308452	0.04104613596969364	0.626167261649417	
0.15000000000000002	0.7233237057043416	0.01858064055761154	0.6822773467994878	
0.2	0.6930766174129928	0.008654195629009421	0.7430306048055704	
0.25	0.6633107303310345	0.004158741581009793	0.8080251011715579	
0.30000000000000004	0.6344711880103122	0.0020665087440225553	0.8770170677887714	
0.35000000000000003	0.6067236486819964	0.001063894464724992	0.949804219830933	
0.4	0.5801131040167856	5.684634711227715E-4	1.026170929804802	
0.45	0.5546324559169306	3.157372513623119E-4	1.1058622625763361	
0.5	0.5302523262457163	1.825417881650827E-4	1.1885723873263858	
0.55	0.506934201695766	1.0998075750543854E-4	1.2739409624166727	
0.6000000000000001	0.4846363259451019	6.911890968157181E-5	1.3615546036644475	
0.65	0.46331637846759405	4.5342649759866856E-5	1.450952039785261	
0.7000000000000001	0.4429327001787599	3.106288882617295E-5	1.5416321465634393	
0.75	0.4234448476618699	2.2227196866470133E-5	1.633064234588306	
0.8	0.4048138305645363	1.661137530698408E-5	1.7246999781659367	
0.8500000000000001	0.3870021966153676	1.2961746169953035E-5	1.815986330786124	
0.9	0.3699740422825097	1.055383681741277E-5	1.906378735196657	
0.9500000000000001	0.3536949869437809	8.95977882136697E-6	1.9953539344112834	
1.0	0.3381321293633276	7.922874300606142E-6	2.0824217365408555	
1.05	0.3232539960016122	7.288573029787214E-6	2.167135181223183	
1.1	0.30903048608037736	6.9659509391495715E-6	2.2490986895759946	
1.1500000000000001	0.295432815985613	6.906218644960514E-6	2.3279739381364455	
1.2000000000000002	0.28243346437957234	7.091174925852976E-6	2.4034833628003844	
1.25	0.27000611875402925	7.5279060369951865E-6	2.4754113545336827	
1.3	0.2581256238171038	8.247918371058541E-6	2.543603340840945	
1.35	0.24676793192700738	9.310042443546298E-6	2.6079630464803305	
1.4000000000000001	0.23591005569769835	1.0807271426604669E-5	2.668448289657028	
1.4500000000000002	0.2255300228683278	1.2878445471014512E-5	2.725065696584848	
1.5	0.21560683353395946	1.572654839708251E-5	2.77786471223246	
1.55	0.20612041987401344	1.9646527480744726E-5	2.8269312549513237	
1.6	0.19705160858968043	2.506720583063653E-5	2.8723813151513613	
1.6500000000000001	0.18838208638166667	3.2614351030152926E-5	2.91435474066499	
1.7000000000000002	0.18009436898251277	4.3205776352314945E-5	2.9530093902722374	
1.75	0.1721717745313742	5.819522660945576E-5	2.9885157768299644	
1.8	0.16459840248661034	7.95908986041079E-5	3.021052265548625	
1.85	0.15735911987802823	1.1038857772319803E-4	3.050800842367935	
1.9000000000000001	0.1504395576044522	1.550813741144041E-4	3.0779434215127797	
1.9500000000000002	0.1438261208311805	2.20442358550958E-4	3.1026586178239173	
2.0	0.1375060195574915	3.1672998925715164E-4	3.125118864110972	
2.0500000000000003	0.13146732843830314	4.59549964221717E-4	3.1454876999782506	
2.1	0.12569908945029712	6.727379637898106E-4	3.1639169865103955	
2.15	0.120191477721314	9.928318487647764E-4	3.180543696321402	
2.2	0.11493606085764985	0.0014760192548549731	3.195485769111442	
2.25	0.10992619692706135	0.00220893707600427	3.208836276846153	
2.3000000000000003	0.10515763797305479	0.003325449631141525	3.2206547627300424	
2.35	0.10062943721345571	0.005032659468106961	3.230954037247523	
2.4000000000000004	0.09634530181208344	0.007651046064697529	3.2396798441314663	
2.45	0.09231559112568527	0.011675885447332541	3.246679550185609	
2.5	0.08856022970627264	0.017869869168213953	3.251654305486453	
2.5500000000000003	0.08511286869833103	0.027399322179250694	3.2540870932410115	
2.6	0.08202664035394913	0.04202601117133718	3.2531374424665014	
2.6500000000000004	0.07938169548229033	0.06435642387094888	3.2474944544302895	
2.7	0.07729417579894853	0.09811537778878424	3.23518846110082	
2.75	0.07592503841093673	0.1483229780753536	3.2133888504944075	
2.8000000000000003	0.07548502452130314	0.22107928290141549	3.1782780120158787	
2.85	0.0762296403123842	0.32241153332247025	3.1251997274093	
2.9000000000000004	0.07843755700546119	0.45552372864810853	3.0493947389076457	
2.95	0.08237059080349683	0.6163974782290302	2.947587538759765	
3.0	0.08822315922632369	0.7896526829936162	2.820198155904828	
3.0500000000000003	0.09607604709309656	0.9488908491745027	2.673043299191076	
3.1	0.10586539148346175	1.0646488215202299	2.5169683358592536	
3.1500000000000004	0.11736799832199554	1.1166684863641052	2.365011862702731	
3.2	0.130201366842762	1.1018763490655936	2.228684110967757	
3.25	0.1438426896534341	1.032910524394126	2.115490046091887	
3.3000000000000003	0.1576743172993584	0.9301539227600488	2.0285013545967017	
3.35	0.17105567151777115	0.813600556681199	1.967339675147675	
3.4000000000000004	0.18340741737185742	0.6982634743257666	1.929562749345687	
3.45	0.19428413406870573	0.5931861916331718	1.9118221280451018	
3.5	0.20341486560425762	0.5024946128812996	1.910609506915667	
3.5500000000000003	0.2107047938716371	0.42704186426126245	1.9226493338492465	
3.6	0.21620621622142688	0.36586374618723033	1.9450583787052746	
3.6500000000000004	0.22007461566171888	0.3171994245772713	1.9753756306669572	
3.7	0.22252449235445576	0.279103993108253	2.011530570720959	
3.75	0.22379377751674268	0.24976598831270017	2.051788482609164	
3.8000000000000003	0.22411964155011027	0.22764139152956453	2.094692329348274	
3.85	0.22372464961058386	0.2114863804975272	2.1390097445313816	
3.9000000000000004	0.222810649117194	0.20034102189817196	2.18368794892856	
3.95	0.22155768180763225	0.19349355070259247	2.2278167006394685	
4.0	0.22012576213461643	0.1904402816734195	2.2705983381880213	
4.05	0.2186580295793435	0.1908475614327995	2.3113237860777667	
4.1000000000000005	0.21728433262603392	0.19451736902039915	2.3493536305569385	
4.15	0.21612467919964917	0.2013556161977878	2.384103815151881	
4.2	0.2152922117517622	0.21134089078256807	2.415036031697498	
4.25	0.2148954768139876	0.22449081886642366	2.4416534127761094	
4.3	0.2150398008696519	0.24082325459594012	2.4635025769348413	
4.3500000000000005	0.21582759382796834	0.26031027009728874	2.4801833075296096	
4.4	0.21735741098754902	0.28282470758010236	2.4913669701145196	
4.45	0.2197216436710654	0.3080821484231843	2.496823964902467	
4.5	0.2230028018437193	0.3355855051814199	2.496458886896761	
4.55	0.22726851164715528	0.3645842801495246	2.4903496430187335	
4.6000000000000005	0.23256556991156846	0.3940640581462231	2.478783960874987	
4.65	0.2389136443185435	0.42278138228624346	2.4622844275371594	
4.7	0.24629942762690105	0.4493524295515552	2.441612676727395	
4.75	0.254672183622881	0.4723906022192097	2.417745674451216	
4.800000000000001	0.263941607480505	0.49067169262614907	2.391822375904212	
4.8500000000000005	0.27397873701595354	0.5032923370515532	2.3650660521281353	
4.9	0.284620302037742	0.5097848688880574	2.33869389233088	
4.95	0.2956764304169117	0.5101620812253368	2.3138286497903917	
5.0	0.30694111723168	0.5048850822480562	2.2914259796056733	
5.050000000000001	0.3182044062624859	0.49476811506335	2.272226433596029	
5.1000000000000005	0.3292649349920905	0.4808478891349338	2.2567348715168603	
5.15	0.33994143397745646	0.46424794605917086	2.2452245187849624	
5.2	0.35008197169451233	0.4460623791867119	2.2377594368262956	
5.25	0.3595701481029247	0.42727245043342416	2.2342280495689146	
5.300000000000001	0.36832795763879017	0.4086990182744078	2.2343810510043687	
5.3500000000000005	0.3763155382058855	0.39098612687927947	2.2378686642615206	
5.4	0.383528393219609	0.3746073848629085	2.2442740913138026	
5.45	0.3899928669551903	0.35988619724475146	2.2531416181852935	
5.5	0.39576067351094457	0.3470222626170435	2.2639990290506655	
5.550000000000001	0.4009031705956672	0.3361188572503742	2.2763747259410723	
5.6000000000000005	0.4055058905383274	0.3272075204189213	2.2898103335579716	
5.65	0.40966364655044474	0.32026844197999177	2.3038697006896327	
5.7	0.4134763598872381	0.3152460297256503	2.3181451889481637	
5.75	0.4170456220621179	0.31205985480097825	2.3322620385964403	
5.800000000000001	0.4204719197621955	0.3106115555553242	2.3458814666859706	
5.8500000000000005	0.4238524036738517	0.31078844494798524	2.3587030102244317	
5.9	0.42727906733357307	0.31246461266861925	2.3704664878614463	
5.95	0.4308372093298759	0.31550030816137264	2.3809538204012455	
6.0	0.43460407407587387	0.31974037284331863	2.389990822497599	
6.050000000000001	0.4386475971786689	0.3250124721789503	2.3974489544427184	
6.1000000000000005	0.44302521690706603	0.3311258548269566	2.403246906074079	
6.15	0.44778275005854273	0.33787131751494676	2.407351780856808	
6.2	0.45295336559719185	0.3450229552613262	2.4097795680629406	
6.25	0.45855671962750094	0.3523421043834683	2.4105945487130933	
6.300000000000001	0.4645983372755245	0.3595836303101175	2.409907290638671	
6.3500000000000005	0.47106933768019166	0.3665043849990913	2.407870959287458	
6.4	0.4779465950383705	0.37287329745900843	2.404675804179558	
6.45	0.485193410337092	0.3784822264684495	2.4005418641181486	
6.5	0.49276073583735425	0.38315646899844547	2.3957101423793925	
6.550000000000001	0.5005889505966947	0.38676374425593596	2.390432701957279	
6.6000000000000005	0.5086101354931386	0.38922059508034057	2.384962284401323	
6.65	0.5167507469630037	0.39049545496144866	2.3795421346776053	
6.7	0.5249345470095497	0.3906080644493982	2.3743967041288623	
6.75	0.533085619136396	0.38962539826839354	2.369723807451193	
6.800000000000001	0.541131289835414	0.3876546900435223	2.36568864768814	
6.8500000000000005	0.5490047844183787	0.38483443959248254	2.362419926291941	
6.9	0.5566474725987416	0.3813244187119868	2.3600080566533674	
6.95	0.5640105989694628	0.3772956568266564	2.358505327591624	
7.0	0.571056440380584	0.3729212228682752	2.3579277367481803	
7.050000000000001	0.5777588797300953	0.3683683779350234	2.3582581399250975	
7.1000000000000005	0.5841034280892479	0.3637924104328182	2.3594503384895575	
7.15	0.5900867602219405	0.35933222692204686	2.3614337435794885	
7.2	0.5957158502747333	0.35510758639080375	2.364118300341951	
7.25	0.6010068045361981	0.35121774446127874	2.3673994150365067	
7.300000000000001	0.6059834881040824	0.3477412146117807	2.3711626916739887	
7.3500000000000005	0.6106760344679656	0.3447363447300974	2.3752883449592623	
7.4	0.6151193142148831	0.3422424344318014	2.379655207701042	
7.45	0.6193514239779441	0.34028116692670207	2.384144291188908	
7.5	0.6234122415949707	0.33885818648067195	2.3886418859376732	
7.550000000000001	0.6273420798199153	0.3379647095827599	2.393042208601512	
7.6000000000000005	0.6311804597783278	0.337579108807806	2.3972496104703223	
7.65	0.6349650170468821	0.3376684496554139	2.4011803658424293	
7.7	0.6387305476798164	0.3381899908058117	2.4047640568727098	
7.75	0.6425081982985412	0.3390926769542536	2.4079445672969877	
7.800000000000001	0.6463248029104474	0.3403186611443006	2.410680692624499	
7.8500000000000005	0.65020236875175	0.341804891327572	2.4129463706060204	
7.9	0.6541577134830407	0.343484785193006	2.4147305343336125	
7.95	0.6582022559025675	0.34529000004575694	2.4160365921119804	
8.0	0.6623419615029218	0.34715228305658064	2.416881543685366	
8.05	0.6665774423670238	0.3490053643471774	2.4172947513969816	
8.1	0.6709042079524615	0.35078683417862006	2.4173163967421827	
8.15	0.6753130593188912	0.3524399289820803	2.416995666397127	
8.200000000000001	0.6797906145654574	0.35391514169992405	2.416388725635826	
8.25	0.6843199480704061	0.3551715716412166	2.4155565493880236	
8.3	0.6888813210700753	0.35617793837928785	2.414562690398485	
8.35	0.6934529767204558	0.35691320237594654	2.4134710686924983	
8.4	0.698011969554782	0.3573667599831345	2.4123438660115175	
8.450000000000001	0.7025349975824449	0.35753820925662233	2.411239602871348	
8.5	0.7069992054058147	0.35743671214398637	2.410211464882154	
8.55	0.71138292871034	0.3570800046921518	2.4093059299916564	
8.6	0.7156663541646677	0.3564931271836124	2.408561730801917	
8.65	0.7198320738376857	0.3557069587766405	2.4080091676722475	
8.700000000000001	0.7238655192615565	0.35475664568232473	2.4076697705120034	
8.75	0.7277552667436412	0.3536800086656535	2.4075562913037274	
8.8	0.7314932119543409	0.3525160060987203	2.407672996429183	
8.85	0.7350746177459714	0.3513033148541526	2.408016218327361	
8.9	0.7384980442405095	0.350079075115018	2.408575120016379	
8.950000000000001	0.7417651742329398	0.34887782865767725	2.409332623340175	
9.0	0.7448805497894158	0.3477306649254002	2.4102664519895742	
9.05	0.747851237587691	0.3466645763459311	2.4113502427877562	
9.1	0.7506864411552698	0.3457020144317697	2.412554682769995	
9.15	0.7533970778751838	0.3448606313534918	2.4138486346079526	
9.200000000000001	0.7559953376493697	0.3441531876522814	2.41520021839848	
9.25	0.7584942386396775	0.3435876050797366	2.416577823341911	
9.3	0.7609071937347456	0.3431671436227753	2.417951028087716	
9.35	0.763247599474826	0.34289068296932385	2.41929141335799	
9.4	0.7655284572256238	0.34275309042879404	2.4205732548048666	
9.450000000000001	0.7677620345065794	0.3427456591730714	2.4217740879276795	
9.5	0.7699595725934745	0.342856602268489	2.422875140331844	
9.55	0.7721310448457648	0.3430715891213974	2.423861629742536	
9.600000000000001	0.7742849686515652	0.34337431158293497	2.424722929083924	
9.65	0.7764282724225736	0.3437470670894065	2.4254526026751946	
9.700000000000001	0.77856621768958	0.34417134598096516	2.426048320225252	
9.75	0.7807023750328533	0.34462840973376724	2.426511657839178	
9.8	0.7828386513260135	0.3450998464825192	2.426847797652938	
9.850000000000001	0.7849753645840069	0.345568090125374	2.42706513992469	
9.9	0.7871113616045944	0.34601688968655386	2.427174843341027	
9.950000000000001	0.7892441726076601	0.34643171660451133	2.4271903108398196	
10.0	0.7913701962438023	0.3468000992825312	2.427126639303565	
10.05	0.7934849077014255	0.34711187656969317	2.4270000519490376	
10.100000000000001	0.7955830822253264	0.34735936473702006	2.4268273320697418	
10.15	0.7976590261971397	0.34753743581040886	2.4266252759548963	
10.200000000000001	0.7997068080345834	0.3476435086026275	2.426410181333812	
10.25	0.8017204815430565	0.3476774572112409	2.4261973856429004	
10.3	0.8036942949847389	0.3476414448816861	2.4260008658883576	
10.350000000000001	0.8056228799865133	0.3475396937687271	2.425832909014748	
10.4	0.807501415445265	0.347378203109828	2.425703858639799	
10.450000000000001	0.8093257627542108	0.3471644295590034	2.425621940934782	
10.5	0.8110925699082989	0.34690694389581267	2.4255931694656434	
10.55	0.812799343290975	0.3466150780613899	2.4256213260913775	
10.600000000000001	0.8144444871427735	0.34629857557434557	2.4257080126450536	
10.65	0.8160273118154029	0.34596725697351804	2.425852766170356	
10.700000000000001	0.8175480128841058	0.345630710170816	2.4260532289914387	
10.75	0.8190076239981869	0.3452980136273136	2.42630536386535	
10.8	0.820407946978414	0.3449774982293128	2.426603703887643	
10.850000000000001	0.8217514631151993	0.34467655175633544	2.4269416266566317	
10.9	0.8230412298872949	0.34440146799016036	2.4273116423999026	
10.950000000000001	0.8242807674191289	0.3441573408735487	2.427705686270462	
11.0	0.825473938943291	0.3439480027216759	2.428115405769257	
11.05	0.8266248293539199	0.34377600432714084	2.4285324351875164	
11.100000000000001	0.8277376256492263	0.3436426338712721	2.4289486500329494	
11.15	0.8288165026894643	0.3435479708389616	2.42935639556126	
11.200000000000001	0.8298655172615701	0.3434909706041411	2.4297486847384766	
11.25	0.8308885129627951	0.34346957498015646	2.4301193621767956	
11.3	0.8318890379102085	0.3434808437885094	2.4304632317892536	
11.350000000000001	0.8328702767659796	0.34352110237090955	2.4307761470733853	
11.4	0.8338349980529545	0.34358609993987727	2.4310550640412996	
11.450000000000001	0.8347855172326347	0.34367117372496053	2.4312980578457215	
11.5	0.8357236755383214	0.343771414022627	2.4315043050923935	
11.55	0.8366508341089464	0.34388182549877	2.4316740346637666	
11.600000000000001	0.8375678825621531	0.3439974804250727	2.431808450593147	
11.65	0.8384752607858824	0.3441136599543749	2.4319096311098423	
11.700000000000001	0.8393729924225971	0.3442259800525521	2.4319804084139203	
11.75	0.8402607282748218	0.34433049929742165	2.4320242340263305	
11.8	0.8411377976791009	0.34442380641559023	2.4320450346924902	
11.850000000000001	0.842003265780448	0.3445030861373805	2.432047063795544	
11.9	0.8428559945917304	0.3445661626848321	2.4320347530648014	
11.950000000000001	0.8436947057410641	0.34461152094190345	2.432012569055908	
12.0	0.8445180428919575	0.34463830606165724	2.431984878447438	
12.05	0.8453246319603472	0.34464630291526455	2.4319558256636036	
12.100000000000001	0.846113137442636	0.34463589735763744	2.4319292257176883	
12.15	0.846882313400589	0.3446080217542378	2.431908474501095	
12.200000000000001	0.8476310479124605	0.344564087568647	2.4318964780449557	
12.25	0.8483584000842891	0.3445059080427461	2.4318956015812025	
12.3	0.8490636290099103	0.3444356141094195	2.4319076385523926	
12.350000000000001	0.849746214362205	0.34435556666633843	2.431933799086472	
12.4	0.8504058685814221	0.3442682682188478	2.4319747168824937	
12.450000000000001	0.8510425408902298	0.34417627668473183	2.432030472960706	
12.5	0.8516564136020112	0.34408212386108755	2.4321006343256406	
12.55	0.8522478913930054	0.3439882407026147	2.432184305279904	
12.600000000000001	0.8528175843760855	0.3438968911705121	2.4322801889112875	
12.65	0.8533662859418509	0.34381011600018513	2.4323866561549803	
12.700000000000001	0.8538949464204985	0.34372968732073605	2.43250181980135	
12.75	0.8544046436662751	0.34365707465411094	2.4326236108708215	
12.8	0.8548965516771252	0.343593422438642	2.432749854901732	
12.850000000000001	0.855371908338352	0.34353953886979327	2.432878345884396	
12.9	0.8558319833244535	0.34349589553698784	2.4330069158138103	
12.950000000000001	0.8562780471120465	0.3434626370640677	2.433133498113118	
13.0	0.8567113419536114	0.3434395997349771	2.4332561834887287	
13.05	0.8571330555414978	0.34342633790691723	2.433373267104854	
13.100000000000001	0.8575442979590517	0.34342215688056826	2.4334832862996865	
13.15	0.8579460823756158	0.34342615081016803	2.4335850483978008	
13.200000000000001	0.8583393097990056	0.3434372441936966	2.4336776484946414	
13.25	0.8587247580571453	0.3434542354829685	2.4337604773912718	
13.3	0.8591030750436865	0.3434758413923505	2.4338332201338733	
13.350000000000001	0.8594747761341416	0.3435007405598567	2.433895845856985	
13.4	0.8598402455623055	0.34352761532173587	2.4339485898373967	
13.450000000000001	0.8601997414440652	0.3435551904970338	2.4339919288334357	
13.5	0.8605534040490759	0.3435822682371432	2.4340265509098353	
13.55	0.8609012668516817	0.3436077581717047	2.434053321030376	
13.600000000000001	0.8612432698417535	0.343630702270694	2.4340732437393013	
13.65	0.8615792745441493	0.34365029403714376	2.434087424249563	
13.700000000000001	0.8619090801820388	0.3436658918396714	2.434097029213834	
13.75	0.8622324404236339	0.34367702638289455	2.4341032483765868	
13.8	0.8625490801726899	0.34368340249134943	2.4341072581969025	
13.850000000000001	0.8628587118988286	0.3436848955436709	2.434110188397316	
13.9	0.8631610510522436	0.3436815430342855	2.4341130922396763	
13.950000000000001	0.8634558301663932	0.3436735318563612	2.4341169211607925	
14.0	0.8637428113193335	0.3436611819899063	2.434122504224683	
14.05	0.8640217966968265	0.3436449273414562	2.4341305326705807	
14.100000000000001	0.8642926370756358	0.3436252945165183	2.4341415496620993	
14.15	0.8645552381209886	0.34360288031368197	2.43415594517831	
14.200000000000001	0.8648095644656649	0.3435783287117436	2.434173955836394	
14.25	0.8650556416074402	0.34355230808083326	2.4341956693017255	
14.3	0.8652935557248177	0.3435254892884308	2.434221032827581	
14.350000000000001	0.8655234515666214	0.3434985252948262	2.4342498653751967	
14.4	0.8657455286179255	0.3434720327437601	2.4342818726967126	
14.450000000000001	0.8659600357821707	0.3434465759564915	2.4343166647190024	
14.5	0.8661672648467326	0.3434226536351422	2.4343537745450416	
14.55	0.8663675430165683	0.34340068847741484	2.4343926783901866	
14.600000000000001	0.8665612248081054	0.3433810198029322	2.4344328157918387	
14.65	0.8667486835937548	0.3433638991944047	2.434473609470261	
14.700000000000001	0.8669303030770856	0.34334948906706886	2.4345144842732616	
14.75	0.8671064689607403	0.343337863999395	2.4345548847052685	
14.8	0.8672775610446909	0.34332901458852483	2.4345942906190223	
14.850000000000001	0.8674439459626571	0.343322853536408	2.4346322307327037	
14.9	0.867605970730685	0.3433192236278816	2.4346682937238193	
14.950000000000001	0.8677639572453245	0.3433179072302861	2.4347021367407127	
15.0	0.8679181978308042	0.3433186369255822	2.4347334912604546	
15.05	0.8680689518963235	0.3433211068799093	2.434762166305686	
15.100000000000001	0.8682164437271889	0.34332498456141636	2.4347880491105256	
15.15	0.8683608613980595	0.34332992243400223	2.434811103395129	
15.200000000000001	0.8685023567639406	0.34333556928113407	2.434831365468417	
15.25	0.8686410464555302	0.3433415808487546	2.434848938427724	
15.3	0.8687770137806915	0.34334762953791365	2.4348639847620284	
15.350000000000001	0.8689103114136417	0.34335341292451266	2.4348767176915542	
15.4	0.869040964738181	0.3433586609337513	2.4348873915910185	
15.450000000000001	0.8691689757010622	0.34336314154880415	2.4348962918468913	
15.5	0.8692943270263762	0.3433666649853	2.4349037244914986	
15.55	0.8694169866414139	0.3433690863137491	2.4349100059395257	
15.600000000000001	0.8695369121685499	0.3433703065597587	2.4349154531266697	
15.65	0.8696540553458455	0.3433702723554331	2.434920374317203	
15.700000000000001	0.8697683662507643	0.3433689742537229	2.4349250608085056	
15.75	0.8698797972160417	0.34336644384985326	2.4349297797177867	
15.8	0.8699883063437038	0.3433627498797283	2.434934767990819	
15.850000000000001	0.8700938605418208	0.34335799348405194	2.434940227726076	
15.9	0.8701964380281346	0.3433523028387117	2.4349463228616957	
15.950000000000001	0.8702960302645606	0.34334582735688624	2.434953177228552	
16.0	0.870392643306106	0.3433387316666819	2.4349608739315602	
16.05	0.8704862985664141	0.3433311895604106	2.4349694559842665	
16.1	0.8705770330194224	0.3433233780985523	2.4349789280895497	
16.150000000000002	0.8706648988720974	0.34331547203379364	2.434989259432555	
16.2	0.8707499627565446	0.3433076386991736	2.4350003873311667	
16.25	0.8708323045007273	0.34330003348020993	2.4350122215746475	
16.3	0.8709120155454251	0.3432927959648738	2.4350246492724725	
16.35	0.8709891970808268	0.3432860468383305	2.4350375400327584	
16.400000000000002	0.8710639579793262	0.3432798855623648	2.4350507512926054	
16.45	0.871136412601736	0.3432743888531556	2.4350641336307075	
16.5	0.8712066785524372	0.3432696099462995	2.4350775359051027	
16.55	0.8712748744551483	0.3432655786153159	2.435090810075252	
16.6	0.8713411178152951	0.34326230188983514	2.4351038155869817	
16.650000000000002	0.8714055230276984	0.343259765402658	2.4351164232204314	
16.7	0.8714681995797947	0.343257935281178	2.4351285183241864	
16.75	0.8715292504912101	0.34325676048843395	2.43514000338248	
16.8	0.8715887710205563	0.34325617551236937	2.435150799885965	
16.85	0.8716468476601545	0.3432561032986572	2.4351608494993733	
16.900000000000002	0.8717035574293236	0.3432564583225604	2.435170114540812	
16.95	0.8717589674671964	0.34325714969849924	2.4351785778069117	
17.0	0.8718131349170057	0.34325808423197895	2.435186241795145	
17.05	0.8718661070856322	0.3432591693269264	2.435193127388983	
17.1	0.8719179218551143	0.3432603156718753	2.4351992720829756	
17.150000000000002	0.8719686083169209	0.3432614396403853	2.435204727833144	
17.2	0.8720181875951687	0.3432624653541164	2.435209558623248	
17.25	0.8720666738216855	0.3432633263706479	2.4352138378396178	
17.3	0.8721140752238734	0.34326396697197586	2.4352176455464427	
17.35	0.8721603952856808	0.3432643430432279	2.435221065749928	
17.400000000000002	0.8722056339425776	0.34326442254409795	2.4352241837338484	
17.45	0.8722497887731421	0.343264185587498	2.4352270835411103	
17.5	0.8722928561525768	0.34326362415063955	2.43522984566632	
17.55	0.8723348323370254	0.34326274145297625	2.435232545013494	
17.6	0.8723757144518026	0.34326155104298056	2.435235249161315	
17.650000000000002	0.8724155013613903	0.3432600756414823	2.43523801696618	
17.7	0.8724541944041257	0.34325834579322023	2.435240897521054	
17.75	0.8724917979797363	0.34325639838035915	2.4352439294762607	
17.8	0.8725283199830878	0.3432542750520651	2.4352471407170917	
17.85	0.8725637720825585	0.3432520206229319	2.43525054838282	
17.900000000000002	0.8725981698461918	0.3432496814902614	2.4352541592025925	
17.95	0.8726315327230879	0.34324730411611204	2.435257970115941	
18.0	0.8726638838912842	0.3432449336148538	2.4352619691394173	
18.05	0.8726952499865507	0.3432426124809461	2.4352661364362356	
18.1	0.872725660729059	0.3432403794850156	2.4352704455427596	
18.150000000000002	0.8727551484667244	0.34323826875930663	2.4352748647042635	
18.2	0.8727837476551715	0.34323630908643843	2.435279358272464	
18.25	0.8728114942947508	0.34323452339835425	2.43528388811884	
18.3	0.8728384253448652	0.3432329284855916	2.435288415020506	
18.35	0.8728645781351062	0.3432315349107207	2.435292899979281	
18.400000000000002	0.8728899897914085	0.3432303471141448	2.435297305439347	
18.45	0.8729146966936947	0.34322936369555246	2.4353015963743583	
18.5	0.8729387339793698	0.34322857785025224	2.4353057412208012	
18.55	0.8729621351046383	0.3432279779364664	2.4353097126406253	
18.6	0.8729849314730384	0.3432275481474399	2.43531348810245	
18.650000000000002	0.873007152137912	0.343227269260936	2.435317050276811	
18.7	0.8730288235828425	0.3432271194383139	2.4353203872467857	
18.75	0.8730499695814706	0.34322707504585726	2.435323492540729	
18.8	0.873070611135627	0.34322711147228346	2.435326364998704	
18.85	0.8730907664884449	0.34322720391830724	2.4353290084883223	
18.900000000000002	0.8731104512071083	0.3432273281366617	2.4353314314891006	
18.95	0.8731296783281809	0.3432274611039729	2.435333646567016	
19.0	0.8731484585570786	0.34322758160922523	2.4353356697626998	
19.05	0.8731668005122228	0.3432276707471127	2.435337519917627	
19.1	0.873184711003732	0.34322771230823285	2.435339217962805	
19.150000000000002	0.8732021953361856	0.3432276930617217	2.435340786193857	
19.200000000000003	0.873219257625005	0.3432276029294474	2.4353422475551194	
19.25	0.8732359011163152	0.34322743505417835	2.4353436249535148	
19.3	0.8732521285007566	0.34322718576713734	2.435344940620616	
19.35	0.8732679422125549	0.3432268544629744	2.435346215538575	
19.400000000000002	0.8732833447062066	0.3432264433923921	2.4353474689425925	
19.450000000000003	0.8732983387043338	0.34322595738439504	2.4353487179094144	
19.5	0.8733129274115695	0.3432254035113937	2.435349977038122	
19.55	0.8733271146907046	0.3432247907111707	2.4353512582262726	
19.6	0.8733409051987124	0.34322412938001756	2.435352570541393	
19.650000000000002	0.8733543044816282	0.3432234309512056	2.435353920184985	
19.700000000000003	0.8733673190285505	0.3432227074723965	2.4353553105436276	
19.75	0.8733799562862329	0.34322197119467046	2.4353567423195592	
19.8	0.8733922246367982	0.3432212341846126	2.4353582137312735	
19.85	0.8734041333420255	0.34322050796940584	2.435359720773241	
19.900000000000002	0.873415692458411	0.3432198032231908	2.435361257522875	
19.950000000000003	0.8734269127277744	0.3432191295011423	2.4353628164822796	
20.0	0.8734378054485726	0.34321849502583535	2.4353643889421615	
20.05	0.87344838233329	0.34321790652858875	2.435365965355507	
20.1	0.8734586553573075	0.343217369146648	2.4353675357092115	
20.150000000000002	0.8734686366045239	0.3432168863753416	2.4353690898827374	
20.200000000000003	0.873478338114723	0.3432164600727653	2.435370617984032	
20.25	0.8734877717372733	0.3432160905131562	2.435372110654303	
20.3	0.8734969489952312	0.34321577648393375	2.4353735593347636	
20.35	0.8735058809633185	0.3432155154204376	2.4353749564900875	
20.400000000000002	0.8735145781625816	0.3432153035716875	2.4353762957849656	
20.450000000000003	0.8735230504738435	0.34321513619003396	2.4353775722118134	
20.5	0.8735313070713436	0.34321500773735797	2.435378782169271	
20.55	0.8735393563772594	0.34321491210050126	2.4353799234926305	
20.6	0.8735472060371259	0.34321484280884657	2.4353809954386763	
20.650000000000002	0.873554862915544	0.3432147932474023	2.4353819986286203	
20.700000000000003	0.8735623331109998	0.34321475685934766	2.4353829349537843	
20.75	0.8735696219881292	0.3432147273327318	2.4353838074494885	
20.8	0.8735767342253522	0.343214698766869	2.4353846201431493	
20.85	0.873583673875491	0.3432146658148886	2.4353853778829557	
20.900000000000002	0.8735904444367563	0.34321462379986056	2.435386086153605	
20.950000000000003	0.8735970489313646	0.34321456880288687	2.4353867508855247	
21.0	0.873603489989007	0.34321449772249696	2.435387378263743	
21.05	0.8736097699324396	0.3432144083055919	2.435387974542144	
21.1	0.8736158908625897	0.3432142991510093	2.435388545868287	
21.150000000000002	0.8736218547407723	0.3432141696875262	2.4353890981232853	
21.200000000000003	0.8736276634658554	0.3432140201287502	2.4353896367804695	
21.25	0.8736333189445226	0.3432138514078673	2.4353901667857487	
21.3	0.8736388231531069	0.34321366509560713	2.4353906924617217	
21.35	0.8736441781898323	0.3432134633050507	2.4353912174367385	
21.400000000000002	0.8736493863166613	0.34321324858704355	2.4353917445992863	
21.450000000000003	0.873654449990313	0.3432130238199933	2.4353922760772906	
21.5	0.8736593718823675	0.34321279209773203	2.435392813241202	
21.55	0.8736641548887014	0.3432125566189227	2.4353933567291226	
21.6	0.8736688021287984	0.3432123205811989	2.435393906491669	
21.650000000000002	0.8736733169357416	0.3432120870828611	2.4353944618538703	
21.700000000000003	0.8736777028379121	0.34321185903452867	2.4353950215910474	
21.75	0.8736819635335936	0.34321163908268126	2.4353955840154513	
21.8	0.8736861028598063	0.34321142954653255	2.4353961470703176	
21.85	0.8736901247567724	0.3432112323691804	2.4353967084280184	
21.900000000000002	0.8736940332294453	0.3432110490834841	2.4353972655891076	
21.950000000000003	0.8736978323075177	0.3432108807926499	2.435397815979247	
22.0	0.8737015260052718	0.3432107281650677	2.4353983570412736	
22.05	0.8737051182825375	0.3432105914425483	2.4353988863200198	
22.1	0.8737086130079053	0.3432104704607722	2.4353994015378624	
22.150000000000002	0.8737120139251875	0.3432103646804791	2.4353999006594136	
22.200000000000003	0.8737153246239562	0.3432102732277105	2.4354003819441887	
22.25	0.8737185485148014	0.3432101949412668	2.435400843986533	
22.3	0.8737216888097695	0.34321012842545395	2.435401285742521	
22.35	0.8737247485082515	0.3432100721061732	2.4354017065439435	
22.400000000000002	0.8737277303884062	0.34321002428844305	2.4354021060998834	
22.450000000000003	0.8737306370040351	0.3432099832135361	2.435402484486709	
22.5	0.873733470686664	0.3432099471140508	2.435402842127604	
22.55	0.8737362335524492	0.3432099142654206	2.4354031797629894	
22.6	0.8737389275134069	0.3432098830325709	2.435403498413359	
22.650000000000002	0.8737415542923688	0.34320985191067355	2.435403799336182	
22.700000000000003	0.8737441154409992	0.34320981955919544	2.435404083978579	
22.75	0.87374661236016	0.3432097848286961	2.435404353927483	
22.8	0.8737490463218917	0.34320974678008415	2.4354046108589595	
22.85	0.8737514184922778	0.34320970469628614	2.4354048564882556	
22.900000000000002	0.8737537299544884	0.34320965808651255	2.435405092522024	
22.950000000000003	0.873755981731337	0.3432096066835132	2.4354053206140023	
23.0	0.8737581748067484	0.34320955043439555	2.4354055423252237	
23.05	0.8737603101456095	0.3432094894857315	2.4354057590896407	
23.1	0.873762388711555	0.34320942416379785	2.435405972185803	
23.150000000000002	0.8737644114823392	0.34320935495088106	2.4354061827150173	
23.200000000000003	0.8737663794625342	0.3432092824586283	2.43540639158619	
23.25	0.8737682936933959	0.34320920739944827	2.4354065995073335	
23.3	0.8737701552598329	0.34320913055694946	2.4354068069835284	
23.35	0.873771965294503	0.3432090527563658	2.435407014320953	
23.400000000000002	0.8737737249791458	0.3432089748358517	2.4354072216364337	
23.450000000000003	0.8737754355433357	0.3432088976194405	2.4354074288718497	
23.5	0.8737770982608972	0.3432088218923564	2.4354076358126195	
23.55	0.8737787144442849	0.34320874837924875	2.43540784210944	
23.6	0.8737802854372608	0.3432086777257928	2.4354080473024005	
23.650000000000002	0.8737818126062352	0.34320861048396806	2.4354082508465864	
23.700000000000003	0.8737832973306456	0.3432085471011943	2.4354084521383124	
23.75	0.8737847409927539	0.3432084879133766	2.435408650541156	
23.8	0.8737861449672287	0.3432084331417923	2.4354088454110334	
23.85	0.8737875106108624	0.34320838289364136	2.4354090361196437	
23.900000000000002	0.8737888392527418	0.3432083371659858	2.435409222075689	
23.950000000000003	0.8737901321851549	0.3432082958527212	2.4354094027434097	
24.0	0.8737913906554743	0.34320825875415917	2.4354095776580613	
24.05	0.8737926158592105	0.3432082255887494	2.4354097464380984	
24.1	0.873793808934381	0.343208196006443	2.4354099087939267	
24.150000000000002	0.8737949709572874	0.34320816960317885	2.4354100645332153	
24.200000000000003	0.8737961029397499	0.3432081459359852	2.4354102135628475	
24.25	0.8737972058277926	0.34320812453819893	2.435410355887694	
24.3	0.8737982805017396	0.3432081049343417	2.43541049160647	
24.35	0.8737993277776323	0.34320808665423147	2.4354106209050053	
24.400000000000002	0.873800348409853	0.3432080692459623	2.4354107440473185	
24.450000000000003	0.8738013430948064	0.34320805228744483	2.435410861364907	
24.5	0.8738023124754902	0.34320803539626193	2.4354109732447102	
24.55	0.8738032571467731	0.3432080182376663	2.4354110801161943	
24.6	0.8738041776611861	0.3432080005306085	2.4354111824380094	
24.650000000000002	0.8738050745350346	0.3432079820517566	2.435411280684649	
24.700000000000003	0.8738059482546389	0.34320796263752595	2.4354113753335116	
24.75	0.8738067992825229	0.3432079421841994	2.435411466852722	
24.8	0.8738076280633843	0.3432079206462679	2.435411555690027	
24.85	0.8738084350296939	0.3432078980331654	2.4354116422630194	
24.900000000000002	0.8738092206067988	0.3432078744046085	2.435411726950893	
24.950000000000003	0.8738099852174231	0.34320784986477704	2.4354118100878672	
25.0	0.8738107292854864	0.34320782455559135	2.4354118919583607	
25.05	0.873811453239186	0.3432077986493483	2.4354119727939394	
25.1	0.8738121575133144	0.34320777234098254	2.435412052772002	
25.150000000000002	0.8738128425508083	0.34320774584020813	2.4354121320161255	
25.200000000000003	0.8738135088035458	0.3432077193637842	2.4354122105979443	
25.25	0.8738141567324345	0.3432076931281256	2.4354122885403964	
25.3	0.873814786806845	0.3432076673424553	2.435412365822152	
25.35	0.8738153995034659	0.34320764220266325	2.4354124423830035	
25.400000000000002	0.8738159953046614	0.34320761788600607	2.4354125181299944	
25.450000000000003	0.873816574696428	0.34320759454674565	2.4354125929440507	
25.5	0.8738171381660477	0.3432075723127908	2.4354126666868847	
25.55	0.8738176861995364	0.34320755128337105	2.4354127392079454	
25.6	0.8738182192789904	0.34320753152773914	2.435412810351208	
25.650000000000002	0.8738187378799221	0.3432075130848689	2.4354128799616093	
25.700000000000003	0.8738192424686759	0.3432074959640867	2.4354129478909674	
25.75	0.873819733500003	0.34320748014655167	2.4354130140032404	
25.8	0.8738202114148638	0.34320746558748105	2.4354130781790206	
25.85	0.8738206766385163	0.34320745221900145	2.435413140319182	
25.900000000000002	0.8738211295789338	0.34320743995349706	2.4354132003476305	
25.950000000000003	0.8738215706255831	0.3432074286873185	2.435413258213144	
26.0	0.8738220001485827	0.343207418304718	2.4354133138903067	
26.05	0.8738224184982448	0.343207408681876	2.435413367379581	
26.1	0.8738228260049954	0.3432073996908925	2.4354134187065677	
26.150000000000002	0.8738232229796541	0.3432073912036272	2.435413467920542	
26.200000000000003	0.8738236097140475	0.3432073830952837	2.435413515092357	
26.25	0.873823986481919	0.34320737524764816	2.435413560311823	
26.3	0.8738243535400945	0.3432073675519111	2.4354136036846805	
26.35	0.8738247111298562	0.3432073599110163	2.43541364532928	
26.400000000000002	0.8738250594784749	0.34320735224150056	2.4354136853730988	
26.450000000000003	0.8738253988008493	0.3432073444748041	2.4354137239492033	
26.5	0.8738257293012017	0.3432073365580505	2.435413761192769	
26.55	0.8738260511747804	0.3432073284543097	2.4354137972377585	
26.6	0.8738263646095226	0.3432073201423722	2.435413832213848	
26.650000000000002	0.8738266697876361	0.34320731161607587	2.435413866243674	
26.700000000000003	0.873826966887064	0.34320730288323625	2.4354138994404626	
26.75	0.8738272560827992	0.3432072939642403	2.4354139319060844	
26.8	0.8738275375480282	0.3432072848903693	2.4354139637295664	
26.85	0.8738278114550833	0.3432072757019192	2.435413994986069	
26.900000000000002	0.873828077976194	0.3432072664461892	2.4354140257363324	
26.950000000000003	0.8738283372840345	0.3432072571754076	2.4354140560265694	
27.0	0.8738285895520675	0.3432072479446607	2.435414085888784	
27.05	0.8738288349546934	0.3432072388098865	2.435414115341471	
27.1	0.8738290736672184	0.3432072298259889	2.435414144390655	
27.150000000000002	0.8738293058656579	0.3432072210451187	2.4354141730312087	
27.200000000000003	0.8738295317263977	0.3432072125151624	2.435414201248395	
27.25	0.8738297514257355	0.34320720427846807	2.4354142290195733	
27.3	0.873829965139329	0.34320719637083014	2.4354142563160024	
27.35	0.8738301730415766	0.34320718882074447	2.435414283104688	
27.400000000000002	0.873830375304958	0.34320718164893776	2.4354143093502074	
27.450000000000003	0.8738305720993594	0.343207174868165	2.435414335016468	
27.5	0.8738307635914085	0.3432071684832623	2.4354143600683456	
27.55	0.8738309499438411	0.34320716249143657	2.4354143844731646	
27.6	0.8738311313149192	0.3432071568827642	2.435414408201991	
27.650000000000002	0.8738313078579169	0.34320715164087223	2.4354144312307064	
27.700000000000003	0.8738314797206876	0.34320714674376585	2.4354144535408504	
27.75	0.8738316470453236	0.34320714216476933	2.4354144751202256	
27.8	0.8738318099679115	0.34320713787354284	2.4354144959632578	
27.85	0.8738319686183905	0.3432071338371403	2.4354145160711234	
27.900000000000002	0.8738321231205096	0.34320713002107306	2.435414535451656	
27.950000000000003	0.8738322735918829	0.34320712639034795	2.4354145541190473	
28.0	0.8738324201441352	0.34320712291044986	2.4354145720933706	
28.05	0.8738325628831315	0.3432071195482434	2.4354145893999513	
28.1	0.8738327019092773	0.34320711627277256	2.435414606068614	
28.150000000000002	0.8738328373178804	0.34320711305594176	2.435414622132841	
28.200000000000003	0.87383296919956	0.3432071098730656	2.4354146376288677	
28.25	0.8738330976406897	0.34320710670328136	2.4354146525947518	
28.3	0.8738332227238618	0.34320710352981976	2.4354146670694456	
28.35	0.8738333445283575	0.34320710034013724	2.4354146810918955	
28.400000000000002	0.8738334631306136	0.343207097125915	2.4354146947001984	
28.450000000000003	0.8738335786046707	0.3432070938829342	2.435414707930833	
28.5	0.8738336910225944	0.34320709061083915	2.4354147208179855	
28.55	0.8738338004548611	0.34320708731280464	2.4354147333929843	
28.6	0.8738339069706995	0.3432070839951227	2.43541474568385	
28.650000000000002	0.8738340106383832	0.34320708066672706	2.4354147577149696	
28.700000000000003	0.8738341115254717	0.34320707733867517	2.4354147695068935	
28.75	0.8738342096989964	0.34320707402360345	2.435414781076256	
28.8	0.8738343052255917	0.34320707073517703	2.4354147924358083	
28.85	0.8738343981715737	0.3432070674875479	2.4354148035945618	
28.900000000000002	0.8738344886029684	0.34320706429483927	2.4354148145580226	
28.950000000000003	0.8738345765854937	0.34320706117066785	2.4354148253285097	
29.0	0.8738346621845005	0.34320705812771657	2.435414835905541	
29.05	0.8738347454648789	0.3432070551773673	2.435414846286266	
29.1	0.8738348264909365	0.3432070523293989	2.435414856465936	
29.150000000000002	0.873834905326254	0.34320704959175613	2.4354148664383897	
29.200000000000003	0.8738349820335282	0.3432070469703908	2.4354148761965435	
29.25	0.8738350566744063	0.3432070444691749	2.4354148857328677	
29.3	0.8738351293093201	0.34320704208988334	2.435414895039838	
29.35	0.8738351999973247	0.34320703983224177	2.4354149041103486	
29.400000000000002	0.8738352687959497	0.34320703769403305	2.435414912938081	
29.450000000000003	0.8738353357610648	0.34320703567125566	2.4354149215178156	
29.5	0.8738354009467649	0.34320703375832556	2.4354149298456877	
29.55	0.87383546440528	0.34320703194831204	2.4354149379193757	
29.6	0.8738355261869075	0.3432070302331981	2.4354149457382293	
29.650000000000002	0.8738355863399724	0.34320702860415636	2.435414953303332	
29.700000000000003	0.8738356449108128	0.3432070270518306	2.4354149606175053	
29.75	0.8738357019437925	0.34320702556661425	2.435414967685255	
29.8	0.8738357574813371	0.3432070241389181	2.435414974512666	
29.85	0.8738358115639944	0.3432070227594192	2.4354149811072574	
29.900000000000002	0.8738358642305127	0.34320702141928555	2.435414987477797	
29.950000000000003	0.8738359155179392	0.34320702011037124	2.435414993634089	
30.0	0.8738359654617297	0.34320701882537824	2.4354149995867433	
30.05	0.8738360140958711	0.3432070175579824	2.435415005346933	
30.1	0.873836061453009	0.3432070163029225	2.4354150109261465	
30.150000000000002	0.8738361075645796	0.34320701505605195	2.4354150163359476	
30.200000000000003	0.8738361524609418	0.3432070138143546	2.435415021587745	
30.25	0.8738361961715048	0.34320701257592645	2.4354150266925787	
30.3	0.8738362387248506	0.34320701133992604	2.4354150316609324	
30.35	0.8738362801488475	0.34320701010649773	2.435415036502569	
30.400000000000002	0.8738363204707525	0.3432070088766714	2.4354150412263977	
30.450000000000003	0.8738363597173016	0.3432070076522436	2.4354150458403754	
30.5	0.873836397914786	0.3432070064356451	2.4354150503514354	
30.55	0.8738364350891142	0.34320700522979875	2.4354150547654543	
30.6	0.87383647126586	0.34320700403797433	2.4354150590872474	
30.650000000000002	0.8738365064702943	0.3432070028636431	2.4354150633205927	
30.700000000000003	0.8738365407274055	0.3432070017103374	2.4354150674682846	
30.75	0.8738365740619047	0.34320700058151954	2.435415071532208	
30.8	0.8738366064982211	0.3432069994804612	2.4354150755134327	
30.85	0.873836638060486	0.34320699841013896	2.435415079412324	
30.900000000000002	0.8738366687725087	0.3432069973731457	2.435415083228664	
30.950000000000003	0.8738366986577462	0.34320699637162055	2.4354150869617777	
31.0	0.8738367277392675	0.3432069954071977	2.4354150906106655	
31.05	0.873836756039715	0.3432069944809744	2.4354150941741306	
31.1	0.8738367835812654	0.34320699359349804	2.4354150976509024	
31.150000000000002	0.8738368103855902	0.3432069927447703	2.435415101039752	
31.200000000000003	0.8738368364738194	0.34320699193426857	2.435415104339596	
31.25	0.8738368618665072	0.3432069911609815	2.435415107549586	
31.3	0.8738368865836044	0.34320699042345726	2.4354151106691853	
31.35	0.8738369106444343	0.34320698971986147	2.4354151136982263	
31.400000000000002	0.8738369340676763	0.3432069890480441	2.4354151166369524	
31.450000000000003	0.8738369568713553	0.34320698840561	2.4354151194860445	
31.5	0.873836979072839	0.3432069877899932	2.4354151222466283	
31.55	0.8738370006888404	0.3432069871985314	2.435415124920267	
31.6	0.8738370217354291	0.3432069866285378	2.435415127508942	
31.650000000000002	0.8738370422280467	0.34320698607736977	2.435415130015018	
31.700000000000003	0.8738370621815292	0.3432069855424914	2.4354151324412	
31.75	0.873837081610134	0.3432069850215286	2.4354151347904796	
31.8	0.8738371005275699	0.3432069845123162	2.435415137066077	
31.85	0.8738371189470321	0.3432069840129357	2.4354151392713788	
31.900000000000002	0.8738371368812377	0.34320698352174345	2.4354151414098717	
31.950000000000003	0.8738371543424631	0.34320698303738856	2.4354151434850793	
32.0	0.8738371713425823	0.3432069825588214	2.4354151455005004	
32.050000000000004	0.8738371878931033	0.3432069820852933	2.4354151474595493	
32.1	0.8738372040052041	0.3432069816163464	2.4354151493655043	
32.15	0.8738372196897671	0.3432069811517971	2.43541515122146	
32.2	0.8738372349574092	0.3432069806917119	2.435415153030291	
32.25	0.8738372498185102	0.34320698023637813	2.4354151547946183	
32.300000000000004	0.8738372642832369	0.34320697978627024	2.4354151565167905	
32.35	0.873837278361564	0.3432069793420131	2.435415158198869	
32.4	0.87383729206329	0.34320697890434404	2.435415159842624	
32.45	0.8738373053980503	0.34320697847407394	2.435415161449537	
32.5	0.8738373183753262	0.3432069780520492	2.435415163020814	
32.550000000000004	0.87383733100445	0.3432069776391161	2.435415164557399	
32.6	0.8738373432946069	0.3432069772360869	2.4354151660600007	
32.65	0.873837355254834	0.3432069768437104	2.435415167529118	
32.7	0.8738373668940169	0.3432069764626463	2.4354151689650716	
32.75	0.8738373782208846	0.3432069760934443	2.4354151703680373	
32.800000000000004	0.8738373892440016	0.34320697573652825	2.435415171738081	
32.85	0.8738373999717605	0.3432069753921851	2.435415173075192	
32.9	0.873837410412373	0.3432069750605591	2.435415174379318	
32.95	0.8738374205738612	0.34320697474165096	2.435415175650397	
33.0	0.8738374304640493	0.34320697443532117	2.4354151768883847	
33.050000000000004	0.8738374400905554	0.34320697414129786	2.4354151780932822	
33.1	0.8738374494607853	0.3432069738591879	2.435415179265157	
33.15	0.8738374585819271	0.3432069735884911	2.4354151804041604	
33.2	0.8738374674609469	0.3432069733286169	2.4354151815105425	
33.25	0.8738374761045873	0.3432069730789023	2.4354151825846593	
33.300000000000004	0.8738374845193666	0.3432069728386317	2.4354151836269784	
33.35	0.8738374927115804	0.34320697260705624	2.435415184638079	
33.4	0.8738375006873048	0.3432069723834131	2.435415185618647	
33.45	0.8738375084524012	0.34320697216694435	2.4354151865694695	
33.5	0.8738375160125226	0.3432069719569141	2.435415187491423	
33.550000000000004	0.8738375233731214	0.34320697175262377	2.4354151883854627	
33.6	0.8738375305394582	0.3432069715534263	2.435415189252605	
33.65	0.8738375375166119	0.34320697135873646	2.4354151900939143	
33.7	0.8738375443094893	0.3432069711680399	2.4354151909104838	
33.75	0.8738375509228371	0.3432069709808992	2.4354151917034197	
33.800000000000004	0.8738375573612519	0.343206970796957	2.4354151924738243	
33.85	0.8738375636291917	0.34320697061593686	2.4354151932227808	
33.9	0.8738375697309866	0.3432069704376421	2.4354151939513375	
33.95	0.8738375756708485	0.34320697026195196	2.435415194660496	
34.0	0.8738375814528812	0.34320697008881595	2.435415195351199	
34.050000000000004	0.8738375870810886	0.343206969918247	2.4354151960243224	
34.1	0.8738375925593829	0.3432069697503126	2.435415196680668	
34.15	0.873837597891591	0.34320696958512587	2.435415197320959	
34.2	0.8738376030814604	0.3432069694228351	2.4354151979458383	
34.25	0.873837608132664	0.3432069692636139	2.435415198555868	
34.300000000000004	0.8738376130488033	0.34320696910765086	2.435415199151532	
34.35	0.8738376178334114	0.34320696895513975	2.435415199733239	
34.4	0.8738376224899547	0.34320696880627	2.4354152003013296	
34.45	0.8738376270218332	0.3432069686612188	2.4354152008560814	
34.5	0.8738376314323814	0.34320696852014354	2.4354152013977175	
34.550000000000004	0.8738376357248671	0.3432069683831758	2.435415201926416	
34.6	0.8738376399024906	0.34320696825041624	2.4354152024423183	
34.65	0.8738376439683838	0.34320696812193124	2.4354152029455385	
34.7	0.8738376479256077	0.34320696799775063	2.435415203436172	
34.75	0.8738376517771513	0.34320696787786714	2.4354152039143053	
34.800000000000004	0.8738376555259301	0.34320696776223625	2.4354152043800243	
34.85	0.8738376591747837	0.3432069676507781	2.43541520483342	
34.9	0.8738376627264757	0.3432069675433798	2.435415205274596	
34.95	0.8738376661836914	0.343206967439899	2.435415205703674	
35.0	0.8738376695490381	0.3432069673401678	2.4354152061207976	
35.050000000000004	0.8738376728250443	0.3432069672439978	2.4354152065261347	
35.1	0.8738376760141604	0.3432069671511844	2.4354152069198807	
35.15	0.8738376791187588	0.34320696706151227	2.4354152073022575	
35.2	0.8738376821411353	0.343206966974761	2.4354152076735147	
35.25	0.8738376850835109	0.34320696689070934	2.435415208033927	
35.300000000000004	0.8738376879480332	0.34320696680914053	2.4354152083837914	
35.35	0.8738376907367792	0.3432069667298464	2.4354152087234264	
35.4	0.8738376934517579	0.3432069666526309	2.435415209053166	
35.45	0.8738376960949129	0.34320696657731387	2.4354152093733576	
35.5	0.873837698668126	0.34320696650373345	2.4354152096843555	
35.550000000000004	0.87383770117322	0.3432069664317477	2.4354152099865183	
35.6	0.8738377036119622	0.34320696636123604	2.435415210280204	
35.65	0.8738377059860677	0.34320696629209974	2.4354152105657647	
35.7	0.8738377082972026	0.34320696622426183	2.4354152108435447	
35.75	0.8738377105469872	0.34320696615766627	2.4354152111138747	
35.800000000000004	0.8738377127369987	0.34320696609227686	2.435415211377071	
35.85	0.8738377148687744	0.3432069660280754	2.4354152116334298	
35.9	0.8738377169438136	0.3432069659650597	2.435415211883228	
35.95	0.8738377189635808	0.3432069659032411	2.4354152121267214	
36.0	0.8738377209295064	0.343206965842642	2.435415212364142	
36.050000000000004	0.8738377228429896	0.3432069657832929	2.4354152125956996	
36.1	0.8738377247053989	0.34320696572523	2.4354152128215816	
36.15	0.8738377265180738	0.3432069656684923	2.4354152130419533	
36.2	0.8738377282823253	0.34320696561311914	2.43541521325696	
36.25	0.8738377299994365	0.343206965559148	2.435415213466729	
36.300000000000004	0.8738377316706633	0.34320696550661217	2.4354152136713703	
36.35	0.873837733297234	0.3432069654555392	2.435415213870979	
36.4	0.8738377348803502	0.34320696540594914	2.4354152140656398	
36.45	0.873837736421186	0.3432069653578539	2.4354152142554266	
36.5	0.8738377379208881	0.343206965311256	2.435415214440407	
36.550000000000004	0.8738377393805759	0.3432069652661486	2.435415214620644	
36.6	0.8738377408013404	0.34320696522251504	2.435415214796197	
36.65	0.873837742184245	0.34320696518032945	2.435415214967127	
36.7	0.8738377435303251	0.3432069651395572	2.4354152151334953	
36.75	0.8738377448405873	0.3432069651001554	2.4354152152953668	
36.800000000000004	0.8738377461160104	0.3432069650620743	2.43541521545281	
36.85	0.8738377473575446	0.34320696502525827	2.4354152156059006	
36.9	0.8738377485661124	0.343206964989647	2.4354152157547184	
36.95	0.8738377497426084	0.343206964955177	2.4354152158993503	
37.0	0.8738377508879002	0.3432069649217829	2.4354152160398894	
37.050000000000004	0.8738377520028282	0.34320696488939867	2.4354152161764353	
37.1	0.8738377530882072	0.3432069648579591	2.4354152163090927	
37.15	0.8738377541448265	0.343206964827401	2.435415216437972	
37.2	0.8738377551734506	0.3432069647976641	2.4354152165631864	
37.25	0.8738377561748211	0.34320696476869206	2.4354152166848535	
37.300000000000004	0.8738377571496562	0.3432069647404334	2.4354152168030923	
37.35	0.8738377580986529	0.3432069647128416	2.435415216918023	
37.4	0.8738377590224875	0.34320696468587625	2.4354152170297647	
37.45	0.8738377599218167	0.34320696465950246	2.4354152171384356	
37.5	0.8738377607972785	0.3432069646336915	2.435415217244151	
37.550000000000004	0.8738377616494936	0.3432069646084204	2.4354152173470234	
37.6	0.8738377624790656	0.3432069645836716	2.43541521744716	
37.65	0.8738377632865827	0.343206964559433	2.435415217544664	
37.7	0.8738377640726179	0.3432069645356969	2.4354152176396315	
37.75	0.8738377648377302	0.3432069645124597	2.435415217732153	
37.800000000000004	0.873837765582465	0.34320696448972116	2.435415217822313	
37.85	0.8738377663073545	0.3432069644674836	2.4354152179101893	
37.9	0.873837767012919	0.3432069644457515	2.435415217995853	
37.95	0.8738377676996665	0.34320696442453025	2.4354152180793682	
38.0	0.8738377683680935	0.34320696440382603	2.435415218160794	
38.050000000000004	0.873837769018685	0.3432069643836447	2.435415218240184	
38.1	0.8738377696519153	0.34320696436399145	2.4354152183175857	
38.15	0.8738377702682475	0.3432069643448703	2.435415218393043	
38.2	0.873837770868134	0.3432069643262837	2.4354152184665954	
38.25	0.8738377714520165	0.34320696430823194	2.435415218538279	
38.300000000000004	0.8738377720203261	0.3432069642907131	2.4354152186081275	
38.35	0.8738377725734834	0.343206964273723	2.435415218676173	
38.400000000000006	0.8738377731118983	0.3432069642572548	2.435415218742446	
38.45	0.8738377736359701	0.3432069642412993	2.435415218806976	
38.5	0.8738377741460881	0.3432069642258451	2.4354152188697933	
38.550000000000004	0.8738377746426306	0.3432069642108787	2.4354152189309275	
38.6	0.8738377751259658	0.3432069641963843	2.4354152189904092	
38.650000000000006	0.8738377755964516	0.3432069641823449	2.43541521904827	
38.7	0.8738377760544356	0.3432069641687421	2.435415219104543	
38.75	0.8738377765002555	0.34320696415555635	2.4354152191592617	
38.800000000000004	0.873837776934239	0.34320696414276786	2.4354152192124623	
38.85	0.8738377773567044	0.34320696413035634	2.4354152192641814	
38.900000000000006	0.8738377777679602	0.3432069641183018	2.4354152193144567	
38.95	0.873837778168306	0.34320696410658463	2.4354152193633274	
39.0	0.8738377785580322	0.3432069640951858	2.435415219410834	
39.050000000000004	0.8738377789374209	0.3432069640840874	2.435415219457017	
39.1	0.8738377793067457	0.34320696407327284	2.4354152195019174	
39.150000000000006	0.8738377796662721	0.3432069640627267	2.4354152195455767	
39.2	0.8738377800162582	0.3432069640524354	2.4354152195880356	
39.25	0.8738377803569546	0.3432069640423866	2.435415219629335	
39.300000000000004	0.8738377806886048	0.3432069640325698	2.435415219669515	
39.35	0.8738377810114458	0.34320696402297607	2.4354152197086134	
39.400000000000006	0.873837781325708	0.3432069640135982	2.4354152197466683	
39.45	0.8738377816316157	0.3432069640044301	2.4354152197837156	
39.5	0.8738377819293877	0.3432069639954675	2.4354152198197894	
39.550000000000004	0.8738377822192367	0.34320696398670697	2.435415219854922	
39.6	0.8738377825013705	0.3432069639781461	2.4354152198891446	
39.650000000000006	0.8738377827759913	0.34320696396978345	2.435415219922485	
39.7	0.873837783043297	0.3432069639616183	2.4354152199549706	
39.75	0.8738377833034802	0.3432069639536502	2.4354152199866257	
39.800000000000004	0.8738377835567289	0.34320696394587896	2.435415220017474	
39.85	0.873837783803227	0.3432069639383046	2.4354152200475365	
39.900000000000006	0.8738377840431536	0.34320696393092703	2.435415220076833	
39.95	0.8738377842766837	0.3432069639237461	2.435415220105382	
40.0	0.8738377845039881	0.3432069639167611	2.4354152201331996	
40.050000000000004	0.8738377847252332	0.34320696390997074	2.4354152201603023	
40.1	0.8738377849405816	0.34320696390337346	2.435415220186705	
40.150000000000006	0.8738377851501917	0.3432069638969671	2.4354152202124224	
40.2	0.8738377853542179	0.3432069638907488	2.4354152202374677	
40.25	0.8738377855528106	0.34320696388471517	2.4354152202618544	
40.300000000000004	0.8738377857461161	0.3432069638788622	2.4354152202855954	
40.35	0.8738377859342773	0.3432069638731852	2.4354152203087036	
40.400000000000006	0.8738377861174328	0.34320696386767924	2.435415220331192	
40.45	0.8738377862957175	0.34320696386233873	2.4354152203530735	
40.5	0.8738377864692628	0.3432069638571578	2.4354152203743613	
40.550000000000004	0.873837786638196	0.34320696385213045	2.4354152203950687	
40.6	0.8738377868026411	0.3432069638472502	2.435415220415209	
40.650000000000006	0.8738377869627185	0.3432069638425107	2.4354152204347965	
40.7	0.8738377871185451	0.34320696383790567	2.4354152204538453	
40.75	0.8738377872702344	0.3432069638334288	2.435415220472369	
40.800000000000004	0.8738377874178966	0.343206963829074	2.435415220490383	
40.85	0.873837787561639	0.3432069638248355	2.4354152205079016	
40.900000000000006	0.8738377877015654	0.3432069638207078	2.4354152205249386	
40.95	0.8738377878377769	0.34320696381668575	2.4354152205415094	
41.0	0.8738377879703717	0.34320696381276466	2.435415220557628	
41.050000000000004	0.8738377880994452	0.3432069638089402	2.435415220573309	
41.1	0.8738377882250903	0.34320696380520865	2.4354152205885655	
41.150000000000006	0.873837788347397	0.34320696380156657	2.4354152206034123	
41.2	0.8738377884664532	0.3432069637980111	2.435415220617862	
41.25	0.8738377885823444	0.34320696379453963	2.4354152206319277	
41.300000000000004	0.8738377886951537	0.34320696379115023	2.435415220645621	
41.35	0.8738377888049622	0.343206963787841	2.4354152206589545	
41.400000000000006	0.8738377889118488	0.3432069637846106	2.4354152206719393	
41.45	0.8738377890158905	0.34320696378145776	2.4354152206845856	
41.5	0.8738377891171623	0.3432069637783816	2.4354152206969037	
41.550000000000004	0.8738377892157372	0.34320696377538135	2.4354152207089026	
41.6	0.8738377893116867	0.3432069637724562	2.4354152207205915	
41.650000000000006	0.8738377894050802	0.34320696376960563	2.435415220731979	
41.7	0.8738377894959857	0.343206963766829	2.4354152207430726	
41.75	0.8738377895844692	0.34320696376412574	2.43541522075388	
41.800000000000004	0.8738377896705954	0.3432069637614951	2.4354152207644075	
41.85	0.8738377897544272	0.34320696375893633	2.4354152207746624	
41.900000000000006	0.8738377898360258	0.34320696375644855	2.4354152207846504	
41.95	0.873837789915451	0.3432069637540307	2.4354152207943778	
42.0	0.8738377899927612	0.3432069637516815	2.43541522080385	
42.050000000000004	0.873837790068013	0.34320696374939974	2.435415220813073	
42.1	0.8738377901412616	0.34320696374718396	2.435415220822052	
42.150000000000006	0.873837790212561	0.34320696374503246	2.435415220830792	
42.2	0.8738377902819635	0.3432069637429435	2.435415220839299	
42.25	0.87383779034952	0.34320696374091536	2.435415220847578	
42.300000000000004	0.8738377904152801	0.34320696373894605	2.4354152208556337	
42.35	0.873837790479292	0.3432069637370334	2.435415220863472	
42.400000000000006	0.8738377905416025	0.3432069637351756	2.4354152208710973	
42.45	0.8738377906022572	0.3432069637333704	2.4354152208785154	
42.5	0.8738377906613003	0.3432069637316157	2.4354152208857314	
42.550000000000004	0.8738377907187749	0.34320696372990944	2.435415220892751	
42.6	0.8738377907747227	0.3432069637282497	2.4354152208995794	
42.650000000000006	0.8738377908291844	0.3432069637266346	2.435415220906221	
42.7	0.8738377908821996	0.3432069637250622	2.4354152209126823	
42.75	0.8738377909338065	0.34320696372353077	2.435415220918968	
42.800000000000004	0.8738377909840426	0.34320696372203874	2.435415220925083	
42.85	0.8738377910329439	0.34320696372058457	2.435415220931033	
42.900000000000006	0.8738377910805459	0.34320696371916687	2.4354152209368225	
42.95	0.8738377911268829	0.34320696371778436	2.4354152209424567	
43.0	0.8738377911719882	0.34320696371643605	2.43541522094794	
43.050000000000004	0.8738377912158943	0.3432069637151208	2.435415220953277	
43.1	0.8738377912586329	0.34320696371383774	2.4354152209584723	
43.150000000000006	0.8738377913002348	0.3432069637125861	2.4354152209635305	
43.2	0.8738377913407299	0.3432069637113651	2.4354152209684554	
43.25	0.8738377913801475	0.34320696371017434	2.435415220973251	
43.300000000000004	0.873837791418516	0.34320696370901316	2.4354152209779216	
43.35	0.8738377914558633	0.3432069637078811	2.43541522098247	
43.400000000000006	0.8738377914922162	0.34320696370677783	2.4354152209868998	
43.45	0.8738377915276012	0.3432069637057029	2.435415220991214	
43.5	0.873837791562044	0.3432069637046559	2.435415220995416	
43.550000000000004	0.8738377915955696	0.3432069637036364	2.435415220999509	
43.6	0.8738377916282025	0.34320696370264414	2.435415221003495	
43.650000000000006	0.8738377916599664	0.34320696370167864	2.4354152210073767	
43.7	0.8738377916908845	0.3432069637007395	2.4354152210111573	
43.75	0.8738377917209793	0.34320696369982623	2.4354152210148383	
43.800000000000004	0.873837791750273	0.34320696369893827	2.4354152210184226	
43.85	0.8738377917787868	0.34320696369807524	2.4354152210219127	
43.900000000000006	0.8738377918065419	0.3432069636972365	2.4354152210253104	
43.95	0.8738377918335584	0.3432069636964215	2.435415221028618	
44.0	0.8738377918598561	0.34320696369562964	2.435415221031837	
44.050000000000004	0.8738377918854543	0.3432069636948602	2.4354152210349707	
44.1	0.8738377919103717	0.3432069636941126	2.4354152210380198	
44.150000000000006	0.8738377919346265	0.3432069636933861	2.435415221040987	
44.2	0.8738377919582364	0.34320696369268	2.4354152210438746	
44.25	0.8738377919812187	0.3432069636919936	2.435415221046684	
44.300000000000004	0.8738377920035901	0.34320696369132614	2.4354152210494173	
44.35	0.873837792025367	0.343206963690677	2.435415221052077	
44.400000000000006	0.8738377920465652	0.34320696369004544	2.4354152210546647	
44.45	0.8738377920672001	0.34320696368943093	2.4354152210571822	
44.5	0.8738377920872867	0.3432069636888328	2.435415221059632	
44.550000000000004	0.8738377921068395	0.34320696368825043	2.4354152210620152	
44.6	0.8738377921258728	0.3432069636876833	2.4354152210643343	
44.650000000000006	0.8738377921444002	0.3432069636871308	2.4354152210665907	
44.7	0.8738377921624352	0.34320696368659237	2.4354152210687867	
44.75	0.8738377921799908	0.34320696368606773	2.4354152210709237	
44.800000000000004	0.8738377921970797	0.34320696368555637	2.4354152210730033	
44.85	0.8738377922137143	0.3432069636850578	2.435415221075028	
44.900000000000006	0.8738377922299064	0.3432069636845719	2.4354152210769984	
44.95	0.8738377922456679	0.3432069636840981	2.435415221078917	
45.0	0.8738377922610102	0.3432069636836362	2.4354152210807847	
45.050000000000004	0.8738377922759443	0.343206963683186	2.435415221082603	
45.1	0.873837792290481	0.3432069636827473	2.435415221084374	
45.150000000000006	0.8738377923046309	0.34320696368231973	2.4354152210860978	
45.2	0.8738377923184042	0.34320696368190323	2.4354152210877764	
45.25	0.8738377923318109	0.3432069636814974	2.435415221089411	
45.300000000000004	0.8738377923448608	0.3432069636811021	2.4354152210910027	
45.35	0.8738377923575633	0.3432069636807172	2.4354152210925526	
45.400000000000006	0.8738377923699276	0.3432069636803425	2.435415221094062	
45.45	0.8738377923819629	0.3432069636799778	2.435415221095532	
45.5	0.8738377923936778	0.3432069636796229	2.4354152210969633	
45.550000000000004	0.8738377924050807	0.3432069636792777	2.435415221098357	
45.6	0.8738377924161803	0.34320696367894193	2.4354152210997135	
45.650000000000006	0.8738377924269844	0.34320696367861536	2.4354152211010347	
45.7	0.873837792437501	0.3432069636782978	2.435415221102321	
45.75	0.8738377924477378	0.34320696367798903	2.4354152211035727	
45.800000000000004	0.8738377924577023	0.3432069636776889	2.4354152211047913	
45.85	0.8738377924674017	0.343206963677397	2.4354152211059774	
45.900000000000006	0.873837792476843	0.3432069636771133	2.435415221107132	
45.95	0.8738377924860332	0.34320696367683745	2.4354152211082556	
46.0	0.8738377924949791	0.3432069636765692	2.4354152211093494	
46.050000000000004	0.8738377925036871	0.34320696367630843	2.4354152211104134	
46.1	0.8738377925121635	0.34320696367605485	2.435415221111449	
46.150000000000006	0.8738377925204147	0.3432069636758082	2.4354152211124567	
46.2	0.8738377925284465	0.3432069636755682	2.4354152211134372	
46.25	0.8738377925362648	0.34320696367533465	2.4354152211143916	
46.300000000000004	0.8738377925438753	0.3432069636751074	2.43541522111532	
46.35	0.8738377925512835	0.3432069636748862	2.435415221116224	
46.400000000000006	0.8738377925584948	0.34320696367467085	2.435415221117103	
46.45	0.8738377925655144	0.34320696367446113	2.435415221117959	
46.5	0.8738377925723474	0.3432069636742569	2.4354152211187916	
46.550000000000004	0.8738377925789987	0.34320696367405795	2.435415221119602	
46.6	0.8738377925854732	0.3432069636738641	2.4354152211203908	
46.650000000000006	0.8738377925917756	0.3432069636736753	2.435415221121158	
46.7	0.8738377925979104	0.3432069636734913	2.435415221121905	
46.75	0.8738377926038821	0.343206963673312	2.4354152211226325	
46.800000000000004	0.8738377926096949	0.3432069636731372	2.4354152211233404	
46.85	0.8738377926153531	0.34320696367296694	2.4354152211240296	
46.900000000000006	0.8738377926208608	0.343206963672801	2.4354152211247007	
46.95	0.873837792626222	0.3432069636726393	2.435415221125354	
47.0	0.8738377926314405	0.3432069636724818	2.43541522112599	
47.050000000000004	0.8738377926365201	0.3432069636723284	2.4354152211266094	
47.1	0.8738377926414646	0.34320696367217896	2.4354152211272124	
47.150000000000006	0.8738377926462774	0.3432069636720334	2.4354152211277995	
47.2	0.8738377926509622	0.34320696367189174	2.435415221128371	
47.25	0.8738377926555223	0.34320696367175385	2.435415221128928	
47.300000000000004	0.873837792659961	0.3432069636716196	2.43541522112947	
47.35	0.8738377926642816	0.343206963671489	2.4354152211299978	
47.400000000000006	0.8738377926684873	0.34320696367136194	2.4354152211305116	
47.45	0.873837792672581	0.3432069636712383	2.4354152211310116	
47.5	0.8738377926765658	0.343206963671118	2.4354152211314988	
47.550000000000004	0.8738377926804446	0.34320696367100106	2.4354152211319726	
47.6	0.8738377926842201	0.34320696367088727	2.435415221132434	
47.650000000000006	0.8738377926878952	0.34320696367077663	2.4354152211328834	
47.7	0.8738377926914725	0.34320696367066905	2.435415221133321	
47.75	0.8738377926949548	0.34320696367056447	2.4354152211337463	
47.800000000000004	0.8738377926983444	0.3432069636704627	2.4354152211341606	
47.85	0.8738377927016439	0.3432069636703638	2.435415221134564	
47.900000000000006	0.8738377927048555	0.3432069636702676	2.435415221134956	
47.95	0.8738377927079818	0.34320696367017395	2.435415221135338	
48.0	0.873837792711025	0.34320696367008285	2.4354152211357096	
48.050000000000004	0.8738377927139873	0.3432069636699942	2.435415221136071	
48.1	0.8738377927168708	0.34320696366990794	2.435415221136423	
48.150000000000006	0.8738377927196777	0.343206963669824	2.4354152211367652	
48.2	0.8738377927224099	0.34320696366974224	2.4354152211370983	
48.25	0.8738377927250696	0.34320696366966263	2.4354152211374225	
48.300000000000004	0.8738377927276585	0.34320696366958503	2.4354152211377382	
48.35	0.8738377927301786	0.34320696366950953	2.4354152211380455	
48.400000000000006	0.8738377927326316	0.34320696366943604	2.4354152211383444	
48.45	0.8738377927350195	0.34320696366936443	2.4354152211386353	
48.5	0.8738377927373439	0.34320696366929465	2.4354152211389186	
48.550000000000004	0.8738377927396064	0.3432069636692267	2.4354152211391944	
48.6	0.8738377927418087	0.3432069636691605	2.4354152211394626	
48.650000000000006	0.8738377927439525	0.343206963669096	2.4354152211397238	
48.7	0.8738377927460391	0.3432069636690331	2.435415221139978	
48.75	0.8738377927480703	0.3432069636689719	2.435415221140226	
48.800000000000004	0.8738377927500475	0.3432069636689123	2.435415221140467	
48.85	0.873837792751972	0.3432069636688543	2.435415221140702	
48.900000000000006	0.8738377927538454	0.34320696366879777	2.435415221140931	
48.95	0.873837792755669	0.34320696366874276	2.4354152211411533	
49.0	0.873837792757444	0.34320696366868925	2.43541522114137	
49.050000000000004	0.8738377927591717	0.3432069636686372	2.435415221141581	
49.1	0.8738377927608535	0.3432069636685865	2.435415221141786	
49.150000000000006	0.8738377927624905	0.34320696366853715	2.435415221141986	
49.2	0.873837792764084	0.34320696366848913	2.4354152211421805	
49.25	0.8738377927656351	0.3432069636684424	2.4354152211423696	
49.300000000000004	0.8738377927671449	0.34320696366839687	2.435415221142554	
49.35	0.8738377927686146	0.3432069636683525	2.4354152211427333	
49.400000000000006	0.8738377927700451	0.34320696366830933	2.4354152211429083	
49.45	0.8738377927714376	0.34320696366826736	2.4354152211430784	
49.5	0.873837792772793	0.3432069636682266	2.435415221143244	
49.550000000000004	0.8738377927741124	0.3432069636681869	2.4354152211434053	
49.6	0.8738377927753967	0.34320696366814835	2.435415221143562	
49.650000000000006	0.8738377927766469	0.3432069636681108	2.435415221143715	
49.7	0.8738377927778638	0.3432069636680743	2.4354152211438636	
49.75	0.8738377927790483	0.3432069636680388	2.4354152211440083	
49.800000000000004	0.8738377927802014	0.3432069636680043	2.435415221144149	
49.85	0.8738377927813238	0.34320696366797065	2.435415221144286	
49.900000000000006	0.8738377927824164	0.34320696366793796	2.435415221144419	
49.95	0.8738377927834798	0.3432069636679061	2.435415221144549	
