10 46 51 49 51 49 43 49 45 50 51 46 48 46 46 44 47 47 47 46 45 49 54 49 43 53 44 45 47 45 47 49 46 48 50 43 46 49 48 47 45 46 47 47 47 50 47 47 44 41 44 49 49 49 43 49 42 51 42 47 45 49 46 46 41 46 47 45 44 40 46 43 43 46 46 38 39 39 41 36 38 38 40 35 41 39 40 38 40 43 39 37 40 41 38 38 39 35 37 35 36 34 37 37 40 36 32 33 37 36 33 31 
60 58 68 79 49 43 52 52 56 72 68 77 73 68 67 75 71 81 68 80 76 87 64 83 93 92 82 83 82 85 86 79 86 76 76 83 86 86 98 79 81 84 92 93 99 117 137 150 153 149 148 151 154 159 157 156 160 159 158 162 165 162 161 162 163 168 164 168 165 167 167 165 164 162 163 152 148 154 176 187 186 183 184 181 180 175 173 148 122 96 72 50 55 58 40 39 31 22 20 29 26 34 16 22 11 10 2 6 21 24 18 9 
60 73 77 76 69 65 62 55 63 65 61 72 69 65 81 87 77 79 84 67 74 77 77 87 89 89 97 92 90 83 85 83 83 83 82 75 74 79 79 75 82 86 89 103 106 121 147 149 151 151 156 160 159 162 164 167 165 165 167 167 169 166 169 171 173 172 171 171 170 167 165 162 164 163 161 160 162 154 148 159 178 186 186 188 187 185 180 182 176 175 169 165 155 144 135 113 96 86 73 67 50 45 41 46 56 76 97 124 138 143 136 111 
62 54 80 56 68 89 67 72 71 66 70 68 67 73 83 94 79 86 71 68 86 78 77 78 88 97 103 106 96 89 91 97 96 82 80 74 78 78 93 94 106 111 117 123 134 139 148 155 146 152 156 160 164 166 166 163 166 165 164 167 168 171 171 175 176 172 175 174 174 172 168 168 168 172 167 166 165 165 162 153 151 163 181 190 192 191 190 188 187 182 175 176 178 174 175 176 177 172 170 167 168 164 164 162 163 161 158 155 160 160 161 168 
53 63 67 62 63 79 71 78 68 81 84 78 82 80 91 102 90 83 73 78 77 81 83 92 92 107 112 107 107 106 113 108 96 94 93 101 106 122 122 133 133 134 141 147 149 153 156 155 158 164 166 163 166 163 166 162 163 167 170 170 171 169 173 171 170 177 174 178 175 174 176 173 169 173 170 165 164 163 161 162 154 153 152 159 179 189 188 190 186 189 184 181 176 176 181 180 179 179 176 176 168 167 167 168 164 163 164 162 163 166 166 168 
48 62 57 64 79 68 82 84 88 87 84 89 92 89 91 101 99 89 81 85 92 93 85 90 103 110 102 108 118 124 111 103 108 110 125 136 144 149 159 153 150 151 154 154 158 159 160 162 162 163 165 167 166 169 170 171 172 172 171 169 170 172 173 173 175 172 173 172 174 179 182 179 172 167 163 166 166 168 164 162 160 156 155 152 151 164 180 185 188 190 189 188 187 182 180 183 180 181 174 179 179 176 176 175 174 170 167 168 168 171 169 174 
51 69 66 64 81 80 89 93 91 94 93 94 99 86 103 95 97 87 90 93 94 92 95 95 96 105 114 121 117 123 119 106 119 131 148 156 161 160 158 153 155 154 155 159 162 162 166 167 170 169 169 170 170 165 171 172 171 176 171 170 166 171 171 173 177 176 177 177 173 175 175 175 175 173 171 170 170 166 164 166 165 158 157 158 155 151 152 166 179 185 187 187 189 188 182 182 181 181 179 181 178 176 176 175 174 176 177 176 175 171 173 175 
61 61 66 61 82 87 97 105 98 98 106 106 95 103 108 108 96 94 87 94 94 96 105 104 100 102 121 129 125 116 130 133 143 157 159 167 167 162 160 162 158 157 158 161 167 166 163 163 165 165 170 171 171 173 173 171 172 167 172 173 171 170 170 170 173 173 172 174 178 174 176 174 172 172 176 174 174 173 175 172 169 165 159 161 160 158 155 153 158 169 180 182 185 190 188 184 182 178 182 182 183 181 181 179 180 182 177 179 177 181 176 178 
60 61 65 74 73 87 100 105 107 103 112 102 112 116 110 107 104 104 103 105 92 102 107 110 107 110 122 127 124 130 138 155 162 168 173 170 165 158 160 157 159 163 164 166 164 167 168 170 168 164 167 171 174 172 171 171 172 169 171 172 174 174 178 177 179 181 183 179 176 181 179 179 178 179 177 184 181 179 179 177 181 181 172 167 166 166 162 157 154 154 166 175 182 179 185 189 187 186 178 183 186 185 183 184 184 182 184 179 178 183 182 182 
71 69 77 80 75 88 109 116 108 117 122 125 121 121 122 110 115 110 109 105 100 112 111 111 111 116 127 129 133 140 151 166 173 173 171 166 165 161 162 166 164 160 163 165 166 165 167 168 166 170 172 176 172 171 174 175 171 171 174 177 179 179 178 178 179 177 180 181 179 176 179 175 176 177 181 180 179 181 179 175 173 176 176 173 177 178 169 164 161 157 155 159 167 178 179 183 184 186 188 184 183 187 185 184 186 186 182 184 184 184 180 181 
68 69 81 84 77 91 122 122 120 129 136 132 127 129 123 124 126 114 122 110 106 110 121 118 122 123 126 125 141 150 160 170 172 169 163 164 164 164 165 163 165 164 161 164 169 170 173 176 176 174 177 172 171 175 175 168 175 174 177 175 180 181 178 178 180 178 185 184 180 180 182 182 179 178 181 180 183 181 184 181 175 175 177 178 177 173 174 171 164 161 156 155 154 168 180 184 187 185 186 188 183 176 185 183 183 186 187 184 189 185 189 187 
78 71 88 92 103 102 121 126 130 139 143 135 136 130 129 132 126 124 112 119 121 128 125 126 125 130 129 139 150 158 166 171 167 170 168 167 166 166 168 164 168 165 166 167 168 171 173 173 172 176 178 179 175 172 172 175 171 177 173 176 175 178 184 183 185 182 181 185 183 185 182 179 184 186 181 181 178 178 169 180 182 176 173 178 177 179 173 177 174 170 165 154 150 154 159 177 180 184 185 185 190 187 185 191 194 190 188 185 187 187 180 184 
72 85 95 97 107 111 125 133 138 144 146 142 137 137 133 136 134 128 122 121 128 138 137 132 134 137 143 150 158 164 169 171 168 167 169 168 164 165 162 162 163 163 168 172 174 174 175 178 176 175 176 178 176 174 172 170 172 171 169 166 170 170 175 181 184 183 184 182 183 179 182 185 186 188 189 183 183 181 183 181 179 175 174 176 177 180 176 175 172 169 171 168 159 154 155 156 168 180 185 187 184 190 187 189 190 190 191 190 188 185 188 185 
71 89 88 102 112 114 130 139 149 145 148 147 144 143 145 140 142 133 134 136 139 145 144 142 144 145 148 155 168 169 171 173 170 169 170 167 165 165 165 163 165 163 168 173 176 180 180 179 176 178 176 175 172 173 174 173 171 173 176 171 172 175 176 184 184 186 183 186 185 185 182 183 185 187 186 184 181 182 182 184 182 177 184 184 183 181 180 183 179 171 165 169 169 157 156 154 154 158 171 176 182 186 190 187 190 189 193 187 190 184 190 194 
74 91 96 110 109 122 139 150 153 156 150 154 152 149 148 149 141 142 146 144 148 146 148 143 152 160 165 171 170 172 171 165 171 166 167 164 160 159 161 157 162 167 168 175 181 183 180 181 178 178 172 170 169 171 174 172 174 171 168 171 171 171 181 184 186 187 184 184 190 186 186 187 185 184 181 184 187 187 186 186 184 185 184 186 184 184 183 183 184 178 170 150 165 163 159 158 160 162 161 169 176 182 182 184 179 185 187 191 190 187 192 187 
78 84 92 101 109 125 142 152 157 156 153 152 153 153 153 152 144 145 140 151 152 151 157 155 160 167 165 169 170 168 171 170 166 166 163 160 161 157 160 165 166 168 175 179 186 188 187 183 177 172 171 165 167 165 170 171 169 170 168 169 170 173 174 178 186 187 184 187 179 186 185 185 182 185 186 184 187 184 185 185 187 188 186 184 188 185 185 182 183 183 180 176 164 161 163 157 161 161 160 162 168 174 178 181 186 188 185 186 193 194 189 189 
88 86 102 102 118 131 144 155 157 157 152 153 156 156 158 153 157 151 152 150 160 162 163 161 168 171 173 166 170 168 164 168 167 165 162 159 158 159 163 162 165 170 175 183 188 191 191 189 175 171 164 165 162 168 171 173 173 169 165 166 174 172 175 178 182 186 188 184 180 181 187 190 187 183 184 187 186 185 181 182 182 188 189 190 190 186 189 188 187 185 180 181 174 173 168 165 159 153 160 164 164 168 171 174 181 186 186 187 192 192 193 191 
88 80 85 106 125 136 145 157 162 162 161 155 159 160 156 159 162 156 156 157 161 167 170 171 174 171 173 171 171 171 169 164 166 163 164 163 163 162 165 167 163 173 171 178 186 192 193 182 176 166 162 157 164 163 167 169 168 168 169 171 174 179 174 174 177 177 178 187 183 185 186 186 185 187 185 188 191 187 190 188 182 183 190 189 192 178 179 193 191 190 187 185 183 172 170 170 166 161 154 159 170 170 173 175 176 181 185 186 188 190 193 190 
77 76 95 115 132 142 149 153 158 159 157 160 156 154 159 159 157 164 159 160 164 165 171 170 172 173 170 172 170 169 166 166 165 164 163 165 167 167 157 162 162 169 174 182 187 193 194 175 157 152 152 157 156 161 162 167 167 166 171 169 168 172 174 173 179 180 182 181 185 181 183 187 189 189 186 187 191 192 189 192 191 188 189 187 187 188 190 188 194 195 193 188 182 189 176 172 171 163 164 155 161 167 167 169 174 173 176 184 188 190 190 193 
83 81 107 126 138 146 152 152 157 160 161 160 160 159 160 161 162 160 165 169 166 172 172 173 173 174 174 167 169 167 167 164 158 164 162 164 167 159 158 156 158 172 180 194 198 192 165 141 136 148 155 160 163 160 161 167 165 169 167 171 168 173 169 173 176 179 179 183 180 184 183 185 188 190 189 187 188 186 192 189 187 189 191 190 195 191 192 198 197 197 198 194 193 183 187 183 177 175 165 159 160 164 166 167 169 168 170 182 182 184 188 184 
92 97 120 133 139 143 149 151 153 159 157 157 159 161 160 162 165 166 167 167 168 172 172 173 176 176 170 172 167 168 171 171 163 163 167 168 167 155 153 148 156 167 190 200 192 169 139 126 136 150 159 161 160 161 160 164 167 167 159 163 168 170 169 165 172 177 181 182 184 182 184 184 186 188 188 187 189 189 189 190 191 191 190 192 192 195 192 197 197 198 194 192 194 193 186 186 179 177 174 169 161 161 167 171 169 171 170 175 178 185 188 185 
95 110 128 139 142 146 153 153 157 157 155 157 160 160 161 164 164 166 165 163 166 168 168 169 173 170 172 171 170 168 165 164 165 164 165 167 157 152 143 153 164 181 192 195 183 148 125 129 140 152 158 160 165 162 157 161 162 168 164 166 165 171 169 172 170 176 178 184 182 184 185 187 189 190 190 187 190 190 194 189 187 193 193 192 194 196 193 192 193 197 200 199 193 194 191 181 183 178 173 168 162 154 159 165 173 169 166 168 177 181 187 191 
100 128 133 138 139 149 150 147 156 160 159 160 161 163 162 168 165 166 166 168 162 169 173 172 171 174 173 170 169 166 161 161 166 166 169 167 162 150 149 158 166 176 185 189 169 121 122 143 153 159 166 163 165 164 162 164 167 160 166 167 169 169 171 169 169 178 180 181 180 181 188 188 186 191 190 191 190 192 192 191 194 189 191 195 193 193 196 193 191 198 198 199 196 192 191 187 188 185 180 173 168 160 155 162 163 166 166 172 170 177 179 185 
114 135 142 143 145 142 144 152 157 160 159 162 163 160 164 164 165 167 166 170 170 169 169 168 170 171 170 170 170 166 163 164 167 165 168 161 162 158 139 152 162 167 175 177 134 101 133 148 153 161 170 168 168 165 161 164 166 166 168 169 165 168 168 166 167 173 173 178 177 179 183 184 184 186 190 186 189 190 195 194 194 190 193 191 191 189 190 194 192 197 197 197 195 194 192 191 186 185 177 174 167 164 157 156 163 169 164 163 164 167 172 165 
122 131 131 133 136 140 149 157 158 162 161 160 161 162 164 164 162 163 167 169 171 172 170 167 168 173 171 169 167 169 169 168 168 166 168 156 157 150 145 151 161 177 177 162 106 82 122 136 164 164 176 172 169 166 165 165 162 166 166 169 169 169 165 169 172 171 176 178 178 182 187 186 184 185 187 186 190 189 193 195 195 192 189 190 186 194 192 193 196 198 198 195 198 197 195 193 192 191 186 178 173 161 161 155 158 162 168 166 167 170 174 167 
119 127 132 138 139 151 157 161 161 160 162 160 160 162 164 167 165 168 168 167 171 174 171 170 172 174 171 171 168 166 166 168 171 165 163 149 155 146 148 159 162 172 174 145 101 105 112 141 152 166 184 179 171 164 160 167 167 168 167 166 167 165 163 165 171 173 175 178 179 180 180 183 185 184 187 192 189 190 190 189 190 190 192 187 187 192 193 191 191 191 193 197 195 198 194 192 191 187 187 180 179 172 161 161 156 158 161 166 174 172 173 177 
126 135 144 145 143 149 155 157 159 161 159 162 166 166 162 166 166 167 166 169 168 171 172 168 172 172 173 171 167 168 168 168 166 165 151 151 152 148 149 154 161 161 167 126 111 141 131 123 132 154 174 176 168 166 165 167 166 164 169 170 163 162 162 167 171 173 175 176 177 178 180 179 178 179 182 179 183 188 191 186 186 187 184 184 179 182 188 186 193 192 193 192 196 194 196 195 191 190 187 180 172 171 163 162 158 155 161 162 164 163 169 179 
136 140 143 139 140 147 150 153 158 159 162 161 163 165 163 162 164 170 172 171 166 169 173 170 169 170 168 168 168 168 167 163 158 140 144 150 150 153 146 149 161 159 162 113 140 176 167 129 151 151 165 169 169 168 164 166 166 173 175 166 166 167 166 167 170 171 172 174 175 177 178 181 174 181 181 177 182 185 186 186 185 182 187 184 185 183 184 186 187 191 192 189 187 193 190 197 196 192 189 188 179 169 163 161 161 148 155 160 161 161 174 185 
138 144 141 141 142 148 153 157 162 163 162 165 167 166 164 167 167 167 172 169 169 169 169 169 171 173 173 171 173 170 170 168 156 147 147 143 155 155 158 157 157 159 143 77 81 145 223 161 120 134 159 167 164 166 163 163 170 166 170 176 168 164 164 167 174 176 172 174 174 177 176 176 176 178 179 179 181 180 182 182 182 184 183 187 188 190 188 186 188 190 191 189 194 187 189 193 192 190 183 178 184 174 170 170 160 157 154 155 158 166 163 168 
143 144 141 141 144 150 158 158 163 164 163 165 162 158 166 169 162 164 171 173 172 173 173 170 165 173 173 172 172 172 172 169 165 163 161 155 153 145 148 155 159 159 123 72 66 83 145 160 144 143 160 160 161 161 166 168 172 172 169 166 168 168 165 167 173 173 176 176 176 174 178 175 175 178 181 182 178 171 174 182 179 179 181 178 173 178 184 190 185 189 192 191 188 188 190 188 187 185 183 177 174 183 173 168 165 158 154 154 155 161 168 171 
143 142 145 140 143 148 155 160 165 165 164 163 163 161 167 164 168 166 164 173 172 168 171 170 172 174 173 174 170 174 173 169 169 166 158 156 150 135 135 155 158 153 102 62 86 84 76 127 137 127 144 155 160 164 167 170 175 175 174 167 168 171 172 174 171 170 172 172 172 175 178 170 172 175 179 179 177 174 176 174 175 178 179 180 178 184 188 185 186 189 187 187 187 184 189 191 186 186 179 177 177 178 176 171 166 156 155 153 154 154 162 173 
147 142 143 146 147 152 157 162 163 163 164 166 168 167 169 173 170 177 180 169 168 171 176 174 174 175 174 175 177 176 175 173 169 169 157 147 145 140 137 155 158 152 100 81 32 85 94 118 149 152 160 150 154 166 169 163 172 170 164 161 166 167 172 173 175 174 172 176 177 166 170 178 173 172 175 174 175 172 174 174 179 180 183 184 185 187 188 190 191 189 188 184 191 187 184 182 183 180 177 174 179 174 173 172 166 164 157 152 154 156 155 164 
145 143 144 142 145 157 163 160 161 162 166 167 167 168 168 168 171 171 173 171 173 174 169 171 174 173 171 173 173 175 173 177 176 173 166 156 148 137 140 151 150 142 85 117 49 68 100 117 143 138 149 151 157 166 164 164 164 164 165 160 170 172 175 173 171 169 173 173 169 168 171 171 173 174 174 175 174 173 173 177 177 176 179 181 185 186 187 189 187 185 183 184 182 181 181 180 177 179 180 172 173 179 183 179 166 161 159 153 144 146 149 162 
145 145 147 145 153 160 163 165 164 163 164 168 169 169 170 170 172 173 173 176 174 174 168 173 172 178 176 174 177 179 179 178 181 175 160 157 150 138 143 152 149 138 82 51 55 85 78 115 138 154 149 148 157 164 166 164 161 160 162 167 170 172 174 174 173 170 166 164 167 167 166 163 168 169 171 170 170 172 176 176 178 182 183 182 180 184 181 185 189 185 183 177 179 183 182 178 175 178 177 170 169 172 172 173 172 161 159 152 155 152 155 162 
143 143 147 148 154 159 166 165 168 165 166 167 168 169 172 173 172 173 169 170 165 167 171 174 178 182 181 176 175 172 170 180 182 174 155 137 128 131 147 147 145 130 83 96 92 85 91 128 123 128 143 140 149 164 164 157 160 164 158 167 167 164 170 172 171 167 162 168 167 164 166 167 167 169 171 171 171 173 176 176 175 176 179 178 180 176 178 175 180 182 181 177 178 181 181 181 172 167 168 170 163 164 175 173 181 174 163 161 147 145 149 157 
151 146 149 149 159 166 167 167 164 166 169 169 171 171 172 172 174 170 173 170 168 173 176 175 173 174 172 179 181 179 186 186 188 181 163 137 123 117 144 141 142 113 51 49 56 77 119 142 131 134 134 140 154 153 160 160 156 165 164 164 174 168 170 176 171 168 169 172 172 171 167 167 169 170 169 167 169 173 177 176 177 178 178 175 175 176 173 172 167 164 168 171 174 169 177 174 169 162 161 168 174 165 158 167 178 170 167 156 153 147 148 151 
148 147 146 153 161 169 169 169 166 168 170 171 173 173 172 173 172 170 169 171 176 168 169 171 176 179 175 178 183 179 188 189 185 174 163 133 121 117 145 144 141 109 78 93 106 134 158 150 127 132 132 137 154 159 153 157 161 170 166 165 168 171 169 170 173 170 168 165 170 164 163 163 166 165 162 165 172 173 175 176 174 171 171 171 171 173 172 170 167 165 163 171 175 176 173 174 176 168 163 166 160 165 160 162 173 170 167 166 154 144 148 152 
150 146 148 154 167 185 180 176 173 169 170 172 174 176 176 172 176 175 170 180 176 172 176 176 181 180 182 183 185 181 178 184 182 174 159 132 123 111 146 149 139 100 119 147 159 163 160 138 130 130 130 142 146 149 154 156 162 169 165 167 172 173 173 170 170 170 169 168 165 165 162 162 161 164 165 166 173 176 174 170 173 167 163 164 169 171 174 170 165 162 162 165 173 176 176 180 175 172 170 167 161 165 159 160 163 181 177 167 161 146 141 147 
149 148 150 153 168 179 173 173 168 171 172 171 177 178 179 176 176 176 174 174 172 175 176 175 177 177 173 180 184 187 183 183 180 170 153 134 124 113 130 140 136 88 104 146 155 157 152 132 122 118 127 141 151 152 156 163 163 163 166 166 169 165 166 167 170 175 167 168 171 164 160 157 159 161 165 168 175 173 168 169 170 168 164 172 173 172 166 159 151 152 158 164 167 172 173 175 178 174 172 170 159 158 167 166 169 165 170 173 162 155 142 143 
150 144 145 156 174 187 186 174 174 169 172 179 176 173 178 179 179 184 184 177 181 181 176 180 181 183 185 186 186 188 184 183 180 167 148 134 124 119 125 139 131 91 80 128 134 134 133 128 121 119 126 138 139 144 156 161 162 159 159 169 168 171 173 171 169 172 169 171 163 160 152 153 157 165 171 172 174 178 171 170 169 171 172 171 171 168 158 130 124 146 156 162 166 168 173 173 176 175 171 169 167 156 154 152 147 162 169 171 163 161 146 144 
151 150 152 160 175 190 192 183 175 173 173 176 174 180 180 180 180 183 180 181 184 180 179 179 181 180 178 185 190 184 183 180 176 166 149 132 130 124 129 134 129 96 78 103 128 125 111 112 115 117 132 136 142 152 155 160 160 167 166 164 168 169 168 171 167 165 165 165 159 154 153 155 159 166 174 174 176 172 161 163 169 168 171 175 170 160 141 110 118 143 160 168 162 169 167 171 174 176 171 169 168 161 151 151 153 163 168 171 169 165 149 145 
151 151 152 158 174 189 193 188 173 168 168 176 174 180 182 178 182 180 178 178 179 183 179 185 185 182 187 186 185 186 187 184 178 169 148 130 143 123 123 133 130 91 94 82 98 117 119 113 116 122 131 133 140 150 159 158 165 169 167 169 167 166 169 170 168 162 163 156 155 154 153 156 166 172 176 176 177 172 168 168 173 172 170 170 168 151 132 101 117 139 158 168 170 164 165 169 167 172 171 169 161 162 160 145 148 151 160 167 176 169 150 138 
156 152 155 159 165 173 188 189 182 176 183 175 175 178 184 183 184 182 184 184 189 183 186 186 186 188 181 180 185 183 184 182 177 169 147 133 143 133 127 132 138 113 95 99 103 120 110 115 114 122 126 129 139 145 153 157 164 167 166 168 171 170 169 166 165 162 156 159 153 153 159 163 170 174 175 175 171 168 171 169 166 172 170 173 168 152 129 95 111 139 159 171 163 166 166 170 172 173 171 164 163 157 154 153 151 153 159 164 156 161 154 144 
157 151 150 156 160 174 183 187 186 181 177 181 179 182 177 181 182 188 187 184 182 191 183 183 187 188 192 191 189 184 181 180 174 165 156 131 135 147 130 137 135 120 88 105 99 112 109 117 122 125 126 134 140 143 154 162 166 163 164 168 168 166 167 168 161 159 159 157 159 160 160 166 174 171 167 174 172 166 165 160 157 171 176 177 176 163 138 102 113 136 158 172 169 164 166 168 169 172 169 169 160 152 154 159 157 154 160 165 167 166 157 147 
156 149 151 154 163 176 178 185 184 184 179 181 179 184 178 179 184 187 186 185 189 185 185 185 188 187 186 193 193 186 185 182 175 165 150 144 147 140 142 139 136 124 105 95 112 97 105 112 123 124 131 134 142 149 154 163 167 165 164 164 166 168 169 168 163 156 155 155 152 154 163 170 177 174 168 167 166 162 161 161 167 170 174 179 179 161 135 102 110 135 156 173 169 166 165 167 173 171 170 168 162 161 158 155 152 154 159 158 154 156 159 147 
140 149 148 149 154 169 189 188 184 180 172 169 174 173 178 180 180 184 185 184 183 188 185 189 187 191 185 186 189 194 187 187 180 165 148 139 147 143 138 146 140 122 113 104 110 121 109 118 122 131 131 138 146 154 158 159 166 167 167 169 169 172 169 163 157 154 149 154 150 151 167 175 172 175 172 172 169 168 165 168 168 172 174 179 182 166 127 107 120 136 151 179 183 171 169 168 171 175 169 163 163 157 152 152 151 152 158 157 160 164 160 147 
149 147 151 153 159 168 178 188 184 179 173 171 173 180 180 180 182 181 184 184 180 193 185 185 185 190 187 184 187 190 192 188 176 164 159 147 145 150 152 150 142 122 113 118 116 129 140 137 134 127 134 139 147 152 158 164 169 167 166 172 171 173 168 164 162 156 157 159 162 150 158 168 174 173 175 167 165 164 161 165 169 173 170 175 174 148 115 102 118 135 149 175 186 177 170 168 169 168 169 165 161 158 152 154 150 152 156 155 159 163 164 150 
155 151 149 158 167 169 181 182 176 179 175 174 177 180 181 178 180 186 185 180 181 185 185 188 187 191 187 187 191 191 185 179 174 166 160 156 150 153 154 154 149 129 111 114 143 154 153 139 128 131 134 144 152 162 158 164 164 171 169 175 178 174 164 160 158 161 161 160 160 150 134 149 158 161 162 165 165 166 163 168 171 173 171 170 170 140 108 101 120 135 145 174 175 176 171 170 170 170 164 163 160 156 154 159 160 158 154 155 153 161 158 153 
148 149 155 160 162 172 179 182 177 179 173 175 174 176 177 184 180 183 183 180 179 184 187 188 186 185 190 190 190 186 182 182 176 170 165 157 149 152 152 155 156 144 114 114 134 153 153 134 124 129 137 147 155 160 164 169 168 171 173 178 177 172 167 157 156 159 164 163 159 162 134 130 143 144 151 159 161 157 163 167 169 173 173 174 164 133 100 98 121 134 143 159 178 169 168 170 171 172 168 165 164 156 150 157 159 155 156 147 157 160 158 161 
141 146 148 158 163 167 167 176 173 177 175 175 177 174 174 180 180 180 181 178 180 183 177 179 181 186 183 184 184 180 177 178 173 172 166 158 161 157 154 155 160 162 157 128 118 119 119 122 130 134 142 151 160 162 164 167 170 173 176 179 176 162 148 150 158 163 163 164 170 169 151 114 143 147 148 148 153 159 164 170 173 173 177 174 151 123 93 94 120 131 140 160 169 171 166 162 167 169 169 162 155 150 151 150 156 160 156 159 154 154 158 159 
135 143 149 150 158 167 172 175 173 175 175 174 174 172 174 177 178 175 178 177 175 177 176 183 178 172 178 179 179 184 180 175 174 167 165 159 155 153 151 154 164 174 181 169 141 133 136 138 140 143 146 157 161 163 172 168 164 170 176 180 170 156 148 152 160 160 162 166 181 182 170 118 149 152 143 147 147 151 163 167 172 177 179 168 149 122 88 100 125 133 137 151 167 170 171 164 166 171 168 161 156 154 152 150 151 154 159 156 159 151 150 151 
143 148 151 157 165 171 169 175 173 174 179 177 171 172 173 177 177 175 178 177 176 181 180 178 179 180 176 180 186 178 181 177 175 171 170 162 156 157 151 156 168 181 192 188 176 159 153 150 148 147 151 155 161 166 169 171 170 174 178 179 164 153 147 150 152 153 162 176 185 185 176 134 140 148 148 146 149 153 159 169 171 173 174 160 146 118 83 99 123 135 140 145 168 174 169 169 171 171 167 165 158 151 144 149 148 145 146 153 158 154 151 151 
142 150 155 161 165 170 171 178 176 175 175 174 172 168 171 177 181 175 176 176 182 179 176 174 174 174 180 178 172 176 177 180 172 169 168 166 156 149 155 152 161 178 196 187 178 171 165 158 157 158 157 164 164 169 169 169 171 176 177 169 161 153 151 149 155 156 164 173 187 185 170 136 146 153 151 148 146 151 159 162 163 163 163 151 144 114 86 110 132 143 141 148 155 167 164 164 161 164 163 155 150 151 148 149 150 148 143 150 157 153 151 153 
145 151 153 159 166 169 168 175 175 172 174 174 172 174 176 177 176 174 173 175 178 177 177 172 171 175 173 176 177 174 176 173 171 172 172 169 164 161 158 158 164 175 190 195 183 175 166 163 162 164 163 165 163 168 171 172 173 169 170 167 157 151 147 147 150 152 163 173 189 166 140 144 145 152 155 146 145 145 155 158 160 161 156 147 140 113 84 107 127 136 144 143 156 164 164 161 157 159 161 157 155 151 147 147 148 146 145 149 155 160 152 149 
153 150 158 164 167 169 169 172 176 177 171 173 169 168 176 178 180 176 177 179 177 174 172 173 173 173 172 175 175 175 178 175 177 172 173 172 165 165 165 164 170 179 180 182 182 178 171 169 170 169 166 166 164 167 165 172 172 174 173 169 160 149 146 149 157 157 169 179 188 131 132 152 153 157 154 153 149 154 158 160 162 160 152 141 141 108 88 117 138 144 147 146 150 163 160 160 157 152 161 155 150 147 147 146 146 146 148 149 151 155 156 152 
153 154 156 164 167 179 175 175 173 177 177 174 173 169 174 175 177 175 171 174 172 171 173 175 170 173 173 172 170 175 177 176 172 171 173 173 173 171 168 170 170 176 174 173 174 181 176 171 169 165 172 172 171 170 171 170 172 164 174 168 158 151 150 156 162 166 174 179 182 113 136 151 151 152 156 157 162 157 158 153 152 160 147 145 140 117 88 111 133 141 147 147 148 161 160 158 157 159 156 157 149 146 145 148 150 147 146 153 152 151 149 149 
156 154 157 161 165 173 173 177 176 175 168 170 166 169 171 173 175 172 168 170 175 170 170 170 174 179 171 172 175 174 172 174 173 173 173 170 173 167 168 168 170 175 174 176 179 178 174 172 169 169 171 170 173 170 167 168 172 170 168 166 159 156 153 159 162 170 181 185 178 120 147 151 149 154 157 152 152 152 156 158 154 155 150 140 143 123 89 110 126 136 140 142 147 154 154 155 157 157 152 150 147 146 143 146 148 148 153 150 151 156 152 148 
156 149 149 159 172 180 178 178 174 172 170 171 172 169 174 177 177 172 171 173 170 174 166 168 176 181 173 172 172 173 171 173 174 175 173 169 173 175 174 178 178 184 180 177 175 174 171 169 171 167 165 164 170 169 170 165 170 171 172 169 162 159 158 163 165 172 177 181 182 137 158 160 153 159 160 156 151 151 157 158 151 154 153 141 137 119 93 106 121 134 143 143 144 155 154 149 145 150 149 144 145 146 150 147 149 148 148 154 158 152 147 145 
154 151 147 162 169 184 179 180 176 173 171 171 171 170 173 174 177 175 174 171 173 175 172 169 173 173 169 170 168 174 171 168 170 172 169 171 173 173 174 170 177 188 188 182 170 164 165 162 160 164 165 165 168 166 165 169 163 172 169 166 165 162 161 164 162 168 183 181 171 133 161 168 155 155 159 156 158 163 155 154 152 144 148 135 130 110 86 99 118 131 138 145 149 162 156 152 151 152 146 152 152 148 146 150 147 147 146 151 150 154 150 149 
161 162 171 167 179 181 181 179 173 173 175 168 170 172 170 169 173 174 173 172 169 173 174 172 171 173 172 169 169 170 174 175 173 170 168 169 170 173 168 170 179 185 182 188 188 181 168 163 156 161 168 164 163 163 165 164 170 170 166 164 163 166 165 165 163 168 187 188 178 149 130 169 167 170 167 156 159 161 161 151 143 137 141 135 126 109 77 99 119 129 137 138 143 154 147 148 151 151 152 150 155 151 155 154 152 148 155 155 157 152 144 142 
155 159 167 168 185 187 183 186 175 172 172 172 171 166 171 172 175 174 175 174 173 172 171 173 172 171 168 173 173 173 171 173 171 167 170 172 174 169 168 164 168 173 177 183 189 191 192 188 175 164 162 158 159 158 164 163 165 167 162 157 156 160 164 161 160 169 185 196 182 173 131 160 174 171 169 164 164 166 163 156 143 139 143 137 127 111 82 88 113 127 131 136 144 149 155 151 154 154 150 157 159 159 154 151 151 147 150 158 151 152 145 137 
156 173 187 188 194 196 189 178 177 175 175 173 170 167 168 175 171 171 173 172 173 172 174 171 170 170 172 168 169 170 173 168 168 169 171 171 162 160 164 157 160 164 169 179 181 184 183 190 194 188 175 169 167 165 165 164 166 165 163 157 146 160 162 162 164 168 179 198 189 181 171 159 179 173 167 164 163 161 161 156 147 139 145 140 128 111 86 102 120 123 125 130 146 152 159 151 155 157 157 158 156 155 154 155 151 158 166 164 163 146 139 133 
158 166 187 200 202 199 187 180 185 175 171 174 170 172 172 177 174 174 171 170 172 170 173 173 168 169 172 166 169 170 171 170 169 173 170 173 173 171 167 158 150 160 163 178 190 188 178 167 176 182 190 182 173 171 168 168 171 169 158 159 157 170 169 171 169 161 157 179 198 194 184 179 174 163 167 162 166 164 160 154 144 141 150 139 129 114 82 94 120 129 127 129 140 152 159 156 156 158 160 164 165 167 156 153 157 154 160 164 156 148 140 131 
151 170 187 189 197 196 187 182 177 175 174 171 173 170 171 173 170 172 175 168 172 171 173 173 170 173 167 169 171 169 171 168 171 173 173 178 181 176 173 164 159 155 157 165 177 188 197 190 171 171 172 167 165 169 173 175 172 173 169 172 175 174 186 182 179 193 199 170 179 181 175 176 168 149 162 165 159 163 160 158 150 152 153 141 131 113 83 94 105 120 126 133 141 154 159 160 159 158 160 162 162 160 153 149 148 159 167 163 158 145 135 125 
148 158 166 186 189 191 186 179 172 169 169 169 172 172 171 171 171 168 165 166 170 169 171 170 170 176 172 170 168 168 171 173 170 168 175 178 181 180 177 168 156 147 143 146 161 171 174 185 181 174 174 164 161 162 169 171 174 173 172 178 180 183 185 183 178 186 202 177 172 177 173 171 163 136 146 157 147 155 154 159 153 154 155 143 130 114 79 90 105 112 126 132 143 150 160 159 158 157 160 162 167 162 154 145 147 163 170 165 156 139 131 123 
146 154 167 178 187 184 184 177 171 172 170 168 167 166 167 171 168 166 167 172 169 171 169 168 173 169 172 174 174 173 172 172 170 172 175 177 178 182 170 164 151 146 143 144 139 149 165 169 170 171 169 167 162 166 168 172 170 168 173 180 177 174 180 177 172 173 171 168 170 171 175 163 147 130 132 141 147 149 153 155 155 155 155 142 134 112 80 83 103 120 130 135 148 149 158 159 159 151 154 161 167 163 158 149 156 173 171 165 151 138 124 126 
138 144 166 170 186 184 183 180 175 172 174 170 168 165 166 169 167 169 171 174 169 172 172 172 174 171 168 170 167 170 171 164 163 172 177 175 172 167 168 157 153 147 146 124 101 88 116 145 165 171 165 164 163 156 169 175 174 174 170 174 174 175 175 176 169 168 170 164 162 173 168 155 126 115 121 139 141 139 141 157 159 162 160 147 128 116 89 85 109 124 131 138 149 151 150 150 159 160 157 161 168 163 154 160 161 164 156 149 144 133 123 134 
137 137 153 169 174 180 178 176 172 170 170 170 170 166 168 166 170 166 168 168 169 170 170 167 169 170 167 168 169 171 169 167 169 168 170 170 167 164 153 148 149 148 138 120 82 96 103 105 118 139 157 163 163 160 163 173 171 168 170 170 172 174 177 176 175 172 172 177 197 172 155 126 101 103 117 130 138 147 148 156 160 162 164 153 131 114 96 83 99 120 131 139 147 144 150 158 162 161 159 160 169 167 160 162 164 155 150 147 140 128 123 144 
137 136 148 166 175 186 179 171 174 173 170 166 168 168 171 171 167 167 166 165 166 170 174 168 169 169 170 168 168 163 171 171 169 168 164 173 169 152 141 142 154 146 121 140 159 94 106 113 112 106 112 133 148 155 152 154 161 166 168 174 172 169 172 170 166 170 170 178 201 168 130 107 106 110 118 132 138 152 160 161 163 158 163 161 134 114 97 86 111 123 130 138 143 144 150 161 165 160 160 163 169 172 160 152 153 154 149 145 129 118 136 137 
130 136 139 156 177 180 182 177 173 168 171 168 167 166 169 167 170 169 172 164 164 166 163 169 169 171 167 167 171 167 163 167 168 168 166 170 159 150 140 144 152 127 110 149 157 144 115 123 115 110 114 113 118 127 143 149 149 150 157 161 164 161 164 166 173 170 171 171 154 117 106 122 128 135 142 154 154 154 155 163 167 163 164 168 151 117 99 84 103 123 135 143 144 147 156 165 166 164 165 164 167 161 155 150 145 148 149 134 119 137 144 145 
125 133 138 148 162 172 166 165 162 167 168 166 165 165 168 167 168 165 167 166 166 165 169 166 167 167 165 164 165 164 164 163 167 172 171 157 146 136 132 149 147 113 149 181 184 163 125 130 123 115 116 117 120 124 128 131 140 147 150 153 150 151 153 158 164 167 159 150 140 119 117 129 135 138 152 159 158 157 148 148 156 160 164 164 158 128 103 85 101 121 131 143 147 159 164 164 162 159 156 159 156 152 147 151 148 143 126 118 135 141 141 142 
116 122 130 138 150 162 168 163 163 161 167 165 168 165 168 166 165 169 169 171 168 166 165 165 166 166 167 167 167 161 163 166 170 167 165 147 130 127 127 147 138 93 126 124 152 181 134 134 126 121 120 129 127 126 128 132 136 140 145 149 155 152 149 144 150 155 149 142 144 141 134 138 144 155 159 160 158 155 153 155 157 160 160 161 168 149 120 95 108 123 136 149 152 158 163 160 161 159 155 158 156 149 146 144 142 125 122 136 141 142 139 140 
111 113 125 134 149 164 164 163 164 164 161 165 169 165 163 167 161 164 168 167 167 165 167 170 167 168 169 170 167 167 162 160 162 167 160 141 122 120 124 148 119 60 79 65 72 120 147 123 124 130 125 126 132 132 127 135 136 141 142 148 155 161 162 156 148 137 142 147 148 142 140 147 156 162 170 169 161 156 152 151 155 158 162 166 168 161 131 105 112 129 145 155 159 162 166 162 158 156 154 154 151 144 142 137 124 128 136 135 137 140 143 143 
105 112 115 127 141 156 162 164 164 162 160 160 165 168 162 160 167 169 164 160 165 166 163 166 167 167 169 168 166 159 162 164 162 159 154 125 117 119 135 151 114 76 99 80 98 84 119 126 125 131 129 133 133 137 139 131 142 141 144 149 150 158 165 171 166 158 146 140 136 134 139 149 163 169 170 166 168 162 160 155 157 161 165 164 164 161 144 120 119 134 152 162 165 166 162 161 158 150 151 146 142 141 129 123 133 137 138 140 135 138 136 138 
104 104 112 119 134 151 160 163 165 161 165 162 163 163 164 160 161 161 161 162 161 164 164 161 163 165 163 164 166 161 160 161 161 162 147 122 112 117 135 147 105 80 176 111 95 97 105 132 133 137 138 134 142 144 141 138 133 145 151 149 152 151 158 163 168 169 164 158 150 145 149 158 170 176 176 175 173 173 165 159 159 162 164 166 168 167 150 135 139 143 151 157 160 162 164 157 150 155 152 143 136 128 129 138 137 137 137 137 136 135 135 137 
103 111 112 114 118 136 156 157 157 166 163 166 163 162 162 159 161 163 165 166 164 164 163 163 171 171 169 169 166 164 159 155 163 159 145 120 105 106 131 146 102 74 75 82 66 83 98 119 128 136 145 139 139 144 152 147 135 141 148 149 154 154 155 164 169 172 177 170 170 168 166 169 175 175 179 176 174 172 169 166 163 163 164 169 170 169 160 161 159 162 166 166 162 158 152 151 148 146 143 147 141 146 142 144 135 133 131 135 134 141 141 143 
102 110 111 110 112 122 140 158 156 150 158 160 160 162 162 158 157 157 160 163 162 162 160 164 169 164 164 169 168 163 163 165 159 152 137 120 112 114 146 158 111 75 52 38 63 58 96 119 127 150 160 148 145 149 148 150 140 140 149 152 155 157 156 160 159 164 167 169 171 173 175 174 176 179 179 177 174 169 165 169 167 166 165 165 164 165 168 166 165 165 163 160 155 154 148 146 141 145 142 119 103 114 133 146 161 162 160 159 158 146 128 97 
78 94 107 111 112 113 123 148 157 156 154 159 160 158 160 161 160 157 156 158 161 164 162 162 164 164 166 166 168 164 162 161 160 151 136 120 117 117 148 159 109 67 96 92 150 168 141 130 135 164 167 158 144 144 145 157 143 142 146 150 152 154 158 158 155 160 168 167 167 172 173 173 172 166 165 169 175 172 166 163 163 163 162 167 164 164 163 163 161 154 155 162 156 152 149 150 148 137 99 53 36 33 30 28 36 49 61 64 58 50 46 32 
64 72 89 106 105 111 115 124 145 152 154 155 151 155 157 160 158 158 154 157 158 158 160 160 164 167 165 168 166 163 161 162 159 154 136 122 118 122 154 162 122 40 42 50 62 159 171 133 138 165 174 165 150 146 146 152 153 145 149 150 151 155 158 165 164 164 164 166 168 169 170 168 174 169 167 170 172 174 171 166 165 161 154 155 157 157 156 157 152 152 156 159 156 156 151 148 123 77 42 30 35 33 30 34 21 20 13 14 10 14 5 17 
64 73 83 89 106 105 110 112 124 145 148 148 153 152 151 152 153 156 157 159 160 160 160 162 161 160 164 166 168 164 165 165 163 159 143 118 110 124 158 157 131 102 110 109 134 171 167 123 125 162 170 165 150 149 149 150 144 147 146 156 158 161 162 158 162 161 162 167 168 169 168 168 168 174 169 170 167 168 169 167 166 163 160 158 153 157 158 161 161 163 156 158 157 156 138 96 49 30 31 36 32 34 36 33 35 28 26 21 22 19 29 21 
78 75 64 71 77 88 105 111 113 128 141 145 148 145 149 153 151 152 154 156 154 156 157 160 162 164 162 167 171 168 162 156 155 153 145 133 118 124 153 169 143 99 159 178 180 180 146 121 132 153 156 156 153 146 146 150 147 149 155 156 160 160 161 162 163 166 161 165 169 170 165 164 168 172 173 167 169 168 170 170 170 172 165 164 162 163 162 157 155 155 155 153 144 110 61 31 27 33 35 37 39 34 36 38 38 39 39 37 35 32 29 31 
91 88 91 95 81 58 69 88 100 112 127 137 142 144 141 144 150 152 151 154 155 155 158 159 160 158 164 164 163 164 165 164 155 153 140 131 124 119 154 169 147 86 138 166 169 160 129 127 138 144 148 150 151 150 151 146 152 144 151 158 156 159 154 156 159 162 165 163 162 168 165 164 167 166 165 170 168 168 169 167 167 164 165 159 161 159 159 155 156 158 148 118 77 43 27 29 37 33 32 33 29 35 35 37 38 35 35 40 39 41 39 34 
60 78 79 88 81 86 68 71 84 119 129 135 133 138 144 144 145 148 152 149 150 153 151 155 158 161 156 163 162 162 167 165 163 153 144 132 128 136 158 172 154 89 104 142 134 121 123 125 138 142 141 146 150 152 155 153 148 151 152 152 156 152 155 156 157 159 161 166 167 163 168 166 166 163 158 162 165 164 163 161 159 161 158 156 156 157 160 160 144 115 74 41 28 29 34 37 29 35 30 31 34 32 34 31 33 35 35 31 38 33 38 43 
50 45 50 54 48 46 58 60 80 100 117 136 140 142 140 144 146 145 146 148 153 151 150 152 157 156 160 156 160 161 161 164 163 150 145 140 134 139 175 175 163 115 48 100 113 120 122 119 116 128 141 145 147 152 153 152 150 149 153 154 153 153 153 156 158 161 158 154 160 162 155 155 157 161 162 161 155 157 151 153 152 155 156 163 156 147 122 93 53 33 22 25 30 34 32 32 35 30 36 31 33 34 30 33 30 31 33 34 30 30 29 27 
61 60 53 55 63 76 76 70 61 75 87 99 119 129 139 141 140 144 143 144 147 150 149 150 153 153 153 154 154 160 161 161 156 148 138 139 135 134 156 169 166 136 70 52 98 107 104 99 118 131 141 146 150 149 151 156 148 145 150 151 152 151 149 148 148 151 152 152 153 155 155 158 159 153 155 151 154 156 162 159 161 148 138 107 87 62 41 24 26 24 34 39 36 34 35 38 36 34 31 33 34 34 32 31 33 29 32 29 33 31 30 35 
86 70 74 90 80 78 81 69 77 73 70 71 88 102 102 118 132 138 138 138 140 143 141 141 141 145 146 147 151 154 156 159 154 143 137 133 135 128 143 158 162 148 122 76 72 112 111 118 121 136 143 147 150 151 150 150 153 149 149 152 151 152 148 146 147 148 148 149 152 152 152 150 156 156 165 167 164 154 137 118 91 66 47 31 25 27 29 34 35 40 33 32 35 33 32 38 33 35 39 34 31 34 32 33 29 33 28 37 32 30 33 28 
75 77 81 63 62 68 59 59 73 86 83 78 65 71 87 82 88 99 117 126 131 134 138 137 138 133 134 133 141 141 146 148 155 145 138 131 127 127 136 139 146 149 148 130 115 115 134 138 146 147 152 146 147 148 149 148 149 148 148 145 149 148 144 147 147 151 149 150 150 158 159 159 146 141 110 94 66 53 33 26 22 22 26 35 34 40 38 41 40 32 36 32 29 35 37 36 38 35 35 33 36 32 34 29 33 32 35 31 33 30 29 33 
74 48 48 48 36 39 52 55 51 55 61 62 85 86 76 81 84 75 84 93 101 104 113 125 123 129 134 133 128 134 134 142 148 162 146 140 121 126 131 142 137 142 140 142 136 137 139 147 148 148 150 150 147 148 146 149 145 146 143 148 145 145 144 146 154 154 154 151 140 122 101 77 64 45 42 27 33 30 32 31 38 38 38 36 38 36 42 34 34 38 35 35 38 34 32 37 39 34 33 31 36 34 32 33 32 32 32 31 32 29 32 31 
55 65 50 54 47 45 56 55 43 34 42 39 47 70 71 76 93 84 73 84 77 82 81 81 94 89 88 93 97 84 87 101 102 97 123 142 133 123 122 129 134 131 125 127 131 139 148 149 154 157 149 144 142 142 146 151 158 157 158 159 160 157 156 147 139 117 106 73 55 44 33 28 28 32 33 36 36 36 37 37 38 40 41 38 42 40 40 40 38 36 36 36 34 38 39 36 38 36 35 33 30 34 38 33 34 36 34 35 36 32 34 31 
36 40 56 78 91 86 64 55 65 69 59 48 48 50 62 47 57 82 72 68 95 80 97 93 83 84 87 85 89 84 67 52 55 43 43 68 107 108 108 88 78 61 53 44 53 48 57 62 77 98 136 153 163 157 149 134 126 129 130 121 103 93 75 60 47 39 32 33 34 33 40 38 37 39 41 44 38 37 41 39 41 39 39 38 33 35 39 43 37 37 38 38 34 34 37 39 40 37 39 39 38 36 35 37 33 36 35 37 39 40 34 37 
40 34 36 39 48 50 56 47 44 60 65 53 54 47 48 50 51 43 51 53 53 55 54 66 74 66 70 66 58 51 52 49 45 49 45 42 39 52 51 52 38 40 40 39 33 38 34 39 36 37 30 38 53 46 49 42 39 37 31 37 39 38 38 39 36 39 38 40 38 40 40 44 42 44 41 45 42 39 39 39 40 41 38 39 38 41 36 36 35 36 37 37 39 40 36 38 38 38 32 34 37 36 34 36 36 34 33 32 32 34 36 32 
53 50 50 45 46 49 48 49 49 55 48 46 47 47 49 51 52 58 53 54 45 40 39 43 40 48 47 48 50 49 45 50 46 49 52 46 46 43 42 40 47 43 46 49 48 49 49 44 45 44 44 38 33 37 38 44 40 40 43 42 40 41 42 44 44 43 45 41 44 45 46 44 38 41 40 42 45 41 41 42 38 38 38 34 37 36 41 39 38 35 37 36 38 38 37 39 37 38 36 35 37 37 37 36 35 34 37 36 35 33 36 34 
