10 37 36 32 35 38 38 29 33 34 40 40 37 39 37 36 35 37 37 42 39 43 38 39 40 39 43 43 41 45 46 43 38 36 37 41 41 37 40 40 39 33 37 36 30 26 27 18 26 46 73 46 32 30 28 46 42 25 18 14 20 25 32 27 31 28 29 30 30 29 32 32 32 28 29 26 27 28 28 28 26 31 34 31 28 29 30 30 33 25 27 28 29 28 30 25 29 28 30 28 29 31 31 26 27 29 27 29 29 25 29 35 
35 35 36 39 38 38 35 33 38 34 33 37 36 38 39 39 36 41 41 37 38 39 41 41 40 44 39 41 39 42 38 39 38 43 40 41 32 51 76 62 58 72 66 59 73 65 60 67 94 101 94 69 49 42 72 68 51 29 26 27 30 34 42 39 42 39 40 38 42 41 41 42 43 37 38 39 36 41 39 36 44 41 43 40 42 36 42 41 39 41 36 36 39 38 42 40 40 40 39 39 39 39 39 39 39 41 43 48 38 39 34 36 
36 35 36 37 36 36 38 40 36 38 37 34 40 37 36 38 39 41 37 40 41 36 37 39 40 41 39 37 40 36 41 41 43 34 38 33 56 91 89 80 86 83 91 114 112 117 125 135 139 139 138 138 130 130 118 126 130 138 121 90 53 40 41 46 40 44 41 43 38 43 40 35 38 36 40 36 39 36 38 40 37 41 37 38 35 38 37 35 40 40 41 42 40 38 39 40 40 39 39 37 36 37 39 36 38 38 35 34 37 38 36 36 
37 39 37 34 36 40 39 39 40 40 38 38 36 37 36 40 40 39 43 40 41 40 40 38 42 40 43 46 46 46 43 43 31 57 39 67 111 117 115 118 125 126 122 129 153 147 136 127 133 145 144 142 139 143 150 143 136 138 131 120 86 51 22 24 29 33 42 39 38 35 41 43 37 44 36 38 37 41 43 41 40 37 40 41 38 37 41 44 43 40 40 42 44 44 40 40 37 43 37 38 41 38 40 42 41 37 42 43 39 41 39 40 
36 38 38 41 41 35 36 40 39 36 40 38 38 38 40 37 38 37 36 42 38 38 41 47 41 43 44 39 41 45 37 48 64 68 101 109 117 114 112 114 120 129 148 149 139 124 128 141 138 132 124 124 128 129 120 122 123 114 120 125 137 140 138 105 68 29 12 17 31 47 42 39 37 37 41 39 39 37 34 36 37 36 41 39 41 41 35 35 38 40 38 38 37 42 42 41 42 36 39 45 38 41 43 39 38 41 42 39 42 34 38 38 
35 35 36 35 32 37 39 37 39 39 38 39 41 42 38 37 37 41 40 36 40 43 41 38 39 43 38 43 42 41 57 77 105 128 139 122 125 122 131 141 128 122 112 109 115 126 139 140 145 151 144 138 146 152 159 160 154 162 167 155 145 146 145 148 152 153 145 115 64 18 13 29 36 34 36 35 36 35 37 36 36 36 34 36 37 38 37 36 38 36 38 40 41 35 36 39 39 41 43 43 45 41 40 40 37 41 35 41 37 39 39 41 
34 32 41 40 41 40 37 39 37 38 39 41 38 40 40 39 40 37 40 42 42 39 40 43 38 35 42 39 41 65 101 116 122 132 129 121 125 124 136 142 130 120 130 138 144 148 131 122 124 133 148 150 144 144 138 132 136 137 138 148 163 179 171 163 168 162 150 139 148 144 103 42 35 37 31 31 34 37 31 31 33 35 32 33 35 33 34 36 36 37 35 36 36 38 37 38 40 43 43 39 39 38 38 39 44 41 42 39 36 35 41 34 
36 38 35 37 42 39 39 40 38 39 40 39 41 37 40 40 40 41 41 42 42 44 40 40 45 59 47 71 108 125 127 125 125 135 141 124 127 136 147 137 123 126 139 149 144 137 130 131 129 131 129 132 137 134 138 150 155 159 156 150 139 139 151 163 154 168 165 146 95 95 106 84 24 16 32 38 36 34 38 35 33 30 32 37 33 33 34 35 39 38 36 41 38 39 39 37 36 37 39 41 43 41 40 42 39 34 34 40 38 44 34 46 
37 39 36 39 34 36 38 39 43 38 39 41 39 41 41 42 41 41 41 39 38 38 42 52 76 78 98 138 143 129 121 126 137 146 130 123 127 137 135 131 131 136 148 149 142 127 131 129 138 136 132 132 131 139 142 137 134 133 135 130 131 127 137 149 157 153 166 179 170 116 118 136 147 95 45 20 14 19 32 34 34 33 37 31 35 36 38 36 34 31 32 34 37 39 38 36 33 37 37 39 43 40 40 40 36 41 43 41 44 38 37 39 
38 35 38 35 39 41 40 39 35 38 39 39 37 38 40 41 43 40 44 41 39 40 60 90 111 121 140 141 136 131 132 133 131 123 122 124 137 149 148 141 142 142 155 148 147 148 146 146 142 136 144 155 160 153 133 140 147 133 130 129 136 144 127 114 123 138 137 132 144 137 81 79 104 134 162 145 116 80 60 22 17 27 36 36 36 34 32 31 32 38 35 34 35 33 35 37 41 39 33 37 38 40 39 40 42 38 41 36 39 37 40 39 
34 35 35 38 38 38 34 37 41 42 40 38 39 41 42 40 39 40 39 41 43 76 110 131 133 136 135 135 130 132 130 120 117 117 117 123 126 125 123 139 159 173 178 187 190 187 185 185 187 196 188 179 173 172 160 142 107 134 150 144 136 132 135 149 140 127 126 131 128 127 126 138 154 172 180 181 174 171 157 146 113 62 21 27 34 33 36 37 38 33 32 32 33 34 34 36 36 33 41 39 39 37 41 42 38 39 39 37 38 37 38 39 
40 41 35 38 35 36 39 36 39 36 38 40 39 42 40 40 39 42 41 37 70 106 143 142 132 133 135 145 140 146 131 118 112 106 107 111 126 127 130 132 135 141 149 152 162 180 202 208 214 199 182 173 171 156 139 162 182 134 115 127 133 135 128 128 140 134 124 115 123 132 146 158 163 164 164 161 159 161 165 150 146 168 140 64 17 29 33 31 31 34 34 36 33 35 35 32 35 36 37 33 39 40 37 40 42 41 36 41 36 39 38 36 
36 35 40 38 39 38 37 44 40 39 41 41 43 41 39 36 41 41 44 73 107 138 147 149 141 138 144 145 139 148 139 116 115 116 108 123 130 133 128 130 139 139 140 141 149 165 180 193 179 156 126 87 60 53 71 65 22 69 107 119 123 116 114 101 99 111 110 110 110 113 134 148 140 137 142 138 133 131 137 166 153 148 154 150 84 19 29 32 32 33 36 31 32 32 30 33 32 31 31 37 33 38 39 39 38 38 40 39 39 37 39 37 
38 39 38 37 39 39 40 37 39 39 41 40 37 44 48 50 50 52 74 119 139 152 163 159 152 136 147 152 147 148 142 122 124 120 125 135 129 127 135 141 144 140 140 143 146 170 167 147 126 120 127 154 186 166 126 67 44 49 70 77 95 113 115 109 104 104 103 104 104 105 125 142 116 98 110 138 145 137 141 154 156 151 152 160 159 89 28 34 34 34 30 32 32 33 34 33 31 32 33 31 33 31 33 36 37 37 35 33 36 36 37 38 
34 37 39 39 41 38 37 38 41 42 41 39 46 55 62 57 65 84 116 133 142 158 162 162 159 147 151 156 147 153 144 140 146 153 141 135 147 154 152 163 168 168 161 154 152 147 145 139 147 111 83 105 124 146 150 148 152 151 149 139 112 69 76 110 154 148 131 123 115 103 103 79 69 101 124 112 123 140 152 162 158 153 152 157 148 132 49 33 33 35 33 36 34 35 34 33 34 35 32 36 33 36 35 35 36 39 35 39 36 37 40 38 
38 37 38 40 39 41 42 40 38 39 41 41 43 53 76 77 101 132 141 141 139 160 157 160 160 147 151 153 149 148 137 143 147 141 144 146 152 154 161 162 168 170 174 171 174 167 163 163 114 118 163 169 168 151 122 72 67 64 47 58 95 143 165 130 62 96 152 137 132 126 117 106 127 163 184 183 148 126 123 147 158 162 156 150 154 143 81 35 35 34 33 35 33 32 33 33 35 35 35 32 35 34 36 34 32 32 35 35 38 36 36 40 
40 39 38 36 38 39 39 40 42 40 39 41 43 57 91 117 135 149 147 148 143 153 156 157 159 152 150 146 152 149 147 149 149 144 144 147 158 163 164 164 160 158 156 155 159 161 164 135 124 156 141 135 131 137 142 134 105 96 59 32 34 27 36 80 162 140 73 136 137 135 133 130 120 106 102 113 131 127 115 153 169 165 153 149 154 147 102 34 30 31 32 32 32 36 35 36 35 33 30 33 32 33 30 32 35 34 33 35 30 33 33 33 
37 37 42 40 40 40 42 42 38 39 40 42 65 94 126 142 153 156 148 145 143 153 150 154 154 150 149 144 138 144 146 153 151 148 157 163 165 168 164 159 162 165 164 164 161 164 153 121 166 187 206 210 203 191 179 163 125 144 152 135 91 39 29 34 40 117 157 90 135 139 139 138 137 129 122 117 116 117 120 109 113 118 134 157 160 140 90 41 44 42 31 32 30 31 32 29 29 31 32 31 34 32 34 34 33 32 31 31 36 32 33 35 
38 38 38 37 38 39 39 42 41 44 49 59 103 129 144 151 161 153 148 139 146 151 158 161 144 143 136 136 144 143 157 160 157 154 156 161 167 164 161 165 165 161 161 161 160 158 131 127 138 166 171 138 103 67 56 56 63 90 114 128 154 165 108 55 48 44 162 171 133 149 147 146 148 145 140 132 130 131 128 127 128 131 124 115 112 114 82 36 18 23 33 31 31 30 31 33 33 30 30 31 29 33 34 31 29 31 33 31 32 35 33 32 
37 39 38 41 38 41 42 41 53 46 65 78 126 150 152 156 158 155 147 140 152 158 164 153 136 139 140 144 144 147 158 158 154 161 161 164 163 169 170 171 169 168 163 165 163 160 125 148 154 148 135 126 132 174 193 166 114 122 121 115 117 126 134 87 54 33 53 155 119 162 155 148 150 150 145 145 145 142 141 141 138 138 139 142 141 138 138 139 110 50 15 24 31 31 30 30 32 33 33 33 34 33 30 32 31 31 32 34 36 31 36 34 
36 38 37 38 38 42 40 41 46 60 80 109 134 145 146 152 152 150 139 146 155 168 163 155 156 152 143 162 154 151 157 164 161 156 155 162 168 170 173 173 170 165 166 163 162 158 128 153 158 158 152 154 213 230 231 231 181 162 172 165 154 148 144 148 147 132 94 128 113 158 155 153 148 143 148 155 155 161 155 147 141 140 146 142 142 143 144 140 138 142 115 56 17 30 35 36 32 32 30 34 30 34 31 31 32 35 36 37 33 37 21 19 
40 41 39 41 40 40 41 48 60 85 98 122 134 138 145 146 151 146 137 159 168 172 167 160 167 165 164 167 153 157 162 163 159 156 156 162 166 168 171 171 173 172 172 170 167 147 132 152 154 141 133 130 142 193 215 198 164 176 174 169 164 163 167 164 160 159 162 154 117 161 159 157 157 151 149 149 158 159 164 161 154 149 146 144 139 144 145 143 140 139 138 135 96 28 23 29 31 32 32 31 35 32 32 33 34 33 33 29 30 17 46 147 
40 37 39 37 42 42 40 48 87 102 109 127 131 132 144 145 148 135 158 170 173 172 159 155 170 175 178 175 158 152 160 157 151 152 148 152 158 172 175 175 174 171 175 162 152 131 142 149 137 136 154 166 162 152 152 152 143 154 162 163 165 168 173 178 173 169 164 162 116 153 162 158 160 163 160 164 163 165 164 160 162 159 159 155 154 151 150 148 145 142 138 137 138 124 48 22 35 34 31 34 32 34 32 34 33 32 35 29 18 104 195 193 
38 40 43 41 39 42 42 58 100 117 122 123 132 138 143 146 141 158 177 180 183 172 159 163 170 173 165 166 157 149 152 159 160 153 146 143 163 176 178 176 173 175 173 157 153 131 144 142 148 166 175 177 162 137 119 121 126 147 164 168 164 167 170 177 178 169 168 164 118 162 163 159 157 162 176 174 171 170 166 169 159 162 158 159 152 150 150 153 151 145 143 139 135 135 135 72 20 27 36 37 39 37 36 35 34 34 18 52 155 183 155 162 
37 40 40 40 39 40 45 62 117 130 132 125 131 143 146 145 150 171 175 184 179 148 155 165 170 165 156 167 156 150 149 152 155 151 133 148 178 182 179 178 179 176 166 158 149 127 139 158 193 200 190 167 148 148 137 120 114 140 164 171 165 163 166 169 169 171 174 175 120 171 175 161 161 177 180 176 172 171 165 163 167 163 160 154 155 155 149 154 151 149 150 150 137 132 131 133 99 50 29 23 13 19 28 36 28 26 111 172 142 135 141 135 
41 42 41 39 42 41 49 85 122 134 133 130 137 146 141 146 152 164 184 188 150 141 147 161 163 157 154 163 149 142 141 151 149 147 137 172 180 181 178 173 179 172 159 143 137 124 136 176 194 191 174 150 151 147 118 114 114 133 162 174 170 163 163 161 159 150 162 179 120 165 172 173 175 176 180 176 178 171 172 172 163 159 163 158 152 152 159 155 156 159 157 152 148 142 139 130 131 130 128 126 101 75 46 31 41 118 116 86 95 102 111 116 
38 37 40 42 41 43 62 106 122 137 137 141 147 145 139 140 155 172 181 153 132 144 147 156 162 158 159 160 149 140 135 140 149 128 164 180 182 186 186 184 176 174 157 132 111 116 133 160 172 172 166 186 156 116 113 124 130 139 159 168 163 157 151 148 149 148 158 166 121 172 177 176 185 182 173 178 173 173 172 169 173 166 162 160 162 157 153 148 151 152 155 157 154 154 150 143 137 130 119 120 134 141 142 137 128 120 77 55 40 22 33 18 
39 39 40 37 38 55 85 117 127 139 138 145 151 146 135 139 164 169 151 131 134 139 153 155 155 161 170 156 142 141 141 144 140 145 174 185 183 187 189 184 180 166 143 120 143 172 138 147 168 154 164 186 138 85 93 141 147 145 162 162 163 155 148 145 148 154 167 160 108 149 171 189 189 182 184 177 177 174 172 172 176 173 169 168 162 161 164 154 149 145 146 150 153 154 155 150 143 139 131 122 115 119 129 138 135 127 133 135 135 122 104 70 
39 39 41 47 54 69 104 129 128 136 141 143 151 137 134 147 157 144 140 138 142 150 150 148 155 157 166 155 149 146 150 151 142 165 183 184 186 189 185 183 180 159 140 104 135 153 134 173 224 227 199 157 105 87 105 134 140 146 160 162 151 146 142 149 154 156 166 144 103 126 170 187 189 187 185 184 178 178 171 177 172 174 176 175 175 170 165 165 163 150 146 146 146 152 152 151 147 146 141 133 121 122 125 120 129 136 134 132 132 135 143 147 
38 41 45 50 64 99 125 138 136 143 139 138 151 135 142 150 143 137 149 150 156 161 151 143 147 168 168 152 142 148 152 150 156 177 183 183 183 188 188 183 172 149 133 88 173 193 134 177 227 226 208 153 84 42 99 128 131 131 145 153 150 144 144 146 156 163 166 124 98 132 173 185 185 184 181 178 176 178 173 169 174 170 170 171 175 177 170 167 168 164 155 154 150 144 145 148 148 143 142 142 135 122 120 128 124 125 131 135 134 131 135 141 
39 36 36 44 77 108 132 138 136 148 135 145 145 136 140 140 143 147 156 161 164 160 144 146 166 183 171 148 154 155 154 147 157 179 185 184 184 183 178 180 174 150 128 68 191 171 124 157 172 171 140 109 62 76 121 131 119 119 140 140 143 145 145 149 157 161 167 105 95 140 179 182 181 173 172 173 178 180 179 176 174 174 170 172 174 171 169 167 163 159 163 154 153 153 143 139 139 140 146 145 138 136 123 123 130 131 126 127 132 135 138 129 
39 39 45 52 81 116 132 138 131 146 140 144 150 138 131 133 142 147 156 159 157 154 152 157 176 178 166 153 162 162 146 150 165 177 183 183 184 180 182 184 168 142 123 63 213 170 120 149 142 117 125 98 68 92 123 123 116 123 136 144 144 144 150 155 154 159 138 93 96 162 182 173 164 169 168 166 171 169 171 174 167 161 165 164 163 164 162 158 156 154 156 155 151 150 147 143 146 142 138 144 140 136 128 118 120 127 137 134 131 131 130 140 
37 39 39 54 98 123 137 138 133 150 137 135 145 129 127 141 149 151 145 144 145 146 144 167 172 176 169 163 159 162 145 157 174 181 182 186 186 186 187 188 170 143 120 56 215 167 115 146 142 119 127 109 104 114 118 120 114 127 140 142 141 146 150 152 158 158 109 86 119 171 168 159 160 165 164 164 165 165 162 161 159 163 163 165 154 154 153 141 145 147 148 144 145 142 146 155 154 154 142 143 140 136 134 127 114 120 128 131 132 133 136 130 
44 45 41 63 115 129 136 132 134 145 133 130 137 128 133 141 153 147 143 139 148 151 156 168 164 177 161 164 164 165 144 156 178 183 184 186 185 185 184 182 155 128 110 64 214 161 112 139 144 122 116 107 99 115 117 108 119 137 141 148 144 146 146 151 161 142 91 92 143 163 161 154 152 160 154 161 166 162 155 154 166 165 168 168 163 152 142 137 133 132 129 134 138 145 144 145 146 148 149 139 144 139 135 137 123 109 120 127 127 118 119 130 
39 62 80 115 127 131 139 142 131 140 132 126 137 141 141 141 145 139 131 141 145 159 169 162 174 173 168 168 163 165 147 159 178 182 182 183 183 182 185 182 153 122 102 104 205 155 114 137 145 126 110 103 90 102 107 113 132 143 143 143 144 143 149 158 161 99 95 108 154 160 149 156 157 162 172 177 174 173 171 167 172 173 165 152 130 127 138 133 126 135 142 135 144 146 146 149 152 155 151 143 141 142 138 129 122 117 115 120 129 137 131 136 
40 64 108 126 134 132 138 145 136 140 123 111 141 141 135 136 136 137 134 143 154 163 154 165 182 169 166 170 166 163 146 159 176 173 176 182 188 192 188 176 145 122 103 131 190 138 116 132 142 132 109 109 103 112 107 122 142 145 143 142 143 149 156 168 101 106 106 132 148 142 150 163 173 182 183 178 173 170 163 165 173 171 155 129 111 110 114 124 146 160 159 157 148 152 155 146 150 156 158 159 155 153 147 141 131 120 112 121 118 125 132 133 
33 61 107 129 128 138 140 146 134 143 129 122 144 138 129 129 127 133 133 152 155 155 153 173 173 160 168 159 165 165 147 168 175 178 177 179 189 192 192 172 143 127 101 129 161 123 121 129 136 131 125 122 115 122 122 138 146 145 148 150 149 160 163 99 117 119 120 148 154 162 171 182 183 178 175 173 168 175 172 168 167 165 164 142 95 111 152 171 177 174 168 161 153 144 146 146 158 159 159 160 160 156 145 144 139 125 111 108 118 128 125 129 
41 48 95 117 128 134 144 146 137 144 137 126 142 140 128 126 122 136 147 162 156 149 168 174 161 173 166 166 172 157 146 166 170 176 180 178 184 192 186 170 147 120 105 136 134 105 118 121 127 123 125 150 151 139 139 144 145 143 148 162 179 135 91 131 116 98 124 146 158 170 174 178 183 179 169 173 170 164 161 172 171 167 147 118 72 121 164 173 177 173 170 159 155 154 150 143 150 162 162 161 162 154 150 148 135 124 116 108 112 119 127 127 
37 39 82 110 120 133 140 151 142 143 137 129 133 141 125 120 124 132 144 157 141 148 165 159 171 164 162 168 163 158 157 169 170 176 176 172 184 191 183 159 147 135 106 158 126 69 116 123 131 134 143 162 154 142 151 153 165 180 177 132 79 110 140 107 120 160 168 163 154 151 162 175 174 167 168 171 166 163 169 168 167 134 103 66 52 116 134 152 168 169 164 162 152 149 150 143 143 155 157 164 165 161 156 151 143 133 121 112 106 111 115 122 
38 42 77 106 120 130 140 149 137 141 138 139 140 141 130 128 135 128 140 149 147 162 159 172 160 155 165 168 164 162 163 173 175 173 177 176 183 191 192 179 153 136 106 178 126 95 83 148 164 165 149 151 157 168 172 159 128 88 72 108 140 108 92 142 178 179 163 158 150 138 126 159 166 170 171 170 167 168 166 176 148 100 65 52 97 135 132 136 149 165 166 158 153 151 146 150 150 149 148 152 158 166 161 154 147 139 121 111 107 107 114 120 
41 40 67 94 113 132 136 146 135 143 138 134 128 132 129 128 120 130 143 146 154 159 165 164 159 164 166 170 159 162 168 175 173 170 179 176 178 172 170 163 162 145 110 200 132 130 115 78 116 144 140 115 79 60 54 73 91 110 109 105 110 138 158 167 163 154 148 131 111 100 116 154 166 171 171 169 169 180 188 164 110 79 63 85 121 125 129 133 145 160 162 156 154 149 146 140 144 149 156 157 158 158 156 154 142 137 127 111 104 99 108 114 
36 44 61 91 110 127 138 156 141 140 134 129 133 125 119 114 124 129 148 151 152 160 163 163 161 158 169 164 165 172 173 180 177 176 175 182 186 186 183 182 164 145 116 197 135 138 154 149 127 196 120 97 123 132 133 126 131 140 150 155 162 168 164 161 150 140 116 73 43 63 120 166 171 165 174 174 169 180 179 129 86 63 39 30 122 137 132 125 129 142 155 148 148 150 143 139 136 144 149 158 162 158 158 152 150 140 127 108 99 97 102 112 
40 39 51 81 103 120 133 152 136 136 136 126 137 124 120 122 130 147 152 143 148 150 166 166 154 165 166 163 162 168 176 177 178 176 176 187 186 190 186 182 168 155 141 188 141 159 161 141 128 106 113 145 121 124 142 162 164 166 167 172 181 186 170 153 140 119 50 25 54 113 146 168 170 169 162 165 178 188 157 110 82 38 15 21 98 120 134 127 128 144 151 149 143 142 142 142 137 142 142 153 164 156 155 160 146 140 131 119 100 98 102 111 
39 42 59 88 102 116 127 149 128 134 134 124 128 113 123 137 147 152 147 141 141 159 159 165 165 167 162 168 174 169 177 177 170 171 180 180 189 187 180 164 160 154 166 179 141 167 168 134 192 207 130 150 180 177 170 170 169 164 166 162 163 175 167 149 141 108 41 36 80 153 173 172 174 168 164 174 180 173 118 97 63 42 47 28 89 127 140 136 129 129 141 147 136 132 134 136 140 145 142 149 156 158 155 145 141 139 131 117 102 96 92 107 
43 47 58 72 89 109 123 140 134 141 139 131 121 125 147 146 140 141 142 138 153 155 157 162 166 167 168 173 170 173 179 176 176 177 182 184 185 190 189 186 176 168 171 134 146 174 158 122 183 145 120 165 170 175 173 167 163 162 163 169 171 190 210 174 158 146 84 84 125 151 162 171 176 171 174 176 183 153 105 82 38 22 26 22 81 123 141 133 117 128 135 140 129 125 125 139 140 149 158 152 144 142 140 130 124 119 117 113 95 90 94 94 
38 53 66 77 88 106 123 128 127 134 139 134 121 137 133 134 140 144 141 142 155 145 168 173 167 166 180 180 164 174 176 178 180 183 181 186 182 189 183 177 172 166 168 110 144 173 144 119 120 61 89 157 165 162 158 158 157 155 154 160 172 179 167 161 153 143 144 128 121 145 165 174 165 161 165 168 179 157 104 81 58 111 113 24 81 127 133 129 121 116 119 126 116 114 120 139 150 156 161 154 156 156 143 139 128 117 116 113 94 90 85 94 
37 50 63 75 90 106 113 123 120 137 135 123 126 124 130 140 142 144 138 158 153 162 174 165 170 175 178 161 170 174 176 171 172 176 184 187 188 183 187 175 163 152 160 102 140 158 146 122 76 49 123 153 156 150 146 147 149 150 154 159 200 210 174 153 135 122 116 126 136 124 146 157 158 167 161 172 175 143 102 78 79 117 169 53 64 130 145 129 123 114 112 115 107 105 115 131 148 151 153 156 148 154 150 131 113 113 111 94 88 86 84 82 
48 58 77 80 89 104 109 113 123 130 125 116 125 133 137 134 142 142 154 147 152 173 168 162 172 179 164 160 167 175 172 173 173 173 177 187 188 173 164 167 155 143 132 93 136 148 146 108 101 88 106 145 165 156 149 147 142 137 141 150 160 159 158 147 126 108 91 85 96 99 96 122 145 144 155 163 167 151 98 71 83 126 153 52 72 128 135 129 113 92 93 97 102 109 117 135 150 153 154 156 165 156 144 135 122 109 103 94 94 78 90 83 
40 57 75 86 87 95 107 109 114 113 106 115 126 128 131 147 139 154 149 143 165 170 175 181 184 157 152 165 171 174 177 172 177 176 182 183 186 176 158 154 143 134 124 83 126 133 107 99 190 155 103 102 109 141 153 148 145 144 147 155 155 153 143 141 133 111 94 91 92 78 74 94 124 142 156 158 160 158 114 73 88 128 160 49 67 134 132 122 130 102 88 99 100 105 118 134 147 149 152 157 153 147 140 130 114 114 96 81 72 78 85 76 
40 52 74 87 102 100 103 109 114 112 105 113 124 136 145 138 144 133 123 154 173 179 182 170 142 145 162 163 168 172 171 173 174 176 185 195 191 185 172 158 141 130 115 84 106 97 115 126 92 100 98 84 90 84 108 144 151 150 150 148 162 169 147 127 125 126 123 120 106 89 101 139 156 166 162 169 175 163 111 60 40 72 101 33 90 138 135 134 135 95 74 95 105 107 114 135 153 150 158 157 154 137 124 123 111 103 93 84 76 75 80 79 
39 50 75 87 104 104 106 107 112 99 106 128 134 137 132 131 127 143 166 171 176 172 149 131 150 166 164 163 167 167 170 174 175 175 187 191 205 196 171 153 142 130 99 63 84 124 136 145 140 117 112 113 101 86 69 81 130 139 136 143 169 171 132 127 126 98 88 98 94 90 108 137 158 169 171 175 169 148 90 57 97 132 85 24 109 137 143 130 112 76 92 104 114 108 118 137 151 147 151 154 140 132 124 112 107 96 81 80 79 75 82 79 
41 52 67 83 100 108 107 107 105 109 123 126 122 123 134 140 153 163 167 167 149 131 144 164 167 160 160 166 165 163 164 167 172 175 178 184 196 183 154 133 122 124 102 68 106 112 130 143 145 133 135 134 132 130 119 79 63 115 135 135 138 146 136 127 113 52 80 117 115 117 132 153 163 168 175 186 176 124 75 59 79 116 113 56 130 146 135 119 102 87 96 106 105 111 118 141 153 154 153 154 151 141 127 114 103 94 80 70 73 79 83 76 
41 45 73 79 95 101 102 113 107 111 118 120 125 140 139 134 147 153 149 151 156 173 179 163 155 159 165 167 162 162 165 160 162 167 167 176 170 164 153 134 116 110 79 90 106 115 120 117 119 139 154 155 143 140 139 140 111 67 109 136 136 151 147 135 115 50 23 68 122 135 144 147 153 163 166 174 155 100 75 57 77 108 89 100 130 130 129 118 103 87 100 108 108 107 121 144 148 147 150 148 145 132 119 103 94 79 76 73 74 76 80 80 
42 57 72 77 101 99 107 106 104 114 124 133 138 135 138 146 142 146 162 164 168 154 146 144 154 159 165 162 161 160 160 166 171 178 179 177 178 163 149 124 112 111 80 106 114 111 113 120 121 133 151 149 142 147 148 148 153 139 92 121 142 142 152 140 118 65 30 55 119 144 150 148 145 148 164 167 151 101 73 55 82 119 95 126 138 132 112 111 101 98 101 97 98 107 126 147 146 151 149 150 136 127 118 110 90 81 70 72 73 73 80 75 
41 57 75 82 92 94 108 100 106 110 111 126 123 121 120 125 145 144 139 134 128 133 142 156 162 164 162 158 159 160 162 164 163 168 169 176 174 160 141 126 108 102 85 104 109 113 132 132 124 143 145 140 136 141 142 146 148 157 149 85 110 139 148 160 139 94 43 54 118 141 143 151 151 149 153 154 152 105 69 53 53 61 83 120 124 122 108 112 108 114 107 104 108 110 132 142 150 148 146 142 140 127 119 106 92 84 70 73 82 76 86 75 
47 47 69 82 91 94 107 98 96 94 101 88 93 103 130 146 124 115 118 124 135 145 154 159 162 160 157 161 159 156 158 159 165 164 163 164 164 150 132 103 96 95 85 103 118 151 151 130 119 117 106 125 122 135 142 141 143 144 148 145 78 113 149 162 157 123 78 42 76 135 146 153 159 154 155 157 153 113 80 51 49 48 90 128 121 114 113 114 118 121 117 108 109 122 132 143 138 138 142 133 131 128 118 107 87 76 71 71 74 81 79 73 
43 51 70 91 92 98 98 101 97 76 75 105 113 125 120 114 118 122 129 137 145 152 157 161 159 159 162 158 155 155 156 162 162 167 168 166 165 149 117 106 102 86 97 97 126 152 135 108 105 101 105 117 116 129 145 144 144 145 144 150 143 86 130 160 172 143 114 86 76 123 151 153 152 153 153 158 158 139 91 71 47 48 97 119 122 122 122 123 126 124 120 115 115 122 132 135 138 134 137 134 132 126 112 105 100 82 74 79 81 83 82 80 
43 45 73 92 97 103 102 88 83 89 91 86 92 95 103 109 120 128 137 138 146 151 157 161 160 159 155 156 153 152 153 158 164 166 163 162 170 148 129 112 93 82 94 105 118 121 107 114 142 117 116 121 114 119 138 144 144 147 146 146 154 118 82 140 170 154 127 114 93 127 153 152 147 160 160 162 160 146 103 69 33 31 105 122 112 117 120 127 131 124 124 124 117 124 131 136 140 135 136 134 132 125 106 98 87 79 79 80 74 83 82 75 
42 54 62 91 102 105 85 80 74 70 68 67 77 92 104 113 123 126 133 137 147 152 156 157 158 156 156 156 150 149 152 154 160 164 168 166 167 147 121 109 92 82 93 131 142 230 231 217 153 136 125 120 113 120 136 141 141 143 143 147 149 154 85 78 117 130 126 98 92 135 155 156 144 143 146 156 159 158 114 67 55 67 120 116 118 122 125 132 131 135 128 123 121 121 127 126 131 142 142 133 123 118 114 112 95 86 91 90 82 84 79 87 
39 53 61 85 99 100 83 66 53 48 55 65 73 89 102 112 118 124 132 141 144 149 150 153 153 157 154 150 151 152 153 157 163 164 165 167 163 149 130 106 95 91 99 155 176 223 222 205 132 98 112 124 123 119 136 144 145 141 139 141 144 148 112 73 112 117 105 112 133 148 154 148 149 147 152 151 155 160 136 90 64 61 107 117 118 127 137 139 137 131 130 126 120 116 119 122 132 139 132 123 127 118 112 110 106 98 92 86 82 87 89 88 
46 62 61 82 93 98 78 65 62 65 56 61 58 76 96 107 118 127 134 138 145 147 149 151 156 155 155 157 153 148 151 156 160 162 162 163 158 148 129 113 91 84 112 165 172 204 192 151 100 86 102 122 127 118 130 143 144 142 140 142 148 148 135 78 116 146 140 144 156 160 155 155 153 147 147 150 151 158 146 101 67 43 89 122 125 135 139 136 138 138 129 123 123 126 127 130 135 140 141 136 127 121 129 123 117 99 96 89 87 87 88 94 
41 52 56 81 92 99 85 75 80 60 56 54 52 58 81 101 112 121 130 138 141 144 149 151 153 157 151 152 153 152 153 156 159 164 161 160 160 152 129 105 105 98 124 169 168 142 146 138 117 67 100 129 132 121 128 144 143 144 145 143 146 145 143 84 112 146 145 142 148 154 162 160 163 159 155 152 153 150 151 131 84 50 88 131 142 148 145 144 141 133 133 131 128 129 128 127 134 149 139 132 134 132 123 119 107 96 89 90 94 96 96 98 
50 48 54 66 85 92 87 86 59 63 57 47 55 53 64 95 109 120 126 131 137 142 142 147 149 152 154 156 155 157 156 153 157 158 160 162 158 144 121 109 105 116 132 166 171 154 153 130 70 38 84 124 132 125 130 144 146 145 142 142 146 144 138 95 98 155 155 146 141 150 158 162 158 156 159 153 151 151 147 139 112 60 91 141 158 155 150 146 144 137 133 134 129 128 124 139 143 143 139 133 134 129 121 116 108 103 93 97 100 104 105 105 
44 39 54 59 76 86 89 73 68 59 65 61 54 58 65 81 100 113 125 129 135 141 141 145 149 152 154 156 156 155 153 151 154 158 161 161 160 138 129 115 108 107 143 170 172 157 148 137 93 69 92 119 131 127 123 139 151 146 143 140 142 144 138 98 94 152 157 150 147 143 150 160 159 152 149 153 153 150 140 130 112 74 102 138 148 154 152 148 142 133 135 135 131 130 132 144 139 137 139 137 134 129 121 108 103 101 105 102 100 105 109 108 
43 42 53 62 65 79 80 81 68 61 53 57 62 64 56 63 89 108 115 126 130 133 140 144 146 149 150 153 152 153 156 155 155 156 154 157 152 150 141 122 118 116 150 167 168 161 149 142 121 88 108 124 130 131 128 142 151 144 140 145 147 144 141 107 89 145 158 157 155 148 152 158 157 155 148 146 150 153 141 124 100 90 119 129 141 147 147 143 140 139 132 127 128 131 124 132 139 142 141 138 129 125 112 109 105 105 105 101 107 106 107 114 
43 42 52 49 60 70 73 76 68 63 64 60 62 58 58 61 67 90 108 116 126 132 136 140 144 147 150 152 150 153 153 156 157 157 157 157 151 141 140 122 119 120 159 172 168 159 143 145 124 111 112 122 132 139 136 144 146 149 146 146 150 147 142 112 94 145 160 165 158 146 151 150 156 153 145 138 147 155 148 133 116 113 128 131 134 136 134 136 138 132 123 130 130 131 132 134 141 140 136 130 122 122 115 108 105 106 102 111 110 111 111 111 
41 43 47 44 55 64 69 64 63 64 58 66 56 62 68 57 61 73 95 111 120 127 135 140 142 146 148 152 152 152 158 158 157 156 158 153 151 145 146 129 112 113 148 166 172 167 148 151 137 107 108 121 132 144 143 147 148 147 147 147 144 143 144 109 98 144 167 167 161 159 155 157 155 151 153 148 141 143 141 135 125 126 128 132 134 135 135 130 127 131 135 131 129 130 135 138 139 137 128 125 121 118 112 106 108 103 110 110 111 114 116 112 
37 39 48 50 48 52 64 65 63 65 61 56 61 66 65 61 60 58 76 98 112 124 131 134 138 143 149 148 148 150 148 151 156 153 153 150 153 154 142 136 113 112 129 155 170 175 159 144 146 123 107 107 129 147 148 148 148 148 147 146 145 142 143 108 106 145 167 173 161 143 153 154 158 160 159 159 149 152 141 137 134 132 129 133 129 125 131 128 130 133 131 133 129 135 129 132 135 132 124 122 120 115 114 110 105 106 109 109 112 118 118 117 
38 40 48 50 52 46 48 57 61 60 60 60 60 66 71 71 74 60 59 77 92 108 119 128 134 137 138 146 146 146 149 148 149 150 151 148 149 148 142 143 117 114 122 135 148 159 157 140 125 122 104 103 125 147 150 150 148 149 147 146 143 142 147 107 125 146 166 169 164 159 160 153 154 160 155 148 158 152 148 143 140 140 138 136 136 136 136 137 134 130 127 129 132 127 126 126 124 125 122 121 117 114 112 106 111 112 112 112 117 119 123 111 
42 39 41 42 49 49 41 44 48 53 54 55 57 58 73 79 74 80 63 67 79 93 106 119 131 133 138 141 145 143 143 144 146 148 147 146 145 141 140 136 126 114 129 128 133 138 138 143 140 131 111 105 125 149 151 147 151 155 156 157 150 152 163 115 140 151 168 166 165 166 166 162 157 155 149 144 148 146 147 145 144 147 146 146 145 143 141 137 137 125 124 127 123 120 120 125 116 117 117 117 116 112 107 111 114 117 115 118 119 123 115 116 
42 45 42 40 40 47 53 51 51 49 55 52 61 62 64 82 73 80 87 69 67 83 96 105 117 127 133 141 143 142 143 144 143 146 150 147 145 141 141 139 128 109 134 134 133 134 136 141 145 141 128 122 134 147 146 152 153 157 158 159 158 173 156 116 148 155 171 170 164 157 159 158 153 148 149 147 145 144 150 148 149 153 149 150 145 141 137 135 131 132 128 128 127 125 124 129 125 121 118 115 115 108 112 117 117 116 119 118 120 120 124 127 
34 37 45 56 58 48 47 46 52 53 54 65 71 70 64 70 83 80 80 96 81 76 84 95 103 111 121 133 144 150 150 147 149 146 146 146 147 143 145 140 132 103 119 124 125 131 132 125 140 156 139 139 144 148 150 151 150 151 158 161 160 167 138 123 157 158 170 176 174 161 159 154 149 151 150 153 150 153 154 151 151 151 150 145 138 133 129 130 133 130 125 128 126 128 128 126 121 118 116 115 113 116 118 119 116 115 118 123 119 119 121 119 
36 39 35 37 40 42 42 43 36 37 44 51 61 67 69 63 78 88 90 85 106 97 74 77 90 107 113 121 128 138 146 150 155 156 149 148 146 142 143 142 137 106 115 109 99 99 108 169 194 212 199 171 158 152 153 154 155 160 165 164 169 165 120 139 157 154 159 167 166 157 160 154 150 148 147 150 152 151 148 144 145 142 135 129 132 131 131 131 129 131 132 131 132 131 127 122 123 123 118 113 118 121 120 122 119 118 117 121 123 124 124 130 
38 36 38 40 41 39 37 36 43 44 49 44 59 62 68 70 76 90 89 100 98 116 122 103 92 103 114 116 114 120 124 133 139 139 143 147 152 153 148 146 144 133 114 145 141 124 100 108 169 224 208 158 148 149 154 156 156 162 172 183 168 143 109 146 151 149 149 160 165 162 155 150 144 146 146 144 144 141 141 138 136 129 130 132 133 134 131 132 131 131 132 133 131 128 124 122 119 116 114 117 120 124 123 121 121 126 127 128 129 127 129 135 
36 39 40 37 41 40 46 55 43 42 42 48 53 66 72 74 78 88 91 96 107 125 122 136 135 117 115 125 124 120 130 126 121 128 138 145 144 140 135 135 137 140 112 107 145 147 148 121 80 69 70 88 119 125 126 128 132 138 143 142 161 137 136 156 150 145 142 150 152 151 144 145 142 139 140 139 140 144 140 136 135 134 133 136 135 135 133 131 131 129 130 128 126 122 121 117 115 119 123 124 125 123 120 125 131 129 130 129 130 132 131 133 
39 40 38 39 39 44 42 35 39 45 45 42 51 59 70 80 80 87 92 90 97 107 129 128 127 145 140 135 138 126 121 132 147 150 136 131 134 125 115 109 106 109 122 104 85 125 153 163 154 134 91 92 105 102 101 110 114 109 110 173 209 141 156 150 146 142 139 137 138 143 142 136 135 134 132 139 136 134 138 136 136 134 136 135 136 132 129 129 127 123 120 120 122 118 114 118 118 122 124 126 127 128 132 128 127 130 127 128 132 132 132 131 
37 36 40 40 39 37 38 41 44 44 41 41 48 54 57 72 84 85 95 100 103 106 105 116 127 125 138 133 138 142 132 129 124 142 151 149 149 149 137 126 115 106 102 112 116 106 100 118 142 140 126 142 138 136 139 138 127 123 133 123 107 142 147 142 137 137 136 134 138 140 141 140 138 136 138 136 138 135 134 131 129 129 130 128 126 126 124 123 120 121 119 120 114 114 118 120 122 125 124 126 123 126 125 127 123 122 123 127 129 130 131 138 
35 40 37 36 37 38 40 40 44 47 45 43 44 58 55 58 66 84 88 104 103 106 113 119 126 131 124 127 129 135 143 139 147 141 146 149 153 157 161 153 146 129 117 107 106 107 117 107 43 40 80 97 103 101 100 95 94 92 98 109 132 136 135 134 133 133 136 137 137 139 135 135 133 131 130 127 127 126 129 129 129 125 121 119 119 120 121 124 120 118 113 113 119 122 124 125 126 124 125 122 124 121 121 121 122 125 123 126 129 134 133 119 
37 37 39 40 41 39 40 40 44 38 42 43 41 52 64 56 58 69 81 88 106 105 111 119 123 124 131 129 120 128 130 134 129 139 145 152 153 148 145 147 147 146 139 130 113 99 97 62 33 46 100 136 144 140 133 131 129 132 133 132 130 127 125 128 126 129 128 129 123 122 124 124 124 123 121 121 117 125 123 124 121 121 122 122 122 123 126 118 116 118 124 128 127 127 132 130 132 133 133 128 122 120 126 129 134 135 136 128 116 87 63 52 
39 39 35 34 37 36 40 40 44 47 39 41 43 40 62 64 55 55 66 79 95 119 115 115 118 127 128 126 137 130 131 132 136 128 133 136 136 143 149 148 152 153 145 150 146 135 115 146 193 149 106 110 133 144 142 138 133 128 126 125 125 122 122 120 120 120 118 115 117 114 114 114 114 113 115 117 117 122 122 125 126 127 127 122 113 98 74 54 51 31 30 27 27 25 26 31 32 33 37 48 93 79 54 58 44 42 28 22 16 23 27 34 
33 37 39 41 40 41 36 40 44 40 44 41 39 41 43 60 61 56 72 94 101 109 123 115 115 112 119 121 119 132 132 127 122 135 133 127 129 137 141 143 150 154 155 155 157 152 151 129 116 110 86 93 98 101 107 119 128 129 127 125 124 124 119 116 115 112 110 110 110 114 115 114 112 115 114 116 113 108 103 96 88 75 67 55 52 52 52 42 28 30 21 26 19 21 19 21 20 19 15 17 55 110 74 53 49 26 8 3 19 6 10 15 
37 33 39 39 39 38 40 41 42 41 41 37 39 41 43 50 70 67 51 53 74 90 100 110 106 104 106 110 117 114 124 142 140 128 141 146 143 148 141 142 143 150 153 148 154 162 155 156 160 152 120 112 113 107 91 83 92 102 110 114 111 105 106 110 117 122 131 135 141 142 138 137 133 132 129 123 112 96 67 51 52 58 51 60 67 56 52 44 34 28 27 26 29 29 28 26 27 30 28 29 24 79 123 96 71 84 92 65 49 68 82 67 
37 37 37 35 36 39 37 42 42 43 42 43 43 41 40 43 41 59 57 50 47 61 82 97 113 108 106 106 112 123 130 135 138 128 130 140 145 143 142 143 148 140 142 158 156 156 158 151 141 147 154 148 138 124 119 121 119 121 116 105 97 91 85 85 110 133 141 139 128 115 99 124 127 127 128 132 124 112 93 67 72 79 78 65 58 45 38 27 27 25 26 28 25 27 26 29 27 26 27 27 24 20 90 139 125 98 89 122 130 116 125 157 
37 37 38 39 38 37 39 43 37 38 40 42 41 40 44 40 44 47 64 64 49 54 57 68 88 114 112 115 109 114 125 133 139 144 123 124 135 131 139 139 151 141 136 146 158 163 161 151 143 137 135 134 126 128 134 133 131 122 118 121 114 111 102 72 52 77 93 84 91 85 96 123 127 126 125 124 128 120 95 70 67 62 53 47 39 34 28 30 25 28 29 26 27 24 24 24 26 29 25 25 30 25 15 81 154 169 158 130 128 165 149 121 
36 37 38 38 39 37 37 37 43 42 38 41 42 44 39 44 45 47 43 52 69 50 47 55 57 83 117 131 131 114 114 117 138 132 141 131 134 132 124 140 134 145 143 129 133 142 150 145 143 141 142 142 139 139 146 154 140 134 134 137 133 126 110 83 60 46 42 45 62 96 119 131 133 130 127 126 125 112 78 52 33 28 27 25 30 27 28 25 30 30 23 26 28 25 29 30 31 29 29 28 26 26 24 14 70 149 189 201 171 127 138 178 
38 37 36 37 35 38 39 44 40 37 38 36 39 40 42 37 34 36 44 44 44 58 61 52 61 64 83 110 128 132 127 127 128 134 152 135 119 115 118 112 129 121 130 143 131 119 122 137 144 143 139 135 137 144 140 134 138 137 140 137 121 117 106 88 72 63 57 56 59 105 129 135 129 132 128 126 123 95 52 41 31 29 28 29 23 25 27 25 24 27 30 28 24 26 25 24 26 24 30 31 28 29 30 26 13 45 143 172 194 208 176 128 
39 35 37 36 36 36 38 40 38 41 41 41 36 38 40 41 41 39 41 46 48 48 45 56 69 66 68 82 104 120 124 116 117 122 126 141 132 121 106 105 108 121 129 129 146 139 132 127 128 140 145 157 160 150 138 131 125 128 131 133 139 135 124 108 88 71 61 61 73 103 128 129 133 129 131 133 112 54 27 23 26 28 27 30 29 25 23 28 29 24 28 25 26 29 28 28 28 26 21 22 25 27 26 29 26 21 24 117 168 171 198 204 
34 36 38 37 37 35 38 37 36 36 38 38 39 41 36 37 38 37 38 38 41 49 45 42 36 51 60 66 80 114 125 118 105 106 111 116 126 126 117 110 101 99 102 113 125 140 135 132 132 125 125 132 134 143 142 134 142 148 147 140 126 130 134 124 115 105 98 104 114 130 134 119 122 130 132 104 45 29 29 31 29 25 26 28 28 27 29 27 26 30 26 29 28 27 25 29 24 30 29 29 29 28 26 23 29 27 22 13 68 160 179 171 
34 36 33 35 34 39 45 42 36 38 37 36 38 35 41 39 38 42 39 39 37 44 49 50 46 44 42 48 54 66 86 113 123 110 100 106 105 110 112 112 111 112 106 109 110 106 118 132 133 130 128 128 134 141 143 149 145 132 119 108 99 94 100 121 128 133 136 138 139 132 116 129 136 115 56 14 25 26 25 25 29 25 26 25 28 26 30 28 29 29 24 24 27 31 25 24 26 23 25 26 27 24 28 32 30 25 29 26 19 24 107 168 
35 36 36 34 36 43 42 38 41 41 41 39 40 37 38 37 37 36 39 32 41 39 43 42 48 43 42 41 40 39 43 50 62 100 114 111 112 115 116 121 114 109 109 107 113 142 139 137 134 126 119 132 134 132 128 127 130 132 129 127 127 115 115 117 121 119 126 124 122 123 126 96 56 15 19 29 28 30 30 30 27 30 30 29 24 29 26 25 27 22 28 31 26 23 27 29 27 29 26 24 24 30 23 24 25 26 27 27 28 22 41 128 
36 39 39 38 38 37 39 41 39 35 36 39 34 35 33 35 36 38 36 42 39 40 35 38 39 50 50 44 42 42 43 41 43 39 51 63 93 99 99 93 107 110 115 106 108 106 112 122 119 108 117 117 123 123 126 122 121 118 120 123 129 126 111 81 59 46 40 40 35 27 15 16 16 26 29 29 31 31 26 24 29 26 25 28 28 25 27 27 30 30 29 23 26 26 29 29 28 27 26 31 29 27 31 29 27 30 27 31 26 29 52 144 
33 33 36 36 36 34 39 34 40 35 35 34 37 39 38 38 38 40 39 37 37 43 44 44 46 36 40 42 40 40 37 36 39 39 35 44 35 37 60 59 47 38 50 64 56 72 94 114 116 107 108 112 107 104 96 90 83 89 99 106 111 83 36 18 20 23 21 24 23 27 24 30 31 28 33 30 28 28 32 33 27 27 26 28 29 29 29 26 27 29 25 30 28 27 30 29 29 27 27 23 25 25 25 28 27 27 28 29 32 28 49 147 
