10 111 109 110 106 105 109 112 108 108 109 111 110 110 113 106 109 105 107 106 111 107 107 107 108 108 106 108 103 80 52 52 62 77 85 81 53 36 27 37 73 89 95 90 70 49 48 59 81 90 99 98 103 103 102 103 99 98 98 100 104 104 100 101 105 101 105 97 100 101 100 95 98 101 100 100 96 101 99 97 97 95 95 95 97 93 91 95 95 93 89 91 93 94 90 92 90 92 94 92 93 93 88 88 87 87 73 53 43 49 47 44 
100 104 100 101 102 103 102 97 104 102 103 104 100 100 100 103 104 105 107 103 108 108 107 102 93 82 62 41 37 21 21 24 19 25 22 30 22 22 27 29 27 28 30 30 22 25 24 28 30 35 19 30 39 49 64 67 74 90 104 110 120 125 133 134 140 133 133 130 132 128 116 60 20 30 30 33 35 38 27 23 21 28 32 34 54 72 91 89 88 88 93 91 90 84 87 89 85 88 84 87 84 83 80 80 80 80 74 81 77 78 74 79 
99 100 102 103 105 101 103 104 99 106 101 102 104 105 103 105 101 103 99 92 85 85 83 84 72 47 34 28 20 25 25 21 21 25 23 22 32 30 32 28 39 37 34 36 31 24 25 26 24 23 34 24 33 50 54 73 81 87 104 124 133 144 147 151 161 157 138 126 121 133 144 126 83 46 48 52 44 35 36 27 32 23 27 35 42 69 87 90 94 91 89 91 89 87 88 82 83 82 84 86 76 81 82 81 82 78 82 79 81 84 83 78 
108 105 100 101 104 106 101 101 104 102 103 102 102 101 105 98 94 89 83 72 62 58 56 47 43 37 26 23 19 16 22 22 23 18 27 33 32 38 34 47 41 35 33 26 24 29 24 26 26 30 21 23 31 46 64 81 83 97 114 129 142 145 152 152 161 165 163 141 115 125 144 155 130 98 45 24 39 44 40 35 30 31 24 27 34 57 89 87 87 90 88 86 87 83 87 91 85 81 76 79 81 77 77 78 77 81 82 81 80 80 74 76 
99 102 103 106 102 100 103 107 102 104 104 104 102 104 100 95 68 67 57 51 51 51 43 42 40 28 29 19 26 25 26 25 29 40 40 42 42 44 46 30 28 29 31 34 31 27 24 21 24 24 23 28 28 40 64 81 85 91 103 117 125 126 126 126 136 144 156 167 125 113 144 156 156 144 114 51 17 28 33 35 29 25 23 26 20 40 76 89 89 88 90 88 91 93 87 84 77 75 77 71 69 79 80 75 68 67 61 58 63 64 65 63 
108 105 104 98 107 105 104 99 103 104 105 102 104 102 103 80 70 53 49 35 43 39 41 41 37 28 23 27 28 30 28 30 49 42 46 52 53 42 36 38 37 40 39 34 34 29 35 27 27 27 27 18 29 40 52 81 88 86 98 104 103 101 100 98 109 118 134 161 146 132 146 164 157 158 145 105 32 17 27 30 25 21 24 23 28 41 74 85 93 91 91 96 90 85 82 79 73 85 76 75 71 62 57 53 59 57 57 53 47 60 58 57 
102 98 104 106 105 105 99 107 104 102 102 105 104 105 96 78 53 50 48 42 39 52 50 45 32 33 29 29 23 29 42 52 53 55 54 46 43 48 40 42 38 40 40 35 33 38 33 33 31 28 24 35 32 38 41 63 81 94 92 91 88 89 80 76 78 87 110 148 170 159 156 164 170 166 161 133 70 19 23 24 21 22 20 25 28 37 75 86 86 93 91 81 76 72 73 68 72 55 59 55 52 56 54 57 50 43 46 48 61 49 59 59 
107 108 105 105 102 104 108 104 108 106 104 104 109 106 105 82 66 60 54 45 39 47 48 48 40 28 28 23 34 51 62 66 62 56 54 45 47 41 44 44 48 44 34 33 32 27 32 32 26 23 23 26 35 36 46 57 73 80 88 79 73 69 55 46 50 65 96 143 177 179 166 164 173 175 168 147 95 34 19 22 20 15 20 25 32 52 78 89 92 88 82 72 64 60 53 47 45 33 38 40 44 47 46 41 39 40 40 42 45 53 56 60 
104 101 104 106 106 100 106 104 100 102 105 106 110 105 99 88 84 79 69 45 43 58 60 51 27 33 26 43 60 68 69 69 60 66 49 50 53 54 40 48 49 47 40 36 28 29 25 27 36 36 23 28 27 40 45 58 66 75 81 66 54 51 58 79 103 114 118 140 173 182 173 169 181 176 171 156 116 55 25 18 17 17 21 26 43 67 82 91 89 80 60 47 44 39 29 28 26 30 35 29 19 17 11 12 10 11 18 10 11 14 19 21 
102 109 103 105 106 107 101 104 108 105 106 104 107 106 98 90 80 85 88 60 59 67 77 48 34 30 47 68 77 71 80 83 78 67 63 74 59 48 55 68 53 34 36 38 48 55 41 37 32 30 34 31 29 24 33 49 63 70 73 63 55 77 110 146 168 178 163 138 138 161 179 172 169 173 171 161 126 64 29 20 19 17 24 34 57 80 84 92 81 49 34 41 31 23 25 26 23 17 5 14 34 70 91 94 96 97 100 98 93 86 86 87 
108 103 109 106 105 105 104 106 106 106 106 105 109 97 91 100 85 88 97 67 68 73 79 53 43 68 98 92 83 96 103 97 81 67 69 74 60 62 58 76 63 52 48 48 55 53 54 42 42 35 20 23 22 29 29 32 40 49 54 55 68 84 129 163 179 186 187 176 155 144 162 169 168 175 173 159 122 59 30 31 26 23 25 49 74 79 86 80 49 30 23 20 12 12 11 8 9 10 36 83 117 133 139 142 142 139 137 136 139 137 131 131 
104 108 101 105 108 107 106 105 108 106 106 100 81 78 87 99 95 91 92 81 71 85 79 49 73 115 125 106 102 101 122 110 83 81 91 86 77 67 74 64 58 46 47 51 44 50 39 43 35 31 35 24 21 13 21 34 43 46 53 61 65 83 110 148 166 172 174 175 171 165 159 154 154 161 164 153 119 67 37 37 32 30 44 55 73 81 80 46 15 16 20 21 20 23 31 46 54 79 108 120 125 125 122 126 128 129 132 135 131 134 134 136 
109 108 107 107 105 106 109 109 107 106 87 76 77 81 89 83 79 82 88 75 71 92 78 79 98 115 120 111 110 115 136 115 99 95 102 84 88 86 77 66 61 53 49 36 42 33 43 47 58 63 58 59 52 53 41 44 50 51 67 76 87 102 117 128 139 145 147 146 143 143 139 140 139 141 142 137 124 94 64 46 46 55 56 61 67 65 69 75 76 77 90 93 103 105 107 109 112 118 120 125 126 124 130 122 124 124 122 125 127 131 132 131 
103 105 105 107 105 103 104 108 105 83 69 73 84 91 100 91 85 75 81 80 75 86 76 92 110 109 111 100 115 122 122 115 108 108 101 92 89 89 74 67 57 47 45 45 40 48 52 58 62 56 49 52 54 49 69 66 58 71 67 73 97 114 125 126 130 133 132 131 134 134 129 131 126 127 119 113 106 107 103 89 73 62 56 61 65 69 72 70 85 97 104 114 117 121 124 123 122 122 122 125 124 126 121 127 128 126 126 124 122 124 128 128 
110 106 109 107 107 107 107 97 81 73 63 76 81 83 94 84 80 82 80 69 68 71 63 92 91 92 102 101 107 110 123 118 117 117 109 108 100 96 91 80 69 66 62 63 63 67 73 82 73 64 63 52 44 54 56 63 66 64 88 97 98 115 119 130 125 125 131 131 131 132 133 127 126 124 123 121 116 102 95 90 91 90 89 74 68 65 69 83 94 103 115 121 125 126 126 129 132 126 131 128 126 128 129 122 124 126 122 128 128 123 125 130 
107 107 105 109 107 104 108 100 75 63 61 84 89 82 90 87 81 72 78 69 60 54 55 71 81 89 104 108 113 125 124 127 125 126 112 116 102 99 95 88 90 85 82 81 83 83 90 81 84 79 82 90 97 102 109 113 105 102 97 112 125 124 131 127 130 130 130 130 131 132 131 134 132 126 120 120 118 113 107 100 92 81 75 77 82 92 84 90 101 106 112 118 124 126 130 131 135 137 132 134 129 128 126 125 122 118 123 122 122 120 121 120 
111 105 107 105 106 107 106 99 82 71 69 66 75 92 89 74 69 69 67 68 60 34 40 57 73 104 115 120 125 130 133 137 131 124 114 114 116 107 105 106 98 90 91 96 102 108 105 108 109 114 119 125 132 138 143 146 145 141 139 135 137 140 133 131 127 129 132 134 134 132 135 127 127 127 125 122 122 119 114 105 100 91 87 75 68 75 89 94 99 107 113 117 121 125 130 133 128 136 133 130 129 125 128 127 128 130 126 123 130 124 119 114 
107 110 109 108 108 112 105 99 87 72 59 69 77 86 74 65 66 65 67 57 55 48 39 57 103 130 132 133 147 149 142 140 139 131 124 123 114 108 109 102 96 104 111 115 118 123 132 136 137 140 144 148 151 151 154 151 154 151 153 151 146 140 133 130 127 133 130 130 132 137 133 135 136 130 124 129 127 126 120 116 106 104 93 92 85 68 64 67 85 92 105 111 109 120 124 122 123 119 128 129 128 128 127 131 131 131 134 129 128 123 120 120 
109 106 108 107 106 107 94 86 83 82 72 64 84 87 74 60 49 62 57 60 51 50 51 82 119 148 151 156 161 152 152 151 141 135 126 126 120 120 112 113 116 114 123 129 136 140 145 146 148 144 151 155 155 157 155 160 153 154 148 153 147 142 130 128 130 131 135 129 132 131 130 135 132 132 132 128 127 128 124 121 117 110 106 95 91 77 69 68 63 80 91 97 104 110 113 114 115 117 123 123 131 131 130 133 134 133 130 137 127 126 123 119 
109 109 108 109 95 77 57 65 75 82 75 79 87 90 77 74 66 60 72 63 61 57 67 88 128 154 163 171 169 159 159 157 149 141 136 133 131 130 122 122 117 130 135 144 152 155 149 149 147 150 150 153 158 160 158 153 158 152 157 152 149 142 141 137 136 132 128 129 127 122 123 126 132 132 131 135 128 128 126 125 122 119 117 109 99 96 83 72 68 60 66 83 92 100 108 111 109 111 113 120 122 131 132 131 133 136 135 133 139 132 130 129 
109 108 106 91 77 68 62 63 76 85 81 73 76 77 85 80 79 65 76 74 69 70 77 90 113 141 153 168 172 170 163 155 155 152 143 142 137 135 133 132 131 139 149 156 156 156 158 157 157 154 158 157 160 160 161 156 155 156 155 154 147 150 145 146 150 146 142 135 130 129 125 120 121 123 128 127 125 126 123 122 124 116 113 111 105 93 88 88 80 71 61 58 74 89 98 102 106 102 104 109 115 122 134 135 131 133 135 134 139 137 132 132 
111 109 100 76 60 50 63 66 79 96 77 79 74 74 89 89 75 69 60 70 69 72 80 86 102 133 149 162 173 168 165 162 162 153 155 151 147 143 141 142 143 152 151 157 158 156 156 155 156 160 162 164 160 159 160 155 152 153 159 160 155 154 156 154 153 149 149 143 136 130 132 125 124 123 120 121 121 121 119 120 119 125 122 113 115 107 100 89 81 83 73 56 64 74 86 89 91 91 90 103 108 119 121 133 129 134 136 136 133 135 133 135 
108 104 87 73 57 71 57 65 75 90 80 64 81 88 88 85 77 60 60 63 68 79 83 86 101 132 142 160 169 171 170 169 160 160 164 157 152 149 152 152 157 153 152 153 155 157 158 158 155 152 154 162 160 159 160 165 162 163 165 161 164 162 156 156 161 162 151 150 145 142 136 131 127 126 126 121 114 115 111 116 117 116 115 121 119 113 106 101 97 87 80 74 58 57 66 72 80 92 91 90 99 107 115 119 129 124 130 133 136 139 143 139 
112 106 87 74 65 69 71 64 71 82 71 71 74 85 90 86 80 69 60 56 56 67 77 86 100 136 145 158 166 166 165 163 167 163 162 157 152 151 154 156 157 158 158 156 154 156 154 153 159 161 162 159 156 158 156 163 164 165 168 170 170 169 164 166 164 165 164 157 158 146 142 138 134 132 124 120 117 117 113 111 115 123 119 122 121 118 114 110 100 95 86 77 75 56 54 56 71 74 81 83 89 97 109 113 120 128 127 131 136 134 134 134 
104 102 98 90 85 87 76 72 91 96 85 71 72 78 88 81 75 68 69 58 53 59 65 79 109 135 149 164 166 165 165 166 161 163 161 156 153 151 158 155 150 152 156 159 156 153 161 161 161 160 166 170 164 157 158 160 165 174 174 173 177 172 174 176 175 172 171 167 163 158 150 141 138 137 129 124 115 114 114 120 118 121 123 123 124 117 116 111 102 95 93 87 86 81 65 60 55 72 73 81 85 87 88 104 108 119 127 126 129 136 138 141 
109 105 105 103 97 108 94 96 94 103 97 88 73 64 74 81 79 74 68 68 53 53 72 91 119 143 156 164 168 170 168 169 169 167 167 163 154 152 154 155 162 162 159 158 159 158 160 164 163 163 160 162 163 160 150 149 162 169 177 184 183 180 180 180 175 174 173 167 160 157 150 145 136 133 133 127 118 112 108 110 113 115 115 122 122 117 116 115 111 103 98 97 87 80 79 67 56 50 60 71 75 82 91 95 103 108 120 125 122 126 127 130 
103 105 108 108 108 104 95 100 98 97 94 89 80 69 76 67 79 81 71 83 62 52 62 84 105 146 169 177 178 177 175 171 169 173 172 169 164 161 158 160 161 166 166 166 163 160 161 163 161 154 159 158 161 150 150 141 164 172 179 190 189 189 188 187 183 183 179 171 165 162 158 152 146 137 128 123 109 103 100 105 110 112 115 117 121 120 119 112 111 109 100 96 92 93 91 81 70 60 53 65 70 74 79 84 95 98 106 117 131 125 126 127 
89 100 112 109 106 106 97 97 97 95 99 89 79 71 58 73 89 81 66 75 60 61 65 82 109 147 175 182 182 181 180 178 177 173 172 172 165 166 167 164 168 172 175 171 166 163 154 157 159 154 146 147 154 152 145 142 162 179 185 188 190 194 194 190 192 189 184 173 166 161 161 161 152 143 137 123 116 106 104 100 104 112 115 119 120 117 118 117 116 114 110 106 102 94 95 92 85 77 56 51 56 67 80 82 84 95 101 105 109 117 117 118 
95 102 104 112 110 109 103 95 97 102 97 96 85 72 64 70 89 90 76 77 70 59 60 73 100 151 178 186 187 184 185 183 180 176 176 170 166 167 168 167 169 175 175 176 178 170 151 151 152 143 138 133 142 148 141 142 152 174 186 188 188 196 194 194 193 188 182 178 173 165 159 155 153 145 134 129 113 109 101 103 106 109 113 119 119 122 120 117 116 112 107 106 105 100 102 97 92 80 71 62 61 60 59 72 81 87 98 104 106 107 111 111 
103 99 104 111 113 110 110 100 103 108 100 98 87 78 66 54 92 91 76 80 63 57 63 78 99 158 181 187 189 190 185 182 182 181 178 177 174 174 172 178 176 178 178 180 180 169 148 145 145 141 132 127 142 151 139 136 158 172 181 185 193 196 197 199 198 193 186 180 174 169 161 158 154 147 141 128 117 111 111 111 112 114 118 116 118 118 113 115 116 115 113 114 106 103 103 105 106 98 82 67 53 58 63 65 67 78 90 94 102 105 102 105 
109 109 99 98 102 105 103 109 107 111 105 103 95 92 70 71 81 102 86 89 89 70 61 64 114 168 184 185 187 186 187 187 186 182 182 181 179 175 180 179 184 183 184 180 181 159 135 133 133 127 126 128 137 129 121 138 169 179 179 183 192 190 198 200 202 198 192 186 177 175 169 162 159 152 145 135 129 117 109 106 110 113 124 121 121 122 118 113 110 115 110 100 107 108 104 109 109 104 94 82 66 54 57 58 61 70 83 91 91 95 95 97 
99 103 92 88 103 102 108 106 117 112 112 108 103 99 85 58 79 92 92 85 83 69 58 79 130 176 184 187 188 187 187 185 185 186 185 181 177 181 183 184 184 185 184 181 170 151 132 128 127 127 128 138 132 117 113 146 175 182 173 175 184 190 197 199 202 202 198 188 184 178 169 167 158 148 142 134 121 120 111 114 116 120 122 122 123 117 116 113 110 112 107 112 111 111 111 114 116 110 102 92 82 63 51 63 63 64 70 82 85 91 95 93 
98 103 102 81 90 106 100 108 112 115 129 121 113 105 93 74 64 78 94 94 86 71 56 81 148 177 187 189 188 189 188 189 187 187 185 185 184 184 186 187 188 186 186 179 167 146 123 123 123 135 144 138 128 101 102 153 178 180 171 178 176 193 196 200 202 204 201 197 188 185 173 163 161 152 143 141 124 118 116 112 113 118 123 125 126 124 119 111 117 110 109 102 108 109 112 113 118 118 116 109 94 76 55 50 61 61 63 71 84 87 85 92 
95 99 108 84 82 95 111 121 140 131 133 126 114 105 91 80 75 71 86 94 94 71 62 86 147 182 189 192 191 189 189 190 190 188 186 185 187 188 190 188 188 187 185 176 163 139 117 112 122 142 151 142 119 101 109 151 170 167 168 175 179 195 200 200 201 202 202 200 195 184 174 166 165 156 147 138 128 119 110 105 108 107 116 116 126 128 121 119 112 113 111 113 108 107 110 113 114 121 118 114 108 93 66 61 53 56 62 65 78 80 89 87 
97 94 94 79 79 92 113 127 127 130 129 127 116 102 98 82 77 60 75 89 96 89 77 101 147 175 189 192 193 193 191 188 186 185 187 184 186 188 189 188 188 189 186 177 161 135 116 109 129 151 157 139 113 102 104 144 166 168 163 169 180 194 197 199 200 201 199 198 196 188 178 167 163 157 149 140 123 116 107 103 101 105 108 120 129 140 136 127 123 119 118 114 116 115 121 118 117 118 119 116 108 99 81 61 53 54 55 64 71 76 72 85 
93 88 90 69 61 110 128 118 119 132 135 120 114 102 98 87 71 62 59 75 95 72 88 115 156 175 190 197 197 193 190 189 191 190 188 186 189 189 192 191 190 187 184 170 150 137 120 106 126 161 157 130 123 113 110 136 160 169 159 159 177 195 197 197 198 196 198 194 193 190 181 175 165 154 150 138 127 110 102 97 89 83 91 98 113 133 142 134 127 118 115 114 115 115 116 119 117 116 117 121 115 99 95 75 62 53 62 62 60 72 76 74 
86 85 84 84 89 99 133 122 133 142 146 121 109 99 94 98 81 58 53 59 85 83 93 120 164 173 192 197 198 197 195 193 189 190 192 193 190 190 189 190 190 191 186 170 153 137 118 108 128 164 157 132 131 115 112 142 154 161 153 152 180 193 198 197 197 197 195 192 188 184 182 172 165 156 143 132 116 109 96 83 81 87 91 96 107 122 139 137 130 130 124 121 124 124 123 126 119 122 126 122 122 109 100 83 60 55 52 59 68 69 76 75 
105 89 82 68 96 140 129 115 133 134 150 129 114 103 99 95 82 71 53 53 89 81 103 130 162 174 188 195 195 196 194 191 192 191 194 192 193 193 196 194 192 189 184 169 154 140 118 109 135 168 149 141 149 119 114 141 154 157 146 146 176 193 198 196 195 193 193 190 191 185 175 170 165 146 133 125 114 104 92 85 80 84 88 99 105 119 131 134 131 127 130 131 132 133 126 128 129 126 126 127 126 121 107 93 78 59 56 58 60 68 71 71 
97 89 96 90 77 141 134 121 128 142 140 137 122 100 87 97 88 77 56 55 80 90 116 139 172 174 193 199 196 198 198 195 193 192 194 195 195 196 198 194 191 188 182 172 158 135 110 112 141 164 142 155 149 104 90 112 152 149 139 138 173 188 197 198 193 189 187 192 190 187 179 169 160 149 135 117 107 95 86 85 83 90 93 96 105 113 120 127 126 131 138 132 139 133 129 130 124 128 127 126 127 123 119 107 91 70 52 57 63 67 73 68 
87 111 110 127 100 108 129 127 127 145 137 136 129 107 90 90 82 80 63 53 80 96 123 147 177 178 195 202 201 200 199 198 194 197 194 196 197 200 200 200 194 188 181 167 154 128 106 108 139 163 144 175 151 97 79 104 139 146 139 140 167 187 192 195 196 193 192 189 187 182 170 163 152 139 127 114 101 88 90 93 92 93 90 94 101 109 117 126 127 136 144 145 146 139 140 136 133 131 133 128 130 128 120 114 101 80 62 51 53 58 61 68 
87 92 115 148 131 115 115 129 138 147 128 132 132 116 79 76 77 73 64 58 58 87 125 148 178 185 196 201 202 202 200 197 196 193 194 196 199 199 201 197 191 185 177 166 147 123 96 108 137 155 151 183 143 79 58 81 127 139 132 138 167 187 194 195 193 194 193 197 190 179 167 159 147 134 116 103 91 94 98 99 100 104 95 86 92 109 127 132 134 141 146 149 147 147 141 142 135 141 137 135 134 131 124 116 109 97 70 51 57 66 65 67 
95 83 113 157 167 127 115 127 131 139 129 129 133 120 84 72 78 73 67 63 64 93 119 148 178 192 200 202 201 202 200 199 198 195 197 198 199 200 201 198 191 183 179 160 135 114 99 103 135 150 139 165 134 73 43 61 120 132 130 140 166 187 192 194 191 192 193 191 187 174 165 149 136 124 109 94 94 88 87 102 114 99 94 91 93 108 125 134 142 150 152 151 152 146 147 150 144 143 140 142 142 138 132 122 117 101 93 64 47 50 60 68 
106 83 103 145 162 146 116 112 121 124 131 112 121 121 86 66 76 74 74 65 68 99 116 144 168 196 202 202 201 200 197 196 198 198 196 199 200 201 201 197 191 185 179 163 134 103 86 101 129 138 139 158 119 58 39 74 120 130 125 144 168 188 195 196 192 193 193 189 183 172 159 143 122 111 96 97 85 89 104 117 122 115 99 91 80 97 129 136 144 149 152 149 150 150 153 153 149 153 149 150 145 137 133 134 120 115 98 82 57 58 60 64 
122 110 109 146 153 150 126 107 115 118 118 109 105 111 89 63 64 78 67 71 77 93 115 137 165 195 201 202 203 198 196 196 198 198 197 199 202 201 202 197 188 179 175 157 127 102 80 96 120 135 130 148 117 61 52 77 116 129 133 152 172 187 196 193 189 191 191 190 184 170 147 127 110 94 94 96 101 104 118 130 133 118 111 104 78 77 129 147 144 147 154 152 150 148 145 151 150 148 149 153 149 145 137 130 127 119 109 88 68 50 52 63 
108 115 116 173 173 156 147 113 109 116 113 107 96 109 77 57 68 73 72 73 79 101 116 134 167 190 199 200 201 198 198 194 198 199 198 200 201 202 202 197 189 179 173 159 128 96 84 95 111 122 121 136 113 79 80 103 126 130 128 154 175 191 197 193 190 191 194 189 177 159 138 116 102 100 101 101 109 124 134 145 145 137 125 116 82 54 104 151 149 151 158 154 151 150 150 147 148 150 156 156 151 148 142 138 126 121 117 93 71 58 56 59 
106 108 106 153 185 146 148 131 103 106 107 110 94 98 81 61 54 69 73 71 89 95 114 140 164 188 197 199 199 199 196 193 195 197 201 201 203 202 202 200 190 180 172 153 123 96 84 94 105 112 106 117 115 102 114 118 127 132 143 156 173 193 195 191 192 196 197 189 170 144 125 103 101 96 105 121 132 138 141 142 143 134 133 124 86 55 86 141 158 149 151 154 155 154 147 149 148 147 154 158 155 154 149 138 131 129 120 99 81 55 51 56 
103 97 112 150 192 155 139 136 103 90 98 106 92 93 83 58 58 70 73 69 83 98 123 148 169 186 191 192 197 197 195 195 198 199 198 199 197 201 201 196 189 179 173 157 127 92 81 88 104 110 107 98 107 100 93 108 132 135 148 166 183 195 194 190 190 195 195 181 160 127 109 95 95 109 128 141 148 153 153 144 139 133 131 131 100 86 99 124 160 154 154 152 142 143 146 140 141 141 147 151 158 163 160 154 141 129 119 98 81 65 49 56 
91 87 102 128 189 169 141 141 115 90 94 94 94 91 81 63 51 58 72 70 85 102 128 154 169 185 193 193 195 198 198 195 197 198 200 199 199 200 202 198 190 177 166 152 124 94 80 85 101 107 103 101 96 95 86 99 135 144 157 171 190 194 191 187 190 194 190 175 147 121 106 104 104 125 141 150 150 154 154 153 145 137 140 130 103 91 103 113 155 161 146 148 143 142 141 138 142 139 142 147 154 161 166 157 145 136 119 103 85 66 55 56 
90 79 83 106 159 172 142 132 117 88 78 89 84 83 75 59 46 57 69 71 92 104 126 152 166 181 190 193 197 198 196 195 199 197 196 199 199 197 199 197 189 180 168 152 128 102 81 81 95 108 111 100 92 91 84 104 153 154 164 181 194 196 193 189 191 195 189 167 143 141 141 126 122 127 147 158 149 144 150 151 150 143 146 136 107 78 82 89 124 165 150 149 147 146 142 140 138 133 136 143 149 158 167 167 155 139 129 111 91 72 60 56 
101 101 93 105 122 173 150 132 124 104 81 75 85 76 82 76 52 56 68 78 89 108 129 148 160 178 191 192 195 195 195 194 195 195 194 195 194 195 196 195 189 182 169 154 130 107 88 86 99 106 110 106 102 97 96 107 157 169 176 189 196 195 193 193 193 191 181 164 161 161 156 150 137 126 134 148 148 148 143 141 144 141 146 137 110 89 89 83 108 157 164 139 139 136 134 132 136 134 138 141 149 158 167 170 156 144 131 114 90 73 53 45 
155 120 106 106 102 131 165 125 113 107 80 77 74 73 79 67 51 54 70 76 98 106 129 143 158 175 187 191 190 196 195 192 196 195 196 196 198 195 197 195 189 183 168 152 132 110 95 93 92 104 105 104 104 103 113 120 159 180 187 194 199 194 190 189 187 186 184 168 170 171 163 162 145 118 104 116 133 145 145 139 135 133 142 139 116 88 110 107 107 149 176 147 134 125 126 129 133 137 133 138 147 162 160 163 156 144 134 111 93 73 59 53 
124 143 112 102 107 101 151 144 115 104 93 69 76 79 77 68 53 63 71 78 94 113 133 145 161 174 182 185 192 190 188 190 192 196 196 197 195 197 197 195 190 178 173 159 141 122 104 95 100 102 109 105 102 104 116 146 172 186 192 195 195 193 190 188 190 187 177 178 177 171 176 172 150 112 88 86 110 132 143 148 149 144 145 143 122 94 104 110 111 142 187 153 140 132 124 124 125 130 132 136 147 160 165 161 154 146 139 118 102 89 67 51 
96 127 128 98 103 96 116 144 120 107 98 75 69 83 81 67 54 62 79 86 93 110 134 147 160 169 179 184 187 190 185 183 189 191 193 193 194 195 195 192 189 180 167 159 148 130 109 99 102 101 105 106 105 101 109 143 179 189 195 194 190 191 187 183 184 186 181 177 172 171 176 167 142 94 65 67 89 111 133 144 146 146 138 139 124 85 88 91 90 133 187 165 137 126 115 114 120 127 125 135 146 160 159 159 154 144 131 116 103 91 70 54 
97 100 123 111 89 91 99 123 134 113 104 88 65 70 73 60 52 58 79 92 99 116 133 146 165 176 182 182 188 188 186 185 186 188 189 191 191 191 193 193 188 178 170 159 148 137 116 111 101 101 105 105 109 119 132 141 171 187 189 189 190 187 183 183 183 185 178 175 173 179 181 170 126 75 63 71 85 102 122 136 141 141 138 133 127 94 95 105 96 128 183 166 136 128 120 109 109 122 120 127 140 153 152 154 147 137 132 120 101 79 63 59 
104 95 106 120 103 90 91 94 121 119 105 86 60 64 70 65 59 64 78 94 102 120 138 156 167 177 182 186 191 190 187 186 187 185 185 189 193 192 193 193 186 174 166 157 147 134 125 114 112 112 110 117 119 129 143 161 178 186 189 188 188 183 184 185 185 187 185 182 183 181 183 168 124 62 57 65 75 91 108 125 132 132 136 140 133 98 96 113 111 125 178 172 138 122 116 103 106 114 113 124 140 152 156 148 141 131 121 110 102 83 69 63 
98 92 92 128 114 102 80 68 107 123 106 95 67 59 68 63 59 64 78 96 113 128 142 159 168 177 183 188 190 190 187 188 187 186 183 187 185 191 192 193 186 173 162 150 148 141 130 122 120 122 124 130 132 146 152 159 172 178 180 181 182 184 181 183 182 183 180 182 181 182 180 164 129 70 52 69 72 75 94 115 127 130 129 136 130 95 99 123 118 118 165 158 128 118 108 99 102 115 110 122 137 145 145 143 135 128 118 111 102 87 70 64 
97 97 92 101 120 97 103 76 74 117 119 101 71 58 62 66 56 60 80 100 116 133 151 162 167 172 182 187 190 189 188 188 187 188 189 187 183 187 188 187 182 172 164 163 156 144 139 135 135 140 147 156 163 163 167 168 169 174 173 178 183 181 180 177 180 183 181 179 180 180 178 164 134 95 62 69 78 74 90 112 114 115 124 133 135 107 84 113 122 117 154 158 129 107 103 98 99 101 102 112 132 140 137 131 124 118 115 112 102 83 73 71 
98 94 92 102 110 104 117 83 71 99 126 104 81 59 60 64 57 62 78 94 116 138 150 163 166 172 183 190 190 189 184 189 188 186 185 182 182 185 183 182 182 178 172 163 156 149 143 145 148 153 161 174 180 185 185 180 178 177 180 179 182 177 178 175 175 178 178 179 177 183 180 163 135 109 78 68 68 72 82 91 101 104 114 130 137 110 94 110 116 113 150 151 122 104 106 104 100 98 105 112 125 134 129 123 113 108 111 113 103 92 71 77 
95 89 93 102 96 106 99 99 72 77 122 112 87 64 52 70 63 64 71 98 117 132 150 160 167 173 179 187 191 189 187 189 187 181 180 183 180 181 182 183 182 179 172 166 154 146 143 145 149 155 162 178 187 194 195 193 186 184 183 181 178 171 173 175 178 177 177 178 181 179 178 169 141 115 90 64 67 71 77 83 89 95 111 123 129 110 88 113 113 114 143 147 119 102 103 107 92 92 98 106 124 134 122 123 121 112 112 113 103 89 80 78 
93 80 86 106 78 96 102 95 87 81 114 122 93 61 61 59 62 67 74 92 112 133 150 161 166 172 180 187 190 189 187 185 186 186 183 177 177 182 184 183 184 184 179 167 155 144 138 139 147 158 171 177 185 191 198 201 198 195 189 187 183 178 176 174 179 178 182 182 181 186 187 173 146 118 96 79 69 68 74 80 88 96 109 122 132 107 95 113 115 109 141 155 129 110 103 103 99 93 99 103 115 131 130 126 122 118 120 110 103 88 70 91 
85 77 93 91 81 75 104 98 94 78 98 117 94 70 56 59 67 67 79 98 114 134 151 157 165 171 174 184 189 190 188 188 187 186 179 180 177 180 184 184 185 181 173 165 152 143 131 141 145 156 168 180 185 191 195 201 203 202 198 193 195 187 184 185 186 189 187 188 192 198 200 182 157 125 97 80 70 69 75 82 84 76 98 113 121 101 92 111 100 105 138 149 126 103 99 97 101 95 94 98 112 134 131 131 132 118 122 113 105 88 81 93 
87 89 90 82 69 72 80 100 93 71 83 104 95 74 62 59 61 67 90 101 123 138 151 160 166 172 177 182 186 190 187 184 186 185 183 180 179 181 186 187 187 180 175 166 155 146 132 134 144 159 172 179 185 189 192 193 197 200 201 201 199 200 200 201 200 198 200 198 198 201 201 185 162 128 100 79 74 64 74 80 76 94 99 108 114 82 77 81 90 98 134 149 126 106 101 102 99 102 96 101 116 127 127 130 127 126 124 116 97 81 76 102 
80 90 86 68 60 59 63 72 93 84 70 97 88 72 59 63 68 76 85 105 120 140 148 160 165 173 172 178 186 189 187 186 186 180 179 178 181 183 186 185 185 183 176 164 154 149 143 142 147 154 164 174 180 187 191 193 195 194 193 196 199 195 200 202 202 202 202 202 198 199 193 180 166 131 99 79 65 68 79 83 92 92 99 104 102 77 70 55 67 100 129 136 124 104 100 95 97 98 103 104 114 126 131 132 133 125 124 106 94 76 73 103 
81 88 81 60 52 59 59 61 81 79 71 83 88 76 59 62 70 80 90 109 127 138 149 155 163 172 179 179 182 186 188 184 187 181 179 180 183 182 183 187 190 188 181 169 160 150 139 142 147 155 160 166 171 172 184 185 191 193 192 193 195 193 197 197 199 200 199 198 196 192 187 178 160 132 103 82 66 70 86 97 96 101 95 99 96 79 89 74 68 91 118 126 116 107 98 94 93 97 101 106 114 122 125 133 132 127 116 104 90 78 89 102 
77 78 61 56 48 53 54 51 73 87 71 82 83 75 55 61 69 76 95 110 133 145 151 157 167 174 181 184 188 188 185 184 186 185 183 182 184 185 186 188 187 185 178 172 156 148 140 133 138 141 141 135 130 133 136 150 159 165 167 171 177 187 186 192 193 192 194 192 192 187 185 177 163 139 111 87 74 83 94 94 94 91 98 104 95 80 88 83 75 89 106 122 115 107 99 95 97 104 107 111 120 126 131 131 127 123 113 98 90 79 94 101 
90 70 63 56 51 56 64 64 52 75 74 65 88 78 57 70 67 78 97 120 132 143 156 163 172 174 183 185 188 189 187 185 186 183 182 183 184 187 187 186 187 182 176 167 154 142 132 129 125 120 113 110 101 102 110 119 123 127 127 133 132 142 153 158 171 175 177 182 182 187 189 181 157 134 105 76 70 84 91 92 95 98 103 96 83 60 52 53 75 91 99 102 109 105 100 97 102 101 105 113 114 123 122 132 128 116 99 87 81 89 101 101 
88 72 59 55 52 48 57 55 53 61 88 71 78 77 63 57 74 84 106 125 138 148 155 167 169 171 183 185 190 192 188 186 184 187 186 184 183 187 189 187 185 183 175 168 152 137 131 127 115 108 98 94 95 92 94 89 114 118 118 117 114 120 117 122 131 139 146 157 163 173 179 165 145 124 91 62 75 87 90 95 96 100 103 99 81 42 35 62 89 89 95 102 101 101 103 103 102 108 109 111 113 119 121 124 117 113 100 94 89 95 87 76 
95 68 66 56 53 51 60 59 58 56 64 77 73 77 66 61 71 94 108 130 140 150 159 166 171 171 177 179 184 187 188 181 183 181 180 185 184 187 190 189 186 185 173 161 150 134 125 109 102 94 94 101 102 92 82 81 104 120 118 122 132 122 119 116 116 113 120 127 135 139 143 138 122 103 83 86 96 93 91 94 94 102 99 91 75 44 62 92 97 100 102 106 105 101 103 105 106 108 110 117 118 113 117 116 109 99 89 78 74 62 42 30 
84 75 68 61 50 58 50 53 55 53 71 76 67 76 60 65 76 98 116 136 143 150 153 164 173 175 182 181 183 187 183 179 180 181 183 185 184 186 188 190 188 184 172 160 141 131 113 102 97 92 92 106 101 90 80 73 97 118 120 117 130 138 132 126 122 121 117 108 111 120 123 117 107 93 83 96 96 90 95 97 96 88 94 90 70 49 83 99 105 105 109 107 108 106 107 110 105 111 111 110 113 116 111 106 93 78 58 33 27 24 17 11 
89 71 62 60 63 55 57 54 60 73 65 80 78 75 66 60 73 102 112 131 145 151 160 166 173 177 183 183 185 185 185 183 183 183 185 187 186 189 193 192 191 187 172 158 145 125 111 95 86 87 102 111 101 94 84 95 106 114 120 124 126 146 152 144 138 128 124 119 107 101 115 123 116 105 100 109 108 102 98 100 102 98 97 90 72 64 90 97 103 106 109 116 113 113 114 107 114 112 111 109 108 99 97 82 60 36 16 18 17 9 12 29 
106 82 63 66 62 56 57 56 61 64 49 66 75 78 59 61 78 105 119 134 146 151 158 162 171 176 181 184 185 186 182 180 184 184 185 185 186 186 189 190 188 182 172 155 138 123 106 91 83 89 101 107 98 93 94 113 114 119 120 125 124 136 154 153 147 149 141 133 122 111 96 98 99 91 93 103 110 107 105 104 103 99 95 89 74 80 99 101 109 110 112 110 110 110 106 110 106 108 105 100 91 80 58 40 20 19 24 21 20 29 34 35 
110 106 85 65 49 47 56 77 77 60 58 62 72 74 58 54 72 107 120 131 145 149 158 164 169 171 182 185 185 186 188 184 185 185 182 181 179 181 186 186 187 172 164 147 131 116 100 81 81 87 110 104 96 95 85 98 106 118 125 123 124 131 154 160 156 152 150 146 140 129 113 96 80 65 71 84 84 103 102 96 104 100 97 85 81 86 102 101 104 109 111 110 114 111 112 105 105 95 91 84 64 42 36 25 22 31 29 24 32 34 36 43 
114 113 108 101 85 51 50 75 70 52 43 47 61 75 58 49 80 101 122 134 144 153 160 163 171 177 180 187 189 190 191 189 185 183 182 175 171 181 185 186 183 175 164 152 134 117 95 83 76 92 108 108 102 99 72 50 76 116 122 115 120 127 148 160 162 164 159 158 155 146 132 119 104 93 77 65 76 80 86 97 95 100 103 97 90 93 105 107 107 107 110 114 112 105 102 94 92 86 74 50 40 32 27 38 39 30 28 40 36 41 38 39 
107 110 110 107 102 79 62 61 62 49 52 49 50 66 57 60 77 102 116 132 143 154 160 165 168 172 181 185 185 183 186 181 180 176 171 172 170 173 182 182 176 169 159 146 129 111 92 72 78 92 110 109 111 102 57 44 58 110 126 116 113 118 142 158 163 162 163 160 162 152 142 131 122 108 98 83 74 72 82 93 107 104 101 96 96 102 105 105 107 111 110 108 102 100 91 88 77 56 41 38 37 40 36 37 35 42 42 40 48 41 49 47 
110 111 113 117 108 104 100 79 67 49 49 49 52 62 61 64 69 95 113 127 140 145 150 161 169 174 175 179 179 176 170 164 160 162 164 162 165 172 171 172 171 166 156 147 130 112 87 72 74 97 122 111 118 113 64 34 37 104 127 121 109 120 135 155 164 167 171 168 164 159 154 145 135 124 109 100 83 77 76 86 97 102 108 101 101 103 109 112 113 107 106 103 91 92 91 90 89 69 54 45 42 43 49 42 46 41 47 44 47 48 44 43 
111 111 108 106 113 103 107 96 79 63 48 48 44 49 59 66 71 82 105 115 133 143 149 151 160 167 169 172 171 167 159 152 149 154 154 161 161 165 172 170 168 163 152 144 132 110 94 65 77 104 123 115 120 122 71 33 40 94 119 117 108 112 129 152 162 168 172 173 172 168 163 155 148 135 123 113 103 83 72 70 79 92 94 102 106 112 113 112 107 95 87 79 86 83 89 88 91 92 81 52 40 43 43 48 45 46 44 51 43 46 49 45 
112 110 107 104 105 103 96 92 84 81 58 54 56 58 65 58 65 66 77 109 122 134 142 146 151 159 165 164 159 159 153 153 149 153 159 156 157 160 164 164 160 157 150 143 134 112 82 76 71 106 130 118 127 123 81 35 45 92 111 117 107 118 130 149 163 169 175 176 176 172 165 160 150 138 132 122 108 93 83 69 61 69 89 90 105 105 107 100 97 86 91 87 86 91 91 92 91 91 87 62 44 40 42 43 44 38 42 33 31 39 45 41 
110 110 108 111 109 100 87 69 67 70 84 89 83 84 80 64 66 67 60 62 108 127 133 142 145 152 155 158 161 155 153 152 150 151 149 151 150 154 159 160 158 154 147 141 130 108 93 75 82 107 131 119 118 126 101 59 69 91 116 117 110 116 131 146 159 170 173 173 173 171 165 161 153 139 130 124 112 99 90 85 82 82 89 103 106 101 94 89 86 90 86 89 92 95 98 95 96 96 91 72 44 43 43 41 39 45 36 43 38 34 33 41 
111 111 111 105 106 104 80 62 69 86 97 90 93 85 69 66 61 59 60 52 55 97 123 133 139 142 149 153 154 152 153 149 146 148 148 145 144 147 151 151 148 147 146 142 133 114 92 76 75 103 129 120 112 116 105 79 70 97 114 117 115 118 127 144 158 164 170 168 171 169 163 157 148 142 134 125 112 107 97 87 88 85 94 96 92 89 90 90 87 90 94 90 94 93 89 93 94 94 95 86 55 42 39 40 38 35 36 34 45 39 38 39 
110 111 112 110 107 102 100 88 87 94 89 85 89 94 81 69 55 53 51 50 43 53 89 124 136 136 144 144 144 145 143 146 145 135 142 138 141 142 146 145 144 140 133 134 129 113 99 87 84 94 124 126 100 103 108 87 80 99 118 118 120 122 129 142 156 164 167 163 165 168 161 152 151 138 130 119 115 106 96 94 91 96 95 93 92 87 89 88 91 98 92 98 96 99 99 91 92 93 90 86 66 43 45 40 36 40 40 45 39 47 36 26 
109 106 110 111 107 103 77 68 79 77 74 77 82 81 78 84 91 74 57 48 47 36 35 65 103 127 129 132 136 137 134 134 135 134 134 134 130 134 134 136 133 132 131 130 129 120 109 96 80 94 119 124 110 94 94 94 83 104 113 118 122 123 131 141 155 164 164 159 156 155 151 147 139 131 124 120 110 104 99 90 88 88 84 92 92 93 94 94 93 93 99 94 95 91 91 95 95 94 95 89 78 47 41 46 42 45 41 37 38 39 35 38 
110 108 108 103 106 106 91 68 57 59 70 74 83 88 77 86 83 80 63 59 53 41 33 36 51 85 117 125 127 127 131 135 133 132 134 136 136 132 130 127 127 128 127 131 133 121 107 103 90 88 114 123 115 99 84 83 89 96 112 124 122 134 132 140 145 154 158 151 148 149 145 142 134 127 119 113 109 100 94 93 89 86 93 92 94 97 95 96 97 98 94 98 96 93 94 88 95 99 95 90 86 57 44 42 44 38 42 37 38 37 39 35 
108 107 113 112 107 103 93 80 67 64 68 81 88 88 83 95 97 90 76 64 56 49 44 37 44 38 66 99 119 124 126 125 131 131 128 130 129 126 123 125 122 126 126 124 130 132 118 99 88 82 98 112 115 106 103 95 98 100 112 119 124 124 133 130 138 144 144 138 138 138 138 131 125 120 113 114 105 100 100 93 94 93 89 95 94 93 98 94 93 93 96 94 91 97 94 97 92 88 90 93 89 73 36 44 37 41 42 34 38 35 38 38 
108 107 110 106 111 111 94 86 86 77 80 87 92 84 84 95 96 101 90 71 73 65 48 43 41 38 39 48 72 100 113 120 123 123 124 124 124 125 124 119 121 117 122 123 126 125 111 100 90 88 98 107 108 106 105 110 115 108 108 115 122 123 118 128 127 131 122 125 122 126 121 122 121 112 112 105 105 95 95 92 92 98 100 99 97 97 96 96 96 97 95 95 102 94 94 88 92 93 93 91 90 84 56 44 49 40 39 44 41 39 34 33 
108 109 108 109 107 103 102 94 94 99 94 90 96 98 94 98 104 104 98 80 67 73 60 44 45 47 41 44 43 50 61 68 88 97 103 112 114 114 112 110 113 113 113 112 112 112 110 94 83 89 101 113 111 112 114 121 111 104 108 116 116 120 118 115 118 117 119 116 115 112 116 112 109 110 101 106 97 101 92 98 96 98 96 96 95 96 93 96 94 93 97 93 87 90 91 92 95 92 91 94 95 91 62 39 39 46 47 42 40 40 45 40 
111 109 109 108 111 113 110 99 102 106 110 101 102 98 96 100 103 107 102 98 69 70 78 66 53 52 51 45 46 50 57 43 49 52 60 59 67 69 73 77 74 75 69 63 64 73 84 75 77 74 75 83 79 82 86 83 89 91 91 93 99 100 106 107 111 109 106 106 106 103 97 98 99 99 99 98 97 92 98 98 98 100 98 102 100 97 100 91 97 97 90 94 96 94 97 98 97 92 92 94 93 91 82 52 40 43 37 42 41 38 33 40 
107 108 110 109 111 111 108 110 105 106 103 105 106 104 102 101 107 109 109 106 101 77 72 84 63 56 46 43 38 36 49 51 44 43 47 48 39 44 50 43 46 40 38 38 32 36 40 43 49 49 45 43 46 37 39 41 63 71 90 91 94 100 98 101 99 104 101 104 97 100 102 100 99 97 100 100 100 99 95 97 96 95 95 95 94 97 95 100 96 96 96 93 95 92 93 90 88 94 92 90 89 92 83 64 43 38 49 43 41 40 48 43 
111 108 104 109 105 105 108 106 105 106 104 104 107 108 109 107 104 104 104 107 106 101 80 73 84 72 57 37 37 46 47 54 52 44 38 33 49 40 40 40 33 37 35 31 34 42 35 30 25 36 23 30 25 31 37 62 71 86 99 106 100 99 99 103 100 96 103 96 105 99 99 95 95 103 97 97 95 101 104 96 98 96 99 93 92 93 96 94 91 94 98 94 94 93 97 94 92 87 93 90 92 92 94 74 44 46 41 48 48 48 38 42 
111 110 110 111 110 111 108 111 110 107 104 106 105 107 106 107 107 106 101 102 103 109 103 83 71 82 81 73 66 48 32 32 46 50 36 38 30 39 40 42 39 37 33 34 31 30 31 43 44 35 37 31 35 34 53 77 96 97 100 100 102 97 103 99 100 103 104 100 97 100 101 105 104 94 99 98 97 95 95 98 95 97 94 99 100 101 97 97 98 95 90 94 97 95 94 93 93 99 93 94 88 89 89 85 54 38 43 47 46 44 49 42 
110 106 109 112 109 111 109 108 105 107 112 110 111 110 108 106 105 103 106 103 106 105 103 101 87 72 82 76 76 80 66 45 37 45 44 34 42 42 43 36 39 35 37 35 31 37 36 35 34 38 37 34 33 53 80 97 100 95 99 98 98 104 99 101 100 101 98 104 105 103 103 97 96 98 97 99 98 98 95 96 95 100 98 93 94 93 97 94 92 93 95 91 93 91 92 93 90 91 93 95 92 90 93 86 65 46 38 43 46 49 48 45 
109 112 110 110 109 108 107 107 109 110 105 110 112 108 106 106 110 114 106 106 107 107 107 106 107 95 77 77 80 75 72 62 40 33 42 44 34 41 40 44 37 45 34 32 37 31 31 36 36 42 51 56 58 65 85 92 97 105 102 102 103 102 104 98 99 100 104 99 98 98 95 97 101 99 100 98 98 100 97 100 96 95 94 97 97 94 98 91 97 93 94 98 94 92 91 92 94 93 92 88 89 93 89 89 78 51 49 47 49 42 43 44 
110 106 107 110 113 106 108 109 109 108 108 108 106 107 109 111 109 108 109 108 105 105 109 107 107 111 96 73 60 70 67 79 78 61 45 31 27 25 36 45 47 49 51 48 36 35 37 51 69 79 86 97 90 92 98 101 106 98 101 100 98 101 101 103 99 100 101 100 98 101 105 99 100 99 96 101 97 96 96 98 100 97 101 97 97 96 91 96 95 100 91 94 97 94 94 93 94 89 91 94 90 90 92 91 84 64 44 40 44 47 45 42 
