10 106 106 107 111 108 106 108 105 105 106 105 109 108 108 107 105 109 107 105 105 104 106 107 102 102 105 87 69 50 39 33 34 30 29 27 16 19 22 32 31 23 22 23 24 21 25 24 21 23 34 37 42 61 91 97 95 98 101 100 97 100 101 102 97 97 96 96 95 94 99 98 98 98 94 99 97 99 98 93 93 94 94 100 100 97 91 91 93 94 92 95 93 90 89 90 87 89 97 92 90 88 89 70 41 47 48 47 52 47 43 44 
103 102 103 101 107 104 103 103 106 104 103 102 103 104 100 107 107 105 106 106 97 92 72 58 33 30 22 28 13 24 21 24 28 32 50 42 41 29 39 38 36 30 28 26 30 32 19 24 24 25 33 42 44 58 65 82 100 108 119 126 135 135 135 122 132 133 132 118 88 76 62 81 66 73 77 88 95 93 92 92 93 93 96 91 92 91 89 84 88 94 89 88 89 87 85 81 78 83 81 74 76 78 70 69 78 70 70 77 80 80 79 76 
105 106 106 105 102 103 105 104 99 103 106 105 103 103 103 102 97 85 90 87 89 70 50 29 25 16 23 18 28 29 37 39 41 45 45 41 37 41 34 33 33 38 37 34 29 28 31 29 26 26 32 41 55 66 74 85 101 115 126 140 144 153 149 138 119 114 134 147 138 112 84 54 67 74 79 78 86 98 98 94 95 94 90 93 93 89 90 95 88 89 89 89 87 85 86 82 81 77 80 77 63 72 66 81 76 66 72 79 78 82 87 88 
104 107 104 105 107 104 104 104 108 107 106 103 103 103 82 75 69 63 54 57 51 53 41 25 19 28 22 29 29 37 35 42 48 42 40 35 43 37 40 40 34 30 31 36 30 29 28 24 28 28 30 42 55 72 73 83 100 112 121 125 139 150 161 160 147 107 123 145 155 151 139 106 61 44 52 45 51 64 87 96 95 92 97 91 92 93 88 87 92 91 89 91 89 85 86 83 77 84 82 65 66 74 74 78 80 79 85 84 89 85 78 82 
108 104 106 104 101 105 103 104 104 104 109 106 100 91 79 69 61 54 58 51 44 38 34 29 25 22 33 38 42 51 53 49 46 40 46 47 39 39 42 35 37 33 33 23 26 26 27 30 26 23 27 30 50 70 82 85 94 100 104 113 108 120 132 149 166 132 119 146 154 155 154 149 113 58 30 34 31 40 62 85 91 92 90 95 94 92 93 92 91 89 92 87 90 93 83 87 84 81 78 75 76 83 83 82 82 87 77 75 72 71 77 73 
105 105 104 106 107 105 104 107 104 107 107 104 101 88 78 76 57 56 55 47 44 38 31 28 29 30 38 47 48 43 52 52 45 47 44 46 43 43 40 36 29 34 32 41 53 40 30 25 26 26 27 39 52 62 76 83 89 89 86 84 84 93 108 128 153 163 144 148 165 169 166 158 140 89 41 34 27 31 41 63 87 91 93 93 91 87 95 90 90 91 88 91 88 84 85 84 80 83 87 81 81 81 79 82 75 69 77 67 64 65 61 61 
103 103 105 105 104 108 107 106 109 104 108 108 106 87 72 76 74 50 36 42 47 43 28 25 28 47 59 53 55 72 69 50 50 49 55 48 47 49 46 47 46 37 45 49 48 45 43 33 33 38 38 40 35 54 78 81 83 82 85 73 57 49 53 79 130 173 180 164 156 169 173 168 149 110 55 23 26 23 24 46 78 96 97 96 94 93 87 94 90 92 93 91 88 85 84 83 81 79 80 84 83 70 67 58 62 63 60 57 57 51 59 55 
106 107 105 106 107 104 104 103 103 107 106 109 103 86 66 67 80 71 49 41 47 40 25 34 56 69 60 65 74 89 71 60 52 66 54 57 54 50 45 37 35 37 35 38 35 40 42 50 48 41 40 39 48 47 39 54 55 55 54 56 63 95 121 129 124 150 178 178 168 171 176 170 161 130 69 28 22 24 26 33 57 82 90 92 91 94 95 94 90 90 88 90 80 80 76 76 75 80 77 65 54 58 54 55 49 52 56 54 52 58 59 60 
109 107 108 105 106 110 105 106 107 107 108 101 103 85 71 65 79 74 42 45 46 33 35 69 84 73 74 80 101 106 76 63 62 74 59 63 58 51 44 46 41 37 34 31 42 50 50 45 47 46 52 57 57 64 63 52 54 57 57 67 103 144 168 177 171 158 159 172 174 173 176 179 165 137 78 35 27 24 23 24 47 85 92 94 94 93 95 94 92 93 90 85 85 80 80 79 67 60 56 58 58 43 43 52 50 50 59 52 52 47 52 54 
110 107 103 107 105 107 107 105 105 105 105 103 95 93 77 73 67 78 53 56 50 45 69 89 95 100 89 105 132 104 87 73 80 70 67 57 57 46 42 38 35 31 32 42 40 40 54 57 50 51 46 33 37 42 50 45 49 50 54 73 98 124 138 148 151 154 148 144 151 149 155 163 155 133 76 20 14 19 29 31 40 66 91 92 95 93 91 94 94 86 83 81 76 72 65 55 54 55 51 40 30 33 37 37 52 48 48 54 51 49 48 54 
107 106 104 108 107 106 107 107 108 107 107 98 102 83 73 70 72 74 57 51 50 63 100 101 105 99 100 122 130 106 87 96 91 85 78 69 62 58 60 54 48 46 47 45 48 55 48 44 37 41 41 43 45 55 67 80 81 87 99 106 115 123 125 128 126 121 122 125 124 123 126 126 122 112 92 52 20 13 10 20 29 64 89 92 92 93 96 92 80 77 70 63 47 40 38 37 38 36 38 41 46 46 43 42 39 45 46 45 45 44 50 49 
105 103 107 111 107 112 111 112 109 112 105 106 95 94 87 72 64 78 58 61 50 80 108 104 104 103 120 130 132 108 107 103 91 90 84 80 77 75 70 73 68 73 73 72 75 65 67 56 67 79 89 96 109 125 127 130 131 128 132 129 126 122 118 120 121 124 121 120 123 127 123 124 116 110 104 103 94 68 51 29 29 69 86 101 91 97 94 79 65 53 47 37 38 33 30 29 30 37 36 24 14 13 10 10 4 6 12 6 10 9 16 19 
109 110 108 108 111 109 112 109 96 101 109 94 91 86 69 71 68 65 61 54 60 77 97 102 119 120 130 133 130 128 123 114 106 97 93 87 87 92 89 83 85 91 99 104 105 111 115 123 121 131 132 138 142 137 144 143 141 142 141 136 130 123 120 123 127 121 121 123 117 120 125 123 120 120 119 116 111 106 101 97 83 69 85 86 99 87 65 38 31 19 16 17 11 13 15 21 14 9 17 33 44 68 86 93 103 108 114 120 113 96 75 58 
106 106 107 110 108 111 103 88 82 89 85 90 90 77 67 66 70 67 57 54 58 72 89 108 139 143 144 146 142 136 127 120 110 108 104 104 105 97 98 103 109 115 118 127 131 132 133 133 132 137 141 146 149 150 149 147 147 146 147 143 138 133 137 138 135 135 131 123 125 122 122 122 120 119 121 117 116 114 112 110 106 100 88 80 76 74 63 50 37 35 31 22 23 29 28 34 47 72 99 111 120 121 122 124 127 125 123 124 126 124 125 123 
111 111 107 105 108 96 96 75 72 84 81 83 79 58 43 51 65 73 58 57 54 65 84 116 153 145 151 155 151 145 134 129 125 119 117 120 115 117 115 111 118 127 140 143 142 143 143 141 144 145 149 151 149 154 149 146 146 151 150 149 149 151 148 152 155 149 146 144 136 132 125 122 120 117 115 113 113 107 109 114 110 107 100 98 86 73 68 94 108 109 114 111 107 104 104 109 109 110 116 117 121 122 121 119 124 126 129 130 127 123 120 120 
106 107 108 110 110 97 79 70 69 60 66 85 82 88 88 75 66 81 75 65 65 65 86 110 137 147 156 160 157 150 145 141 139 136 138 133 128 122 133 134 139 140 137 142 145 149 147 145 145 147 151 151 154 150 157 154 155 160 163 161 160 159 159 161 164 164 160 157 149 138 132 127 128 122 115 109 107 109 111 110 114 113 112 107 100 92 87 76 93 111 116 124 124 126 125 121 119 117 115 117 115 111 117 118 119 116 122 127 126 125 121 124 
109 109 108 107 109 96 82 72 60 61 69 77 78 80 84 80 68 67 70 64 70 71 85 99 124 141 148 158 159 159 152 153 147 147 146 141 137 139 142 144 141 143 144 145 141 143 146 147 149 154 157 157 151 150 155 160 160 168 169 169 170 169 169 172 169 170 166 161 156 152 142 135 130 125 119 111 102 103 108 111 112 111 116 113 111 103 96 84 75 79 100 116 119 115 123 126 124 122 120 119 119 123 121 117 123 119 117 113 119 125 124 121 
111 109 110 111 106 101 77 67 67 68 79 95 94 91 93 92 69 61 59 53 60 75 85 95 119 132 138 155 154 155 157 154 157 155 149 146 140 145 149 147 148 149 146 149 149 149 154 155 156 152 157 156 155 151 144 153 161 167 177 179 178 177 182 178 176 179 169 160 155 152 152 144 134 128 120 111 96 94 98 101 106 112 114 117 113 108 106 97 86 75 70 82 100 114 116 123 126 128 125 126 129 123 124 125 116 120 114 112 111 113 119 117 
112 111 115 107 94 86 78 74 70 74 73 76 84 97 88 85 78 64 63 58 57 59 81 90 115 126 141 149 159 162 158 159 159 157 161 151 151 146 149 149 155 158 160 155 150 150 148 157 155 152 151 150 154 147 141 146 163 168 176 186 180 184 184 184 187 185 177 170 163 156 152 151 146 134 120 110 99 96 90 98 103 114 117 118 116 114 109 104 97 90 85 79 75 83 98 105 119 125 135 134 132 135 133 130 133 122 123 120 114 109 108 112 
112 107 98 89 74 71 76 80 85 84 73 68 78 77 77 73 70 59 69 60 44 54 71 89 117 141 154 165 166 164 166 165 162 165 162 163 156 155 157 158 161 166 166 165 163 156 149 149 148 141 136 134 148 140 139 142 161 172 179 181 184 191 189 189 187 185 176 172 167 163 156 154 143 137 130 116 103 94 94 96 101 103 108 118 116 120 113 109 105 96 88 83 75 75 75 87 99 111 123 132 132 131 133 134 131 138 133 128 127 122 119 110 
108 90 86 66 53 57 68 97 95 97 90 77 64 71 79 82 91 73 63 66 56 54 62 85 114 149 170 178 175 174 174 173 172 169 169 163 162 159 161 163 164 169 174 174 176 167 144 136 138 134 124 125 135 141 137 136 155 175 182 184 190 191 196 195 194 187 182 179 167 166 162 155 152 146 132 120 115 106 99 97 102 106 110 110 111 111 113 109 108 105 104 95 85 81 76 72 81 95 107 115 127 131 128 136 137 133 139 139 129 128 125 119 
97 72 60 62 62 68 91 93 90 91 86 75 68 55 53 75 89 83 74 64 58 56 60 73 105 153 174 180 180 183 178 177 176 176 173 172 167 168 171 172 177 178 177 179 178 159 138 125 125 123 118 116 133 130 125 137 156 167 175 181 189 191 195 198 198 190 185 178 173 167 161 159 151 144 136 126 112 106 103 104 110 114 116 113 115 108 109 114 113 107 98 99 95 90 92 81 70 72 88 100 108 119 125 126 129 137 134 137 138 134 132 127 
90 72 79 84 86 86 93 99 92 89 90 79 73 65 63 66 79 87 87 78 63 51 62 68 111 157 177 182 181 182 180 179 181 178 178 174 172 173 177 178 179 180 180 181 174 158 134 129 121 120 124 130 127 116 115 141 166 173 163 174 183 190 196 198 200 197 190 182 176 172 165 161 153 145 137 130 119 112 108 105 107 111 116 119 115 115 108 108 108 105 104 104 99 99 97 99 85 74 69 82 97 108 117 120 124 131 134 133 136 137 131 131 
86 76 86 96 100 96 96 98 97 98 101 102 100 84 63 63 79 86 75 85 74 58 57 69 115 166 179 182 182 182 182 182 181 180 181 179 174 180 181 183 186 184 186 182 168 150 125 111 115 126 134 130 117 93 109 149 169 175 161 168 172 187 197 200 200 201 197 192 184 175 170 159 158 148 139 129 117 112 105 101 102 108 116 117 120 118 110 106 102 104 100 101 107 103 110 107 99 87 77 63 82 92 101 112 119 118 125 127 134 135 135 132 
109 98 97 100 101 98 90 87 100 99 95 102 100 105 82 56 65 87 83 80 85 72 55 73 130 163 177 182 179 184 181 183 183 181 178 179 177 179 183 183 183 180 183 179 169 147 124 108 112 135 145 132 101 89 108 150 166 167 164 164 167 188 197 199 201 201 201 197 190 180 170 162 156 151 142 135 119 107 97 94 97 101 106 117 121 125 120 110 110 106 103 104 102 109 108 113 109 105 97 81 56 72 91 98 103 113 115 119 120 125 127 127 
115 109 104 102 108 99 96 94 107 117 109 105 102 93 86 68 64 65 73 83 88 77 58 79 139 171 180 182 182 181 182 182 182 180 181 178 180 183 185 184 185 185 182 179 166 140 122 101 115 140 149 124 102 95 107 140 161 165 155 158 170 184 193 198 200 201 201 198 192 183 175 170 162 148 144 130 117 107 95 95 89 89 100 112 126 131 127 123 118 112 110 105 101 104 107 106 114 114 104 92 81 53 70 83 95 100 105 108 110 117 122 125 
115 114 111 112 116 110 103 110 125 133 133 118 104 98 85 75 65 53 65 75 90 77 62 89 139 165 182 187 188 188 185 184 182 182 184 182 183 184 184 186 187 184 187 180 160 143 128 106 112 141 151 118 109 100 109 146 156 163 153 148 170 190 195 197 199 201 200 198 193 187 176 173 162 155 138 126 111 102 90 78 75 78 83 93 118 136 140 129 125 112 112 110 111 114 112 112 111 112 113 105 88 74 56 71 79 93 92 96 99 100 109 115 
105 109 104 110 115 115 117 126 136 141 136 127 111 90 92 85 76 63 69 70 83 82 74 102 143 161 176 186 189 187 186 182 184 184 184 185 184 185 187 188 186 185 182 175 163 148 127 113 114 138 140 118 124 104 114 145 155 155 150 140 164 187 196 198 200 199 199 195 193 190 177 169 162 149 137 120 107 94 85 74 75 74 79 96 108 129 140 137 132 129 124 122 122 121 121 117 115 117 116 116 96 86 65 57 67 70 83 82 89 95 99 109 
105 112 102 112 106 98 117 130 130 142 139 128 113 99 93 91 85 66 49 56 77 89 77 112 152 164 178 185 189 189 189 186 184 184 183 186 186 189 190 189 185 186 181 176 165 153 124 107 116 137 130 128 125 105 118 140 153 151 145 131 162 184 194 195 197 194 192 194 193 186 179 166 157 144 129 115 98 92 71 70 75 82 93 95 108 120 131 132 132 129 134 132 130 122 124 123 122 121 122 121 116 101 82 63 54 64 70 79 76 86 92 96 
97 94 98 102 123 127 125 131 130 139 138 126 117 106 95 100 96 84 71 53 80 86 97 118 154 163 171 185 188 188 190 188 189 187 190 189 187 189 190 191 189 184 181 175 163 153 122 106 120 144 124 138 124 93 102 137 156 146 141 130 161 182 192 197 197 196 193 195 193 189 172 162 153 143 127 111 98 80 82 75 81 85 85 96 104 117 127 130 131 140 136 133 133 131 124 123 124 127 123 120 116 112 102 85 58 53 67 67 75 76 86 90 
100 106 99 107 117 143 126 131 143 135 142 128 118 110 96 98 88 80 67 59 77 93 103 127 157 168 176 190 191 189 188 187 187 187 187 188 189 191 193 191 190 185 175 170 158 137 117 102 113 135 129 154 116 85 89 116 153 147 140 128 162 183 191 195 196 196 196 199 194 185 168 155 144 133 119 103 89 79 82 89 91 89 93 94 105 116 127 133 136 146 146 143 141 135 135 127 127 129 127 127 129 119 111 95 76 62 60 66 69 71 73 79 
95 93 95 110 138 146 136 120 139 138 131 137 122 114 89 90 98 88 82 69 78 92 106 129 159 172 175 188 194 193 191 191 189 187 185 186 189 192 191 191 187 183 173 170 152 126 105 99 116 133 128 161 113 61 67 96 137 142 138 131 160 181 194 196 198 194 193 194 191 181 167 153 140 121 111 97 80 80 82 89 103 95 88 89 101 122 132 134 143 146 151 146 145 139 140 131 133 131 131 129 130 125 116 107 95 65 63 66 68 70 69 74 
91 95 97 101 124 157 137 122 126 143 135 142 134 122 103 87 91 83 78 75 72 85 108 129 154 168 184 188 190 193 195 195 193 190 188 191 192 190 195 195 190 179 175 174 153 124 99 89 111 129 122 144 103 54 53 85 129 140 133 133 165 183 194 199 196 195 197 196 189 182 164 147 126 112 97 85 82 84 95 114 123 106 91 84 97 118 134 144 145 153 148 149 144 147 144 145 142 138 141 137 135 132 126 119 106 92 67 61 69 67 65 67 
93 98 116 134 123 134 133 133 126 141 135 130 134 127 104 91 98 92 79 82 77 89 111 124 148 172 187 190 191 193 193 191 192 190 191 191 191 196 196 193 188 182 174 168 150 119 93 85 104 118 118 129 94 47 35 69 117 133 130 143 169 186 196 197 196 194 197 196 190 175 157 132 117 99 87 87 85 94 105 123 130 116 103 85 78 114 140 145 150 150 149 147 147 146 148 144 144 145 143 143 140 133 131 123 116 103 95 66 62 67 65 71 
105 105 119 156 153 138 128 131 121 123 136 126 127 132 114 81 86 90 87 85 77 94 105 131 153 182 193 194 197 197 189 191 192 195 193 194 197 196 198 195 190 184 175 167 151 124 96 86 104 114 108 115 88 45 46 83 123 138 128 153 174 186 196 197 191 194 195 196 188 169 144 123 106 93 89 92 102 108 126 140 140 134 116 98 69 97 146 149 148 153 154 149 150 146 144 146 146 142 146 147 138 137 132 127 118 116 99 79 60 63 65 67 
95 99 113 144 153 146 127 123 123 118 124 127 113 128 113 88 86 87 87 81 90 99 111 129 162 193 201 200 198 196 195 192 194 196 196 198 200 200 200 198 190 182 174 165 149 118 93 85 101 107 103 103 89 55 63 87 123 135 134 150 172 189 195 196 194 193 197 195 187 160 132 110 96 90 96 107 121 129 139 143 142 135 128 120 78 69 130 157 150 151 153 152 150 150 145 140 144 145 151 149 146 143 141 135 126 123 113 84 66 58 66 65 
91 99 114 153 152 150 140 124 120 117 115 128 110 123 119 86 80 84 91 78 89 99 108 135 170 192 202 202 201 198 196 192 194 197 199 198 199 200 201 200 192 184 175 166 151 117 88 76 89 105 99 96 94 82 94 111 132 139 139 163 175 189 198 194 193 196 195 194 177 146 115 96 92 99 113 127 135 146 148 139 137 132 123 128 93 57 92 154 152 152 152 146 145 145 145 141 138 139 142 145 152 156 150 141 132 126 110 96 71 63 65 66 
87 89 114 178 174 142 145 136 119 117 110 123 109 118 118 97 81 76 87 85 93 108 122 143 172 191 200 201 201 199 198 195 195 199 200 201 200 200 201 201 195 185 172 162 145 118 92 82 86 101 102 83 86 93 99 105 128 143 154 166 181 194 199 196 192 194 195 188 168 132 110 103 98 111 126 140 140 137 146 150 147 139 139 131 106 78 86 126 158 151 146 149 143 143 141 136 141 140 140 143 150 160 159 150 140 131 117 96 75 60 62 62 
82 101 117 159 188 161 136 147 130 119 113 116 109 106 116 98 83 74 86 79 86 105 123 152 176 190 200 200 200 198 200 200 198 200 199 199 201 200 202 202 195 186 176 168 149 121 95 81 85 99 100 95 86 81 83 95 125 144 161 170 187 197 196 192 188 191 193 183 157 139 139 133 130 127 130 146 148 145 141 146 145 144 142 136 112 86 89 103 148 149 144 143 140 143 140 138 132 131 133 138 147 161 164 163 148 138 126 106 90 68 53 58 
93 107 116 142 180 163 144 143 135 113 106 113 103 108 100 87 70 70 81 88 100 112 127 154 178 185 195 198 200 202 198 197 198 199 198 197 200 199 200 200 199 190 177 164 149 131 105 82 85 98 105 102 86 79 79 90 129 152 162 172 190 195 195 189 184 187 188 177 154 153 152 155 151 137 119 131 138 139 138 141 138 138 138 141 122 90 74 83 120 155 145 143 137 138 135 132 133 127 127 135 139 156 169 165 154 139 125 108 87 67 58 57 
113 101 106 116 158 173 143 142 140 119 102 98 101 94 98 93 75 69 86 94 93 113 129 156 169 186 195 198 200 200 197 198 196 199 198 199 199 200 200 201 196 188 179 168 151 131 109 89 85 93 100 102 97 92 84 89 128 163 171 182 190 198 189 183 181 180 179 173 166 167 167 167 163 142 110 96 101 118 134 134 139 135 134 140 132 97 79 85 101 148 158 141 135 130 125 127 128 131 127 130 145 158 156 162 153 144 134 115 92 72 55 57 
99 94 103 119 137 174 160 134 129 116 95 96 98 95 93 93 75 66 75 93 104 113 133 148 163 182 193 197 198 197 197 196 196 198 197 200 199 199 200 200 198 192 180 170 158 139 120 104 95 98 103 105 99 99 98 107 132 165 179 187 192 190 185 181 179 178 177 169 172 169 169 173 164 136 95 76 82 94 115 135 140 149 143 135 129 109 92 101 106 137 165 147 136 125 123 125 129 127 127 127 140 153 159 158 153 144 138 117 106 86 70 58 
87 91 100 119 132 149 176 141 123 120 101 84 86 88 89 89 74 74 76 88 101 109 127 146 163 180 189 193 195 196 193 191 193 196 198 196 200 199 200 198 195 190 181 166 156 145 126 102 94 94 92 98 99 95 101 121 150 173 184 185 188 185 182 176 174 178 179 174 170 171 174 177 167 135 82 60 66 81 97 117 131 139 143 134 131 113 89 93 100 134 172 158 139 125 118 110 119 123 117 127 139 153 152 159 152 142 132 119 105 88 60 57 
95 98 106 103 112 114 150 168 129 115 108 88 75 91 91 82 69 61 78 92 104 111 132 144 156 174 182 188 193 194 192 189 188 191 195 196 194 199 196 194 194 187 178 169 156 149 135 116 105 93 98 99 97 96 102 120 152 177 185 187 185 183 179 179 175 175 180 177 176 178 175 178 163 135 85 53 66 74 81 102 121 131 137 132 129 118 84 81 81 127 178 171 136 129 120 110 110 120 116 122 135 149 153 146 145 141 129 118 101 83 67 57 
119 116 103 104 98 106 114 156 148 129 111 89 76 84 84 80 69 68 71 91 102 109 129 143 161 174 182 186 191 194 192 189 190 190 189 188 194 194 194 194 193 188 174 165 155 148 136 121 109 105 99 101 101 106 116 128 151 172 183 181 182 181 179 176 177 178 180 178 177 179 180 176 166 141 103 70 60 69 76 89 109 121 127 129 133 125 93 94 96 121 178 176 145 123 112 99 104 113 113 118 136 149 153 151 142 134 126 112 103 83 65 57 
125 132 113 108 95 79 105 124 146 137 121 99 72 78 84 74 71 70 78 89 106 113 129 149 166 182 184 189 192 196 192 190 190 189 187 187 192 192 193 193 189 184 175 161 154 151 139 129 118 113 116 113 115 118 128 141 155 171 178 179 178 175 176 175 174 174 178 177 177 179 178 175 168 147 117 92 63 68 66 81 98 113 120 123 128 125 102 97 111 119 168 169 138 122 113 100 100 111 109 114 129 142 144 143 137 130 117 111 100 86 71 54 
96 119 119 106 94 91 91 108 125 134 121 103 76 72 77 74 71 65 74 100 110 119 137 151 171 178 187 190 193 193 192 191 191 190 190 186 187 189 190 188 185 181 173 169 159 154 147 137 133 128 131 136 144 144 149 157 158 165 168 172 173 176 173 171 170 172 173 174 174 174 174 175 172 156 126 95 81 65 67 71 89 94 105 111 126 130 107 95 110 116 154 161 138 117 109 103 101 102 106 110 131 141 136 129 126 122 119 115 106 89 71 63 
90 97 114 111 110 83 89 94 107 130 127 110 84 71 72 70 70 70 85 102 112 128 143 162 173 180 183 191 196 196 191 191 191 191 189 190 188 189 188 186 183 180 176 171 166 156 149 144 142 142 150 153 162 174 173 173 172 173 175 174 173 175 173 171 173 174 177 176 175 178 183 187 178 163 142 111 80 68 69 75 79 85 90 103 118 123 111 86 102 112 145 158 133 111 109 107 102 97 102 109 119 132 131 127 120 112 112 115 106 92 70 53 
100 85 106 123 111 104 90 81 89 109 127 115 95 69 70 75 75 71 84 104 116 129 147 165 170 174 183 191 193 193 191 189 192 187 186 185 185 185 187 186 185 184 179 176 166 156 146 146 148 148 155 165 176 181 189 190 185 180 180 177 179 177 171 167 168 174 177 181 185 188 195 199 191 174 146 113 87 74 62 71 75 79 86 97 112 118 106 88 106 103 142 157 139 113 107 106 102 94 94 102 115 127 127 123 122 112 113 111 106 89 77 62 
104 88 85 116 112 98 105 87 80 94 122 120 102 77 66 65 72 72 80 94 113 134 148 159 169 173 177 189 193 192 190 191 191 188 182 181 181 182 184 187 186 180 180 175 167 159 146 142 142 152 159 170 180 188 192 196 196 193 193 189 188 187 187 185 183 189 189 193 195 199 203 203 193 175 155 120 94 70 67 71 76 75 79 91 108 118 106 92 107 109 132 153 139 116 101 103 99 92 98 101 114 130 130 129 128 120 120 117 105 96 74 60 
105 91 79 95 107 95 100 95 91 88 115 126 109 82 66 65 75 74 79 96 115 135 152 162 169 176 182 190 194 194 191 191 190 188 188 182 181 179 185 184 185 185 183 179 168 159 147 143 146 152 163 170 180 184 193 198 202 203 200 200 198 199 200 202 204 204 203 203 203 203 202 198 190 176 153 121 89 76 68 66 74 72 74 85 98 104 95 88 100 96 128 150 140 113 102 101 103 96 97 96 101 129 138 133 134 120 127 117 104 88 74 67 
107 99 81 91 99 105 87 96 84 88 104 118 112 91 66 64 85 80 72 92 116 130 147 161 172 172 176 186 192 191 191 188 191 188 185 182 180 180 182 186 187 189 182 172 167 154 148 138 140 151 158 169 181 185 190 194 197 197 199 199 200 199 200 200 202 202 202 201 202 199 197 192 182 172 155 131 98 80 68 75 82 86 87 88 96 102 88 83 88 89 125 145 137 115 104 99 100 104 98 98 107 131 132 131 133 131 127 125 111 95 74 64 
102 104 97 96 93 89 97 89 79 73 99 117 111 97 73 68 77 75 77 96 113 130 149 161 166 175 179 182 187 192 190 188 189 187 187 182 182 182 181 185 187 186 184 174 164 157 151 145 146 150 159 166 176 183 189 193 195 196 195 196 194 197 197 198 194 198 197 197 196 193 193 186 182 172 156 130 100 73 68 78 90 91 92 94 96 99 83 73 71 80 119 141 130 110 106 99 95 102 100 100 106 124 134 133 136 130 128 116 101 82 70 73 
103 112 94 97 91 85 95 89 83 84 87 115 109 101 78 68 80 71 88 99 115 134 151 163 170 176 180 183 188 191 193 192 188 190 183 182 183 183 185 187 191 190 185 177 169 155 149 142 144 150 156 164 176 180 185 187 191 191 193 194 190 190 186 188 189 192 189 188 186 187 185 190 183 166 144 120 95 77 67 84 94 97 98 92 93 98 73 56 53 83 119 136 130 111 98 97 98 96 96 106 108 127 135 135 138 135 132 119 101 87 63 69 
98 101 109 93 92 85 85 98 87 86 83 105 111 96 84 76 71 81 91 102 119 135 151 159 170 177 179 183 187 190 188 187 189 188 183 185 183 185 185 183 187 187 187 179 169 159 153 144 145 147 152 155 161 158 161 166 168 168 168 157 155 153 157 154 155 161 164 163 166 167 170 172 166 155 135 107 85 62 82 91 93 92 93 95 99 96 77 52 44 76 106 121 122 109 103 93 89 94 99 100 114 120 135 143 139 132 127 112 96 73 67 86 
94 106 114 82 82 84 77 89 90 86 82 93 111 93 80 67 76 77 90 104 123 142 151 158 167 177 183 184 185 187 190 185 187 188 185 181 184 187 186 186 188 187 184 177 170 158 149 141 136 134 134 134 133 134 128 130 133 135 133 131 129 123 127 130 127 128 133 133 136 142 146 149 146 135 114 96 66 67 77 91 94 94 96 98 100 90 72 72 55 78 102 114 110 107 97 97 99 104 105 110 114 126 133 136 139 133 117 103 92 83 79 93 
90 111 102 80 78 83 73 74 86 86 84 84 111 96 81 77 76 84 100 111 129 143 152 162 174 180 185 188 192 191 190 187 190 188 186 185 183 187 188 190 189 190 183 178 169 153 140 136 133 128 122 117 112 104 107 114 123 124 126 121 122 120 118 119 120 121 118 126 125 124 131 130 122 115 108 86 59 67 87 91 93 95 99 103 98 93 82 69 66 76 100 106 106 100 101 102 101 107 106 110 117 121 132 136 132 129 114 96 91 73 82 100 
86 117 99 80 69 76 58 63 80 94 85 76 103 93 81 71 76 80 97 112 130 150 159 166 173 181 182 189 192 192 192 190 186 187 187 185 187 187 190 189 188 185 181 173 164 153 137 128 120 114 103 96 92 89 96 115 117 125 124 129 133 135 129 124 122 125 126 119 118 119 121 125 123 116 105 85 71 82 93 95 95 96 102 101 99 81 55 46 67 92 94 99 102 100 100 102 105 104 109 113 115 123 128 131 135 119 105 101 81 85 101 103 
85 103 85 68 61 65 57 55 62 84 90 75 87 96 83 71 75 83 102 118 135 152 164 170 178 177 185 186 190 193 192 188 186 187 187 187 184 186 189 189 188 188 183 173 161 149 137 125 115 104 95 93 91 93 94 93 103 127 124 130 140 144 136 132 126 124 128 122 115 121 130 131 132 122 108 89 83 98 93 91 94 99 97 101 95 83 52 52 80 91 96 101 104 104 106 107 107 104 105 114 117 125 127 124 117 110 102 84 80 91 103 104 
96 97 74 50 55 70 61 58 61 68 82 82 81 93 84 80 81 89 105 126 143 151 165 174 180 184 184 187 190 193 193 189 185 185 186 186 187 190 193 194 190 187 184 174 160 148 133 118 99 92 90 90 95 95 87 89 91 117 126 125 138 153 151 139 134 135 130 128 116 106 109 129 136 130 118 103 106 106 102 92 99 100 96 93 92 72 45 68 101 106 107 106 107 109 105 106 106 109 112 115 123 121 119 115 107 101 93 85 94 104 104 106 
96 88 66 53 60 61 61 51 51 62 88 85 73 92 83 79 85 97 113 130 142 156 162 174 179 182 188 190 188 191 189 183 187 184 184 188 188 188 190 191 192 189 184 174 162 146 130 109 101 92 90 100 102 96 88 76 89 109 118 121 132 149 162 155 147 147 141 136 131 113 107 101 105 109 106 104 107 108 105 105 105 103 100 93 87 66 55 88 104 107 110 113 111 113 116 113 114 111 110 116 111 112 113 109 103 87 85 94 105 107 108 105 
89 70 60 56 52 66 62 56 56 56 68 92 77 91 83 75 83 106 124 139 149 162 165 172 182 185 189 191 191 192 189 185 187 188 187 188 187 190 191 191 191 188 183 172 159 143 123 110 93 86 94 99 102 87 79 84 90 107 119 122 126 140 162 169 163 151 152 151 143 130 115 101 92 85 84 95 103 104 106 107 110 109 98 90 85 64 59 94 105 107 111 114 116 114 113 109 111 112 112 111 113 107 100 94 86 84 92 101 108 111 105 104 
87 70 60 57 49 53 58 61 47 52 55 91 88 88 75 70 88 104 126 142 157 160 170 176 180 186 191 193 194 193 191 189 187 190 189 190 188 186 187 191 190 187 180 170 155 138 117 103 89 83 90 103 98 95 90 96 106 112 118 121 125 133 150 172 168 165 162 164 159 151 137 123 105 91 81 79 85 100 101 103 101 106 105 100 85 64 76 92 98 108 110 113 114 113 114 114 112 114 113 110 103 98 94 88 90 96 106 108 104 103 106 105 
70 57 52 55 50 64 61 64 58 50 51 68 92 90 76 73 87 110 128 146 158 165 169 171 182 186 189 192 191 192 192 192 189 190 190 186 183 183 189 191 191 189 180 169 152 135 114 94 79 84 94 98 91 94 98 117 121 121 123 125 122 128 143 165 171 165 166 167 166 161 157 139 128 107 96 84 82 77 88 98 101 105 104 97 87 76 81 98 101 105 109 110 110 111 110 112 107 107 104 102 101 94 84 92 106 110 109 112 109 110 102 98 
56 44 45 54 52 58 62 72 72 60 58 51 82 86 74 74 94 115 124 141 155 163 170 176 181 185 189 191 193 194 193 195 192 189 185 184 180 181 187 188 187 185 175 162 153 134 113 92 77 74 86 102 96 93 90 96 105 114 125 126 122 126 135 158 169 169 167 167 167 169 159 146 138 129 116 99 84 82 86 84 92 100 108 104 90 80 91 99 98 102 110 112 113 114 112 107 111 103 100 94 90 79 91 104 110 107 112 108 103 99 103 103 
55 49 46 54 58 63 53 66 76 59 52 60 66 83 75 76 99 121 136 143 158 164 170 176 181 186 191 196 195 195 194 192 191 188 184 182 182 180 184 187 189 182 176 166 155 140 111 89 72 78 94 99 96 100 73 61 69 94 124 122 114 120 132 152 169 171 174 169 172 171 172 160 152 137 127 118 102 88 78 86 95 110 113 115 101 91 96 103 106 104 105 111 110 109 109 105 99 94 88 90 85 96 107 107 107 107 105 103 101 104 97 91 
55 52 43 47 57 59 56 71 82 65 53 52 59 76 73 77 94 121 134 148 158 165 170 178 184 187 188 191 196 194 190 184 176 178 175 173 175 174 180 183 183 179 175 161 152 141 115 87 72 78 96 103 104 102 64 44 40 76 117 129 116 117 120 145 162 170 173 174 175 178 171 169 159 150 139 122 112 101 83 79 87 97 107 108 99 101 103 103 108 113 109 107 108 105 100 95 95 95 90 86 94 107 108 109 108 106 103 101 101 90 80 54 
51 39 42 45 54 48 51 81 74 60 50 57 60 70 73 79 102 119 133 145 159 170 172 178 183 186 188 191 192 189 186 176 168 166 167 167 173 175 179 181 179 175 169 161 150 137 116 91 67 75 99 106 105 112 66 36 32 60 117 126 118 108 119 137 161 166 174 177 178 179 175 170 160 155 142 130 116 107 88 73 73 86 103 107 103 100 102 108 110 109 112 109 104 101 93 91 86 93 92 100 109 110 105 106 107 105 102 99 92 67 43 21 
63 37 37 32 45 62 70 77 69 55 61 48 53 71 71 77 98 122 141 150 154 161 170 174 183 186 189 190 187 184 177 168 163 160 169 170 172 169 177 177 182 172 167 159 151 142 118 92 76 79 104 110 106 111 73 33 42 68 112 124 116 114 120 134 154 173 173 180 184 183 181 176 167 159 149 137 127 107 95 85 71 63 77 89 98 109 117 117 117 111 100 94 93 90 95 93 97 95 105 108 109 110 113 110 108 98 89 68 40 27 17 24 
68 52 35 37 44 50 64 67 62 45 55 52 60 69 75 82 103 121 135 149 157 161 166 172 179 181 183 182 179 179 171 168 163 166 171 167 168 169 175 174 174 168 165 160 151 140 119 95 78 81 106 119 109 123 86 40 35 67 110 123 117 110 120 132 154 168 174 177 182 183 179 173 168 160 147 137 129 117 102 88 79 73 68 79 94 103 103 108 104 102 95 92 91 97 93 88 78 92 94 101 96 90 85 78 66 56 43 24 24 23 29 32 
94 72 53 39 40 37 51 62 60 50 49 50 57 59 73 91 103 118 133 143 151 159 163 167 173 176 181 179 179 171 169 167 165 164 167 163 164 160 166 169 165 166 165 158 150 138 125 100 80 80 105 125 110 115 99 56 59 81 116 118 117 112 115 129 149 163 175 178 179 178 179 170 162 160 148 139 127 111 106 93 86 81 82 90 99 104 106 100 99 93 92 88 93 88 75 46 29 26 37 40 32 34 27 25 24 18 16 16 16 26 33 41 
104 98 76 53 36 37 45 62 58 54 59 49 58 67 68 85 111 119 126 138 152 157 163 163 165 170 173 173 170 169 169 166 163 159 160 156 153 158 159 163 165 158 153 150 145 139 119 110 92 82 103 127 110 105 105 87 76 97 112 127 122 115 120 127 146 163 172 174 177 175 175 175 164 154 148 137 126 117 105 99 89 82 88 97 104 98 97 98 92 92 91 90 78 56 23 21 16 19 13 16 15 14 18 16 13 21 22 28 36 45 44 44 
109 105 95 79 75 59 48 50 46 44 58 73 72 70 72 79 100 120 128 139 144 151 158 163 164 166 170 170 172 167 165 165 161 157 155 154 150 154 155 158 154 154 149 142 142 140 129 114 102 90 98 123 121 95 105 89 78 91 111 115 121 124 125 130 146 163 176 178 177 171 171 171 159 151 140 132 123 113 104 96 92 85 88 94 93 91 88 87 92 90 85 71 49 33 29 20 19 20 26 21 17 25 24 26 27 37 35 39 41 39 42 45 
109 112 105 89 98 94 75 69 60 69 92 97 87 64 55 67 87 101 121 125 138 148 153 157 158 162 161 164 162 162 160 156 159 154 150 148 153 150 149 154 149 144 141 145 144 144 128 114 103 92 99 121 126 101 96 97 86 90 110 123 124 123 128 128 145 161 171 177 172 168 166 164 157 149 141 130 122 109 104 97 87 86 89 88 93 92 89 92 86 77 65 44 40 37 28 31 33 31 33 31 34 30 34 32 34 37 46 44 45 49 45 41 
111 105 104 101 98 103 82 79 98 104 100 89 70 53 44 49 73 92 105 123 129 135 148 151 154 154 160 160 159 154 154 150 148 145 147 147 148 147 146 147 143 146 145 141 144 148 140 122 109 94 94 118 127 111 85 83 87 93 112 125 129 125 123 131 143 157 170 174 171 163 159 159 151 141 135 123 116 108 102 95 91 86 89 89 88 91 93 92 86 77 46 35 36 33 41 35 34 39 32 35 37 38 33 41 40 43 46 48 47 49 47 47 
109 110 106 99 91 94 99 102 104 100 97 89 74 59 53 44 55 73 96 104 122 131 134 145 145 152 152 157 151 154 151 150 153 149 147 149 148 147 141 138 138 136 137 141 142 149 140 125 112 95 92 107 119 119 99 82 79 91 106 122 127 126 129 131 143 152 161 168 164 156 154 151 143 138 129 120 114 104 102 93 90 86 87 85 97 92 91 87 94 93 90 70 49 44 35 46 44 43 37 40 45 45 49 42 51 48 49 46 48 48 49 51 
113 112 107 107 104 87 81 90 92 86 79 81 78 73 64 57 52 60 71 92 101 118 128 130 139 142 142 144 143 146 143 147 153 151 145 145 146 141 140 136 134 136 135 136 141 140 139 121 102 92 92 103 115 111 105 101 100 101 103 118 121 129 127 138 138 146 149 148 148 142 143 143 137 126 124 116 112 109 99 94 89 89 91 90 88 90 91 93 94 96 92 93 91 74 62 48 43 41 49 46 44 45 42 52 46 50 50 49 51 46 48 46 
107 106 108 108 105 86 67 69 70 72 67 76 84 80 76 67 65 54 53 66 91 102 113 123 128 133 139 141 142 141 142 141 138 142 140 141 137 139 140 134 131 127 130 131 132 136 131 119 98 89 96 105 110 105 108 108 112 116 101 114 123 123 120 124 132 134 135 132 131 132 132 130 126 123 118 110 106 102 93 91 90 91 90 93 91 92 94 93 91 95 94 94 94 93 93 65 46 47 46 48 50 49 51 50 52 52 52 49 46 52 49 46 
109 113 107 103 109 87 56 51 55 55 59 68 78 62 66 64 58 58 64 59 66 89 103 112 122 130 129 136 136 137 139 139 141 140 137 137 138 133 138 129 126 125 124 124 124 124 126 118 97 94 89 105 109 109 109 111 111 113 113 117 124 128 126 122 126 129 132 125 124 123 118 122 119 109 108 109 104 98 100 92 94 89 97 91 96 96 97 94 100 94 94 94 93 94 87 86 49 40 48 44 43 44 42 46 48 48 42 45 39 41 44 41 
113 106 109 102 104 94 72 59 58 54 70 79 67 61 64 52 52 49 40 45 47 47 77 106 116 120 130 133 134 135 133 135 130 128 126 123 123 121 114 115 110 109 112 114 111 113 112 108 96 87 91 89 100 104 105 113 111 112 111 120 114 122 122 125 121 120 119 117 117 118 116 108 105 110 106 101 90 91 90 94 94 94 98 92 92 93 95 95 93 94 95 93 94 92 95 90 68 41 37 42 46 43 41 32 29 34 32 31 43 49 43 43 
111 112 107 103 99 89 78 56 57 75 78 84 75 70 83 63 50 51 43 33 34 40 41 61 93 113 117 119 119 122 123 124 121 121 118 117 115 112 110 106 107 108 104 106 109 109 107 104 98 95 85 87 93 101 111 113 114 113 114 114 120 118 116 116 119 121 117 114 109 108 112 115 116 107 101 88 83 91 94 95 94 98 96 98 98 96 96 98 96 96 95 93 91 90 95 91 81 51 44 41 42 43 37 38 39 39 38 41 37 37 40 40 
110 109 111 106 104 92 85 76 72 68 77 85 85 83 91 82 62 49 49 39 36 33 37 38 50 73 93 107 113 108 110 111 114 111 107 107 110 107 107 106 104 103 107 106 103 103 105 110 106 106 96 97 96 98 101 106 108 107 109 106 105 107 110 111 106 100 110 112 114 111 121 121 122 120 105 96 89 93 95 94 100 95 94 94 94 95 96 91 97 91 95 97 98 96 93 95 83 61 42 44 35 38 34 39 34 34 41 43 39 44 44 41 
106 109 110 109 104 85 91 102 105 94 83 83 86 87 93 98 85 61 51 49 40 37 42 45 39 47 50 61 85 106 102 101 98 97 95 96 95 91 90 92 90 95 85 90 94 91 92 86 87 70 68 61 63 65 59 61 62 64 61 79 90 95 100 96 99 99 110 125 115 116 126 130 129 116 108 96 94 96 99 101 95 100 98 99 98 95 93 98 93 99 91 90 88 88 97 92 92 78 45 39 48 44 45 42 42 44 38 43 35 29 31 40 
110 110 107 110 104 89 87 96 98 98 100 98 102 94 96 98 106 74 53 48 53 52 39 42 38 39 39 49 52 67 79 74 76 79 84 74 75 78 71 71 70 62 64 62 63 59 48 48 40 35 26 27 29 26 29 34 38 42 59 97 109 112 113 121 121 119 121 117 111 116 118 117 111 107 101 96 98 96 96 97 99 92 95 95 94 95 92 95 95 90 97 94 96 98 92 90 85 81 61 43 39 40 38 42 40 41 43 41 45 41 40 39 
109 108 107 111 111 97 97 98 102 108 105 103 107 105 100 100 104 98 65 60 63 56 50 45 47 45 47 48 48 45 45 62 56 55 60 61 59 56 57 54 47 47 42 31 39 36 38 28 22 15 24 21 19 24 31 33 42 62 95 113 116 118 122 118 125 128 122 118 113 117 109 105 96 95 96 100 89 101 96 96 93 100 99 97 92 98 98 95 91 95 91 91 93 92 95 94 96 88 70 42 43 45 41 42 43 36 35 38 39 40 34 34 
111 112 114 104 106 105 106 102 102 101 106 109 108 104 107 100 106 107 90 62 56 64 61 58 55 47 40 39 44 53 48 46 57 55 53 57 49 53 44 40 41 37 32 36 28 26 28 33 30 33 25 23 26 20 25 38 56 66 80 80 78 88 97 110 109 106 104 100 99 91 93 91 102 97 100 98 102 96 97 96 96 94 97 95 98 93 92 95 99 94 97 96 91 95 90 94 90 90 84 57 41 40 47 43 43 48 42 38 41 42 36 27 
106 110 104 108 109 108 109 109 108 108 107 107 106 108 107 107 102 102 106 90 69 53 62 56 54 54 46 45 47 39 55 48 49 45 44 48 48 44 49 46 38 41 35 32 29 32 35 30 32 30 28 33 29 29 30 36 45 49 54 81 95 102 104 101 100 99 94 90 89 90 96 97 98 99 94 95 97 97 96 95 98 97 93 97 94 96 95 94 91 95 92 94 96 90 94 90 92 92 85 62 43 43 41 44 44 43 41 43 44 42 42 44 
112 109 112 109 109 104 105 106 107 103 108 106 111 107 109 111 110 103 103 106 85 75 59 61 60 49 36 36 43 51 49 58 53 38 31 40 44 49 45 40 43 32 36 39 37 36 39 47 35 39 34 33 28 29 31 40 61 80 100 101 105 103 89 91 94 99 100 101 92 100 99 100 95 101 101 100 98 99 100 97 92 94 98 94 94 95 97 96 97 96 96 89 92 96 93 98 94 93 89 80 53 41 47 41 35 46 43 41 36 38 38 33 
107 110 108 109 111 111 108 107 105 111 108 110 100 105 105 106 111 106 103 103 105 88 83 56 55 57 58 41 28 27 35 42 55 59 44 33 34 37 41 43 40 38 36 33 34 33 32 34 43 31 26 24 27 33 47 71 84 97 92 105 96 95 91 98 101 98 99 97 101 97 99 98 99 94 93 92 92 92 93 94 100 94 92 97 94 93 93 95 95 91 96 95 94 92 95 87 91 92 91 90 60 48 43 46 51 40 39 47 45 44 47 44 
108 107 107 108 110 110 105 110 107 104 110 114 114 111 108 108 108 108 104 104 104 104 89 81 65 56 52 57 46 40 26 28 34 45 50 51 42 46 42 35 35 34 39 34 33 33 33 34 18 28 28 28 32 35 39 61 84 88 92 85 98 95 98 103 102 101 102 101 99 101 99 100 99 100 98 101 99 99 96 94 94 96 97 93 92 96 94 93 93 94 93 93 95 90 93 93 93 94 90 89 82 45 48 49 42 46 49 45 45 44 34 40 
111 110 111 108 106 104 109 107 106 106 106 109 105 109 108 108 104 103 103 108 100 100 108 99 82 66 50 45 51 44 35 25 23 27 31 35 42 33 35 44 36 43 37 41 37 32 27 26 31 24 26 27 30 52 63 74 86 92 91 99 97 97 100 99 95 101 99 99 99 96 99 97 98 97 98 94 96 96 95 96 97 93 93 97 97 90 93 93 91 93 94 93 90 93 92 93 89 88 90 95 84 69 42 42 47 47 52 47 43 44 48 44 
107 106 108 106 106 112 107 110 111 110 111 109 108 109 108 107 108 108 105 106 107 102 101 105 104 83 64 48 36 43 43 40 29 19 21 23 24 30 27 26 31 24 24 26 31 30 27 26 29 28 31 30 47 78 91 98 98 100 97 97 99 97 99 103 101 100 101 100 100 102 98 99 100 98 96 95 95 95 95 96 95 95 94 92 91 98 93 92 95 93 91 92 95 95 91 93 95 89 89 87 89 73 47 49 46 48 53 47 48 47 41 38 
