10 113 114 111 109 107 111 107 110 114 110 108 113 110 76 92 101 107 92 100 85 79 58 74 90 95 95 100 99 94 109 117 112 94 94 104 101 108 103 104 105 106 105 102 103 106 106 106 103 105 102 105 100 102 101 101 94 97 93 93 81 86 84 84 78 79 73 67 66 65 68 65 62 62 56 61 54 61 64 58 68 58 57 61 62 55 58 54 61 58 60 56 57 56 59 57 58 58 56 59 55 51 51 52 56 48 56 55 58 55 49 52 
116 116 117 117 115 113 111 114 110 115 117 114 114 111 119 116 118 115 116 114 117 116 117 119 117 94 70 84 70 42 59 102 98 85 69 69 70 77 78 70 90 135 159 93 72 96 134 150 159 162 169 162 151 161 159 156 156 159 160 166 179 192 189 162 137 167 182 164 132 92 100 104 101 103 104 105 102 107 105 98 102 102 102 102 97 101 97 99 104 105 98 98 99 99 99 98 97 96 102 99 94 98 105 105 102 99 98 100 101 98 100 102 
112 117 113 114 119 115 118 117 121 115 116 118 115 118 114 112 114 112 116 114 114 117 119 122 91 45 45 29 24 34 36 39 31 33 30 30 30 28 14 15 30 93 173 118 70 99 138 155 167 170 168 172 167 155 154 141 143 145 146 154 167 179 198 192 167 168 178 179 165 122 97 108 104 106 100 100 104 99 103 101 99 102 97 98 103 101 100 99 100 95 100 99 100 98 103 97 103 100 94 97 104 99 97 97 101 97 103 98 93 101 99 100 
115 114 118 117 117 117 116 112 115 120 113 116 116 113 117 115 116 119 112 118 125 121 118 87 41 35 29 34 33 34 31 32 34 32 26 25 19 18 24 33 40 49 98 120 112 77 113 160 172 171 168 175 167 150 138 120 115 123 131 136 143 155 165 176 157 161 173 184 182 153 110 91 102 103 101 105 102 100 102 102 103 102 105 104 97 99 105 102 102 100 99 99 100 97 95 99 100 101 104 103 94 100 103 100 100 99 94 101 105 97 98 110 
117 114 115 117 116 114 117 116 115 115 120 116 115 117 114 113 116 114 121 119 111 89 54 37 30 30 30 29 25 34 28 37 32 29 30 29 35 36 41 42 34 34 60 112 137 132 104 113 154 162 164 166 164 136 120 105 116 142 150 166 159 156 164 173 163 154 145 168 182 162 130 104 100 103 106 103 104 102 108 106 100 98 98 101 103 101 97 101 99 99 100 99 97 103 103 103 99 99 99 100 107 102 101 98 101 102 103 97 99 100 101 104 
113 117 117 114 114 118 115 115 115 114 110 117 115 115 116 119 118 119 109 92 55 31 30 32 28 26 24 30 34 29 25 31 27 23 29 32 34 45 59 46 41 51 43 79 136 171 156 124 89 111 172 200 174 119 98 109 124 152 181 183 171 152 156 181 180 161 162 164 183 175 144 102 101 106 104 103 102 103 97 101 101 105 104 102 100 99 101 102 97 99 99 100 104 99 99 95 99 101 101 103 96 101 99 102 102 100 94 102 103 100 100 103 
116 113 113 116 121 116 115 115 115 116 116 114 116 116 115 115 119 100 63 45 41 29 42 37 36 23 20 25 44 31 34 28 20 24 24 30 29 43 46 39 46 49 51 46 84 133 158 162 135 106 130 186 170 87 87 99 116 166 198 189 172 160 162 171 188 177 150 164 182 177 155 124 98 107 104 105 107 99 103 101 102 102 100 101 103 99 101 100 102 102 101 103 100 101 102 103 101 97 103 105 100 100 98 100 102 101 106 102 99 102 98 112 
113 116 119 117 116 118 118 117 116 114 114 116 114 118 119 116 109 54 37 34 37 39 29 25 23 26 35 30 23 23 22 32 36 34 37 30 37 40 34 52 60 65 58 62 59 71 117 157 168 159 133 124 111 55 59 82 112 179 197 188 168 158 170 171 174 192 158 153 168 175 162 131 90 101 103 104 101 106 103 101 102 105 101 99 103 102 103 101 103 97 99 99 101 100 103 101 101 99 97 96 102 103 103 102 100 101 103 102 100 97 101 100 
119 116 118 116 115 116 112 114 115 116 117 115 117 115 113 102 68 40 33 33 30 28 27 24 23 22 23 34 29 26 29 32 32 21 23 33 48 51 54 63 57 56 54 45 49 57 85 123 157 169 155 141 127 120 98 82 115 167 182 183 183 170 168 180 176 177 147 152 164 169 155 129 99 108 108 103 105 102 103 108 105 100 98 103 101 106 105 101 103 104 98 103 104 105 95 100 102 104 103 105 100 99 105 103 107 97 103 103 100 105 119 123 
117 113 112 116 115 118 119 118 118 115 114 116 116 109 64 41 31 30 35 32 31 27 25 28 26 29 33 33 37 34 39 42 34 33 43 51 47 51 47 39 36 45 44 39 30 31 78 123 136 152 164 156 148 142 141 151 159 176 171 170 167 161 156 148 145 142 121 140 158 169 165 141 100 92 103 101 103 102 103 103 103 105 106 107 103 103 100 97 101 104 102 98 101 100 106 102 99 100 102 96 106 106 101 104 98 104 102 99 112 130 111 79 
114 119 114 117 113 116 117 115 114 113 114 116 113 75 40 32 39 42 37 28 31 35 30 24 25 25 31 28 31 38 37 36 41 48 47 38 47 42 38 44 35 35 32 36 43 41 54 97 116 125 145 148 147 145 142 141 140 133 136 135 129 132 126 130 125 122 123 120 129 137 141 150 122 101 100 108 100 108 105 103 107 103 101 100 104 99 105 104 105 101 101 103 104 103 101 102 103 102 106 103 101 103 99 100 103 104 107 115 115 71 27 48 
113 110 118 116 119 118 115 116 117 117 115 106 70 42 24 32 30 40 42 39 32 25 23 24 29 26 31 42 49 48 46 51 52 54 51 50 40 35 35 35 42 44 48 51 52 48 54 76 115 128 127 126 127 129 130 127 124 124 120 119 122 118 115 119 118 123 123 117 118 115 114 110 113 104 100 98 105 102 104 101 102 102 106 107 102 105 103 103 101 105 106 102 103 105 104 102 102 102 102 107 105 101 103 104 102 102 100 104 67 29 108 153 
119 117 113 113 115 115 112 115 115 121 109 75 41 37 33 29 40 44 40 32 28 26 30 30 30 35 38 43 50 57 58 60 53 52 48 38 36 42 47 43 53 51 50 51 49 45 44 77 127 138 143 147 149 149 144 140 138 133 136 128 127 122 118 121 120 120 120 114 117 115 115 117 114 114 110 103 99 94 97 102 100 105 107 103 106 101 104 102 102 108 103 104 107 102 104 102 104 105 104 99 102 105 100 103 104 106 112 80 28 98 148 137 
113 112 116 121 114 114 117 117 122 108 73 40 36 29 30 36 43 46 35 39 30 31 30 29 34 39 40 45 53 59 54 57 58 48 38 37 45 51 53 58 58 66 85 87 84 75 34 52 122 161 158 158 154 150 145 147 143 142 137 139 136 137 133 127 122 118 117 118 122 120 117 117 119 120 117 120 120 118 113 103 102 92 95 100 101 105 104 102 103 100 98 99 101 105 102 104 101 103 101 103 103 101 103 108 100 98 96 41 87 135 130 131 
114 116 112 116 116 114 112 115 112 74 46 37 36 38 25 31 43 45 41 44 47 27 25 32 44 47 40 54 70 70 73 65 51 43 49 57 57 55 75 82 98 124 136 150 155 147 99 30 96 160 168 161 153 147 148 149 146 146 145 144 140 137 135 132 133 132 124 117 114 114 119 120 122 126 127 126 123 124 122 117 115 116 106 101 97 94 104 110 115 112 103 103 101 102 101 100 104 102 101 104 99 104 104 96 104 100 88 92 137 140 140 138 
115 116 117 115 114 118 125 110 88 65 52 35 29 26 25 35 45 42 42 50 39 33 39 39 48 42 48 53 66 84 73 60 60 66 67 66 76 92 105 127 142 152 161 159 164 165 161 80 57 100 157 166 162 157 152 150 146 152 147 142 143 139 140 140 138 135 132 131 126 127 127 121 122 123 123 122 124 123 124 122 118 113 118 116 111 110 96 97 102 110 127 127 125 118 116 118 115 114 117 111 117 108 109 114 111 116 119 121 117 113 115 121 
116 118 112 116 116 119 113 78 55 49 43 37 51 36 37 48 47 53 55 47 49 39 41 45 51 50 59 67 79 78 73 79 79 76 80 85 104 126 145 151 159 159 158 163 166 165 168 131 56 83 110 154 167 161 156 150 153 151 155 153 146 144 142 147 147 146 142 142 142 144 140 133 132 130 131 128 120 126 125 130 128 123 118 122 115 111 112 101 95 90 84 108 129 136 129 123 126 126 122 118 119 122 119 119 116 115 118 116 112 112 108 105 
114 113 118 118 118 112 79 53 58 45 42 33 33 29 34 35 51 63 55 54 50 48 44 46 48 55 61 88 98 98 97 96 92 105 112 120 143 160 159 163 157 160 164 163 162 167 168 166 77 59 105 111 145 167 169 166 166 170 159 152 150 148 143 142 147 153 152 154 155 144 150 148 142 137 128 129 129 125 123 125 130 128 126 124 118 118 111 112 109 99 99 78 78 107 130 130 125 126 124 124 120 120 116 115 123 124 119 121 123 119 118 112 
115 114 114 114 116 84 51 47 37 52 44 70 47 33 43 51 69 70 60 63 59 56 46 57 59 59 96 110 115 119 115 112 118 123 141 150 162 166 169 168 172 169 167 163 163 164 165 162 112 44 65 106 109 144 167 175 172 169 170 163 160 154 151 147 146 143 151 152 147 144 147 151 151 144 138 136 132 129 124 126 127 130 129 133 125 127 126 115 107 109 104 102 92 69 70 107 124 121 124 127 123 122 120 119 115 120 122 117 118 121 121 119 
117 117 118 118 104 60 51 38 38 61 57 91 47 31 33 36 49 62 60 55 53 47 63 54 59 79 111 126 134 128 129 140 145 157 162 169 170 172 173 175 169 173 171 165 163 157 159 163 147 124 91 125 129 111 144 169 172 173 173 172 172 165 158 153 149 149 151 152 158 156 159 154 150 153 147 138 140 131 130 124 124 131 131 131 130 126 124 125 121 114 114 106 102 98 88 70 83 110 112 115 115 117 118 117 119 116 117 120 120 121 126 132 
112 115 116 109 78 45 59 43 39 51 49 62 43 27 30 33 38 51 49 56 48 57 59 73 74 103 140 152 149 149 151 154 162 172 172 169 174 174 178 173 173 173 174 173 166 156 152 158 167 184 178 130 116 74 75 97 141 187 202 189 171 171 168 161 162 157 157 157 156 153 152 152 152 147 142 140 132 130 129 128 124 125 126 130 131 129 131 129 118 120 117 110 103 103 96 88 68 64 95 106 107 105 108 112 116 115 117 116 120 123 126 118 
115 113 115 100 54 48 46 40 47 54 61 51 30 30 35 36 45 49 45 46 59 55 64 80 97 130 157 163 163 162 162 169 169 171 171 170 175 176 179 177 172 175 175 177 166 151 158 145 96 112 144 96 85 104 106 90 65 52 100 174 200 177 178 172 165 155 158 161 158 156 155 153 149 152 144 139 145 136 132 131 127 133 137 136 136 132 124 127 126 124 122 115 112 109 105 97 94 76 60 71 95 98 101 105 105 111 111 117 115 119 127 128 
112 115 114 84 57 38 39 34 45 60 55 33 27 33 35 33 46 48 52 51 59 56 69 89 117 141 161 170 171 172 173 174 171 168 169 174 178 178 176 176 177 180 177 177 167 149 96 58 109 154 154 166 152 115 131 161 181 173 124 59 115 206 175 180 169 160 163 158 166 159 153 155 156 153 148 143 140 140 143 140 140 137 139 140 138 134 131 126 125 125 118 115 120 114 103 103 91 86 72 63 55 78 86 90 97 102 105 106 107 108 114 122 
118 117 96 58 41 49 42 43 55 80 70 34 33 28 31 44 43 45 49 58 64 60 87 106 124 154 166 169 172 171 168 178 178 179 175 174 177 178 178 180 179 174 178 163 155 88 93 145 171 175 170 168 153 121 101 102 125 157 180 196 124 82 196 180 178 170 168 165 163 169 156 157 159 152 148 144 143 147 148 147 143 141 138 135 137 136 128 131 134 127 127 118 113 116 115 102 101 91 86 74 66 55 64 78 84 88 97 98 107 112 110 111 
116 109 73 52 39 44 47 50 58 62 51 41 33 42 38 38 50 52 56 64 71 77 96 117 130 156 170 175 176 174 174 171 173 175 179 181 182 183 180 181 186 178 177 155 94 109 149 144 155 159 167 173 165 151 148 132 121 123 142 164 191 154 114 185 176 173 173 171 167 164 164 157 156 149 143 143 138 132 140 146 147 143 142 142 135 137 137 132 131 134 131 129 117 114 113 112 104 105 91 87 69 69 59 59 67 75 79 88 90 97 104 105 
119 93 67 49 49 54 54 55 65 44 25 38 33 33 38 35 45 49 61 69 69 73 107 119 150 161 163 162 172 178 178 181 179 175 176 176 171 177 177 182 183 175 169 113 107 152 141 132 155 152 158 167 150 138 158 164 160 144 132 137 159 192 134 145 159 158 157 160 165 168 163 159 162 153 155 148 146 147 142 142 146 144 144 142 141 143 139 137 130 132 133 127 124 118 114 111 117 108 101 81 82 64 57 58 60 70 77 78 86 91 102 109 
112 79 60 51 57 63 49 61 60 45 47 43 37 36 38 54 56 51 61 80 72 93 107 137 168 177 173 173 180 180 180 180 181 182 180 181 184 184 183 181 179 170 154 87 145 157 148 139 151 150 144 153 138 148 165 175 174 167 160 162 153 161 188 83 139 135 126 141 155 172 166 158 152 156 153 148 145 144 140 148 146 146 147 144 142 143 145 136 135 134 130 127 127 125 115 108 110 114 104 101 81 73 66 61 62 58 61 78 79 86 86 94 
97 78 53 50 62 57 70 68 66 45 38 55 33 48 55 53 57 63 80 72 84 93 121 155 180 173 175 178 179 178 182 182 184 184 185 186 184 185 186 185 174 173 143 127 163 155 142 144 157 138 133 138 139 153 165 172 181 181 174 162 157 158 182 157 85 123 120 127 157 170 169 168 165 157 153 154 150 153 149 151 150 150 147 146 147 150 142 144 140 138 137 132 126 123 115 112 116 108 111 106 98 77 67 63 56 65 63 62 68 76 81 85 
89 70 57 51 48 51 55 63 54 49 53 48 45 49 59 49 57 65 75 86 96 116 142 162 171 181 178 178 186 187 188 185 186 186 187 187 185 186 189 185 177 174 141 155 164 147 138 143 138 122 133 133 150 163 172 173 174 183 175 162 164 157 164 186 82 127 118 117 149 176 167 164 166 166 163 161 156 157 155 157 152 149 147 144 141 143 146 145 142 139 140 129 126 125 121 116 113 113 104 110 106 91 76 69 65 60 63 65 66 66 75 79 
88 64 45 64 71 65 77 68 56 59 68 58 53 64 56 52 61 72 82 96 101 134 155 163 179 187 191 187 191 191 188 191 192 190 191 191 190 187 192 185 173 170 127 165 160 150 136 140 115 118 123 119 136 150 168 177 172 176 166 154 154 154 162 183 116 123 126 124 154 177 176 179 171 165 163 162 160 154 156 156 153 145 145 141 145 145 139 142 146 138 135 131 125 122 117 116 114 119 119 114 107 97 81 66 62 59 61 61 60 64 61 71 
78 63 60 81 66 67 81 86 61 74 74 59 58 66 50 62 73 73 90 96 110 134 158 183 193 194 193 196 192 195 196 194 191 193 192 190 194 194 186 173 162 154 105 157 149 143 135 130 133 150 121 118 143 129 156 171 168 161 153 150 151 154 162 175 130 119 127 122 159 184 184 180 178 178 174 164 164 157 159 156 149 149 148 146 141 142 140 139 138 138 136 133 134 130 125 117 115 118 110 118 118 105 89 74 68 63 62 60 63 61 68 64 
91 70 61 84 76 82 109 75 63 90 90 70 72 66 53 62 68 86 98 105 118 149 179 188 190 191 192 198 197 198 199 195 192 193 198 196 196 195 181 162 164 150 103 153 141 108 105 114 154 145 111 128 162 140 155 162 151 152 149 150 153 158 164 167 153 120 127 122 160 188 185 185 183 184 176 168 163 163 160 158 157 154 153 140 136 141 139 137 135 136 133 136 132 135 134 125 123 127 119 114 111 109 101 76 65 65 66 63 60 62 62 66 
92 74 77 98 89 102 101 81 86 95 89 76 69 61 58 69 77 93 105 110 132 168 184 190 193 193 200 199 197 199 196 198 194 195 196 197 199 198 190 166 159 141 101 143 130 129 112 85 162 133 116 144 178 157 137 155 151 148 148 147 149 160 157 160 166 119 132 128 163 188 189 188 182 178 177 171 168 165 156 150 150 150 142 137 132 129 128 125 125 135 141 133 131 119 126 129 127 128 117 118 118 105 102 91 70 63 60 59 64 63 63 65 
88 79 87 103 89 115 105 79 87 106 86 63 70 60 49 60 77 96 109 115 139 175 187 188 191 195 196 197 194 195 198 197 197 195 198 196 197 199 191 169 154 136 97 136 134 188 183 122 160 109 98 107 160 164 128 142 150 152 149 148 150 153 154 155 177 120 134 135 172 193 193 189 189 187 186 173 169 169 164 157 155 149 144 135 135 133 129 120 112 113 126 132 134 128 128 135 136 133 129 122 117 117 104 95 84 67 67 58 60 61 65 60 
99 79 92 109 105 112 90 78 101 120 93 69 78 60 51 68 89 103 111 132 162 183 185 188 191 195 198 199 199 198 198 199 199 199 199 199 199 197 186 166 150 132 102 119 120 168 167 143 152 114 97 111 118 155 113 135 141 151 142 135 143 153 158 155 175 128 137 133 175 192 192 193 187 185 186 184 171 165 162 157 152 146 145 146 130 123 118 106 96 104 125 136 139 145 147 143 134 133 126 124 120 115 115 104 91 69 60 65 58 57 59 62 
86 84 102 112 113 110 85 60 88 99 91 68 80 61 55 72 90 112 119 137 165 185 190 191 194 194 196 197 198 198 199 199 197 197 197 197 199 197 193 174 148 125 106 102 102 100 97 135 131 99 94 91 115 131 123 135 140 144 141 139 141 153 150 156 168 133 138 149 184 193 192 189 189 186 182 174 170 170 165 157 151 146 143 135 126 113 103 87 87 115 134 144 148 142 136 139 137 136 131 123 117 117 114 104 102 78 64 61 57 64 59 66 
87 92 105 114 110 102 79 69 77 111 87 66 58 58 72 90 106 115 125 146 171 191 196 200 202 201 204 202 200 200 201 199 200 199 202 199 198 198 193 172 143 119 117 98 97 105 103 130 118 79 71 82 108 124 113 133 135 140 141 129 139 162 154 159 161 136 139 154 185 197 194 187 186 182 176 176 168 169 165 157 144 152 151 141 121 108 82 72 85 128 152 156 151 144 149 150 146 137 134 145 136 131 122 112 105 89 71 61 64 59 59 59 
101 104 108 119 105 86 72 60 81 106 78 55 53 63 84 94 106 114 125 151 181 195 201 202 201 202 199 200 201 200 200 199 200 199 197 196 196 196 191 169 134 113 110 85 84 106 94 113 130 86 80 91 112 131 119 125 132 133 131 130 146 164 158 175 158 145 141 168 190 194 192 190 183 177 170 169 168 164 161 160 161 156 148 135 126 110 78 59 81 128 157 159 152 145 148 148 149 143 133 128 138 142 134 119 110 101 76 57 57 56 60 61 
117 116 107 110 85 67 60 52 72 96 60 57 51 54 77 91 109 124 134 163 188 199 201 201 206 203 202 202 202 201 201 202 200 201 197 196 196 191 189 173 140 117 112 89 80 96 106 79 115 106 84 94 127 139 118 117 123 130 128 133 149 162 151 185 155 147 143 181 192 191 189 186 181 174 165 163 160 165 166 161 160 155 144 142 130 108 78 41 79 135 155 156 152 151 151 148 146 144 131 139 139 135 138 131 116 102 87 66 61 63 59 60 
108 109 99 97 70 53 49 47 80 77 50 49 55 57 75 104 118 135 146 177 193 201 202 202 205 204 203 204 204 203 202 202 201 203 205 202 197 195 188 175 136 107 111 89 84 88 104 115 126 115 114 132 150 137 118 113 117 123 121 131 155 159 155 185 138 144 150 188 193 191 191 183 180 157 156 163 173 175 169 167 163 159 150 146 134 113 68 43 80 139 148 152 149 149 148 151 147 156 147 145 143 139 135 129 125 101 89 74 62 53 53 60 
110 113 94 93 66 55 39 48 67 60 44 56 47 68 97 106 126 142 156 183 191 198 203 204 203 203 203 202 200 199 199 201 202 200 202 200 195 191 185 171 134 93 101 86 89 91 130 66 116 112 104 114 135 138 121 113 116 123 130 143 145 142 167 175 119 132 162 191 189 184 181 177 159 142 155 172 177 176 175 174 169 162 153 144 134 123 85 41 71 134 153 146 148 144 142 140 152 155 152 158 151 142 139 133 123 116 103 78 59 61 60 55 
112 103 94 90 57 45 40 48 74 70 41 36 49 63 90 109 127 147 155 181 190 195 197 200 200 200 203 201 200 197 199 199 201 199 197 196 193 191 183 173 139 96 102 84 88 110 206 94 69 95 102 77 84 112 119 121 118 122 134 149 161 156 179 134 129 137 173 182 176 174 168 160 162 157 169 176 172 183 180 171 171 164 156 148 144 124 70 34 68 124 144 137 134 141 137 138 151 158 153 156 151 140 130 132 130 111 109 94 68 60 64 64 
113 105 83 79 57 45 36 52 61 47 47 53 61 99 102 113 133 150 164 180 187 195 196 198 200 201 199 199 198 198 198 201 200 196 194 193 193 191 185 182 154 115 109 84 94 95 140 103 67 75 88 76 79 110 119 124 121 124 136 154 155 153 150 104 111 154 185 170 168 166 158 156 155 158 169 178 180 184 179 170 162 164 159 162 153 124 67 49 66 121 137 131 132 139 137 136 153 164 174 160 153 153 141 135 134 119 103 81 69 61 59 62 
105 98 74 65 47 33 23 46 51 40 38 43 70 89 98 116 144 165 167 185 190 192 198 199 200 197 196 196 196 193 196 199 199 197 198 197 195 191 185 173 154 114 114 79 96 101 83 92 93 74 81 83 68 118 139 120 117 124 143 154 153 165 94 105 147 176 175 160 152 150 148 141 141 150 159 170 177 170 170 175 163 159 161 159 152 110 58 42 67 118 133 127 134 131 135 142 147 162 179 167 162 149 138 137 127 110 98 89 74 64 64 58 
94 72 68 67 46 29 28 44 51 43 38 58 75 84 106 130 150 158 171 185 193 197 195 196 198 197 198 198 194 197 196 195 195 197 199 195 193 190 187 175 165 143 127 85 101 103 101 91 88 87 65 87 117 134 154 141 134 145 156 149 161 105 94 143 164 156 155 151 143 141 129 115 98 97 135 165 181 177 176 169 163 164 165 166 154 103 52 47 78 120 137 122 113 124 122 135 153 157 170 167 159 151 141 138 129 116 102 88 81 67 58 62 
81 65 64 60 52 25 34 35 46 39 48 61 68 88 114 131 157 173 172 184 193 199 199 198 197 196 196 196 194 191 193 195 198 198 198 198 193 192 187 182 172 148 134 84 108 108 104 114 92 88 89 87 129 169 163 136 133 134 123 146 123 73 143 166 153 145 154 158 145 139 119 108 97 81 80 128 171 165 168 169 167 164 161 176 146 79 53 43 83 119 133 121 113 111 118 124 147 162 167 161 158 149 150 136 127 115 101 86 70 64 62 68 
89 73 69 62 51 27 24 34 36 41 53 57 73 102 120 139 156 169 174 183 192 194 197 198 194 195 194 195 193 197 196 196 197 196 193 193 196 191 184 177 171 152 144 76 112 106 104 117 102 90 101 124 149 168 145 129 126 128 151 113 69 148 171 161 150 155 153 157 156 129 108 88 89 92 66 88 154 151 152 166 165 164 168 185 131 67 50 44 100 116 129 118 93 96 108 132 157 177 167 170 172 173 152 145 136 116 110 88 73 67 61 58 
69 49 60 53 50 21 25 28 38 45 42 58 84 102 120 141 160 174 182 188 191 190 195 194 195 195 195 195 197 195 196 194 194 192 192 193 192 192 186 183 168 156 150 84 116 114 103 93 92 101 107 134 150 133 105 102 130 150 99 68 149 171 156 151 152 161 159 151 127 89 46 57 67 75 56 99 168 164 150 152 164 169 169 181 110 57 51 47 124 127 119 121 92 96 102 122 166 181 179 174 172 179 168 147 129 114 102 91 79 68 66 61 
63 59 50 46 52 30 23 39 40 50 65 67 87 104 117 137 159 173 182 191 194 196 193 194 196 194 196 195 195 198 196 196 193 195 194 194 194 191 189 184 171 162 145 48 110 133 120 115 120 123 138 139 117 76 62 78 112 69 91 162 171 161 153 151 153 154 157 133 99 28 21 28 77 119 105 104 148 156 156 158 163 165 177 171 83 62 62 52 133 142 119 120 85 81 91 105 161 185 179 173 175 169 154 152 140 114 104 87 76 69 60 69 
60 58 41 51 50 31 21 29 37 38 53 73 90 106 123 144 160 174 183 189 194 192 193 193 193 197 195 198 197 194 194 196 197 198 198 198 197 192 187 182 175 171 167 79 63 155 166 149 146 142 139 121 94 109 95 64 44 110 162 168 161 159 162 152 158 156 148 132 88 22 23 21 77 138 126 117 119 140 143 146 155 168 176 157 67 60 53 42 125 138 120 126 92 76 85 102 157 185 180 175 167 168 167 140 129 110 94 83 83 75 61 55 
49 46 41 32 37 26 26 28 34 50 64 79 100 111 132 148 166 182 185 191 188 192 194 194 193 194 195 194 193 195 195 193 196 196 195 191 188 190 195 189 181 173 176 104 129 32 63 108 129 119 122 103 62 41 44 92 153 175 170 167 166 164 165 176 165 163 151 131 105 32 18 49 110 143 144 141 149 147 158 161 163 176 190 145 61 71 56 40 105 140 120 106 95 81 81 95 161 176 178 174 164 160 162 150 122 108 104 84 73 71 67 69 
47 44 38 33 37 37 25 29 32 43 65 83 97 111 128 148 171 183 187 188 187 188 191 192 191 192 191 194 195 194 194 194 193 196 194 191 192 192 191 183 181 172 179 101 175 154 113 71 68 32 57 40 49 90 127 162 174 165 164 165 176 176 179 179 181 168 153 127 111 68 39 73 107 130 133 135 141 148 154 159 163 172 182 154 59 76 77 53 95 134 115 110 85 68 80 88 149 182 177 174 158 154 157 144 129 107 94 92 83 71 66 59 
48 31 39 26 29 29 28 26 34 44 59 76 93 109 128 145 165 181 189 185 188 189 191 192 191 193 194 194 195 197 196 193 195 194 195 193 192 193 187 186 177 171 179 117 177 176 194 200 183 70 116 118 154 180 191 194 186 181 183 183 182 188 190 194 182 170 154 133 114 105 63 57 81 104 126 133 129 137 133 130 133 149 166 175 93 81 72 51 87 133 118 116 104 65 67 78 136 168 169 165 159 145 148 141 121 111 98 87 77 70 67 63 
64 38 37 33 27 34 26 26 34 50 65 80 95 106 130 146 167 180 183 185 185 189 192 193 193 190 194 195 196 197 196 197 196 196 196 195 194 192 192 187 181 175 184 118 179 178 188 192 187 59 165 156 181 197 194 197 195 194 192 194 198 195 192 191 193 185 165 143 124 112 95 72 70 82 109 118 119 116 123 131 143 160 171 186 117 84 70 46 72 123 117 112 93 73 79 81 127 169 173 159 146 149 152 140 132 119 107 98 87 73 65 60 
61 52 23 29 18 18 29 28 35 42 57 70 89 106 126 144 164 176 177 182 188 190 194 193 192 196 197 196 193 193 195 194 196 197 194 194 195 193 190 185 181 179 186 116 164 175 186 185 183 69 168 169 187 193 190 196 194 195 194 194 197 203 201 199 203 201 182 157 136 114 93 79 80 76 97 106 114 124 134 135 151 175 188 186 108 71 63 53 71 130 132 115 99 66 74 84 130 173 169 163 147 144 148 144 128 122 115 95 83 74 65 60 
51 56 35 25 31 21 21 30 33 44 62 86 85 105 126 144 158 168 181 183 187 186 180 186 192 192 195 194 194 193 192 191 190 192 195 197 195 193 188 182 178 173 179 122 154 170 175 178 179 67 155 162 178 185 185 181 185 190 190 196 198 197 199 199 202 199 185 164 143 112 93 81 81 81 97 104 118 127 132 145 154 171 185 179 95 68 66 47 75 136 119 101 89 65 73 82 125 169 179 162 156 156 154 142 126 119 107 94 82 73 63 63 
47 40 47 27 24 30 30 28 39 50 68 80 93 98 124 142 157 174 178 188 191 190 187 191 192 193 193 194 193 194 190 192 196 197 193 192 193 192 190 186 179 171 159 120 146 152 159 155 147 79 123 153 174 188 185 190 189 185 184 184 188 193 190 191 190 184 174 158 143 113 94 91 98 103 104 109 112 120 134 147 156 163 176 158 77 71 63 55 72 126 120 109 97 76 76 86 110 159 172 163 162 154 146 140 129 114 107 95 84 70 62 55 
51 39 31 41 28 25 26 32 36 43 52 62 85 98 111 135 155 170 181 189 191 192 192 193 190 192 194 193 194 191 190 190 191 193 196 195 193 192 187 185 180 168 157 117 132 133 131 125 119 63 94 126 136 181 194 195 197 192 192 191 193 194 191 183 188 190 178 153 131 107 95 78 94 107 104 100 107 108 116 134 146 154 173 171 83 68 79 58 67 114 115 111 104 86 84 86 112 158 177 171 156 150 143 134 119 114 109 93 83 70 64 58 
45 38 27 26 33 29 33 31 29 39 49 57 74 99 117 131 147 170 180 187 188 188 191 192 193 192 189 191 192 191 189 190 192 192 192 191 190 189 183 180 178 170 158 114 112 124 115 101 83 53 30 40 44 48 104 144 169 183 179 178 189 190 192 193 188 182 166 142 113 89 49 17 43 101 109 100 106 114 118 130 133 142 162 174 112 61 71 54 65 110 111 119 108 83 88 91 99 140 173 169 161 152 151 138 119 119 104 89 82 65 56 56 
55 50 41 31 22 24 27 27 37 41 51 59 78 91 113 137 158 168 178 185 186 189 191 191 191 191 190 193 194 192 192 193 193 191 193 194 190 191 189 185 179 166 154 119 118 105 57 34 46 65 58 60 57 48 32 19 69 127 164 166 160 176 179 185 181 172 156 121 104 80 26 24 30 80 106 92 99 113 119 119 131 134 146 168 139 69 64 59 50 92 101 119 104 92 91 97 106 121 160 168 154 149 146 133 129 112 95 79 76 68 59 56 
51 48 37 33 28 28 35 36 42 42 47 56 77 87 108 131 146 156 168 182 186 191 191 193 195 193 192 188 191 192 193 191 190 194 195 193 191 188 183 183 173 155 137 117 81 44 84 91 99 95 109 113 105 97 89 101 70 38 59 129 155 149 162 164 167 154 134 116 98 44 21 29 41 71 89 80 94 116 121 125 132 141 144 156 154 91 54 47 61 89 104 118 108 98 96 99 107 118 141 159 139 141 142 125 104 104 97 93 85 68 52 65 
37 35 36 28 30 33 29 35 29 34 42 56 61 80 102 121 144 158 166 179 187 189 192 191 190 191 190 190 189 192 190 190 188 190 189 192 189 188 184 176 173 154 133 112 51 73 81 73 81 78 77 92 82 90 83 87 110 122 77 26 93 141 138 143 145 141 126 117 102 66 31 28 43 66 83 64 104 119 124 128 128 134 133 140 154 130 44 60 51 79 101 117 108 101 101 106 112 122 134 150 156 145 130 119 115 108 95 79 83 64 66 83 
35 31 30 34 27 33 30 27 29 21 37 41 56 79 94 112 136 158 169 175 182 191 192 193 193 192 191 191 193 192 192 192 191 192 190 188 191 188 181 177 166 146 126 108 70 119 154 70 75 67 60 72 72 106 93 105 107 109 125 126 43 73 122 120 126 138 141 132 116 98 95 86 79 78 75 92 119 133 136 134 133 126 131 138 144 140 88 49 51 78 95 117 106 113 111 109 117 122 127 142 149 148 127 124 117 109 96 78 65 66 82 92 
46 45 39 34 30 25 23 21 29 32 31 43 58 66 85 111 131 142 157 176 186 187 191 191 194 192 192 193 192 191 189 190 190 192 192 190 190 186 183 173 157 133 111 112 85 145 214 109 79 71 61 74 76 90 104 112 128 141 135 144 151 59 101 135 133 122 132 139 136 127 112 106 96 88 98 113 127 128 138 138 138 142 142 136 134 131 102 50 50 78 107 115 111 115 122 121 116 123 122 129 141 130 127 133 131 136 100 71 67 83 96 94 
57 45 29 23 25 25 29 24 29 34 54 52 54 69 86 110 123 139 148 165 178 184 186 191 192 191 192 188 192 192 192 192 192 190 190 189 186 186 179 178 162 125 97 124 83 94 157 106 79 85 76 79 105 112 123 122 129 135 141 140 159 168 57 114 131 150 135 127 127 123 123 113 110 114 117 125 135 136 136 139 140 134 129 126 129 124 107 78 33 76 106 112 115 120 120 119 124 118 119 121 128 128 121 121 113 103 89 74 81 99 99 93 
50 47 44 39 30 27 23 31 38 46 36 40 45 60 84 105 131 142 151 152 165 183 187 188 189 190 189 191 193 190 190 193 191 188 190 189 187 180 178 168 143 112 82 123 85 94 63 70 67 79 77 65 108 137 146 121 117 127 130 128 144 159 159 57 130 135 159 156 146 130 130 122 118 114 118 125 136 135 138 144 134 134 135 132 130 123 109 79 47 89 112 117 118 121 114 118 114 108 104 114 121 122 118 109 106 95 84 73 96 101 101 103 
47 44 40 38 37 42 46 43 36 29 39 40 43 52 74 101 122 136 145 155 163 169 184 187 186 188 191 192 190 192 191 191 193 192 190 189 186 182 181 173 146 103 71 121 84 93 103 83 91 88 64 53 71 114 157 119 111 117 119 116 124 151 166 149 90 118 138 164 168 165 159 150 138 131 125 126 133 137 134 136 139 130 130 127 118 122 109 81 46 96 117 115 120 117 118 117 116 111 111 111 117 117 107 102 104 83 69 89 102 96 98 97 
56 46 53 55 44 42 41 37 36 37 36 41 45 51 70 96 113 130 145 153 164 172 179 183 189 185 186 188 191 192 191 189 189 190 193 188 184 182 185 175 143 93 72 118 82 88 105 82 92 107 79 56 67 96 139 119 112 121 125 121 119 135 155 168 107 120 125 165 166 168 168 161 156 158 152 141 133 132 134 134 135 134 133 133 125 119 101 83 51 84 115 114 114 114 111 112 110 107 114 111 112 113 105 100 85 75 77 99 100 96 99 109 
61 58 48 50 52 48 41 39 34 33 33 30 36 49 72 89 111 121 133 148 151 165 177 178 179 183 182 183 185 186 189 192 192 191 189 187 183 178 178 171 140 108 75 114 85 98 118 102 126 120 60 60 45 69 105 120 114 123 125 122 112 129 152 158 159 100 115 144 174 169 169 171 170 166 155 151 153 149 148 145 139 140 135 124 114 106 96 73 62 81 102 116 119 119 112 112 108 108 102 96 109 109 101 93 87 70 98 98 100 106 103 104 
59 52 55 48 57 51 58 47 47 44 37 33 50 53 64 79 95 118 125 134 149 158 172 175 177 175 181 186 187 187 187 191 191 193 193 190 187 182 178 174 144 99 68 106 81 94 83 74 168 129 77 74 65 62 105 115 119 121 131 131 123 117 141 150 178 95 110 125 160 173 168 172 170 169 167 168 157 150 149 137 138 140 132 131 123 109 90 79 68 77 96 110 110 113 112 105 103 108 102 110 102 105 101 90 71 94 103 103 102 107 106 105 
60 65 56 51 55 55 69 61 55 62 52 39 47 53 58 74 88 110 129 138 137 145 161 174 181 181 183 187 186 188 190 192 191 193 192 188 187 186 177 167 147 105 77 108 85 104 174 135 111 114 37 42 61 97 129 116 123 123 128 133 119 121 137 146 166 139 82 109 149 162 166 164 166 171 169 162 157 161 154 147 147 137 132 123 116 110 96 85 83 82 93 100 109 104 99 108 106 100 109 100 97 94 90 77 84 106 108 108 113 110 109 111 
74 61 60 71 70 72 82 78 78 69 60 47 47 47 57 66 83 99 117 136 140 141 154 164 178 181 180 181 187 186 187 190 190 190 187 187 186 184 183 168 140 113 95 113 91 103 156 174 120 124 63 58 77 117 139 119 128 130 130 141 133 123 129 128 157 161 81 116 141 168 168 164 162 163 166 164 159 157 155 143 133 134 131 128 116 110 101 95 82 77 87 100 105 112 107 106 108 107 100 99 99 99 95 97 114 117 111 110 104 99 89 66 
91 80 68 72 82 77 79 74 81 85 65 46 57 52 53 54 51 84 106 127 141 143 147 163 173 184 185 182 186 190 189 182 185 186 186 184 183 185 186 173 143 120 109 107 105 116 100 98 112 136 83 94 113 124 133 118 125 129 135 139 131 133 135 130 150 160 80 114 133 157 170 168 165 167 168 161 155 157 146 138 136 142 134 123 112 97 100 98 94 92 100 107 100 101 103 104 97 96 96 97 95 88 78 59 65 50 53 44 44 49 71 77 
98 98 85 75 84 91 86 88 90 90 72 55 58 52 59 56 32 34 79 108 130 146 142 151 169 177 185 184 183 185 183 183 188 187 186 187 185 187 185 171 143 117 103 98 109 120 118 105 101 139 97 75 90 112 119 122 133 134 134 141 135 135 136 138 154 163 89 123 135 159 174 172 170 165 164 154 149 140 146 146 148 145 134 122 118 114 107 106 115 118 112 108 107 104 102 102 94 96 91 91 90 85 53 46 43 53 47 52 46 51 45 58 
102 103 103 93 67 75 85 86 90 80 68 60 70 59 49 65 52 26 21 73 112 134 135 142 161 171 173 180 179 179 181 183 182 181 183 182 182 179 177 160 142 123 116 108 116 124 117 120 106 102 120 78 89 111 111 128 133 131 134 134 130 132 136 139 154 170 90 122 142 148 167 171 166 168 164 156 147 146 140 138 136 135 131 126 127 119 120 118 114 119 118 111 108 103 101 98 97 93 98 97 85 63 54 53 55 51 55 53 46 44 53 45 
110 111 108 104 99 78 79 81 82 78 71 68 65 58 51 62 50 37 18 19 47 103 133 128 134 153 164 166 170 174 173 175 174 172 174 173 175 177 176 162 146 128 118 99 120 125 125 115 106 79 98 104 86 108 122 126 131 125 129 135 131 137 144 144 163 166 98 127 140 147 153 168 171 165 164 152 145 139 138 132 128 129 126 131 127 128 123 124 121 120 118 115 107 106 102 100 89 98 101 91 64 50 54 54 53 54 55 52 57 63 49 46 
111 111 110 105 105 91 77 86 78 73 90 78 74 70 36 41 66 47 36 23 25 31 80 118 123 128 145 152 158 164 162 164 161 166 167 167 170 165 167 160 147 138 136 80 114 127 122 115 100 96 83 103 106 94 115 133 134 119 124 139 142 147 150 147 175 164 99 131 138 137 146 153 156 152 148 146 143 136 129 137 137 132 130 127 127 122 123 119 123 122 116 109 111 109 107 96 105 102 82 53 48 56 51 52 51 49 44 52 45 44 47 50 
113 106 103 100 101 109 100 86 82 88 86 86 79 80 55 46 55 55 38 29 17 15 21 58 105 119 124 127 131 140 145 146 149 154 157 154 155 158 159 151 144 137 139 92 123 138 130 124 110 112 107 101 115 100 104 115 117 118 130 146 156 157 142 149 180 146 118 137 140 136 136 143 143 148 142 141 137 142 136 133 131 130 125 124 121 122 115 118 113 113 111 113 108 103 106 107 95 71 54 57 53 55 60 50 57 52 56 51 55 55 53 52 
109 103 104 105 109 107 100 90 78 80 83 75 77 88 67 34 58 52 44 19 23 26 21 16 45 79 114 126 131 133 133 136 138 139 138 143 144 142 146 152 148 136 138 92 108 132 128 135 123 117 117 119 122 127 109 86 102 137 155 167 170 162 152 159 188 126 136 137 134 130 133 135 146 141 134 136 140 135 126 129 130 125 128 122 122 124 116 117 115 115 114 106 112 111 101 86 63 54 51 52 55 52 52 57 53 55 54 50 54 48 45 48 
104 110 108 107 112 108 106 101 87 80 83 83 73 76 69 50 33 57 51 28 16 18 21 26 25 35 55 79 103 121 127 136 136 139 140 137 141 146 144 144 148 137 129 96 101 141 144 132 140 135 130 132 127 98 75 82 124 153 176 182 176 170 165 176 181 124 147 137 133 134 129 128 133 138 132 131 134 130 128 126 120 121 117 121 120 119 113 109 108 108 107 112 103 78 58 43 46 52 57 60 53 55 55 50 54 54 48 53 48 51 58 51 
102 102 104 110 112 110 114 104 85 69 67 73 68 69 70 54 47 47 47 41 33 22 19 24 32 30 46 47 50 66 90 102 121 134 140 140 138 139 138 143 139 137 139 109 84 86 109 119 114 127 129 123 107 91 119 134 133 149 150 162 157 153 157 185 148 138 143 130 133 133 128 125 126 131 129 131 125 125 124 122 119 118 117 114 114 118 111 117 119 113 104 71 55 53 52 58 58 60 51 53 54 55 55 59 48 50 58 49 55 50 48 57 
109 113 113 116 110 109 109 102 85 80 82 67 74 72 73 72 59 55 63 54 33 36 27 23 24 31 26 40 46 45 60 80 71 80 103 117 131 138 142 138 140 142 138 126 83 56 11 25 57 78 79 80 105 120 123 119 122 104 100 88 99 109 160 182 119 145 137 136 132 129 127 124 120 116 119 119 119 116 115 117 120 121 121 123 125 119 117 104 81 60 46 47 52 57 61 57 52 57 59 58 55 51 52 50 55 54 52 56 55 51 55 47 
112 108 110 112 111 108 109 99 92 97 78 71 71 77 64 63 57 51 53 58 47 38 42 37 32 27 37 37 40 55 48 63 78 63 57 61 65 78 108 129 140 143 141 139 95 114 87 85 106 112 79 58 108 109 103 102 97 99 99 106 117 159 207 137 132 139 135 129 126 127 127 121 120 123 119 120 124 127 126 123 122 117 113 104 90 73 54 49 47 53 55 60 55 56 43 54 57 57 55 55 52 53 51 58 52 55 53 48 48 50 49 56 
111 113 110 110 111 110 109 104 95 102 93 79 80 81 74 71 70 66 66 62 60 56 55 60 43 46 43 41 52 52 64 59 62 75 66 56 42 34 19 25 48 68 90 119 121 86 135 120 112 112 95 63 105 109 113 112 114 115 117 122 170 204 130 110 132 128 129 126 127 125 126 123 124 124 124 122 112 99 81 74 70 55 44 39 44 49 55 54 55 57 60 55 56 60 61 57 57 54 54 56 54 60 54 49 52 52 52 57 55 58 50 42 
109 111 108 110 114 110 114 95 86 96 99 78 81 76 74 81 77 63 70 67 52 54 51 56 62 57 42 36 40 50 59 82 86 82 79 74 65 50 44 39 34 26 23 22 41 43 100 143 122 118 92 35 83 104 108 110 110 116 135 164 160 108 91 119 118 119 114 110 117 123 126 129 115 101 71 54 57 48 49 51 49 50 57 54 55 58 52 56 59 57 54 60 56 50 53 52 56 58 63 59 53 53 56 55 53 56 53 47 49 50 52 57 
110 112 112 110 107 111 108 99 94 99 98 85 78 80 72 71 86 74 53 67 67 47 48 42 51 53 57 52 44 41 38 52 72 87 91 94 95 90 69 54 49 48 51 51 40 42 20 60 133 147 138 117 116 143 145 153 159 161 143 109 79 102 128 120 120 120 120 130 127 123 113 93 81 54 49 54 51 58 56 59 60 61 55 62 61 56 56 54 56 56 55 51 52 58 58 55 50 57 49 52 57 58 56 53 57 52 54 55 52 48 51 48 
114 111 111 113 110 110 107 89 96 108 97 88 63 70 78 75 85 98 77 65 62 62 51 49 39 47 41 44 42 34 35 30 34 45 66 78 72 72 70 62 51 44 44 46 44 38 47 23 26 63 121 157 159 156 149 120 104 79 85 99 116 114 110 105 97 91 75 64 63 55 44 41 49 57 58 61 60 62 55 58 60 56 56 56 56 59 60 62 60 56 58 58 59 51 56 61 57 55 53 58 51 50 52 55 59 55 55 52 50 54 51 51 
111 113 110 110 110 111 109 97 107 105 97 85 73 87 74 72 81 99 107 93 76 60 62 50 49 38 42 44 45 41 32 33 34 33 27 24 34 44 50 47 54 53 45 44 38 44 43 54 69 64 43 108 108 53 42 58 65 82 78 68 60 58 51 57 55 53 55 56 54 60 66 64 61 63 62 60 59 59 59 60 57 60 59 56 59 58 57 56 56 58 59 57 56 59 59 52 55 55 55 56 57 54 57 54 52 53 53 58 57 52 53 55 
107 106 110 112 110 111 102 87 104 110 106 96 65 65 88 77 75 88 101 103 97 82 62 47 39 47 36 36 35 40 30 23 23 27 38 39 36 33 37 32 31 39 44 30 37 62 79 88 93 102 94 128 122 95 95 92 89 87 86 84 82 73 71 65 65 66 64 62 60 57 52 60 62 58 53 55 60 58 61 58 62 58 60 60 53 56 56 51 55 54 57 53 58 57 55 59 61 60 58 57 55 56 52 54 54 56 50 50 51 58 54 54 
112 109 109 110 107 105 98 109 109 109 110 105 72 69 67 75 74 81 88 111 106 99 91 83 67 49 44 35 28 29 36 36 32 29 25 32 46 53 48 43 29 20 27 65 81 94 109 104 106 102 105 89 83 96 91 92 88 86 82 80 79 82 75 70 64 68 67 62 66 64 66 61 56 58 61 57 57 60 62 58 56 57 63 55 62 61 58 57 60 61 56 54 53 53 56 54 56 57 54 56 57 56 58 54 51 53 55 59 54 51 50 52 
107 112 112 108 107 100 102 100 107 107 111 113 87 64 81 70 69 77 53 61 86 88 93 98 99 88 78 61 45 28 22 19 27 24 32 22 25 35 48 59 83 89 89 93 110 108 103 104 102 103 101 96 96 95 97 92 94 87 88 80 77 78 70 78 75 63 66 64 59 59 64 57 59 60 58 65 62 53 54 63 62 56 59 59 56 58 55 60 61 60 57 62 55 61 52 56 61 58 61 53 52 54 55 58 50 53 51 52 59 49 57 51 
109 106 111 111 111 108 105 105 108 114 110 111 100 81 95 94 75 84 77 59 54 76 100 101 98 99 96 102 114 105 85 56 46 54 45 58 65 71 75 96 103 109 107 105 99 103 103 103 104 101 102 102 104 101 95 97 92 90 89 86 86 80 77 72 71 72 71 71 71 60 58 64 60 63 60 57 57 64 61 53 55 62 58 55 60 55 59 53 57 59 55 54 60 55 58 56 53 54 51 57 59 56 56 51 60 56 53 57 49 56 53 55 
