10 141 142 144 143 145 143 143 145 146 145 145 145 145 143 146 143 145 145 146 145 143 142 144 142 140 142 146 143 141 144 145 118 96 75 56 52 54 55 50 33 52 54 45 45 52 61 72 91 112 127 131 137 134 128 135 132 126 127 120 125 121 115 113 112 108 111 106 103 102 93 98 95 100 97 96 93 95 95 93 84 93 95 88 92 96 88 90 89 91 93 92 88 86 83 80 85 87 80 86 84 89 87 84 80 80 84 81 81 78 75 80 
143 145 144 144 143 141 144 145 143 142 141 147 141 141 144 144 144 141 143 142 143 140 141 140 143 141 140 140 136 126 90 86 82 81 73 78 68 78 78 74 69 73 56 53 71 95 89 120 131 122 129 129 131 133 134 129 127 125 133 128 133 128 134 132 129 133 130 133 129 129 123 130 133 128 129 127 126 131 131 129 124 130 125 125 124 125 127 130 130 124 124 129 125 127 121 122 126 118 121 124 120 124 119 122 119 115 128 148 150 213 223 222 
144 141 143 147 145 146 143 143 143 144 144 142 145 141 141 145 145 142 142 143 142 143 139 140 140 139 135 110 84 82 79 74 76 68 67 72 66 66 79 77 61 68 63 55 49 42 69 80 108 111 114 129 130 124 129 132 128 130 121 124 106 118 104 112 111 115 121 120 129 131 131 128 123 130 127 130 129 122 127 127 125 123 128 125 125 126 123 125 127 125 125 125 127 123 127 123 126 127 124 123 122 123 122 122 124 124 130 169 184 223 222 222 
142 144 143 144 145 144 145 142 144 146 144 146 143 145 146 144 141 146 144 140 139 139 144 146 142 141 123 88 76 86 76 77 63 66 63 67 77 79 66 75 67 59 71 55 44 57 46 54 56 65 74 96 117 127 127 125 127 130 143 147 167 169 176 165 158 148 134 128 110 108 121 129 132 127 131 130 126 130 129 125 126 129 124 127 126 130 131 128 125 124 125 126 124 123 125 125 126 123 123 122 123 120 121 126 121 124 150 152 206 222 221 220 
150 146 145 143 144 144 144 147 144 143 144 144 143 144 143 143 145 140 142 142 141 140 131 122 99 99 80 73 68 63 72 68 73 70 68 60 62 78 85 66 68 56 63 55 54 48 55 55 63 62 69 62 59 73 101 144 152 152 146 142 134 135 142 154 167 177 181 178 174 161 136 118 117 129 129 128 130 129 130 127 128 127 128 129 129 127 122 123 126 127 124 127 126 126 123 122 125 120 119 126 124 127 125 120 125 124 157 165 220 222 220 222 
138 143 143 144 143 145 144 143 145 140 144 145 143 143 143 146 145 141 141 142 142 120 91 70 72 60 63 74 73 69 69 70 69 69 69 67 69 61 66 67 72 68 55 58 51 55 57 65 67 66 72 68 67 60 118 148 109 94 92 104 123 153 167 177 174 164 160 167 178 180 180 163 149 119 125 130 130 128 126 128 127 129 122 130 125 123 124 126 124 125 128 126 125 127 124 126 122 122 123 121 120 121 122 124 123 128 156 198 222 221 222 222 
148 148 143 144 146 146 147 145 144 147 144 142 144 143 146 143 147 143 143 145 112 65 69 58 70 72 76 69 62 69 77 71 62 66 66 73 60 67 70 68 63 68 58 58 53 51 55 72 58 62 61 77 82 89 131 153 104 72 100 126 160 170 175 174 173 178 174 162 151 161 176 186 180 159 116 118 125 126 129 125 128 127 136 128 125 127 128 123 128 122 123 124 125 126 123 125 123 124 127 125 126 125 124 125 126 127 145 219 222 222 222 222 
146 144 146 146 146 144 145 143 143 143 145 144 143 144 142 142 143 143 137 116 88 81 80 85 62 77 85 77 73 87 84 72 74 66 67 72 71 65 65 55 58 53 57 57 55 54 65 62 69 64 70 68 79 98 135 163 154 102 127 178 189 191 176 174 169 170 173 187 181 150 162 184 188 184 177 150 122 123 128 129 126 128 127 125 125 124 129 130 125 128 125 124 127 123 127 126 123 127 121 122 125 122 122 123 120 114 177 222 221 223 223 221 
145 143 147 146 144 146 142 143 143 144 146 147 143 142 143 141 142 139 120 88 87 71 87 84 79 96 88 87 86 93 70 79 76 74 71 72 72 64 59 62 58 57 49 46 48 58 59 61 74 63 60 64 65 71 100 135 141 121 122 157 184 185 169 152 146 134 133 150 177 187 156 185 183 184 187 182 168 128 122 130 132 129 127 130 127 128 126 124 126 125 122 125 126 126 123 122 124 121 125 123 122 127 128 126 127 134 202 222 222 220 219 218 
145 145 146 145 147 144 148 148 149 144 143 146 146 143 140 140 146 125 99 100 87 88 95 96 103 111 96 99 105 95 86 81 68 72 75 69 73 75 75 70 69 63 80 86 98 88 70 72 60 66 60 57 58 46 56 71 92 107 105 111 157 183 147 112 108 106 115 133 140 176 180 176 191 184 183 191 186 168 129 122 125 124 129 124 127 128 127 129 131 124 124 126 126 121 122 126 122 123 120 127 124 121 124 117 93 117 218 217 216 215 217 218 
144 143 143 144 144 144 144 144 141 144 142 144 143 145 142 139 115 79 71 105 122 120 116 108 118 127 117 111 111 92 84 83 89 85 84 89 85 78 74 82 91 104 108 104 94 86 79 72 66 57 57 55 50 41 62 81 89 90 98 120 138 148 97 82 83 103 154 174 167 161 189 192 192 193 191 191 191 183 147 128 130 128 129 129 128 127 127 127 126 129 126 125 126 125 124 122 123 126 127 124 126 115 97 98 146 201 215 217 218 220 220 222 
148 147 146 144 147 146 147 148 144 145 146 140 143 143 134 114 90 86 81 112 121 127 117 101 126 130 118 123 111 98 101 113 107 101 93 85 77 89 86 82 85 86 90 78 80 76 61 54 62 64 56 56 63 64 70 77 83 86 93 100 104 96 88 92 123 165 179 182 182 190 190 198 196 189 192 196 193 184 161 132 130 130 128 124 126 126 126 127 128 126 126 125 124 125 122 123 125 121 129 118 89 93 156 210 229 224 220 220 222 221 221 221 
146 145 146 146 146 147 146 142 142 145 145 150 140 133 115 83 89 92 87 111 109 107 100 99 121 115 112 116 97 94 102 109 109 92 82 89 86 80 81 77 90 88 84 84 74 66 70 73 65 68 59 73 65 61 53 65 78 72 64 72 66 58 52 66 89 138 163 171 173 166 169 168 203 198 189 193 192 190 163 135 127 126 127 131 127 128 126 124 123 124 126 129 127 128 128 127 125 122 87 102 166 220 230 223 220 221 221 222 222 223 222 223 
145 146 146 147 146 145 145 144 143 145 147 140 120 98 83 86 82 92 98 106 99 91 86 91 114 111 106 97 92 100 104 95 100 105 108 94 99 96 90 104 102 96 89 84 92 102 100 98 105 102 112 100 74 67 67 59 72 64 64 78 95 109 125 129 124 125 138 145 146 148 148 145 152 165 171 185 195 186 154 124 126 127 129 124 128 127 128 131 130 127 125 126 126 124 125 122 104 100 157 211 226 223 220 221 221 222 222 223 223 223 223 222 
147 146 147 147 146 143 145 144 145 146 143 117 82 84 82 105 114 113 116 94 93 90 76 88 106 110 112 112 120 111 100 106 124 122 90 99 83 102 112 115 108 107 110 112 118 129 132 147 156 157 153 149 129 90 55 82 95 117 127 135 152 167 171 175 170 167 164 158 154 154 151 148 142 134 138 142 149 152 138 125 122 128 123 133 127 129 127 125 128 128 128 125 128 123 125 88 123 202 230 229 229 230 231 227 222 221 220 222 223 223 223 223 
147 145 144 144 142 145 147 148 147 140 113 80 78 79 104 126 143 128 120 100 93 81 80 102 97 96 113 103 107 101 104 122 114 91 100 104 126 128 137 131 138 144 148 156 156 152 164 164 161 164 165 168 167 167 147 77 103 158 168 171 171 169 170 164 167 168 161 161 160 155 155 159 157 154 152 148 143 140 144 146 140 128 129 119 123 120 118 114 116 117 116 119 109 116 113 184 236 237 231 223 211 202 202 212 231 237 235 224 223 222 223 223 
148 145 145 147 148 145 147 146 140 114 90 84 80 85 107 106 117 118 104 90 81 73 100 100 115 115 93 94 87 102 106 97 89 96 121 143 149 154 156 162 169 163 162 167 168 161 163 164 164 160 160 164 166 171 172 122 93 127 171 176 173 174 174 172 169 171 171 165 165 162 160 157 157 155 156 156 155 153 152 149 150 152 147 143 132 127 135 149 150 147 149 152 154 152 162 196 202 193 175 161 156 153 152 155 161 179 205 228 232 229 223 222 
148 146 146 145 145 146 150 136 108 87 83 81 98 104 97 95 92 99 94 79 86 85 89 101 111 92 89 86 93 112 95 93 113 139 155 167 172 171 174 175 169 163 166 170 172 170 164 163 169 168 166 165 168 166 171 147 93 107 130 175 183 179 176 180 178 179 175 175 173 173 169 162 159 160 159 155 156 156 155 153 154 153 149 151 153 149 146 152 167 178 176 174 173 172 170 161 158 158 163 169 176 180 181 184 188 177 168 166 190 221 235 230 
146 144 143 146 145 146 139 110 86 80 88 103 120 109 96 75 79 84 81 74 73 92 89 100 85 86 99 96 101 105 114 131 150 165 174 179 178 175 172 172 172 170 170 172 170 169 172 172 173 170 171 172 169 172 171 166 111 116 126 127 168 187 186 182 180 177 177 176 175 176 178 178 172 168 165 165 162 161 163 161 160 160 160 157 156 153 148 139 135 141 162 176 178 175 171 176 179 178 179 178 178 179 180 179 181 184 183 183 178 167 183 210 
143 146 145 147 145 144 123 82 88 94 84 98 117 101 88 82 67 73 80 74 83 87 86 94 78 80 102 98 102 110 129 154 169 177 183 183 177 175 177 178 176 176 171 171 172 171 171 168 173 170 171 172 172 175 176 174 124 62 122 124 134 167 183 186 182 180 179 177 175 177 176 173 172 174 171 168 175 165 163 165 162 157 157 161 161 159 154 153 147 138 129 140 163 175 178 181 181 179 178 178 179 177 179 180 178 180 184 185 187 187 181 174 
149 145 146 143 145 139 108 91 91 93 85 94 97 97 81 74 68 72 74 65 91 83 85 82 91 86 93 116 135 139 160 181 187 187 186 182 182 179 177 176 177 176 175 174 174 174 174 175 171 174 175 170 170 172 170 170 177 159 159 152 126 121 135 164 180 187 183 182 183 179 179 178 177 174 170 170 170 169 170 166 169 168 161 159 158 155 156 150 150 150 147 135 128 140 163 176 177 180 178 175 175 177 177 179 180 179 180 185 187 187 189 190 
146 144 148 144 143 139 102 98 90 91 99 94 74 77 69 59 58 58 63 62 82 75 69 59 66 91 103 131 153 163 181 185 183 182 180 183 182 181 179 178 173 174 171 171 173 175 176 175 177 175 171 174 173 172 168 172 176 183 172 157 141 152 183 182 180 177 188 187 184 182 181 178 172 172 171 169 172 173 173 171 168 163 161 162 162 160 156 157 157 157 151 146 140 125 132 149 161 168 174 176 180 183 178 178 180 182 181 181 184 185 190 193 
146 148 146 147 140 119 97 101 98 99 105 110 101 85 71 64 54 58 64 86 92 79 73 77 74 79 105 134 157 168 179 181 180 179 181 180 182 178 177 175 174 173 174 174 172 175 175 177 177 178 177 174 169 157 146 138 147 165 155 160 161 142 143 163 181 183 179 177 191 185 182 178 174 174 173 173 170 169 171 171 172 171 170 169 161 160 160 161 158 155 156 155 145 140 128 129 139 153 160 166 169 177 181 179 179 179 180 180 180 183 188 189 
146 141 145 147 121 91 109 104 85 94 104 88 87 82 72 63 55 59 77 98 87 73 80 86 93 84 94 124 147 162 181 183 184 187 184 184 184 183 183 179 177 175 175 176 175 173 175 177 174 173 171 162 145 166 150 158 166 157 152 152 163 160 148 141 145 162 171 167 168 186 185 180 176 175 174 176 180 176 170 170 167 169 168 170 168 163 161 163 160 159 154 153 151 148 142 133 123 128 142 153 162 165 169 177 178 179 181 180 182 182 180 187 
145 147 145 123 94 90 97 91 86 109 113 107 83 71 66 65 61 51 66 83 72 70 84 89 91 84 90 110 126 141 163 170 173 182 179 179 183 182 181 181 176 178 178 178 175 174 175 172 176 179 169 162 152 156 151 155 157 154 140 145 173 178 176 165 159 150 160 173 179 176 186 185 180 180 177 178 174 174 174 172 171 173 170 171 170 169 167 164 158 156 159 156 153 149 145 141 136 130 124 131 139 153 159 163 169 174 178 183 181 180 180 183 
147 145 130 95 79 90 99 96 100 108 89 95 101 85 65 59 55 66 76 84 88 86 88 81 113 106 87 87 107 135 145 146 173 186 190 189 185 183 183 182 183 178 182 180 182 182 182 182 184 184 136 130 139 164 159 157 150 138 126 141 179 179 186 184 173 165 156 155 169 172 172 176 177 176 177 178 178 178 172 170 172 174 171 174 176 179 173 167 162 162 160 161 155 152 148 148 138 132 126 119 125 139 148 157 164 171 173 178 180 180 180 183 
144 139 109 92 86 94 99 90 111 124 106 84 68 62 64 62 61 69 67 75 78 81 86 93 95 109 96 80 95 101 126 161 172 177 179 183 187 188 187 187 188 187 185 186 188 185 183 188 183 180 146 201 126 154 151 164 139 114 108 145 180 181 181 190 193 186 168 165 169 177 158 166 165 166 174 180 178 175 175 177 172 174 174 176 176 176 172 168 167 167 163 161 157 154 153 145 145 140 137 134 126 121 125 128 145 154 163 164 174 179 176 179 
144 126 92 85 87 98 96 99 97 93 92 94 87 67 67 71 69 61 65 76 85 70 62 70 83 78 75 70 75 96 134 158 164 166 170 178 186 189 189 191 191 190 188 189 186 185 186 186 188 185 144 214 102 124 143 151 135 94 105 145 174 179 178 188 185 186 181 179 180 184 173 178 171 158 163 177 178 176 175 178 175 173 175 173 176 172 173 175 170 166 163 163 157 157 154 150 147 143 134 134 133 130 129 132 137 144 152 161 167 173 179 180 
141 115 91 87 98 94 95 92 86 87 101 110 95 94 80 73 75 66 65 70 76 80 82 63 71 69 76 83 85 93 131 160 162 168 177 182 189 189 190 193 194 193 193 191 193 189 184 189 189 175 161 213 154 174 126 153 127 110 98 136 170 175 184 180 182 184 185 191 189 191 174 181 174 159 161 176 181 183 181 180 176 176 175 177 179 177 176 175 176 171 167 165 165 154 155 150 150 145 139 131 133 133 129 124 130 135 146 146 158 164 171 176 
135 104 83 94 105 107 101 97 85 98 114 100 106 99 94 79 64 66 74 61 62 77 69 78 74 84 93 78 85 100 141 167 176 178 178 182 192 196 194 190 193 197 195 196 192 193 194 193 177 161 141 174 162 226 153 154 124 98 101 135 146 167 185 173 183 186 186 195 198 195 178 176 175 158 162 178 180 176 180 177 175 176 173 173 175 175 174 178 179 176 170 165 164 165 157 155 148 145 145 141 132 129 130 129 128 126 132 148 149 152 166 175 
119 104 98 104 103 103 102 100 84 90 96 115 114 86 69 59 66 67 60 65 73 70 69 78 83 83 96 86 84 92 133 150 155 161 166 172 187 195 197 195 194 195 194 193 194 194 191 185 166 153 135 167 192 233 165 152 144 113 100 145 147 162 189 178 174 185 190 195 195 195 188 171 169 160 160 176 182 182 181 178 179 177 177 175 175 176 176 175 179 179 171 168 166 163 161 158 154 149 145 139 132 131 127 130 131 125 127 133 143 152 155 162 
123 102 91 94 95 94 95 100 101 107 120 118 107 97 82 69 64 77 78 65 75 83 83 73 99 91 85 82 79 76 110 132 133 144 155 171 182 189 191 196 195 200 200 200 199 199 193 182 172 154 139 162 145 193 159 136 134 148 154 156 154 157 192 178 177 191 192 194 195 196 197 167 175 164 166 176 189 184 176 178 178 182 185 180 178 174 169 171 173 177 176 170 167 162 159 159 155 156 150 146 143 136 131 131 128 130 127 128 133 138 151 154 
105 106 97 99 102 108 91 78 79 77 93 96 93 79 75 78 74 78 63 81 101 90 67 78 82 91 81 66 70 81 92 118 134 152 165 168 181 190 194 195 199 198 200 201 200 198 196 196 178 158 137 153 127 128 148 120 113 110 122 138 158 153 188 173 176 192 193 193 193 194 195 172 175 161 169 183 180 180 180 174 181 183 183 183 178 178 169 172 173 174 169 171 168 168 165 162 157 155 152 150 143 130 128 126 131 132 130 125 127 134 136 146 
103 105 106 100 100 97 80 73 74 82 92 99 81 77 77 89 86 69 90 101 98 78 78 76 88 96 87 72 70 75 89 119 140 150 154 165 184 193 196 197 199 202 200 198 203 202 198 198 180 168 135 154 138 145 148 125 108 72 86 115 154 153 188 174 172 190 191 195 193 191 194 168 169 159 168 186 188 177 174 180 185 188 186 177 176 173 172 170 168 172 167 169 170 165 164 164 162 156 157 146 144 138 129 128 127 128 129 127 122 130 133 139 
108 107 112 112 104 89 80 85 91 108 104 89 77 86 83 95 92 91 93 86 63 60 76 97 98 92 86 75 68 73 90 114 144 156 163 171 185 193 199 202 202 203 204 201 199 200 197 199 187 159 131 142 125 145 156 124 109 89 65 93 150 147 184 170 172 187 191 193 195 193 197 172 171 161 168 178 179 173 174 187 194 191 181 178 173 166 160 160 164 166 171 173 172 170 164 167 163 164 160 158 144 144 136 130 124 130 127 128 126 126 131 139 
104 103 100 94 95 81 88 86 87 90 96 90 89 95 77 96 106 100 87 74 71 61 64 78 94 85 80 75 70 73 88 131 148 161 162 178 190 198 198 202 204 205 204 204 205 203 201 200 184 148 126 143 120 138 145 128 102 79 79 82 142 150 181 163 175 188 192 194 199 199 196 172 164 159 167 173 168 169 188 196 195 191 183 173 163 152 143 148 161 174 173 177 176 172 165 159 163 162 157 155 154 144 138 128 127 126 131 127 127 124 127 130 
107 107 94 90 85 82 93 97 98 94 82 67 83 76 74 76 76 93 77 59 58 71 74 90 76 76 74 77 75 74 85 115 133 153 153 170 195 200 200 203 208 207 207 208 207 203 201 194 181 155 125 129 119 123 145 108 99 88 102 102 137 150 175 164 174 189 191 195 193 195 193 172 159 153 159 163 159 176 190 192 189 189 180 171 157 145 129 136 160 167 177 186 182 173 167 166 159 159 155 157 155 146 140 137 127 123 126 128 121 121 123 123 
104 93 98 97 89 94 98 108 97 81 59 62 92 101 75 81 67 58 68 59 65 56 60 56 76 80 76 74 82 86 83 122 141 157 162 184 196 202 202 204 208 212 211 211 208 207 204 195 189 156 118 116 113 112 136 88 97 110 133 148 155 145 164 163 180 185 194 196 197 192 196 175 157 154 149 149 163 191 197 188 186 182 180 170 162 136 97 117 164 184 187 186 186 178 177 168 166 167 164 161 161 154 145 133 128 127 128 129 128 132 129 126 
96 105 91 81 100 118 109 100 83 79 58 68 91 89 71 90 84 69 61 63 60 58 56 62 72 76 83 85 80 69 84 136 149 160 175 191 199 200 201 204 208 208 211 211 210 208 205 195 188 160 124 115 129 98 158 156 168 125 153 155 158 145 156 163 184 192 195 190 192 187 199 172 149 145 140 151 179 196 194 188 181 184 179 169 151 118 77 129 180 186 189 187 182 182 173 175 168 167 169 163 156 156 155 143 132 122 122 132 128 121 125 130 
98 95 91 82 77 89 101 92 82 76 67 44 85 88 79 112 92 69 54 45 56 57 55 57 78 85 89 82 78 72 101 148 148 160 180 197 198 202 198 203 208 208 209 210 211 210 208 200 187 159 123 137 139 66 155 163 136 112 148 142 145 143 154 176 184 193 196 195 190 191 202 166 150 144 146 166 183 194 193 188 188 185 173 164 150 117 75 133 178 181 187 189 186 178 173 173 172 173 166 164 163 158 157 146 135 126 125 123 124 126 122 124 
86 92 90 87 102 110 102 90 76 76 76 95 91 81 70 96 96 68 66 69 60 67 62 62 73 76 79 72 85 97 113 158 162 185 198 198 204 205 199 204 208 212 211 213 213 213 212 203 193 177 134 115 208 128 213 120 125 132 122 120 145 149 152 181 193 192 191 188 184 186 167 156 150 138 150 178 192 188 186 186 182 186 180 174 163 129 70 105 167 174 179 178 180 176 172 170 174 174 175 169 169 166 153 151 144 127 121 123 129 130 128 127 
95 96 96 98 108 113 104 90 83 63 84 96 81 60 62 108 109 67 68 64 60 48 55 69 72 83 82 81 86 97 122 153 177 190 193 201 203 202 203 202 205 211 210 212 211 212 213 205 193 178 143 107 210 143 227 145 113 127 126 132 154 162 166 185 190 198 197 188 183 173 157 140 116 119 149 187 188 192 191 187 185 186 177 175 168 131 83 95 166 164 171 175 175 176 174 169 172 177 179 170 162 167 162 150 144 134 126 122 126 124 120 124 
91 94 92 97 103 104 95 87 80 89 94 87 64 65 69 87 123 82 61 62 63 73 64 61 73 76 85 87 99 111 122 147 162 185 196 204 204 206 203 202 203 205 211 211 211 209 209 206 198 178 145 109 207 150 175 127 124 124 129 116 155 170 180 187 191 192 187 175 171 164 147 130 155 173 159 159 193 188 186 186 183 184 179 182 168 130 87 97 166 163 168 167 170 171 170 171 173 178 188 180 178 170 167 156 145 136 122 127 122 126 122 117 
91 90 93 97 103 102 97 85 85 96 91 74 62 44 57 95 92 81 72 65 57 56 66 72 73 68 82 94 97 106 134 148 167 184 184 201 203 205 206 206 207 206 209 211 212 211 209 205 200 186 169 128 177 123 117 128 131 121 112 118 155 168 176 185 182 164 169 171 151 118 127 177 199 183 158 124 119 175 189 190 185 175 176 181 159 108 61 90 168 156 155 164 164 166 166 170 172 179 186 187 182 176 160 153 148 132 125 124 127 125 120 120 
86 80 95 100 96 90 73 93 103 105 87 65 54 70 74 90 89 86 62 62 66 62 69 76 58 76 93 88 98 115 134 136 150 162 171 190 198 202 204 207 206 207 207 210 209 209 209 204 201 187 175 142 149 147 129 131 124 127 114 127 152 168 180 174 146 171 175 162 150 161 175 198 198 185 163 131 102 127 178 191 188 184 186 185 145 110 60 90 166 167 153 153 160 163 166 168 172 178 188 189 183 170 169 158 145 136 123 121 115 123 122 118 
95 94 103 111 109 103 100 107 109 106 100 91 94 68 68 89 100 78 66 58 49 55 55 56 70 70 79 88 88 101 110 150 175 174 165 182 196 202 201 200 204 202 207 208 209 209 205 199 196 185 173 155 129 144 120 130 133 130 125 127 145 166 178 190 159 166 166 157 174 179 184 194 188 180 163 120 91 107 166 189 187 177 188 185 145 106 76 107 167 162 156 153 151 158 163 165 171 189 195 191 189 177 166 161 147 135 122 119 122 124 124 119 
97 100 102 97 93 104 108 121 113 120 97 85 83 84 78 103 114 87 63 61 61 59 60 74 78 61 65 74 80 105 130 145 156 157 159 184 195 201 199 199 200 209 206 209 208 210 207 202 193 187 179 162 142 186 130 132 134 133 138 147 160 155 152 160 166 148 163 183 194 183 175 179 180 172 156 117 77 97 146 181 180 179 194 182 139 119 73 91 164 168 150 145 140 150 154 162 173 188 198 194 188 185 171 161 147 132 127 122 122 121 119 114 
100 92 106 111 109 93 110 119 133 111 95 101 90 90 84 112 115 87 69 54 45 54 72 82 64 80 78 65 81 77 92 123 139 149 157 170 189 194 194 193 197 201 201 205 204 205 204 200 197 195 188 177 159 152 147 131 134 146 144 157 166 153 152 152 151 170 183 188 189 181 179 179 181 176 160 131 88 97 124 167 178 173 188 178 144 124 77 90 171 187 155 145 130 136 148 158 170 193 196 199 189 180 175 161 147 126 119 122 117 118 122 112 
85 97 102 107 104 109 104 114 112 108 114 101 87 87 88 114 103 81 53 66 62 67 90 79 87 75 64 59 62 84 88 102 131 146 156 162 181 189 189 188 186 192 200 201 204 203 205 199 195 192 187 177 171 156 159 161 147 136 158 163 150 145 144 162 181 184 186 188 187 190 187 185 187 178 162 137 91 102 119 142 169 180 193 177 147 130 84 74 156 201 164 136 114 125 139 150 175 193 196 195 191 176 162 158 149 134 123 117 122 121 118 114 
91 81 83 89 103 103 106 108 111 105 110 89 87 75 84 118 92 68 73 70 70 91 79 76 100 84 74 63 68 71 90 100 109 125 142 159 164 172 176 182 183 182 191 203 204 206 204 205 197 193 188 180 179 178 173 177 183 195 131 136 152 183 194 187 184 181 183 190 206 206 198 193 191 182 163 137 109 97 112 128 147 164 190 178 136 119 90 73 151 192 180 142 120 109 135 150 180 195 196 193 189 176 166 153 144 127 113 118 120 120 118 109 
97 82 88 105 102 98 114 105 99 100 91 87 93 77 98 123 72 54 67 70 83 100 85 94 89 73 71 70 66 69 79 90 102 120 142 154 165 169 175 176 181 185 189 195 202 205 206 205 200 193 189 185 182 187 191 192 191 169 136 163 201 209 204 198 191 185 188 191 203 201 194 195 193 186 164 137 126 87 106 113 127 145 174 182 134 116 85 62 145 182 169 139 111 111 122 148 185 194 195 193 186 177 161 149 140 131 123 119 116 122 122 111 
91 91 100 103 98 102 105 104 95 92 87 92 85 92 105 110 77 73 64 58 83 80 85 80 84 78 75 74 75 70 74 86 85 114 130 152 162 166 169 172 177 182 191 193 194 199 200 201 198 194 188 180 179 184 185 191 190 170 137 199 211 210 212 217 224 219 209 203 196 200 197 203 206 189 173 143 121 118 93 99 114 138 168 184 143 112 82 67 139 167 160 143 112 102 124 146 179 191 189 192 186 173 163 145 138 123 112 118 117 118 121 109 
111 100 94 98 114 107 102 104 99 81 81 89 109 97 99 99 73 65 62 55 86 73 75 78 90 89 79 79 88 82 84 85 104 120 133 144 157 164 169 168 174 180 182 187 197 202 203 202 195 193 188 178 177 177 176 182 182 183 141 199 202 206 203 201 203 210 210 206 199 199 202 216 218 198 177 150 129 118 97 114 136 136 147 180 149 116 75 54 141 178 168 143 120 102 116 142 175 184 183 186 179 171 158 147 139 130 118 113 118 119 121 111 
106 79 81 110 106 98 111 111 106 96 93 111 122 101 94 82 70 67 69 72 84 75 87 84 88 67 68 78 76 93 90 95 115 135 139 151 157 163 163 168 170 176 185 188 199 203 203 200 197 188 181 178 177 176 178 182 180 186 138 188 199 198 193 192 192 196 198 201 200 195 197 210 207 191 174 146 131 113 104 110 132 137 142 173 136 102 82 66 144 174 161 142 109 102 120 139 170 189 186 189 187 175 165 152 136 125 122 117 118 116 113 112 
132 106 106 108 99 106 107 102 107 112 117 137 131 106 102 96 94 90 80 78 84 82 78 78 59 64 66 69 84 76 92 101 107 132 143 147 154 158 162 167 173 174 181 186 193 198 201 198 194 191 183 175 170 171 172 177 183 215 141 165 193 192 194 194 194 194 192 191 191 194 196 198 197 187 164 140 118 116 99 112 133 138 133 150 131 109 75 66 139 168 162 137 118 109 122 131 162 184 187 189 181 174 163 146 136 127 115 116 114 115 115 105 
123 98 90 93 102 94 97 104 111 113 106 123 111 103 112 114 101 92 86 92 82 76 73 68 76 73 65 66 71 77 83 89 95 117 137 149 154 159 164 168 172 176 183 188 192 199 200 200 199 192 186 182 173 169 166 165 167 207 145 128 164 186 191 192 188 183 182 188 188 189 186 191 196 176 154 128 120 106 108 122 137 138 142 141 125 105 81 68 128 164 155 131 115 113 125 135 155 182 187 183 179 170 162 145 140 124 111 115 113 115 111 109 
134 99 96 100 92 93 102 101 101 108 108 107 101 102 120 101 110 105 106 83 62 57 66 57 49 51 60 69 72 83 91 105 111 115 125 149 156 163 164 167 171 180 185 192 197 198 200 201 199 197 185 173 171 172 146 124 161 212 143 125 104 101 110 148 150 143 150 169 188 193 185 181 181 165 146 125 117 103 115 127 139 140 145 141 118 108 71 66 139 167 152 129 120 116 127 141 153 178 184 180 180 172 159 151 135 124 119 113 112 109 115 113 
132 106 94 97 86 84 85 99 99 102 106 102 104 118 114 114 99 85 71 65 61 53 41 48 40 49 45 52 63 67 78 83 87 100 109 130 153 159 167 174 175 177 186 193 197 201 202 200 196 188 177 165 148 167 139 167 161 124 124 135 134 145 125 60 96 138 149 155 165 173 169 169 163 158 133 122 106 96 115 125 134 136 144 142 122 108 75 55 137 154 135 129 120 124 133 136 148 171 184 183 172 163 155 144 131 123 114 108 107 110 111 112 
137 115 96 85 91 92 92 95 96 100 98 97 104 108 96 103 96 90 77 65 47 48 49 51 52 49 42 51 64 81 86 96 97 103 113 117 139 153 159 169 177 182 184 195 201 204 205 204 195 187 182 167 139 142 135 141 128 110 110 125 130 165 179 190 129 58 126 150 150 145 153 149 149 143 135 117 89 103 119 125 130 137 145 144 120 99 66 72 130 149 139 130 128 131 134 141 150 167 184 177 167 154 149 138 129 120 112 109 109 108 107 118 
132 102 81 89 85 89 84 89 89 97 98 101 96 101 100 93 84 74 68 70 87 80 74 57 56 57 65 70 73 79 82 91 98 103 117 150 159 152 154 165 169 179 181 191 199 200 203 203 198 187 182 163 136 238 150 145 154 131 102 135 139 168 179 159 192 139 119 137 142 136 131 139 141 138 129 105 73 98 124 127 134 138 137 141 127 100 63 68 126 142 136 130 131 132 141 146 147 162 177 175 163 159 150 139 127 117 106 108 105 102 112 120 
143 125 98 90 83 77 77 84 85 94 93 95 97 97 97 97 96 92 76 89 88 71 65 69 65 57 51 59 64 71 76 85 106 124 134 134 156 162 163 168 171 173 183 193 199 200 201 199 190 181 172 152 122 176 132 140 146 139 118 86 106 161 179 167 148 157 139 122 138 143 141 169 161 138 123 105 103 129 122 133 133 137 140 148 137 109 72 75 125 137 132 136 138 137 147 143 148 157 161 162 157 148 133 121 115 112 110 106 106 111 121 115 
141 138 115 83 92 89 88 87 88 91 97 100 93 89 96 89 98 80 75 73 65 53 49 57 58 60 60 57 63 76 73 92 107 126 138 132 149 160 173 170 174 174 180 186 197 200 203 197 190 183 176 140 105 106 124 122 115 96 93 75 106 151 175 173 167 171 170 151 134 138 137 122 156 146 131 122 128 131 135 134 140 142 138 131 137 113 80 80 117 126 132 141 141 145 148 141 146 150 150 154 151 139 130 125 120 119 108 108 110 110 112 117 
146 145 126 95 86 95 97 85 92 94 93 95 95 80 88 114 114 94 75 72 78 65 66 62 52 51 57 56 56 70 74 93 101 117 136 131 145 161 172 179 176 181 179 186 195 199 201 200 193 183 166 135 115 127 118 122 102 90 91 109 112 152 170 162 166 171 174 176 169 136 153 155 142 134 128 129 134 136 139 138 136 136 141 136 137 118 89 84 112 130 137 139 142 146 144 146 146 149 153 149 141 134 128 122 113 113 108 107 108 111 116 116 
142 143 141 110 92 95 90 91 94 101 99 101 94 90 103 115 105 92 78 63 61 65 51 46 45 43 49 59 66 67 68 83 100 110 127 138 157 166 172 178 174 178 182 185 191 193 198 195 189 179 164 124 120 115 115 117 89 87 104 135 135 150 167 160 168 172 169 172 174 159 140 149 154 156 159 153 144 143 140 141 145 145 140 136 134 122 88 83 116 128 139 141 147 148 145 139 140 145 143 136 133 129 124 123 118 112 110 107 111 115 119 119 
146 146 139 132 111 93 92 97 94 100 95 87 99 92 100 104 92 85 100 88 70 49 42 37 52 54 55 55 58 59 63 77 83 110 123 136 151 167 172 174 178 173 182 188 188 195 198 197 193 177 150 112 130 109 113 110 94 76 93 93 128 151 165 156 167 177 174 171 174 175 143 156 151 161 168 169 171 157 155 150 148 147 150 140 134 120 89 75 129 138 143 149 148 145 143 145 141 138 139 136 128 133 124 119 117 109 107 115 113 114 119 120 
147 145 144 142 99 87 93 93 95 98 94 97 89 93 94 88 82 94 100 82 58 55 56 62 55 49 53 56 48 64 77 75 77 87 105 122 145 159 169 169 175 172 182 186 189 190 196 193 181 174 141 106 148 89 104 114 100 112 114 77 122 143 157 151 158 172 176 172 169 171 176 133 149 146 165 168 170 176 171 167 161 161 153 145 139 128 103 95 125 144 151 150 156 148 143 142 138 137 128 129 130 122 113 110 105 106 112 112 116 126 129 134 
143 142 144 137 105 85 95 96 88 90 90 95 100 96 94 77 75 89 100 82 66 60 66 63 56 53 52 57 58 60 70 77 75 76 91 117 130 151 166 171 169 172 178 181 182 183 191 188 182 172 140 109 145 56 79 96 108 104 128 103 113 137 154 153 150 172 180 174 172 173 171 181 152 144 157 166 168 171 174 174 168 168 162 153 152 142 124 114 127 142 150 155 151 152 142 135 134 129 130 128 127 121 119 115 111 110 108 118 123 126 133 132 
148 143 144 145 123 81 85 88 82 91 86 95 99 98 91 73 77 86 78 64 78 88 74 60 57 54 58 68 55 51 52 57 63 77 85 113 125 133 158 165 165 168 178 178 177 180 183 186 181 167 142 116 165 125 173 154 111 115 107 71 97 127 139 147 143 166 174 175 173 172 171 175 152 149 153 167 169 170 170 171 173 171 163 158 157 148 142 145 145 147 150 151 154 148 139 133 129 124 126 121 114 114 110 108 104 104 119 126 129 129 129 128 
146 145 145 138 122 99 79 92 92 102 83 91 93 98 83 74 87 75 57 75 92 95 81 66 56 53 52 61 52 53 53 63 70 70 85 88 114 141 150 159 162 166 167 172 178 180 178 183 185 174 141 111 158 86 189 200 130 106 86 82 120 133 139 157 134 161 173 170 172 171 170 177 158 151 149 158 169 167 168 167 165 169 163 160 159 161 154 144 148 151 151 152 144 138 135 129 121 125 120 117 117 112 109 106 109 122 116 125 129 129 132 131 
146 145 145 141 137 121 98 88 90 90 80 95 95 90 89 69 58 62 73 82 97 99 74 62 60 61 65 67 60 53 62 61 68 80 96 120 135 144 153 155 159 163 165 170 173 179 182 182 183 172 147 118 134 129 99 147 139 127 113 120 144 142 134 142 140 162 175 175 171 173 169 174 152 153 151 156 164 167 167 171 169 168 163 160 159 157 156 152 151 148 146 143 133 133 131 127 124 123 119 115 112 111 106 112 119 120 124 129 128 128 132 133 
147 144 144 146 140 133 103 91 95 92 92 92 105 103 99 93 96 87 103 116 107 66 61 69 59 55 59 64 57 64 60 60 62 68 102 126 135 145 141 149 157 158 164 172 174 176 180 180 177 170 144 132 172 240 117 129 126 132 141 159 162 157 154 152 148 166 171 173 174 173 173 168 161 157 154 153 162 166 164 161 164 169 162 156 160 154 144 146 140 135 139 133 133 128 128 127 123 126 122 116 113 107 111 112 113 124 132 134 129 130 129 134 
140 145 145 144 146 142 116 90 83 93 93 84 93 102 110 106 86 87 83 89 82 79 73 76 67 62 71 72 62 58 56 66 64 70 97 132 135 142 147 145 150 156 164 166 170 171 174 179 173 166 143 144 162 244 148 130 120 116 83 119 125 135 141 149 146 158 171 174 173 170 172 172 163 155 152 150 145 156 160 161 159 157 160 149 146 143 140 135 135 135 131 135 129 123 123 120 120 112 112 110 106 113 117 125 127 121 121 124 128 132 137 140 
149 145 145 145 143 145 124 103 102 100 97 89 97 97 109 103 92 87 87 102 99 82 76 67 63 69 77 89 75 67 69 67 67 69 87 118 136 142 147 149 153 156 162 163 166 173 172 173 169 159 135 135 154 164 131 137 122 115 76 80 86 92 116 126 138 161 170 168 173 173 171 167 163 156 150 146 144 151 152 150 155 155 151 148 145 143 138 139 139 139 133 130 123 126 121 121 119 115 110 104 112 115 123 123 126 128 129 133 134 131 114 96 
146 143 145 144 148 144 139 117 99 104 106 106 95 92 95 95 95 87 72 78 79 86 72 55 70 67 75 76 78 65 61 63 62 69 101 107 128 144 146 146 144 154 156 161 166 164 167 166 159 145 134 121 147 107 112 134 128 114 104 67 90 108 125 130 136 158 167 170 169 172 168 156 150 142 146 148 145 141 141 150 149 145 141 146 143 139 139 134 133 128 127 129 125 120 120 118 114 111 110 123 127 125 103 98 110 112 111 95 70 64 85 90 
142 147 146 143 139 144 144 120 98 94 107 116 118 103 89 83 75 84 90 90 79 66 71 77 82 83 73 64 66 75 63 73 73 102 116 119 120 130 139 143 147 142 153 160 163 166 163 161 165 155 132 126 144 117 110 130 129 98 93 86 97 114 134 140 145 153 156 161 159 159 163 161 149 146 144 142 134 137 139 138 141 143 142 140 139 137 135 134 130 128 127 124 122 122 118 114 117 109 113 111 111 126 159 158 135 119 107 103 111 134 142 151 
149 146 146 147 150 147 146 135 108 90 94 97 92 79 58 64 75 77 72 74 68 74 83 97 93 91 91 96 83 72 67 80 87 106 121 132 136 141 141 142 142 143 142 147 153 153 157 160 157 163 150 119 141 112 110 117 127 118 97 105 106 129 134 134 145 156 166 160 153 153 154 164 151 150 144 145 144 142 139 137 139 138 137 140 131 131 131 132 128 125 122 120 116 117 115 118 98 84 78 82 79 77 90 142 185 189 183 182 181 176 181 184 
144 144 145 144 141 139 144 148 134 115 95 95 98 103 107 92 78 79 74 73 75 83 93 86 92 96 89 86 85 78 93 101 101 115 130 137 139 139 140 142 142 143 144 144 146 145 147 147 151 152 154 141 158 117 114 126 133 131 115 98 111 123 127 127 143 159 165 166 160 156 168 160 153 153 151 144 143 140 135 138 135 137 133 128 128 127 128 126 121 122 121 121 121 114 110 87 81 87 88 80 84 86 77 61 66 123 173 185 179 180 177 183 
144 142 143 143 146 146 144 141 136 126 119 106 97 84 68 80 82 76 70 74 71 78 74 87 96 92 91 90 67 62 87 103 100 120 128 133 130 135 137 134 135 139 142 142 140 139 141 142 142 148 150 154 180 118 121 123 129 130 131 113 102 111 104 116 143 163 161 153 150 153 164 152 150 148 143 141 138 137 137 134 133 132 130 125 123 123 121 122 123 118 120 117 115 101 73 83 85 85 85 87 82 81 79 85 81 64 59 125 164 176 178 178 
145 147 147 145 146 143 143 143 142 142 135 125 107 93 76 80 77 82 87 81 87 81 80 93 102 93 70 57 62 79 89 94 106 111 125 134 127 128 131 132 129 127 131 132 130 134 132 134 133 137 140 148 195 114 107 120 126 122 120 118 107 91 99 139 159 162 159 155 150 151 157 148 147 141 139 137 132 133 126 133 130 134 125 120 121 119 120 120 119 122 114 109 87 83 87 86 85 88 86 84 85 87 88 79 81 81 68 58 102 134 164 175 
147 140 145 147 144 144 147 146 145 146 141 141 112 96 71 69 81 95 87 74 65 77 77 89 92 90 74 68 69 52 51 70 79 97 116 125 131 133 129 129 130 128 129 127 130 130 135 137 131 130 132 125 112 130 104 108 117 121 123 119 96 94 122 137 143 144 150 148 143 183 157 142 144 140 137 133 135 130 134 129 124 118 121 125 120 125 120 124 117 106 98 79 89 86 83 81 87 83 81 85 85 81 79 88 83 79 85 83 91 97 92 142 
145 146 144 144 145 144 144 145 143 141 142 145 135 104 93 88 92 81 83 85 78 79 86 73 80 70 69 69 61 49 62 56 63 77 92 112 120 122 122 131 131 127 129 129 126 129 125 120 126 132 127 130 123 117 115 112 126 129 133 106 94 119 132 136 138 140 140 145 171 169 139 140 132 134 133 130 127 132 122 119 120 123 121 118 127 116 113 101 89 83 79 87 85 87 87 85 82 84 88 81 80 86 82 78 81 83 78 82 89 109 106 101 
147 147 149 148 145 145 144 145 143 142 144 142 140 122 97 85 82 90 86 82 79 82 86 73 71 76 72 72 64 66 58 45 54 62 63 65 82 100 109 110 122 126 131 125 125 124 124 130 129 126 125 126 131 145 142 118 118 116 120 99 110 130 132 129 130 140 144 147 147 129 132 129 129 130 129 124 122 110 117 121 117 118 116 107 101 92 78 84 86 92 85 84 88 85 86 88 90 83 81 87 82 81 86 84 77 81 76 76 77 92 105 108 
145 144 143 142 143 145 146 146 142 144 145 147 138 129 106 111 103 93 94 95 83 82 83 89 86 79 68 59 57 57 56 63 54 49 52 56 71 70 76 84 84 95 89 95 106 119 127 126 130 127 129 129 127 128 141 161 147 119 82 102 137 141 141 141 137 130 124 121 122 125 129 120 113 109 105 106 114 121 116 113 105 88 76 90 81 87 91 89 90 88 88 92 87 86 86 84 82 86 85 86 89 83 80 77 82 82 85 85 81 83 104 102 
142 142 145 147 143 142 146 143 144 144 142 143 144 140 120 105 93 100 93 90 95 96 93 93 89 87 84 87 77 70 63 63 69 57 72 68 59 65 62 68 63 63 73 62 62 63 63 82 89 102 101 107 106 105 93 80 71 120 205 156 110 109 119 120 122 127 131 131 129 123 116 111 122 129 134 138 139 134 134 128 106 89 94 83 90 92 93 96 92 86 88 83 85 86 84 84 88 89 86 83 79 84 83 84 83 76 77 79 82 78 94 120 
149 144 144 142 143 146 145 146 142 144 149 146 141 146 132 103 79 64 82 91 88 83 88 82 85 87 84 68 65 66 73 51 58 79 71 83 80 73 64 63 76 78 72 73 66 61 53 43 52 52 48 56 52 53 57 45 47 106 200 153 51 38 33 39 46 86 92 79 84 73 91 126 124 125 130 133 135 134 133 120 98 90 93 91 92 91 88 85 83 87 87 91 91 87 89 85 91 85 80 86 82 85 80 78 78 83 82 75 73 79 74 90 
144 146 145 143 145 142 145 144 145 145 141 143 143 140 146 134 98 73 91 94 99 94 86 101 99 92 84 74 68 71 79 66 69 66 73 76 93 98 88 83 81 75 78 74 78 76 70 66 56 52 57 53 61 58 49 38 46 50 41 47 69 70 66 97 118 116 114 113 106 114 134 122 103 114 128 130 130 132 118 95 90 98 90 94 94 92 90 91 95 87 88 85 87 92 87 87 84 86 88 84 79 83 85 87 82 77 84 87 80 79 79 83 
147 144 145 147 144 144 146 144 144 144 145 144 145 145 144 144 149 142 126 98 85 87 94 87 83 75 79 78 72 74 77 74 72 72 78 68 68 87 104 91 81 79 78 74 72 65 66 68 64 59 61 59 55 46 42 52 60 94 96 74 71 90 106 122 133 132 134 136 136 129 121 106 119 130 131 135 126 109 95 91 90 87 98 89 90 85 88 88 90 91 89 90 88 85 89 86 85 87 83 80 87 83 82 81 79 83 76 78 83 81 80 82 
147 144 142 142 145 143 144 145 148 145 146 150 144 142 147 145 143 143 131 88 87 80 63 83 68 71 71 70 67 64 71 84 83 79 79 80 71 79 90 97 74 64 60 64 64 60 56 62 54 58 59 60 57 52 50 62 99 112 79 52 59 62 59 70 77 87 99 108 119 127 129 136 126 118 109 97 93 89 90 95 92 96 89 93 93 92 90 89 86 85 86 87 88 84 88 85 88 82 85 85 80 83 78 82 84 81 81 80 77 80 78 78 
142 146 144 146 147 148 144 141 144 144 144 145 144 146 143 143 146 143 144 137 130 127 85 39 54 51 71 69 75 84 73 70 82 85 75 69 75 59 74 77 79 82 71 65 70 68 72 69 68 63 61 50 53 54 67 85 108 123 117 106 106 110 103 113 126 126 124 120 112 100 102 92 97 86 86 88 89 89 92 90 92 91 91 94 87 91 91 88 90 93 90 91 85 87 84 86 81 89 87 86 88 85 84 80 80 81 84 79 81 79 82 83 
143 142 146 145 144 146 145 143 146 143 148 144 146 146 144 144 142 144 144 143 139 144 139 110 69 38 38 64 67 80 83 73 85 73 70 60 66 71 79 83 75 69 76 76 78 65 64 67 66 61 53 44 45 78 109 124 121 117 126 117 124 119 123 121 112 110 98 96 93 97 91 95 88 97 98 96 97 93 93 95 95 90 92 92 89 89 90 94 89 89 87 87 84 92 87 86 91 86 85 81 78 85 81 79 80 82 81 78 76 78 76 73 
147 146 147 147 142 142 144 144 144 145 145 145 145 144 144 144 147 142 145 144 147 142 141 141 145 137 133 119 109 75 73 84 83 75 64 60 64 68 68 64 71 70 74 71 68 68 66 59 51 56 61 94 117 122 130 128 127 122 121 117 110 111 105 106 107 100 98 99 97 91 97 93 96 91 90 90 95 96 92 92 91 93 89 90 93 90 90 91 94 88 94 88 86 85 85 87 84 85 83 87 91 84 85 88 84 78 80 81 80 83 79 79 
144 145 143 143 146 149 144 143 144 145 145 145 143 143 144 145 143 144 144 142 142 145 144 144 146 147 146 146 144 136 95 70 69 69 56 53 56 58 66 71 58 66 69 67 60 54 54 57 74 77 110 119 126 134 131 129 128 128 124 120 116 113 111 109 102 102 100 97 102 101 94 98 97 97 96 95 90 90 94 96 96 90 96 94 91 96 90 88 87 88 86 91 90 93 90 87 87 88 86 87 80 79 80 82 77 82 81 81 80 78 79 79 
