10 49 54 57 58 58 59 58 55 58 58 58 59 55 61 61 62 58 63 61 60 56 56 60 90 79 74 99 74 69 65 59 63 78 96 92 68 77 76 108 104 79 78 76 76 43 63 52 60 62 66 50 49 49 52 46 41 51 84 79 79 62 46 42 50 54 53 57 61 60 61 57 60 58 51 58 56 59 58 64 61 60 61 62 61 62 56 61 58 57 57 60 67 64 63 58 56 60 59 58 64 59 63 59 56 51 54 60 53 55 55 56 
48 48 52 48 47 50 52 49 51 57 50 49 48 54 49 53 56 57 61 61 61 58 58 52 55 64 58 61 66 71 64 59 42 51 50 43 45 40 36 46 36 42 38 36 32 40 34 38 32 28 29 30 29 37 31 19 17 33 46 54 37 13 33 44 47 46 48 46 44 46 46 45 48 47 50 45 38 42 43 42 44 46 44 50 46 44 46 47 48 45 45 47 47 47 43 43 47 46 44 47 48 49 47 48 50 49 51 46 47 49 51 53 
52 47 50 52 50 50 47 48 48 47 52 60 65 65 71 64 57 51 46 50 63 55 50 59 64 70 74 67 71 83 67 57 60 62 67 48 37 33 58 64 35 35 41 39 39 39 33 30 30 32 26 22 27 38 37 35 55 124 135 149 161 148 93 27 24 41 46 47 49 46 48 42 43 47 42 47 48 45 47 49 46 45 45 45 48 48 45 43 46 48 46 44 47 46 46 47 44 47 47 45 45 47 45 48 47 47 48 50 53 54 50 48 
51 52 44 50 51 54 53 49 53 55 55 60 60 70 74 76 61 57 54 47 44 54 55 56 65 79 82 75 77 91 63 66 60 61 76 52 39 55 73 60 36 46 55 54 54 49 38 39 35 34 30 26 31 32 35 44 116 132 77 65 75 120 179 166 76 19 23 27 34 50 38 48 46 47 47 43 42 45 44 45 46 49 49 43 44 46 45 48 42 45 46 47 42 46 43 43 46 48 46 48 46 46 46 48 48 48 49 51 47 48 47 53 
51 45 51 51 49 49 52 54 50 49 54 52 51 62 62 52 52 50 55 54 58 48 55 57 55 74 75 89 84 80 78 74 62 75 87 85 60 69 78 55 58 83 76 70 67 47 37 41 39 34 31 31 35 33 32 42 71 105 89 106 93 90 76 106 162 144 106 57 28 9 49 51 45 43 41 48 46 42 44 47 44 43 42 47 46 45 46 46 45 46 46 46 45 46 51 50 45 42 47 48 47 52 50 48 47 50 51 47 52 50 54 49 
49 47 49 50 50 54 53 48 51 52 52 52 59 58 56 55 52 56 54 55 58 51 55 58 65 86 83 84 79 79 73 67 61 79 78 64 50 58 67 56 58 63 72 69 56 37 50 48 42 29 32 31 35 30 31 38 52 80 115 128 115 123 123 116 131 160 168 154 139 104 35 22 45 45 46 43 44 47 45 46 46 48 48 45 46 46 45 42 46 43 41 47 45 45 43 44 45 48 48 48 47 46 47 47 49 47 49 48 49 51 55 51 
48 55 53 50 57 54 47 53 54 53 56 50 54 53 57 53 51 55 57 60 56 52 57 67 72 94 85 80 84 71 64 51 63 68 54 53 65 57 56 54 58 59 62 53 36 56 71 52 28 24 30 27 23 31 34 35 43 78 102 153 141 128 164 166 176 189 188 177 169 161 149 78 23 32 39 47 45 42 48 44 43 44 41 43 43 44 42 48 46 47 47 46 50 49 45 45 47 47 47 46 47 50 54 53 54 55 47 50 53 47 49 54 
49 47 48 52 60 54 58 54 50 53 61 62 59 56 47 52 53 54 60 57 59 54 49 72 62 88 85 83 75 62 57 57 59 60 45 40 53 54 45 54 52 49 45 36 65 70 51 29 24 35 34 34 34 45 48 44 42 57 91 114 137 128 138 164 166 150 134 127 149 171 151 168 123 46 18 37 38 44 44 46 47 45 45 48 50 46 49 45 44 44 41 44 46 45 44 45 44 51 50 48 49 46 47 50 46 46 54 51 51 51 53 50 
49 50 52 54 51 50 46 52 58 55 53 63 59 53 59 57 57 55 56 62 62 61 62 66 74 88 85 75 72 64 68 48 53 47 50 47 44 47 47 45 43 55 46 53 58 39 24 25 26 20 34 33 39 41 36 41 37 36 43 69 96 88 113 125 141 154 137 117 107 163 157 159 162 158 122 27 42 43 43 47 43 42 46 45 40 45 44 47 45 42 50 49 46 44 48 48 47 46 47 48 48 49 49 50 51 51 46 50 49 54 52 53 
50 52 54 54 54 56 50 52 57 56 55 57 59 55 60 66 60 58 53 53 55 59 58 76 83 93 83 71 65 68 60 50 51 48 48 47 49 41 46 51 51 35 34 42 36 29 20 22 23 37 37 40 39 29 24 33 28 36 42 32 22 29 69 78 105 137 142 139 135 164 180 181 172 160 152 120 29 45 46 45 47 42 46 46 48 45 44 42 46 47 45 45 45 50 44 44 48 47 48 50 50 51 50 46 48 52 52 51 56 45 53 53 
47 54 53 55 53 56 54 55 55 55 61 59 55 52 48 55 59 57 56 60 68 66 67 74 82 87 77 79 58 49 52 48 48 53 47 47 49 49 46 42 43 55 62 45 42 52 73 90 92 70 53 38 36 52 67 62 67 61 55 43 53 43 34 51 86 98 118 143 154 178 188 182 178 162 159 149 79 43 40 44 43 49 47 47 43 47 50 50 47 46 47 44 46 43 48 51 43 47 47 50 49 52 51 53 51 45 50 49 48 54 49 52 
54 50 54 52 56 53 57 53 50 53 63 53 58 59 67 60 62 61 67 69 59 67 71 74 77 86 68 65 68 56 54 46 44 45 47 54 48 45 37 39 56 70 92 90 68 54 53 63 63 43 30 34 62 101 114 119 130 124 120 113 99 76 46 40 75 154 167 153 108 134 184 183 179 173 168 163 112 43 47 44 46 46 43 43 46 47 46 47 45 48 47 48 46 50 45 47 48 47 49 48 50 48 53 53 49 49 49 55 51 49 53 53 
51 53 54 54 49 48 61 52 52 58 58 63 65 60 72 74 60 56 56 60 66 69 78 84 79 81 77 64 64 69 43 47 44 48 47 40 39 45 57 60 59 67 72 68 39 33 23 19 34 48 77 124 151 159 156 161 162 164 163 159 147 135 119 89 67 98 155 194 197 174 188 189 194 186 176 164 132 58 42 47 44 45 47 48 46 46 45 44 47 47 45 48 44 43 48 47 47 49 50 50 53 54 45 46 52 50 51 46 48 51 50 48 
53 51 53 51 56 62 57 54 61 61 59 58 63 58 51 57 57 62 73 62 57 68 84 92 86 87 64 74 67 52 50 47 44 38 32 46 55 64 57 61 71 67 64 57 59 57 69 107 138 156 165 165 166 165 169 171 172 168 171 167 165 157 155 149 139 105 69 81 109 120 118 134 147 154 175 181 139 48 40 44 47 48 46 48 49 45 46 48 46 44 47 45 51 45 48 51 51 49 47 51 48 49 50 49 48 48 52 54 52 55 49 50 
51 53 51 53 53 54 59 52 54 64 57 64 59 55 52 63 60 58 69 70 76 80 83 90 97 87 74 64 48 46 47 37 37 40 54 53 48 44 67 79 85 86 91 92 104 125 149 161 167 167 164 166 169 172 172 174 176 177 172 168 163 156 152 155 151 144 135 124 126 123 107 98 95 82 102 103 72 19 24 38 44 47 43 42 43 47 44 45 47 48 49 48 45 47 52 46 47 50 50 51 53 50 51 52 51 48 50 47 50 51 50 35 
52 58 48 51 55 58 61 57 63 64 61 63 56 55 56 63 63 72 77 67 69 81 90 95 84 84 75 62 53 43 43 43 45 55 46 48 58 76 95 98 87 79 91 118 139 155 156 162 166 172 172 177 173 176 179 179 177 175 175 166 170 168 168 167 164 164 163 165 158 156 139 135 133 133 118 102 88 66 46 45 40 44 36 33 33 39 44 49 47 46 46 48 48 50 49 50 51 47 49 51 52 54 54 51 50 54 51 51 53 35 30 67 
58 61 56 54 47 50 68 55 67 85 68 56 58 59 59 59 69 76 82 80 73 86 85 95 90 77 61 60 64 58 43 44 44 55 65 74 78 82 76 87 105 132 149 160 156 157 155 160 165 172 173 170 172 167 168 170 176 179 180 180 180 181 177 182 185 181 175 167 171 170 154 151 152 148 147 146 144 135 116 71 51 36 34 47 45 40 46 43 49 49 49 50 51 42 45 47 46 53 50 50 49 49 47 50 53 49 49 38 25 49 119 162 
55 61 62 55 58 53 72 69 77 72 60 60 54 63 64 69 59 59 64 78 79 82 82 89 84 76 60 52 43 48 39 39 52 55 62 73 92 115 130 148 158 159 155 144 152 158 162 162 151 167 170 172 176 178 183 186 189 191 189 188 185 183 182 181 180 180 181 179 175 170 167 158 160 153 154 147 145 135 133 136 113 87 69 64 53 37 28 32 35 43 42 45 50 54 52 53 50 50 56 52 54 53 52 46 44 37 34 59 107 153 165 164 
54 61 50 58 57 61 68 86 81 78 68 66 67 60 65 61 59 71 70 71 70 68 81 86 83 80 58 44 33 37 48 50 65 86 106 132 152 166 164 162 160 162 154 150 165 164 151 139 151 171 181 188 185 190 192 191 190 187 192 188 186 183 183 182 180 177 179 179 182 182 176 172 168 167 167 164 155 150 149 149 131 130 108 94 103 99 81 70 65 55 50 45 44 54 46 49 43 44 44 41 36 47 48 43 41 62 97 139 164 158 159 156 
60 61 50 62 56 62 68 80 75 69 57 59 65 57 62 62 64 68 76 68 77 73 77 75 67 70 64 47 61 71 97 127 145 157 158 161 161 163 164 167 165 163 167 171 167 144 125 153 170 180 184 186 176 181 189 192 193 196 194 195 190 188 184 183 181 181 182 181 180 181 186 185 184 179 171 169 179 176 169 164 157 152 140 114 107 101 102 112 118 111 105 94 84 78 77 71 85 79 81 76 80 76 77 99 124 135 142 131 141 148 146 152 
67 59 50 62 67 70 73 84 75 74 66 63 62 72 71 68 62 70 79 75 66 73 82 80 73 67 61 67 90 126 144 157 161 164 164 159 165 166 170 167 170 170 173 170 128 112 116 161 176 182 181 178 163 173 184 187 192 196 199 199 195 192 186 185 183 183 186 185 178 176 173 173 177 182 179 169 180 185 185 177 173 163 159 159 146 133 107 87 80 81 108 103 114 118 109 107 105 126 118 125 106 111 110 117 132 138 127 123 121 134 143 145 
72 54 53 60 69 74 81 73 69 74 60 68 76 71 79 65 52 62 66 76 63 60 76 78 75 64 58 81 115 142 154 157 160 161 159 163 166 175 179 179 173 174 172 141 118 142 154 166 167 170 166 145 141 165 178 188 192 193 196 199 200 195 198 193 188 188 187 186 182 182 180 177 172 180 181 179 179 176 158 168 172 174 170 165 162 153 150 143 127 113 99 85 94 120 109 125 111 104 116 129 126 101 113 121 113 119 130 123 130 131 136 144 
93 70 61 59 65 80 83 84 80 78 61 70 76 74 72 62 64 66 78 59 63 68 75 83 80 79 69 94 133 149 155 160 157 156 158 162 174 178 183 181 176 174 154 125 122 156 175 171 169 164 147 129 123 163 176 186 196 195 199 199 199 201 200 199 192 188 185 184 182 179 179 181 176 180 182 180 182 167 159 160 160 167 148 143 149 148 154 148 147 143 116 88 84 101 103 99 92 84 96 99 106 124 113 135 109 113 118 119 120 131 127 139 
53 74 59 57 68 76 67 66 73 76 67 82 92 93 81 71 76 88 88 80 61 75 78 76 69 85 96 125 143 150 154 156 159 168 175 178 176 182 181 176 178 168 132 119 134 164 182 173 166 154 136 124 105 155 170 172 192 198 200 204 207 206 202 201 197 190 189 187 185 184 185 184 182 182 185 184 182 171 177 178 172 169 163 157 148 124 138 143 133 123 109 100 103 92 100 88 89 117 104 100 91 120 120 101 125 116 115 124 119 117 122 120 
59 69 62 60 67 70 69 63 71 74 75 85 97 99 82 81 74 94 88 74 68 72 84 84 74 89 111 135 144 154 160 160 167 177 179 183 180 181 181 177 174 166 136 128 140 162 177 174 169 147 144 120 114 161 177 170 184 197 198 200 202 203 203 201 197 195 188 188 186 185 183 183 183 186 187 182 180 181 183 179 178 176 169 162 158 153 149 135 132 132 134 122 94 89 87 89 91 107 109 98 90 94 107 117 92 121 109 112 115 128 122 122 
53 58 57 71 66 75 69 63 79 71 77 89 100 83 85 80 75 86 83 77 73 80 92 88 82 98 121 133 152 160 162 167 176 181 179 176 176 184 180 175 171 146 148 128 147 173 178 176 166 149 150 103 116 166 185 170 182 193 196 199 201 206 206 200 194 190 192 191 185 182 179 178 178 176 176 168 166 162 163 161 166 171 163 162 157 157 157 158 148 134 123 108 108 84 82 105 98 94 92 84 93 106 103 117 111 103 109 109 105 115 112 125 
52 69 57 63 67 69 70 63 66 69 74 88 96 89 87 75 82 83 84 84 81 86 100 93 90 101 124 131 151 159 157 172 179 184 185 178 183 188 182 182 177 152 143 122 146 183 182 183 164 156 143 116 129 172 178 172 177 190 194 201 203 207 205 202 194 191 192 190 184 176 168 157 137 111 94 84 80 94 109 123 134 146 153 160 158 153 144 149 142 143 135 127 118 103 81 78 78 84 85 80 69 86 96 101 108 96 108 106 108 123 113 102 
54 55 55 64 63 60 61 68 69 73 75 85 81 82 74 66 62 73 93 87 76 89 86 85 91 94 120 139 159 160 172 182 184 186 187 188 188 185 181 180 179 159 137 125 157 179 184 187 164 166 108 90 136 175 175 169 177 191 195 201 202 202 198 197 194 193 190 185 172 152 132 91 62 56 45 52 61 58 68 73 83 87 96 106 112 110 115 123 122 122 126 119 131 128 102 86 84 81 88 90 86 78 93 90 90 102 102 104 96 101 122 118 
62 58 60 55 72 62 67 72 70 70 82 94 82 67 71 77 70 73 79 96 89 87 77 73 85 97 121 139 163 166 174 184 183 186 189 191 188 186 183 178 182 165 126 109 155 178 179 175 153 155 117 74 106 167 168 165 173 190 197 199 202 199 201 196 192 187 182 167 143 106 66 70 94 115 129 138 141 149 141 136 126 124 109 98 94 93 98 110 107 88 105 109 127 138 120 117 81 85 88 86 88 97 101 77 77 88 96 102 88 98 98 129 
53 53 59 67 68 68 68 61 67 80 100 80 81 66 71 71 60 68 82 91 98 90 71 74 78 100 117 142 167 175 176 186 186 186 191 188 186 190 183 179 177 166 134 97 129 165 170 162 150 139 106 126 115 154 159 159 174 191 192 196 198 197 195 190 191 183 160 128 89 67 92 129 136 134 128 131 131 129 133 132 126 129 118 110 121 116 125 127 117 110 114 113 130 133 120 116 105 78 78 86 96 85 77 71 76 83 93 105 98 80 98 97 
57 57 61 65 69 71 71 68 71 95 105 77 63 63 60 67 72 79 82 89 94 78 71 72 85 99 128 149 175 179 176 185 189 189 188 190 187 189 183 179 179 153 118 89 114 156 165 151 142 121 31 14 84 140 151 152 170 190 196 198 195 192 189 186 179 160 121 82 77 117 147 142 139 132 122 114 124 128 126 113 124 127 114 123 139 139 153 155 151 131 118 114 125 129 119 119 122 98 83 74 81 80 65 76 90 78 77 87 99 93 98 112 
52 50 64 62 58 73 85 69 78 98 91 63 69 71 61 53 53 69 70 82 70 73 75 82 89 101 137 154 176 181 178 186 188 190 189 191 189 189 186 181 182 159 116 91 106 147 159 145 137 139 132 49 98 133 144 146 170 190 195 197 194 190 184 172 152 109 78 97 144 164 156 145 136 136 134 137 129 120 137 153 139 135 149 157 157 151 162 172 167 163 158 141 145 119 120 120 119 110 82 72 76 97 78 84 74 84 82 76 101 93 106 118 
54 60 63 54 56 68 70 83 102 98 79 68 62 71 59 51 53 62 63 66 58 56 71 78 84 105 131 155 172 179 182 188 189 192 191 188 188 190 189 185 186 162 119 92 97 140 151 141 128 115 63 67 107 131 141 145 172 185 190 188 186 182 172 148 103 89 128 156 174 171 159 144 137 138 141 154 139 116 71 77 123 157 151 155 163 164 163 172 166 170 171 166 151 127 124 122 116 128 124 94 84 84 80 83 70 75 84 85 98 106 96 109 
57 50 53 57 62 75 85 87 97 86 61 64 62 54 53 54 54 58 72 70 54 59 79 76 85 103 141 165 182 172 182 190 187 190 187 186 188 188 189 185 188 156 110 84 87 134 148 136 130 112 59 63 100 121 137 151 180 187 188 186 182 177 161 128 116 145 168 172 168 156 146 147 142 140 147 148 126 66 33 24 48 114 171 167 158 159 170 165 170 178 173 165 155 146 139 122 113 127 119 107 86 86 81 88 89 71 79 89 103 107 101 98 
54 57 56 58 67 70 80 96 69 67 61 69 61 64 51 54 58 54 59 61 68 76 80 79 99 130 148 168 173 180 183 185 189 190 188 188 189 193 191 190 190 170 111 89 87 121 136 132 119 111 97 145 127 118 137 159 181 192 189 187 189 188 165 151 160 167 174 172 174 163 142 148 150 145 138 134 91 17 13 18 12 27 115 179 170 154 159 175 175 169 172 172 170 166 161 144 145 133 119 117 105 85 83 84 78 82 75 81 85 85 102 98 
54 47 54 55 63 88 83 73 67 62 84 84 73 72 83 80 90 88 57 56 78 79 77 84 121 135 149 172 178 178 184 188 189 185 192 187 186 191 194 192 192 180 142 93 89 120 123 120 113 117 93 94 123 125 139 170 186 190 192 194 195 181 163 161 160 169 168 174 169 166 158 132 133 133 136 122 92 102 35 15 20 9 14 94 165 171 150 148 164 165 157 163 164 163 171 162 153 138 127 126 106 86 69 75 83 82 67 71 83 88 95 97 
54 58 60 56 71 87 77 80 67 60 78 80 89 73 56 63 76 88 78 74 75 76 66 86 121 148 165 167 174 178 180 185 188 185 187 192 188 190 193 193 194 177 137 107 96 128 124 119 110 109 95 88 113 129 147 175 186 186 189 196 182 167 161 155 158 162 166 167 168 169 152 150 150 154 146 121 131 167 117 27 11 11 17 16 78 153 162 152 151 169 166 163 163 161 164 158 162 149 142 126 117 107 83 67 78 79 73 77 80 86 88 95 
60 59 50 57 72 71 73 82 69 63 80 76 81 77 58 58 65 65 74 84 71 67 68 94 137 151 162 168 177 184 180 180 185 188 189 190 191 192 194 197 193 184 131 99 100 129 128 114 111 106 97 89 122 134 160 176 176 182 184 181 169 177 182 168 157 162 158 157 170 161 142 147 158 157 139 128 151 171 88 8 19 89 120 88 22 115 150 163 148 153 168 172 169 164 167 169 160 150 146 140 135 134 110 93 96 96 77 68 74 93 86 98 
59 51 55 69 79 79 77 73 59 60 93 96 69 60 65 70 60 58 58 68 67 60 74 109 130 147 157 171 177 176 181 178 183 183 184 188 187 189 192 191 193 185 165 122 112 132 133 119 114 98 100 91 119 132 161 171 175 179 176 167 173 182 183 173 147 158 157 149 138 139 131 133 131 133 135 124 179 204 190 80 106 125 123 128 92 43 131 163 160 151 162 159 147 154 165 168 172 158 157 148 136 128 119 94 85 80 80 64 63 68 87 84 
60 58 63 76 88 71 77 70 61 59 101 101 72 68 66 58 55 60 60 57 57 62 78 108 127 147 163 172 175 176 174 178 178 179 186 187 188 192 195 192 193 192 171 150 115 139 138 126 114 94 79 118 126 141 163 173 182 181 170 170 177 178 181 169 112 117 147 149 129 127 136 122 137 138 131 112 122 138 94 73 113 129 128 130 131 159 127 166 164 145 159 161 156 152 157 165 166 169 159 153 143 130 118 113 87 87 89 78 67 64 74 89 
53 61 67 84 91 85 81 72 69 68 93 87 66 61 58 54 60 61 68 59 61 69 80 98 130 159 166 173 172 174 177 180 175 179 179 185 185 194 191 194 194 193 167 150 137 139 155 135 128 131 129 138 152 167 179 190 186 176 172 170 174 181 175 164 106 121 139 153 136 137 140 143 141 140 139 142 195 178 54 59 109 121 125 122 130 204 173 162 175 144 149 151 136 150 163 160 167 163 157 146 134 126 124 122 109 97 88 74 65 64 69 87 
62 67 84 81 83 78 62 63 70 59 85 93 73 60 58 48 38 44 53 52 57 67 80 105 136 153 167 172 175 177 180 176 174 173 179 180 183 186 187 183 187 182 175 171 156 144 156 147 134 139 145 143 161 181 186 184 180 178 175 173 172 177 171 163 122 153 138 150 145 130 117 121 150 160 138 111 180 209 152 91 104 114 119 133 130 122 130 150 180 150 139 143 138 135 136 151 160 154 143 145 135 128 123 112 89 73 73 63 60 60 89 81 
60 63 85 90 81 84 67 69 60 54 75 88 73 65 58 39 39 42 48 57 55 62 77 99 133 157 164 165 168 173 170 169 170 173 174 176 177 183 181 181 186 186 184 181 180 182 180 172 161 149 154 169 176 174 173 173 183 182 181 181 183 177 172 164 143 153 143 135 129 128 128 117 134 152 132 103 141 148 60 69 103 107 114 132 137 142 161 155 163 142 129 143 139 137 148 151 156 159 156 148 133 121 119 107 78 61 68 71 61 56 80 83 
57 73 102 91 95 81 68 63 54 55 68 82 76 65 50 45 44 52 52 53 55 63 79 110 134 158 161 160 170 173 171 170 167 171 175 173 176 174 181 180 186 186 181 182 189 193 195 194 190 188 183 177 173 172 174 182 189 194 191 191 188 189 177 155 150 145 146 146 120 116 115 125 137 146 126 138 242 210 114 71 104 115 113 136 154 135 151 153 154 137 123 125 131 133 140 140 143 150 148 136 122 113 104 104 108 96 74 71 62 57 72 77 
64 85 101 94 78 62 58 56 46 48 55 67 66 55 50 43 42 37 53 49 53 66 78 110 136 152 158 168 173 172 172 174 172 169 175 172 177 183 183 179 180 185 186 179 182 196 197 198 196 199 193 186 179 179 185 187 184 188 194 191 191 199 214 188 158 147 144 153 142 123 108 106 123 136 122 126 212 211 141 80 93 93 106 136 151 137 151 156 149 126 118 124 113 111 127 124 136 158 146 145 132 123 107 97 94 88 74 71 61 57 75 87 
63 74 104 87 78 78 74 66 57 57 61 82 72 59 57 53 42 43 46 40 46 66 82 98 124 142 158 166 167 168 170 171 174 172 169 171 176 176 180 182 183 182 174 174 175 188 189 193 197 195 190 183 177 183 191 192 189 190 182 189 186 188 190 180 167 153 147 151 140 120 110 108 121 137 111 119 182 198 118 60 79 91 111 126 119 140 163 158 145 122 114 126 136 127 135 139 147 138 135 129 129 121 105 89 80 63 63 63 54 48 63 79 
59 93 77 83 105 102 91 87 81 61 73 95 94 67 53 45 40 43 47 41 41 58 72 92 122 150 161 164 169 166 169 171 169 170 173 170 176 177 180 183 186 185 182 179 183 182 186 194 198 198 199 204 206 208 199 200 194 185 183 182 182 178 167 155 140 130 133 139 124 103 91 98 118 131 108 101 162 177 94 39 59 84 105 125 118 132 154 152 139 116 109 123 127 133 133 132 150 151 145 136 116 121 129 97 64 53 53 58 53 47 65 84 
70 87 75 86 106 81 91 76 54 56 60 89 101 74 59 49 35 40 44 51 53 53 65 86 128 154 161 169 169 174 171 172 169 172 171 172 171 179 185 186 187 180 168 169 176 187 187 191 192 188 191 192 197 203 204 198 197 194 191 183 174 175 164 148 136 117 95 107 108 110 105 121 137 142 117 114 174 164 43 34 58 93 109 131 115 151 154 151 136 119 110 123 115 114 127 124 126 129 133 140 129 108 103 98 89 61 54 59 56 49 58 68 
83 84 89 97 112 94 87 72 65 59 74 90 109 96 79 62 47 41 48 52 49 53 62 90 128 154 163 167 173 173 172 172 173 167 169 167 170 178 180 183 185 182 175 167 169 185 190 187 186 182 176 174 169 175 181 184 182 187 187 189 187 182 165 147 137 128 110 95 95 106 118 131 144 129 106 125 191 198 100 37 74 98 115 149 131 146 155 152 134 109 110 128 127 128 128 123 123 120 136 139 113 97 93 90 82 59 40 50 53 43 49 74 
93 95 106 89 98 92 99 81 73 69 86 103 115 101 85 73 57 49 59 52 47 54 68 91 122 151 167 167 175 174 175 173 171 170 164 171 170 175 174 183 184 187 163 158 169 179 192 198 201 202 199 194 185 182 182 182 183 177 175 180 189 203 178 147 131 122 122 115 104 115 127 135 149 131 104 127 185 177 72 36 64 97 116 122 107 138 149 148 129 113 116 119 116 128 128 124 127 135 136 135 118 112 98 90 77 60 50 51 48 40 39 53 
108 109 113 92 108 94 94 83 78 81 89 106 108 114 100 82 62 46 39 45 45 49 67 88 110 146 163 170 172 180 175 180 181 174 171 167 169 173 177 181 183 173 164 148 148 169 193 204 203 199 191 189 186 183 180 179 182 186 183 182 175 174 166 153 143 147 138 131 106 114 120 126 130 124 105 119 186 179 58 30 62 93 119 121 116 140 144 148 124 103 107 130 125 116 119 115 128 148 144 135 131 117 98 79 55 51 46 56 58 42 40 65 
110 114 118 89 95 105 97 84 90 84 83 99 96 102 98 90 84 61 62 52 53 69 73 90 105 137 160 172 176 179 177 177 179 171 171 168 167 175 177 184 184 169 145 133 130 160 188 191 180 185 197 195 190 186 184 182 185 184 188 195 190 204 209 165 157 142 125 130 111 137 131 118 132 118 98 100 146 137 62 34 56 97 121 134 128 144 149 151 126 105 111 113 116 130 123 133 135 143 136 126 122 116 102 99 94 62 56 51 52 45 45 51 
110 116 115 93 98 108 100 94 91 91 78 94 97 97 102 90 83 72 52 57 59 64 71 82 100 131 157 170 173 181 182 176 175 170 171 172 179 174 179 179 184 175 157 140 128 142 165 144 119 98 109 161 189 189 187 185 185 187 188 190 199 207 190 161 143 123 124 128 128 123 141 139 137 122 101 100 151 48 9 29 50 94 120 120 104 127 144 149 122 108 122 128 119 138 143 133 143 142 139 134 134 120 103 84 81 77 65 64 47 39 42 57 
95 113 98 95 95 101 98 89 90 89 89 93 101 106 99 105 87 81 55 54 61 61 71 86 100 125 155 170 172 174 176 181 183 179 173 173 172 181 183 183 178 163 138 119 117 133 122 98 80 84 102 100 149 188 187 188 184 186 182 178 176 178 168 149 93 114 134 131 122 135 128 118 125 123 102 134 191 162 39 24 41 87 111 108 135 131 152 145 128 117 125 120 121 121 129 134 137 149 144 132 116 115 109 104 79 44 35 47 48 39 37 51 
81 108 94 93 96 103 101 90 93 85 93 89 100 113 92 93 96 80 73 60 60 56 67 89 104 118 148 167 176 174 177 179 181 179 179 179 179 179 180 182 182 160 129 109 100 111 97 81 69 84 107 112 111 157 184 186 191 186 179 179 176 183 176 139 75 105 144 136 115 126 130 128 134 126 103 117 163 92 23 23 44 87 113 99 124 146 156 144 124 124 128 127 127 134 142 144 146 147 140 129 117 100 104 92 98 88 68 48 43 41 42 50 
75 99 99 94 102 99 103 91 77 90 99 90 95 111 94 93 97 91 67 48 58 66 69 94 109 122 146 164 169 179 176 178 179 179 176 181 176 177 180 177 173 142 120 99 94 101 88 76 76 81 87 86 99 118 168 185 188 188 178 168 178 189 191 149 98 127 149 149 148 134 130 139 140 129 110 82 112 86 28 40 58 89 91 82 96 142 152 142 135 136 138 121 130 144 147 146 148 146 142 133 124 108 95 87 67 64 62 54 45 46 45 52 
96 93 90 100 85 96 98 88 70 95 98 93 92 101 82 86 88 90 91 65 52 69 78 96 107 119 140 166 174 176 177 181 179 179 173 173 178 178 177 177 168 137 113 97 91 94 77 77 82 77 69 63 93 106 141 178 191 195 195 185 184 188 192 167 138 155 170 157 155 150 147 146 153 149 114 132 187 173 54 29 53 70 76 74 129 155 146 129 132 137 130 132 128 146 153 147 145 144 140 125 103 98 102 95 82 68 67 57 50 54 51 57 
75 98 85 91 82 94 102 88 85 83 88 87 99 94 89 74 88 87 75 75 52 49 64 94 114 125 144 168 172 173 177 180 182 183 178 180 178 181 180 177 173 130 96 85 88 96 79 75 75 75 67 54 75 92 127 161 181 191 192 176 176 186 186 155 122 123 121 119 134 137 133 136 148 141 122 89 109 92 30 20 39 78 68 99 145 158 147 143 149 149 144 127 130 143 148 142 136 143 138 117 116 109 91 80 67 70 69 59 42 39 57 65 
76 89 102 97 86 90 96 85 88 89 91 74 81 90 92 103 86 81 72 68 50 46 58 77 105 117 135 164 172 176 176 184 183 178 178 180 183 182 182 183 170 124 89 88 88 94 91 80 76 73 56 51 75 87 111 154 167 170 179 161 120 97 91 95 104 100 99 104 113 141 147 139 142 145 117 66 71 70 23 19 24 27 70 133 151 155 141 154 159 157 150 147 140 143 147 151 147 150 143 134 112 112 104 88 77 58 57 61 57 64 67 72 
58 81 90 92 89 96 102 78 75 90 90 83 83 87 76 73 91 82 83 77 60 55 53 68 87 108 134 154 170 174 174 181 182 182 177 177 181 180 175 174 166 120 86 75 80 103 115 97 82 82 67 74 78 82 105 146 162 165 166 167 131 95 96 106 108 109 105 106 114 123 139 143 148 152 124 62 42 27 18 13 5 41 118 156 164 157 159 161 150 143 143 140 142 146 152 151 134 135 135 131 126 100 109 99 93 79 67 57 58 67 81 86 
54 73 88 85 65 76 95 98 82 87 86 73 70 84 77 72 80 91 71 77 66 61 61 59 80 103 127 161 172 180 177 185 182 176 179 178 177 180 177 179 165 127 96 75 83 114 134 118 99 80 64 84 87 81 98 134 158 160 157 163 153 120 89 90 109 111 112 110 110 107 119 132 138 142 122 69 28 15 12 22 59 125 136 140 153 160 159 158 160 155 150 139 138 142 141 128 129 119 126 111 115 100 83 73 76 78 82 75 73 79 79 81 
57 72 68 91 75 76 93 92 92 102 91 84 61 75 77 66 74 114 111 74 64 58 62 60 73 93 118 139 168 181 177 185 184 180 175 179 181 179 183 183 166 134 83 67 84 126 147 129 124 97 45 39 77 84 93 124 154 158 157 154 154 130 104 70 79 115 117 111 109 105 97 114 120 134 124 78 34 38 51 69 107 141 150 150 156 166 162 150 153 152 143 133 134 134 138 133 132 118 107 113 106 106 102 84 79 68 68 82 76 67 70 76 
61 78 71 70 69 66 84 96 76 80 85 74 64 69 78 61 83 73 89 93 71 49 55 66 83 91 119 143 154 170 182 187 186 182 178 176 179 178 173 179 165 129 89 78 98 132 140 132 125 105 57 67 85 94 94 123 154 156 150 140 138 136 120 95 54 45 95 119 104 95 93 94 101 96 102 78 44 24 49 91 117 129 137 146 147 145 146 146 145 132 131 134 126 121 118 129 123 122 105 117 123 108 103 96 82 79 69 67 65 77 84 95 
60 63 67 81 76 73 95 94 80 94 85 71 67 66 76 72 79 92 69 87 73 60 58 57 79 99 107 129 148 165 173 183 184 179 182 182 179 177 180 179 158 130 93 79 108 144 154 136 125 96 26 18 80 105 97 114 142 154 159 153 142 138 124 111 95 62 34 68 107 102 93 85 95 91 84 72 64 58 83 101 108 115 123 125 123 134 140 133 130 135 131 119 124 129 126 122 118 110 106 76 87 91 82 78 79 67 67 66 83 90 100 105 
63 64 73 72 78 80 81 91 86 84 77 64 67 73 74 69 74 84 96 102 79 61 58 56 59 90 109 127 148 167 164 177 181 182 177 181 181 181 167 175 161 133 100 84 124 150 162 151 140 118 75 35 102 120 108 124 143 158 164 159 160 146 132 119 106 88 70 36 53 101 104 93 83 66 81 85 74 79 94 102 102 105 119 117 121 127 129 133 136 131 134 108 108 109 129 125 118 116 104 85 86 96 87 71 85 77 63 67 81 100 102 108 
58 61 71 78 70 63 80 60 79 76 84 71 69 71 79 72 90 70 81 100 87 61 54 62 64 76 109 133 147 169 173 179 179 174 181 183 180 177 180 172 159 129 103 93 138 154 156 150 139 117 42 42 93 131 117 121 138 150 158 166 162 155 143 123 114 104 92 73 35 45 99 99 84 92 69 67 76 82 95 90 92 99 102 105 108 115 130 120 119 122 119 128 107 109 108 114 128 117 106 83 92 82 75 77 82 76 71 76 76 98 111 105 
50 53 64 70 64 76 82 86 75 68 77 81 73 65 71 58 80 63 75 85 82 62 58 59 54 60 85 119 150 162 177 180 184 180 179 177 177 180 181 179 158 133 110 104 143 156 160 148 143 143 61 30 95 134 128 132 149 162 166 167 171 167 156 138 121 115 104 95 86 50 35 96 100 89 87 81 76 77 84 91 84 96 108 102 107 102 107 120 100 102 106 103 115 118 111 92 66 66 64 66 87 85 84 71 83 72 83 98 77 91 104 110 
55 55 58 64 63 88 85 98 85 67 61 69 72 71 73 66 67 70 71 84 93 64 64 60 58 59 74 101 132 153 171 182 183 183 182 181 185 179 182 181 171 139 119 111 148 161 164 153 141 151 98 113 120 142 133 141 156 163 166 171 176 172 159 154 139 124 113 103 102 103 71 25 64 95 101 106 94 85 83 78 82 75 87 86 100 102 103 102 107 98 108 103 103 104 112 94 72 68 90 100 82 71 81 82 76 86 86 91 86 96 106 101 
54 53 63 68 69 70 85 99 91 80 78 68 68 66 78 76 80 69 88 94 101 75 67 51 58 52 61 91 116 134 157 173 183 186 184 181 179 183 177 175 174 142 123 119 150 158 164 161 152 171 129 95 142 161 147 147 161 167 172 175 175 172 163 153 145 135 123 112 111 108 126 127 69 31 37 42 69 90 96 114 133 136 122 106 92 99 106 112 101 101 115 119 111 105 88 99 117 104 86 81 80 84 79 90 88 85 85 95 103 114 118 107 
52 54 55 65 62 66 79 74 85 92 84 71 69 63 75 85 65 67 89 92 99 66 60 65 60 45 48 60 82 107 136 173 175 179 178 179 186 183 181 176 175 153 127 122 161 172 180 188 169 182 167 89 136 169 167 158 164 176 182 180 177 174 177 169 157 148 142 134 119 114 110 137 153 146 134 136 150 160 166 163 163 163 159 149 125 127 117 123 124 131 120 112 113 97 84 83 87 91 77 72 77 89 86 77 82 96 92 109 111 114 106 117 
58 61 57 56 65 69 72 81 74 72 80 63 81 72 93 73 63 64 109 95 106 86 58 60 58 50 54 43 58 80 111 149 176 184 185 181 185 185 183 177 173 174 127 134 161 180 187 195 200 157 192 121 124 176 177 168 172 178 185 187 181 177 177 173 165 156 149 143 135 128 128 134 144 150 154 154 156 154 156 153 149 149 145 149 147 145 152 131 128 130 132 109 106 99 87 84 83 83 85 90 96 100 95 92 95 107 108 111 106 98 108 121 
57 57 59 60 57 59 71 72 65 84 77 85 77 82 106 83 64 80 117 94 105 87 66 54 69 50 43 44 32 39 85 126 171 182 187 188 187 186 184 183 179 179 160 134 164 181 180 179 187 179 140 146 117 179 184 177 177 184 188 189 193 194 187 181 174 167 161 154 147 144 146 142 143 142 145 143 145 149 147 146 145 139 133 128 134 126 131 133 130 128 112 95 93 101 99 92 78 83 99 103 104 101 98 101 102 111 115 102 108 104 107 123 
53 57 56 64 59 53 65 63 75 81 85 83 83 100 91 91 56 92 114 84 87 84 77 58 63 54 51 43 38 31 33 99 153 180 186 185 188 188 192 192 184 184 183 127 150 184 178 167 159 172 178 158 146 174 182 177 185 187 193 196 202 202 201 189 182 167 160 159 160 157 155 161 162 165 162 152 149 151 153 146 131 132 136 135 122 132 144 145 134 122 116 116 93 88 84 88 96 99 109 116 106 99 109 108 106 124 114 117 113 112 114 131 
52 56 54 53 60 60 68 71 69 75 74 103 86 95 98 74 81 119 93 84 83 80 73 63 63 64 46 56 49 41 28 27 108 167 183 191 190 194 196 198 189 176 187 160 123 148 188 169 161 153 157 164 157 165 183 188 190 192 198 202 208 210 206 196 182 173 168 161 158 156 161 162 165 165 171 161 162 157 154 152 148 142 149 164 166 158 150 145 128 105 109 97 96 84 92 110 103 110 107 105 108 100 126 126 127 127 125 122 116 123 134 136 
59 55 57 61 58 63 72 72 59 61 70 64 96 97 97 91 117 100 74 76 94 85 63 67 74 69 49 47 52 37 34 29 29 105 176 189 193 191 196 200 202 196 193 194 163 122 163 180 175 150 139 123 139 142 179 168 185 193 197 202 204 205 201 188 174 168 161 160 157 158 169 170 169 179 185 170 176 170 168 161 170 180 171 155 145 139 137 130 125 104 93 95 99 117 109 107 104 107 107 109 97 116 124 134 128 113 133 139 129 130 141 145 
52 51 54 60 56 57 69 59 66 64 72 83 86 98 90 94 81 74 67 72 87 89 64 75 87 76 56 46 59 36 39 20 29 22 69 126 167 193 194 195 201 205 204 197 201 171 141 173 199 190 179 160 147 151 177 188 190 198 202 203 202 196 194 187 181 175 169 166 159 159 156 151 155 147 155 166 167 177 173 167 154 144 141 143 143 132 123 107 107 114 141 135 133 131 137 133 131 121 130 138 126 129 124 118 109 134 137 139 144 155 156 155 
54 58 55 60 60 60 62 61 54 53 61 65 72 99 84 95 74 70 72 80 89 90 84 76 89 73 57 55 56 39 47 31 19 15 16 39 82 133 181 204 206 204 201 201 198 198 180 161 173 195 201 194 179 171 178 195 199 202 202 198 198 193 186 183 179 177 171 166 159 151 152 157 157 161 160 154 162 161 152 149 149 158 165 155 147 134 125 136 131 125 120 108 95 99 86 90 94 85 89 94 104 121 141 162 178 175 157 155 153 159 161 162 
58 60 55 59 53 53 65 68 72 73 58 64 67 83 107 86 90 101 99 78 89 90 83 73 84 80 63 58 55 50 55 40 30 28 20 19 29 50 80 122 171 206 221 214 205 198 205 198 182 177 187 193 200 202 198 199 200 199 202 201 193 190 190 165 156 176 174 169 164 165 163 158 153 165 164 169 175 168 164 172 171 171 143 124 101 108 93 86 73 65 59 58 56 69 66 52 51 54 52 66 55 62 52 61 94 143 188 194 175 158 156 165 
54 56 57 54 57 56 54 67 57 59 59 58 67 74 71 91 77 85 91 93 90 91 84 82 91 74 72 60 58 54 61 56 30 26 34 30 26 38 54 69 63 77 113 162 203 219 212 205 202 198 192 190 185 187 191 191 198 201 201 201 198 195 190 187 184 180 177 178 177 175 175 171 172 168 164 172 180 176 172 149 135 101 93 73 76 60 60 42 45 52 55 61 60 55 61 56 55 54 54 54 57 52 52 53 38 25 35 91 155 193 182 155 
59 54 54 58 59 55 55 55 60 60 58 61 56 68 81 78 96 86 79 87 99 98 95 83 87 78 67 58 61 63 63 56 38 31 28 31 28 28 45 63 89 84 89 84 91 132 181 209 214 211 198 196 196 198 197 197 194 195 194 194 197 196 194 195 190 182 176 175 171 172 170 167 163 173 165 170 156 145 119 96 68 62 53 58 45 51 49 55 55 58 56 54 53 58 56 58 55 57 58 59 56 57 58 54 53 52 42 31 25 79 147 190 
50 53 56 54 56 62 61 59 54 54 58 56 57 60 60 74 85 97 97 87 101 99 94 93 87 71 75 79 67 76 67 49 39 27 31 36 27 31 37 39 43 58 59 72 64 49 39 80 134 175 201 210 205 204 200 199 198 196 192 186 179 184 188 189 188 191 188 176 168 163 172 166 159 149 137 117 104 84 25 34 54 49 49 57 52 52 55 60 55 54 58 57 58 58 57 55 61 62 56 54 57 55 57 55 59 61 58 57 52 31 24 71 
57 57 54 60 56 55 55 60 61 60 59 61 59 62 61 64 70 101 85 96 98 95 94 94 78 70 70 67 63 70 58 43 52 33 30 36 33 32 39 55 40 41 43 37 37 44 43 26 36 53 82 128 163 184 199 206 206 206 202 196 194 183 168 158 147 123 124 136 131 123 126 113 111 132 134 119 73 52 57 49 52 54 56 52 60 57 59 58 63 59 55 59 58 57 57 60 57 58 58 58 59 58 55 55 56 58 59 61 61 57 51 33 
58 59 56 53 57 58 59 59 57 57 62 59 60 63 70 62 63 72 91 98 102 96 98 99 76 80 87 65 65 65 56 36 39 35 35 34 34 35 36 46 70 61 52 47 42 42 52 46 42 52 48 49 75 86 97 114 139 144 151 154 143 137 108 89 84 88 118 120 138 182 163 160 168 185 187 152 43 32 55 58 58 57 58 61 53 58 55 57 59 58 55 55 55 56 55 57 60 62 59 59 56 56 52 49 59 55 55 56 55 60 58 56 
54 57 54 57 58 57 56 61 62 60 57 56 69 60 63 65 65 73 75 96 97 93 97 98 84 61 78 67 76 73 58 38 41 35 42 51 35 37 36 29 57 73 63 38 47 42 59 49 44 42 51 40 46 68 71 72 73 64 58 70 76 75 62 76 91 100 106 139 160 195 198 207 206 196 175 139 46 54 60 58 56 57 60 56 58 55 62 59 60 61 59 58 57 56 56 57 56 55 55 54 57 53 59 60 53 57 53 56 52 54 52 57 
56 54 55 58 56 59 58 56 59 60 58 63 66 65 65 64 62 72 74 71 80 86 96 94 90 84 83 70 77 76 64 47 42 51 42 46 41 36 43 34 26 43 61 55 31 39 40 52 43 39 37 45 46 50 58 54 51 49 42 53 70 64 73 60 76 105 99 140 206 212 212 199 194 195 178 78 61 61 60 57 58 56 56 60 60 58 57 58 58 56 54 50 53 56 52 52 52 56 58 65 57 57 54 54 56 51 54 53 57 58 60 55 
56 55 59 57 57 61 59 63 60 61 60 63 62 60 57 59 59 58 75 82 85 93 99 91 89 88 86 74 79 75 68 51 36 32 38 50 45 41 38 42 45 37 43 56 37 41 42 46 38 39 40 36 44 42 54 61 64 76 93 105 114 102 106 121 106 106 106 112 191 185 195 207 214 196 108 54 61 65 60 61 60 62 59 59 56 60 57 58 57 57 58 58 54 57 61 54 56 54 57 54 56 54 51 53 54 56 56 60 54 57 59 59 
57 57 58 57 59 57 61 63 64 62 62 67 58 61 61 65 66 63 71 84 97 91 86 78 89 108 91 83 86 86 71 47 50 59 67 59 46 33 53 38 41 47 42 52 53 35 44 44 42 39 36 30 28 38 40 47 62 82 130 161 172 148 139 143 127 128 114 151 166 182 211 208 131 54 35 52 60 61 60 58 59 58 62 61 64 62 60 60 61 59 58 58 57 59 53 54 52 53 55 56 55 59 57 60 58 58 56 52 57 55 52 59 
55 58 54 56 58 57 53 56 57 59 63 61 60 59 59 61 63 63 61 78 122 116 98 84 85 80 88 93 92 98 86 67 52 58 49 55 49 57 65 63 40 41 58 59 53 41 40 40 41 42 28 34 29 41 47 56 89 96 56 50 71 95 148 189 193 211 213 219 227 202 141 43 32 48 56 62 59 64 58 61 65 58 61 59 59 57 62 61 60 59 66 61 61 60 66 64 64 59 55 59 57 49 52 55 56 50 56 61 54 54 55 53 
56 57 63 55 55 55 60 63 63 60 58 57 58 61 61 55 58 60 55 63 94 93 113 102 88 77 82 105 95 101 99 89 74 92 60 58 64 51 61 57 52 53 55 52 65 50 53 54 51 51 47 31 37 39 53 82 89 55 52 58 47 41 61 98 123 155 169 137 92 46 33 49 59 62 64 57 56 56 61 59 58 57 58 61 59 62 61 60 66 63 61 61 62 64 57 59 59 62 62 59 56 58 56 55 57 56 55 56 58 57 59 61 
57 55 52 55 59 56 57 58 58 58 60 62 64 61 60 59 58 58 58 56 60 92 101 96 87 93 99 86 94 92 97 84 72 100 75 76 89 59 76 62 62 51 53 39 51 40 58 58 61 52 34 36 37 40 43 99 144 87 72 81 95 123 125 99 43 11 6 14 28 48 58 65 62 63 60 62 62 61 60 62 62 63 60 61 59 59 58 59 57 57 59 59 62 65 63 60 59 61 59 58 59 59 59 53 53 56 54 53 57 60 57 50 
56 58 60 59 50 57 59 58 60 60 59 56 59 59 60 57 59 63 62 64 69 79 95 90 101 107 104 102 93 92 91 94 64 64 83 89 87 89 80 95 64 70 72 74 72 84 67 73 74 58 51 51 46 34 55 37 52 66 58 54 42 27 16 34 48 36 57 60 61 59 64 58 63 61 65 63 59 62 63 61 59 56 58 61 61 54 55 60 64 56 61 63 61 60 63 64 57 57 60 58 58 56 55 57 56 55 57 57 53 54 55 56 
56 59 57 54 59 61 58 61 61 61 58 61 59 58 58 53 55 57 54 56 63 57 81 83 83 102 87 79 69 71 74 84 95 70 74 66 73 101 80 67 85 62 57 51 68 55 73 64 56 50 49 45 66 60 42 42 25 28 30 25 40 62 71 75 57 53 62 68 63 61 58 55 56 57 59 59 63 61 60 57 61 60 57 58 57 63 60 61 61 63 63 56 58 57 59 64 58 61 63 62 61 60 56 58 56 55 55 60 55 50 50 56 
