10 119 119 119 123 120 118 120 119 120 118 118 117 112 108 110 103 72 61 57 51 48 50 46 54 53 59 57 63 59 53 54 52 51 36 32 44 51 43 49 48 47 46 48 56 57 53 42 40 47 50 54 46 42 46 42 40 39 31 31 32 46 37 35 40 39 33 26 35 40 44 44 46 42 45 41 42 40 36 34 30 30 27 28 30 39 43 48 41 36 29 38 36 34 39 39 38 34 29 29 34 35 35 34 34 33 42 46 50 47 45 39 
131 127 126 128 126 128 130 125 126 123 122 122 117 118 116 111 110 113 111 114 104 100 81 76 64 61 54 56 64 66 63 70 68 67 65 64 61 58 59 64 66 64 65 60 59 55 50 46 47 42 46 51 46 50 44 47 49 45 49 49 47 46 46 44 43 46 48 50 45 43 44 40 44 46 45 51 55 58 58 53 53 49 45 39 39 36 39 38 42 45 39 36 39 42 40 49 52 43 37 34 35 38 34 39 43 47 48 48 51 57 62 57 
128 127 125 124 123 130 126 127 126 125 121 119 117 116 111 112 114 113 106 107 97 86 82 64 53 50 53 54 57 56 62 63 65 62 55 54 52 55 59 61 62 61 55 52 46 45 44 50 45 46 47 45 45 43 44 45 51 50 49 50 49 51 51 48 52 50 48 49 51 49 46 48 47 46 47 46 48 42 44 44 41 33 34 36 34 36 37 37 36 31 33 31 28 32 35 37 42 46 43 36 34 32 32 40 39 41 44 43 54 55 57 58 
126 127 128 130 127 125 127 125 122 126 120 120 119 117 111 115 112 110 102 93 83 82 63 52 53 51 46 44 47 49 51 56 56 54 52 49 55 57 55 53 50 46 46 47 48 47 50 49 53 50 47 47 49 51 54 51 50 49 48 44 45 44 47 46 45 44 47 47 47 43 44 40 42 46 41 42 35 35 37 33 29 32 32 32 33 32 30 32 30 31 34 30 30 24 27 29 32 32 36 42 37 36 37 35 34 42 42 45 44 51 51 55 
129 127 130 128 128 127 125 124 122 120 121 118 116 113 114 113 109 109 96 91 78 69 64 50 49 41 36 41 43 48 55 49 46 50 54 54 55 47 48 45 45 50 50 47 48 47 46 43 44 46 44 43 36 35 33 36 38 38 38 35 36 39 41 38 40 38 40 36 41 41 37 37 38 38 40 41 41 39 35 34 34 31 27 33 29 27 28 28 30 33 34 34 32 35 27 26 26 30 30 27 31 31 36 38 36 36 39 39 41 42 44 49 
126 129 128 126 121 125 126 127 126 125 125 118 113 113 110 116 113 101 87 79 73 70 55 44 39 38 37 37 43 47 50 44 53 57 53 50 44 48 39 40 38 36 36 33 29 35 29 33 19 24 21 20 28 24 21 10 12 10 13 13 21 24 30 32 33 36 27 34 28 36 35 39 38 37 38 32 33 36 38 38 37 31 28 24 27 30 33 31 30 32 31 35 34 34 35 37 36 32 30 35 35 40 38 41 37 39 39 42 40 47 48 47 
126 127 124 122 127 121 122 121 122 120 119 117 113 113 115 110 103 94 85 75 66 58 44 40 42 38 35 41 48 49 44 41 49 56 49 43 39 33 36 30 28 23 16 16 15 12 21 27 50 60 81 90 96 95 93 89 78 71 46 33 21 14 12 15 12 15 27 25 33 27 31 27 33 35 36 37 36 33 31 31 35 38 39 35 33 35 32 35 36 31 34 33 37 37 39 41 39 42 42 41 41 39 40 40 39 42 46 47 50 48 51 57 
120 119 120 122 121 119 120 120 121 121 118 114 113 118 116 109 101 90 78 66 59 61 43 36 39 39 46 52 46 42 49 44 51 48 38 36 31 28 22 16 13 14 20 30 50 75 92 114 128 137 143 146 148 150 151 146 147 142 134 121 106 95 79 74 63 52 44 39 43 48 27 6 8 10 14 20 23 30 35 32 33 31 30 32 30 26 34 31 38 38 41 41 35 34 40 40 47 46 47 43 38 38 38 38 41 38 40 45 49 50 57 57 
123 111 113 121 120 121 122 122 119 119 120 116 114 119 116 102 92 90 81 70 63 50 43 40 47 55 55 49 50 51 47 49 45 36 32 26 31 33 42 58 79 97 111 128 137 143 155 163 172 177 183 185 187 187 187 185 180 179 177 171 169 157 152 141 140 135 132 129 123 118 112 98 80 70 48 40 31 20 15 9 10 21 29 31 29 27 24 29 30 31 35 34 40 41 36 39 36 36 37 40 42 37 37 40 37 38 38 39 42 46 49 58 
120 108 108 118 117 121 123 122 123 121 122 118 117 112 103 94 89 85 69 66 55 46 45 44 49 53 51 44 46 47 51 44 41 40 58 74 90 104 120 130 132 145 151 158 165 173 180 187 190 195 193 199 200 200 198 196 198 194 195 192 190 187 185 181 175 170 168 164 162 160 159 160 158 154 148 143 133 121 106 82 51 18 13 10 19 27 27 22 26 27 30 32 30 30 31 30 31 30 26 28 31 33 35 35 37 41 41 46 43 41 40 39 
117 113 112 112 116 118 124 123 128 121 119 117 113 110 94 90 84 76 76 64 54 49 48 49 47 46 45 49 52 53 59 74 86 110 122 130 142 149 154 160 170 175 178 184 188 191 195 196 199 198 202 201 203 205 203 204 202 202 198 199 200 200 198 193 192 188 187 187 184 182 181 180 182 183 181 179 175 172 171 167 156 136 106 70 33 8 14 21 22 25 24 24 23 26 22 28 24 25 30 28 29 30 29 34 33 38 40 38 39 38 37 40 
111 112 111 112 116 122 121 122 121 120 118 112 108 97 97 91 87 75 67 59 49 60 57 46 44 49 54 59 68 81 100 120 136 150 158 162 172 174 176 180 185 186 189 191 194 198 199 200 201 204 205 204 206 205 205 205 207 204 203 204 202 202 201 199 196 195 193 193 192 190 188 189 188 189 193 190 192 188 188 184 182 179 168 157 138 90 39 15 16 26 23 22 24 23 23 21 29 28 28 27 24 25 29 32 38 38 41 41 38 39 36 33 
112 118 118 113 117 120 118 122 124 119 116 110 101 96 94 85 73 71 60 52 54 53 52 48 53 60 73 84 100 116 138 154 161 170 173 180 181 186 188 183 183 188 191 194 197 198 200 201 204 205 205 206 206 205 206 205 205 205 205 203 205 203 203 203 200 199 195 197 194 195 192 190 193 195 194 196 196 195 196 193 190 187 185 181 171 160 140 95 36 6 12 20 20 23 24 21 18 20 21 20 21 22 30 37 30 32 35 35 38 35 39 41 
110 116 120 119 119 119 117 126 121 121 111 100 92 94 92 77 68 62 51 43 46 47 49 57 74 97 113 124 136 151 164 175 184 185 187 189 191 187 176 179 182 188 189 191 195 197 199 202 202 204 204 206 206 206 205 207 204 206 204 205 204 205 203 202 202 201 202 198 196 195 195 196 193 195 196 198 196 197 195 195 193 192 193 190 187 180 175 163 141 81 21 7 18 14 17 20 24 20 23 23 24 30 29 35 33 38 34 32 31 37 37 39 
112 115 121 122 116 117 118 124 122 108 103 95 89 92 86 70 57 55 44 48 47 53 56 85 113 127 141 152 160 170 180 188 190 193 194 191 179 170 173 181 185 191 191 191 195 194 197 198 203 202 204 204 205 205 205 205 205 205 205 206 206 205 207 204 203 202 201 201 200 197 197 196 199 196 196 197 197 197 197 196 196 195 194 197 194 191 184 180 172 155 117 53 9 6 7 7 9 14 10 18 25 22 26 26 29 21 29 31 33 32 33 32 
117 116 115 117 117 113 113 112 107 103 96 87 87 84 78 58 50 48 47 46 52 66 98 126 142 156 165 175 184 188 190 193 197 198 197 187 169 174 183 189 192 190 188 184 184 188 190 194 198 203 204 204 206 205 205 206 205 206 205 204 204 206 206 205 204 203 203 203 201 200 198 199 197 197 196 194 196 197 196 198 197 198 196 194 193 192 190 185 185 182 172 154 118 78 70 62 59 49 50 45 35 31 27 20 18 19 13 12 11 15 13 17 
116 113 114 112 108 109 104 104 100 92 89 87 87 79 65 50 45 48 59 70 87 108 136 155 171 177 183 187 192 195 199 197 201 201 198 179 168 179 190 195 192 187 183 179 180 177 180 184 190 200 202 204 203 205 205 204 206 207 205 206 206 207 206 208 206 206 206 204 203 201 201 198 197 197 197 199 197 198 197 198 199 199 198 197 194 194 191 190 189 188 183 176 158 131 104 100 102 104 99 94 92 88 76 73 64 59 54 47 40 36 38 32 
118 116 112 108 105 104 103 101 85 89 90 87 80 69 53 47 55 77 87 99 111 139 162 180 189 192 195 199 200 202 200 202 201 201 191 174 169 189 197 198 192 184 176 171 167 173 162 165 178 193 199 201 202 203 205 206 206 206 207 205 206 205 206 206 206 206 204 204 203 203 202 201 201 200 200 198 199 200 200 200 198 198 198 200 199 195 193 190 190 189 187 185 180 166 140 114 109 114 121 117 115 114 115 108 106 98 97 89 90 85 78 71 
119 115 108 107 103 102 93 87 87 88 83 83 75 62 50 70 84 92 106 119 144 170 185 195 196 199 201 201 204 203 205 204 205 199 179 173 180 197 199 196 186 176 169 153 162 163 140 139 166 185 196 199 201 201 203 205 206 206 205 207 207 207 207 204 205 206 205 207 204 202 201 201 201 198 198 200 198 199 200 201 201 201 199 198 199 196 194 191 192 190 189 188 185 180 167 143 121 116 119 127 125 125 118 121 121 118 114 108 103 102 102 99 
110 110 112 104 97 93 95 88 76 88 89 85 67 65 76 89 93 103 119 144 174 188 193 198 201 203 204 205 205 205 204 207 206 196 174 174 185 199 199 194 183 168 147 145 165 152 116 126 139 170 186 193 194 201 202 204 206 207 206 207 206 205 204 205 206 205 205 204 203 202 202 201 200 200 199 198 196 197 200 202 201 201 202 200 196 196 193 195 193 192 190 190 189 184 178 165 142 118 117 122 127 127 130 128 127 126 124 121 114 111 115 115 
114 106 100 101 95 88 75 77 80 92 86 76 72 80 98 101 113 129 152 181 194 200 202 202 204 204 204 205 204 206 205 205 204 187 168 174 185 194 195 189 178 153 139 162 169 131 105 120 126 149 174 186 189 191 200 203 206 207 206 208 207 208 207 205 205 204 204 203 203 202 201 199 198 197 198 197 199 201 202 202 203 202 200 201 201 199 197 194 194 194 193 193 190 187 183 175 163 141 121 120 129 133 127 132 132 130 127 126 127 122 118 120 
110 102 103 96 95 78 79 78 81 90 80 78 76 94 102 116 132 145 174 191 197 201 202 203 203 204 205 204 206 205 207 206 202 178 160 161 180 189 189 185 170 144 150 170 163 119 112 126 146 152 168 178 181 188 197 202 205 206 207 206 206 206 207 205 205 206 204 205 201 201 200 197 198 197 196 196 196 199 201 202 203 202 203 202 199 198 197 198 197 195 196 193 191 187 183 182 173 160 138 118 122 128 136 132 132 132 131 128 126 126 123 118 
106 102 103 96 82 76 71 80 81 81 83 83 90 103 115 134 149 171 191 196 200 201 204 203 205 204 204 205 203 205 207 206 202 173 159 148 173 182 183 176 160 138 169 175 144 114 144 165 163 162 169 173 168 178 196 203 204 206 206 206 207 206 206 206 206 205 204 203 201 199 197 196 194 193 194 194 195 194 198 200 202 201 202 200 197 197 195 195 198 199 198 198 194 192 185 180 180 172 157 131 115 121 127 137 134 132 134 132 130 129 127 125 
93 91 94 90 81 76 80 76 83 83 82 85 97 108 126 146 166 186 195 197 201 203 204 204 205 205 207 207 207 206 207 205 196 174 157 143 159 179 179 174 158 142 179 176 132 142 178 189 182 161 155 164 166 173 192 200 203 207 207 207 207 208 207 207 205 203 203 201 201 197 195 192 193 191 190 193 194 197 197 198 198 198 197 196 192 194 197 198 198 200 200 199 196 194 192 186 181 174 167 149 127 116 120 126 130 133 133 132 130 128 131 126 
89 85 87 84 78 82 83 81 69 74 86 94 107 123 148 162 178 192 197 200 202 203 204 206 206 206 206 206 205 205 205 205 200 179 153 132 145 169 178 173 152 146 183 168 121 135 152 171 182 168 147 154 154 164 191 200 205 205 207 205 206 206 207 205 204 203 202 203 199 198 193 193 188 191 193 195 197 200 200 200 197 191 190 192 196 197 199 199 199 201 202 201 200 200 196 193 189 181 170 158 141 121 118 122 133 132 131 135 131 128 128 126 
91 80 74 79 84 79 87 85 82 84 92 102 116 139 153 171 185 194 200 202 201 203 205 204 206 206 205 207 207 206 206 206 196 181 152 127 129 159 172 167 152 149 179 159 103 95 104 112 135 159 142 138 144 157 182 196 201 207 206 205 207 205 204 204 203 202 201 195 196 192 189 186 189 192 193 197 197 198 198 194 188 184 189 193 196 200 200 202 200 197 200 201 201 202 200 199 198 193 184 174 159 138 121 121 122 130 132 128 130 129 131 128 
76 83 73 71 81 80 85 87 75 86 96 107 127 147 167 182 192 197 200 202 202 204 205 205 206 206 205 206 206 207 206 204 200 181 146 128 117 147 165 163 152 146 171 140 100 85 74 70 87 136 139 137 136 149 180 193 202 204 206 206 205 204 203 202 200 200 200 196 193 191 187 185 188 196 198 197 199 200 200 195 180 177 189 197 200 201 202 201 200 199 200 200 200 202 202 202 201 200 194 186 175 153 132 117 121 126 129 130 129 129 132 132 
76 71 70 75 74 75 85 86 88 94 104 115 135 161 178 189 197 201 203 200 201 203 206 206 207 206 206 205 207 206 207 207 201 178 141 125 115 133 154 159 150 144 167 142 84 69 57 63 76 118 128 126 130 143 171 188 200 205 207 206 204 202 200 193 194 196 195 192 190 187 187 189 194 196 199 200 200 202 200 190 168 164 191 196 202 202 202 202 201 199 199 200 202 201 201 203 201 201 200 195 189 174 148 129 120 124 130 131 132 129 129 129 
68 61 63 67 71 71 76 89 89 96 106 125 141 166 179 191 198 200 201 202 203 205 205 204 204 205 206 205 205 205 206 205 202 182 146 122 109 124 146 153 149 143 154 132 90 54 50 58 69 113 124 124 122 144 172 185 197 202 206 206 205 203 196 181 185 187 188 187 185 184 186 191 198 197 198 200 204 203 200 189 146 141 184 199 200 201 203 200 199 200 197 199 200 202 203 203 204 203 201 197 190 183 165 141 125 122 127 129 134 132 131 128 
65 55 58 65 68 68 75 80 86 91 107 125 150 166 181 193 199 202 202 204 205 205 206 204 204 205 205 206 206 206 207 207 204 183 146 128 114 118 142 148 148 131 141 130 91 60 51 55 65 118 124 121 126 149 166 180 196 204 206 204 205 200 194 189 185 187 184 181 180 184 190 196 198 200 200 202 204 204 201 187 143 114 156 191 196 200 201 200 200 199 196 196 199 199 202 202 203 203 201 197 191 176 165 152 128 126 124 128 132 133 131 130 
54 45 52 61 66 69 69 73 86 93 99 120 146 166 175 189 198 199 203 203 204 205 204 205 206 207 205 205 205 204 207 208 203 185 146 130 117 120 135 144 147 131 129 122 95 58 55 75 101 119 120 121 130 151 165 182 199 204 204 206 203 202 196 192 187 184 182 182 186 191 195 197 200 200 201 202 203 203 202 192 154 124 140 176 189 192 195 196 196 199 198 198 196 200 203 203 204 203 203 200 192 177 163 156 138 127 128 126 130 134 134 131 
41 34 35 41 52 56 62 66 71 87 104 116 128 149 165 181 190 194 201 204 205 207 205 205 204 204 204 207 205 207 206 207 205 188 151 127 120 121 132 140 139 130 120 125 108 95 99 114 124 131 124 121 135 152 167 187 201 204 204 204 203 201 198 192 187 183 181 187 191 197 198 200 200 202 203 203 204 204 203 191 157 135 149 178 181 186 185 187 197 196 195 194 196 199 200 203 202 203 202 197 192 177 162 150 140 128 129 129 130 130 135 134 
39 33 30 30 42 56 64 68 72 79 88 106 130 132 143 165 176 192 201 203 203 203 206 205 205 204 205 206 208 208 209 206 204 195 158 127 119 120 129 140 141 134 118 116 116 97 106 123 130 133 126 127 138 156 176 196 203 205 205 204 202 203 198 190 185 183 191 192 200 201 201 201 204 203 204 205 204 204 202 187 159 138 149 179 181 181 181 181 184 192 194 194 193 194 198 201 205 202 202 200 191 182 168 152 136 127 128 132 132 133 130 132 
48 46 39 33 43 50 54 63 72 85 97 101 109 127 132 137 159 184 196 201 203 206 203 206 204 206 207 206 206 207 207 207 204 196 170 136 119 117 127 135 139 137 127 113 111 112 103 112 121 127 132 129 143 160 187 199 204 206 204 204 205 201 198 193 188 194 194 201 202 202 202 205 203 205 204 203 204 204 202 188 153 138 143 177 187 183 178 180 182 184 188 191 191 193 194 200 201 202 203 199 190 177 165 148 135 127 130 133 131 134 133 135 
45 38 41 35 35 44 59 64 68 71 90 110 117 113 125 131 133 159 188 196 199 201 202 203 204 205 204 207 208 208 207 207 205 199 177 147 124 117 125 137 145 142 135 121 109 110 104 103 114 135 134 143 153 181 200 205 205 205 206 206 205 203 201 201 204 202 202 200 202 202 205 204 204 204 203 203 202 204 200 179 150 141 141 166 186 188 177 165 165 170 178 182 184 186 191 196 202 202 201 197 189 175 158 141 130 121 124 133 137 134 134 130 
56 45 53 40 37 38 53 59 64 78 90 103 122 132 120 121 125 130 164 190 197 200 200 203 203 204 205 204 206 207 207 206 204 200 182 148 128 120 122 135 140 141 137 129 118 106 111 109 115 145 145 149 169 189 201 205 205 205 206 205 205 204 203 204 205 205 203 198 195 201 203 204 203 204 204 203 203 203 200 179 153 138 128 147 179 182 169 160 158 159 164 169 172 181 187 196 201 201 201 193 185 174 156 139 130 117 121 130 134 135 131 132 
63 50 55 54 38 36 44 59 67 77 87 107 114 128 135 125 114 118 132 165 187 197 200 200 201 204 204 207 208 208 208 207 206 200 186 164 138 123 125 139 145 143 137 132 124 114 113 122 128 157 157 166 182 200 203 204 204 203 203 204 204 203 203 204 203 205 203 195 179 184 198 201 203 203 204 204 204 203 199 174 145 136 119 129 165 180 165 152 150 145 150 158 167 174 185 193 198 200 194 190 183 171 156 138 126 120 116 122 128 133 132 128 
66 59 65 58 50 51 51 54 63 80 95 113 123 126 124 130 122 109 116 140 172 186 194 198 200 202 203 207 206 208 208 206 204 202 192 170 149 136 132 134 144 145 142 135 129 123 119 130 147 159 165 180 194 201 202 204 204 205 206 204 204 204 205 205 206 201 193 179 147 150 180 192 198 201 203 203 203 202 196 168 145 138 119 112 144 171 163 152 144 141 139 146 154 165 176 189 197 197 193 189 179 164 151 134 124 116 115 124 131 128 131 128 
63 59 65 60 64 59 53 53 63 79 97 109 123 130 136 135 136 123 115 125 153 182 191 192 195 201 203 205 206 206 206 207 205 199 192 177 156 145 141 139 147 151 148 137 130 123 127 141 161 172 181 192 199 201 203 202 204 204 204 203 206 207 208 208 208 203 193 170 124 122 162 181 191 197 200 201 202 203 193 164 138 134 121 105 128 162 162 154 147 136 129 140 150 158 170 186 194 194 191 183 172 163 149 136 122 112 112 114 120 127 128 133 
65 60 66 66 54 64 56 51 57 74 94 109 116 118 130 146 144 142 125 115 131 165 184 193 194 195 200 205 207 207 207 203 205 201 192 183 167 157 150 149 153 160 160 153 139 135 135 148 169 184 191 197 200 202 203 204 204 204 204 206 207 206 206 209 207 204 199 186 162 139 157 177 188 197 201 203 201 202 191 163 139 131 119 105 119 154 159 146 137 129 128 136 143 147 161 181 192 194 187 182 171 158 148 137 126 119 112 115 122 124 129 124 
73 58 61 69 58 58 57 52 55 71 84 104 116 122 122 134 149 153 140 115 118 152 183 186 192 192 195 199 205 207 205 205 203 201 195 186 174 163 158 159 165 169 174 175 167 159 159 167 183 189 202 202 203 204 205 206 207 206 206 206 206 206 207 207 206 206 197 192 185 172 166 175 187 195 202 198 196 195 189 167 144 129 117 104 110 146 153 141 134 128 121 135 143 144 155 171 187 190 190 178 170 163 152 140 125 112 106 112 115 120 124 127 
78 61 54 63 61 54 59 56 54 75 92 110 128 137 133 137 135 141 154 130 108 120 167 183 188 191 187 194 201 204 207 204 202 199 194 189 181 171 166 169 173 182 189 195 199 196 194 197 197 202 202 204 205 205 208 207 206 207 207 209 207 208 206 205 205 201 196 188 179 170 169 170 176 181 178 181 175 176 179 170 144 124 111 103 108 144 157 143 132 121 116 127 134 139 144 165 181 188 181 180 174 167 154 140 127 118 109 105 112 118 119 122 
86 68 59 54 64 57 55 60 62 65 78 104 124 134 127 129 145 141 146 139 113 104 148 166 180 187 188 188 193 200 203 203 200 200 195 193 189 183 179 184 186 190 197 202 206 207 207 206 207 206 205 205 206 208 207 206 207 206 207 207 206 207 204 205 202 201 192 182 169 154 152 156 155 153 156 160 158 168 177 173 141 115 105 97 99 137 154 140 131 120 115 123 133 136 143 155 177 188 188 182 177 168 157 140 126 115 107 104 108 116 118 119 
85 69 60 59 59 59 54 57 63 66 79 90 105 116 128 126 131 146 136 139 125 98 118 158 170 183 185 183 184 193 199 202 202 201 199 198 193 191 189 189 191 195 197 202 205 207 206 207 206 208 206 208 208 208 207 208 208 208 207 205 206 205 205 203 199 196 188 174 156 140 136 136 136 140 148 155 163 173 185 170 130 106 96 89 99 143 151 137 127 120 117 124 134 137 138 151 169 184 184 184 177 167 155 141 128 118 106 104 105 107 112 114 
72 71 58 55 57 56 60 60 56 62 67 81 96 105 110 114 122 132 136 134 132 109 113 144 160 174 183 183 182 185 194 199 201 200 199 197 194 192 190 191 193 195 198 202 204 205 207 208 209 206 207 205 208 207 207 207 205 207 202 203 201 202 200 199 196 192 184 166 150 137 128 124 125 132 144 154 159 168 179 158 115 100 97 89 96 137 148 137 125 115 114 125 131 134 139 148 165 179 185 183 178 166 155 134 122 115 107 102 106 109 111 113 
73 67 53 42 50 52 49 57 57 55 66 73 83 94 108 111 111 117 126 125 130 123 99 133 150 163 176 182 182 181 188 195 199 200 200 197 195 190 188 186 187 192 196 198 203 205 205 208 205 207 204 204 204 204 203 203 201 196 198 194 196 197 197 195 193 185 171 152 141 122 112 114 124 135 146 148 148 150 155 140 112 98 100 92 94 132 140 125 120 117 120 126 133 136 144 147 165 178 182 180 174 165 152 132 124 114 107 100 102 106 109 108 
59 63 59 46 41 51 52 54 51 55 61 68 75 84 90 95 108 107 115 119 114 116 104 113 138 148 164 177 182 181 184 193 196 200 199 197 193 191 186 181 181 183 187 191 194 197 201 199 199 194 193 191 192 189 185 183 182 183 184 184 186 188 190 191 186 173 155 137 123 106 104 112 117 127 133 138 135 136 143 133 110 101 100 92 100 130 131 121 117 114 118 127 132 140 139 147 159 174 180 182 173 156 144 132 123 111 100 98 103 107 108 110 
66 58 60 48 47 47 47 52 54 53 51 59 68 72 79 87 92 100 104 110 111 110 102 98 124 143 159 167 177 182 182 186 195 197 197 194 192 186 178 175 175 178 179 182 183 184 185 184 178 175 173 172 166 162 164 163 161 164 166 168 173 178 181 180 175 162 142 124 102 78 88 103 115 126 134 137 141 138 136 132 115 102 102 89 99 129 124 114 117 121 120 127 136 138 142 146 159 172 176 178 168 152 143 128 122 114 102 96 97 105 108 110 
69 63 60 54 41 53 54 49 51 47 58 58 65 77 80 83 91 99 99 100 104 111 109 87 99 121 145 158 171 175 177 183 190 195 195 193 189 183 175 166 165 166 163 163 164 160 156 155 154 150 147 147 145 147 143 143 148 147 151 155 162 167 166 161 155 146 133 125 101 69 79 103 111 127 135 139 141 144 148 142 123 100 94 93 101 121 119 119 125 120 128 131 137 140 141 148 159 170 174 169 161 150 140 131 120 109 98 95 104 106 109 109 
70 65 64 58 53 42 50 50 48 45 46 58 63 67 79 84 88 99 104 105 102 99 111 99 93 110 128 147 159 169 174 179 185 191 191 191 185 182 172 162 157 150 149 145 144 137 132 132 128 134 139 140 139 140 141 141 144 145 146 148 150 153 153 150 144 137 134 135 125 104 96 102 116 126 136 145 145 143 144 142 124 103 98 90 96 116 114 117 123 122 127 134 140 142 145 149 160 167 171 164 155 147 141 130 119 109 96 98 100 106 105 109 
68 61 62 63 54 54 45 44 47 46 40 47 56 69 76 82 87 89 98 100 103 98 99 97 87 99 114 129 146 162 170 171 179 184 189 187 184 177 164 153 144 143 133 129 126 120 117 113 118 123 131 139 143 146 146 146 144 142 144 145 145 144 145 140 142 138 137 136 132 127 119 119 123 131 136 138 139 144 146 144 130 105 92 89 92 111 112 121 125 124 128 135 142 141 145 147 153 163 164 164 154 145 138 126 117 108 94 92 99 105 109 106 
70 65 63 62 60 49 46 41 45 46 42 41 46 59 72 80 84 88 90 91 96 102 98 96 84 86 110 119 128 144 163 171 176 179 182 184 178 168 156 138 129 124 126 123 114 110 104 99 98 111 125 135 145 149 151 148 148 147 142 137 137 137 138 146 142 144 138 142 134 128 126 127 133 136 140 144 142 143 148 143 136 116 99 89 90 103 109 118 118 129 135 137 137 143 143 148 154 160 161 156 154 147 137 127 115 97 90 95 99 104 104 104 
76 65 60 71 68 53 43 44 43 50 46 39 44 57 63 71 80 87 89 87 88 93 97 91 88 86 101 120 122 131 146 161 169 176 178 177 172 163 151 135 125 124 120 115 112 105 103 103 108 113 121 129 142 150 153 154 150 149 148 146 141 132 129 137 148 150 145 140 132 130 128 134 135 138 141 142 145 147 148 144 135 117 97 88 86 99 113 120 125 133 138 142 142 140 142 144 151 155 153 154 147 140 132 121 107 95 90 89 99 101 104 104 
73 62 61 60 54 48 48 41 42 43 50 49 39 48 65 67 67 67 76 85 88 87 88 88 83 83 86 108 115 121 136 146 163 171 171 173 166 157 142 128 118 118 119 113 112 110 108 108 113 122 124 133 137 147 159 161 162 159 156 152 149 143 133 128 131 137 136 134 133 134 137 137 138 143 141 145 146 148 146 142 136 121 102 85 79 102 113 121 130 141 140 139 138 139 144 150 150 153 152 148 144 136 126 115 98 91 88 95 98 101 99 100 
84 66 60 60 59 52 43 41 43 46 49 54 45 45 59 62 67 69 66 75 80 84 90 87 80 85 82 104 111 116 121 137 154 164 171 169 161 150 139 125 119 120 117 117 112 109 106 110 116 119 131 132 138 148 159 167 169 169 167 165 161 154 149 140 133 132 128 131 133 135 136 140 141 142 142 141 146 151 149 144 139 131 103 82 81 103 119 130 138 144 146 146 141 143 146 149 153 155 147 143 138 127 119 105 93 87 88 92 97 96 101 95 
84 71 58 58 58 49 42 39 38 43 41 48 51 51 54 63 69 65 67 64 67 74 76 78 82 78 76 86 108 110 116 123 139 156 162 165 151 138 120 112 116 118 116 113 114 108 104 103 107 111 136 139 144 149 162 170 177 181 177 175 174 173 169 162 156 149 144 144 142 143 142 140 142 145 146 147 147 148 149 148 142 134 116 89 84 118 129 136 148 150 147 143 144 144 150 151 152 149 145 138 128 121 109 94 87 84 89 94 95 95 92 93 
86 72 62 58 59 55 48 40 32 38 45 42 44 51 57 55 57 66 63 63 63 66 67 73 66 78 78 70 85 104 110 116 131 146 158 160 150 127 105 99 105 115 116 116 112 106 99 106 98 103 133 140 136 146 155 166 177 183 182 179 179 181 175 175 169 165 161 156 152 147 144 141 143 145 151 148 149 146 147 144 144 136 121 95 95 123 133 145 151 150 144 143 144 145 148 146 145 143 135 128 121 110 102 92 83 86 88 90 95 91 93 93 
87 74 65 64 54 53 46 50 46 39 42 47 44 43 54 55 58 53 62 59 61 66 69 69 66 74 77 74 76 90 102 112 118 131 145 155 140 115 95 87 105 115 113 112 109 94 101 104 94 108 125 132 138 136 146 157 171 184 185 182 181 182 180 178 176 172 170 162 158 151 145 145 145 150 152 154 150 149 147 147 145 143 131 115 108 125 134 146 148 142 137 136 142 143 141 140 138 133 126 118 113 106 96 87 84 85 87 90 91 89 85 87 
78 77 68 60 58 53 46 44 44 47 45 46 46 48 50 57 59 64 64 65 58 60 56 62 64 72 77 71 72 76 90 99 109 123 139 150 136 107 86 83 102 112 113 111 105 101 104 99 105 121 125 132 130 134 135 143 160 174 188 188 185 187 185 181 182 180 175 169 163 156 151 150 152 156 160 157 156 154 153 152 149 146 142 133 125 128 137 143 142 140 130 135 139 139 138 135 130 127 118 112 105 95 91 84 76 80 85 81 84 85 88 86 
81 78 69 60 56 48 49 40 46 44 48 47 48 54 56 60 62 65 64 72 66 63 64 56 65 74 83 74 68 75 79 88 101 115 129 141 128 96 79 79 104 117 115 109 97 105 112 112 137 143 137 127 127 129 128 139 152 170 182 188 186 186 188 187 181 180 177 171 169 164 156 154 151 158 159 162 159 156 156 149 149 148 147 144 138 137 140 141 142 139 131 132 137 132 131 127 124 119 115 110 102 95 85 78 79 79 82 81 81 80 82 82 
66 73 71 61 54 55 51 51 44 48 46 47 46 41 55 68 68 59 62 67 73 73 62 60 61 66 76 80 70 59 72 82 94 104 116 121 109 91 76 84 103 113 114 106 96 111 103 103 126 155 148 133 118 121 127 130 142 156 176 185 188 188 188 188 187 184 178 174 171 169 165 162 157 154 157 159 163 160 153 154 151 152 152 152 148 145 145 144 141 138 137 137 135 129 124 121 119 118 111 105 103 93 82 74 75 80 73 76 79 79 80 78 
72 72 68 61 54 51 48 48 51 46 46 58 48 47 47 54 63 68 62 65 74 77 75 64 63 72 80 78 72 70 68 75 80 96 106 114 102 82 76 83 102 112 111 105 107 112 90 78 87 107 132 128 119 122 125 128 141 156 173 186 189 188 191 190 188 185 182 178 176 172 168 164 160 159 154 159 160 159 158 154 151 150 153 153 151 154 153 150 145 140 139 137 131 126 125 122 120 112 110 104 98 85 69 74 75 73 76 77 76 77 81 80 
76 66 75 66 56 53 50 51 48 52 51 48 47 44 45 48 49 59 60 62 62 76 78 75 67 62 74 83 78 64 65 70 82 89 97 101 88 77 70 83 107 116 113 107 101 104 85 66 54 48 77 109 112 118 122 123 133 148 169 182 187 192 189 189 187 186 184 180 179 176 171 168 163 157 157 159 161 161 156 152 151 154 153 153 155 158 156 153 147 138 137 132 129 125 123 117 118 116 112 105 91 78 73 73 70 76 76 75 75 75 74 77 
70 69 70 69 58 55 55 50 48 52 53 54 56 45 45 46 46 48 63 66 66 67 74 81 72 71 71 81 81 69 64 61 65 80 92 88 75 66 65 78 106 117 115 104 108 107 67 59 52 63 66 92 104 110 117 120 128 146 167 180 187 189 191 191 193 187 185 184 181 176 177 168 162 158 158 159 158 156 156 142 147 153 155 159 159 159 156 151 145 140 136 130 128 123 121 123 117 110 107 97 79 70 68 72 72 70 68 69 71 72 76 78 
65 69 69 75 66 62 54 51 41 44 47 52 60 52 44 48 47 48 50 61 64 66 63 72 77 71 73 74 79 68 57 62 63 72 86 86 65 60 60 74 112 120 118 106 109 103 72 55 51 60 59 90 98 108 115 116 126 140 159 179 186 189 191 191 190 189 187 186 183 175 171 169 168 166 160 156 153 153 149 147 146 148 152 156 158 156 151 148 144 136 129 127 125 124 121 116 110 112 103 88 75 63 67 66 70 68 70 68 74 75 76 71 
62 68 70 74 66 60 60 54 49 44 55 53 52 56 47 44 43 47 49 54 65 70 65 63 57 71 78 84 80 65 57 57 58 57 66 74 67 61 55 79 115 120 119 109 107 101 69 49 46 51 50 83 103 103 115 119 123 140 159 175 184 191 191 190 190 188 186 185 181 181 175 166 166 160 160 155 154 148 148 146 150 150 152 152 151 147 146 142 137 133 131 127 124 122 119 116 116 104 91 72 65 68 66 67 64 64 65 72 69 67 68 68 
63 62 73 80 66 66 62 59 55 50 53 60 57 55 48 48 49 38 48 50 61 60 62 64 62 58 65 80 81 67 58 56 59 59 56 61 60 61 60 76 113 117 117 105 103 100 68 44 40 48 66 88 95 109 113 114 121 135 157 176 185 187 192 190 190 190 188 184 178 174 171 168 161 159 157 157 152 149 145 145 149 152 149 149 149 147 141 140 136 133 125 126 121 120 115 113 104 96 77 63 59 60 61 62 59 64 64 61 67 66 65 65 
63 60 60 74 76 60 61 61 52 42 50 64 60 54 51 47 43 45 37 50 54 55 59 60 58 61 60 74 74 69 60 54 55 56 56 54 57 62 64 84 108 119 114 104 101 98 79 58 55 76 94 97 93 98 111 117 119 133 152 173 184 189 190 189 187 186 182 179 175 173 169 167 164 158 154 152 149 145 146 144 142 142 144 143 143 142 137 133 129 129 125 121 122 116 114 106 100 80 59 58 57 58 60 55 59 56 55 57 57 62 61 63 
77 61 61 70 74 71 65 63 60 54 49 63 69 53 42 41 44 46 36 40 48 53 50 56 58 55 59 67 78 73 63 61 54 54 55 58 54 62 68 75 109 116 118 104 91 95 76 73 92 102 105 96 89 99 110 114 123 135 153 169 183 189 186 187 186 186 185 177 174 170 165 163 160 156 153 152 146 143 144 144 143 138 140 138 137 139 135 133 128 124 121 121 117 112 105 98 77 58 51 50 51 53 54 51 48 51 53 53 57 55 57 64 
99 66 57 65 65 65 61 60 66 62 48 58 67 65 51 42 39 46 51 44 37 41 42 39 49 53 60 67 71 73 62 58 57 51 52 53 54 53 63 80 103 113 108 103 84 84 79 55 76 101 99 90 78 90 104 111 119 133 153 173 179 184 184 183 184 181 177 175 169 167 165 162 160 153 149 145 143 139 142 139 137 139 134 135 137 134 130 125 125 122 118 114 113 106 96 76 62 50 50 52 48 49 45 48 51 52 50 51 55 60 63 62 
103 86 62 59 70 69 62 61 64 62 57 54 68 63 57 56 51 38 46 46 41 42 42 44 51 54 54 62 63 73 74 57 57 60 56 57 54 54 60 78 103 110 107 105 87 75 70 62 50 67 72 66 68 80 101 112 120 136 153 171 180 183 185 184 181 178 174 168 163 162 160 158 153 148 142 138 138 138 137 135 135 132 133 131 128 131 129 127 120 113 112 108 103 91 71 57 41 42 41 40 44 46 46 46 50 49 51 52 49 53 54 56 
105 94 70 60 65 72 65 60 64 63 58 59 68 71 57 50 56 57 48 49 53 48 47 44 40 40 49 61 60 57 70 69 66 54 54 58 59 53 51 62 89 102 105 100 98 74 68 60 48 45 50 55 64 85 99 107 118 136 153 165 174 178 179 180 178 175 168 166 161 161 154 155 147 144 136 132 131 133 133 132 128 132 129 130 128 124 121 119 114 114 104 101 86 68 49 37 40 42 41 47 44 41 41 46 46 47 46 47 46 47 47 50 
113 103 87 56 67 73 74 61 62 60 63 60 71 70 65 47 40 45 54 57 59 58 55 44 41 44 44 56 60 63 61 71 69 63 54 56 56 57 53 58 76 93 96 100 99 88 66 61 56 38 49 50 67 85 100 109 119 134 149 165 168 175 173 173 171 164 163 160 155 153 152 144 143 137 133 130 131 128 128 127 127 127 127 124 122 121 116 110 106 100 92 77 57 44 36 35 38 39 40 37 37 39 42 45 40 39 41 41 43 41 43 40 
118 110 91 66 61 76 78 72 63 67 64 63 72 79 67 59 51 44 43 41 43 53 58 58 53 49 42 53 58 53 51 58 65 63 57 56 56 56 52 61 68 85 94 101 99 97 87 74 64 54 52 67 73 85 97 104 117 133 146 156 163 164 166 166 164 159 155 150 150 149 145 142 135 132 129 128 126 128 126 125 122 121 117 113 113 107 102 101 92 84 68 52 42 30 35 37 35 39 43 40 42 41 45 42 40 37 31 35 38 36 35 36 
121 118 103 77 58 65 71 76 79 68 65 65 71 73 72 64 53 42 40 46 42 37 45 52 50 56 62 51 54 54 51 53 56 61 55 57 61 60 50 46 59 77 88 96 94 91 92 90 82 73 65 64 77 86 94 106 114 122 140 148 154 159 156 156 157 156 151 149 144 139 134 130 125 124 123 122 122 117 117 112 112 106 105 103 99 97 92 82 74 58 40 31 28 34 33 37 37 38 33 39 43 46 41 32 24 24 31 32 28 28 28 30 
118 118 108 86 66 62 71 75 71 78 79 73 73 75 68 65 66 55 35 39 47 43 39 43 46 42 53 61 57 54 46 48 59 58 54 52 54 61 54 51 51 63 77 90 89 89 87 89 88 88 79 80 84 93 98 102 111 124 128 138 144 149 149 147 146 146 147 143 140 133 131 127 125 123 118 113 112 112 104 102 100 98 97 93 88 84 75 62 49 30 32 37 39 38 33 30 28 25 26 30 36 40 36 36 31 32 33 30 32 27 27 28 
120 118 115 101 73 58 66 67 81 76 79 82 76 78 69 63 62 55 44 37 35 47 42 36 37 49 49 52 57 64 57 52 52 59 53 55 54 55 55 46 51 63 71 81 88 87 85 84 84 88 91 90 92 94 101 109 113 117 130 130 137 142 149 149 145 144 140 141 133 127 124 121 116 111 105 100 96 91 95 90 89 88 85 80 71 65 50 34 27 32 34 31 25 23 19 18 19 22 26 35 36 25 27 26 31 31 33 35 34 33 33 30 
121 120 114 106 83 72 64 61 62 78 76 75 83 78 72 64 63 62 49 38 39 38 45 46 43 38 50 45 35 46 60 55 54 61 56 55 52 57 59 52 47 55 58 66 73 78 85 88 86 87 93 99 102 101 109 112 119 122 123 127 132 137 140 142 141 137 134 129 123 117 114 109 103 96 88 87 84 79 74 76 72 68 65 61 47 36 31 29 33 31 25 23 22 21 18 23 27 26 33 32 28 29 29 33 31 33 40 38 35 37 39 40 
119 123 122 113 88 85 66 59 58 61 71 83 82 79 70 67 64 60 51 45 40 37 34 44 45 46 36 49 46 32 46 57 57 63 59 51 61 60 59 56 51 52 62 51 59 68 74 79 85 89 91 96 101 106 107 115 120 123 124 127 129 132 133 132 134 129 127 112 106 102 95 83 75 73 71 66 62 63 64 52 49 43 41 29 27 29 29 30 35 28 24 25 26 26 27 26 28 37 32 31 30 31 37 36 38 46 43 36 36 37 36 37 
121 120 118 115 99 82 81 63 54 60 62 65 70 76 75 68 62 60 60 55 48 44 47 41 39 41 42 34 44 42 33 48 52 59 59 55 54 53 62 60 51 48 59 56 41 47 62 68 74 76 82 83 86 93 102 106 114 115 118 117 119 120 120 120 117 112 96 88 79 73 62 58 53 49 46 49 45 41 32 36 30 19 20 26 25 29 36 40 36 36 33 28 24 27 26 29 34 30 31 31 37 37 33 35 40 42 38 32 30 30 30 35 
120 121 122 120 105 91 84 77 57 58 58 61 67 70 73 66 60 57 58 52 52 49 45 45 42 42 44 42 41 44 42 40 54 56 62 58 56 55 62 60 60 55 56 61 49 44 46 54 59 63 63 67 70 68 72 81 88 94 99 103 104 107 101 94 85 70 59 57 56 48 43 39 37 35 35 33 31 26 29 18 28 24 20 26 30 29 33 26 26 27 34 36 32 28 33 32 34 34 37 40 35 37 31 32 36 43 36 37 31 30 27 25 
123 120 119 123 112 92 93 92 72 58 60 61 65 71 72 72 68 59 56 59 53 50 41 37 42 45 40 41 40 41 38 41 47 53 53 61 55 52 53 61 62 51 53 57 41 35 31 32 32 34 44 44 41 45 47 47 47 50 58 61 62 62 59 47 40 39 39 39 30 32 37 36 39 36 34 32 27 22 22 23 14 26 30 29 33 36 27 22 22 24 20 24 34 41 38 40 34 39 37 36 36 33 34 38 47 47 46 47 48 44 46 44 
121 122 120 118 117 101 92 104 93 58 54 66 71 71 72 70 68 66 58 55 52 52 47 46 44 44 42 40 38 44 42 38 48 51 51 57 59 56 57 58 56 67 59 58 48 35 30 23 23 21 24 27 29 30 33 36 40 37 37 38 38 36 30 28 29 31 28 33 38 36 36 35 34 32 27 21 15 18 21 24 27 23 31 35 27 20 24 25 27 28 31 35 41 43 39 36 37 33 34 37 35 33 33 43 49 52 48 47 48 52 49 58 
123 120 121 117 115 108 96 104 108 83 56 52 62 74 72 69 71 70 60 55 52 50 53 40 40 45 44 40 43 40 38 50 42 45 51 54 63 63 58 50 55 58 56 52 50 42 36 37 32 35 27 28 29 26 29 29 35 35 37 31 27 26 28 33 31 33 42 38 38 39 38 33 27 21 21 21 21 20 21 26 32 36 37 28 29 29 27 28 25 32 34 38 38 39 41 40 40 39 38 32 33 33 40 37 40 43 48 44 40 47 57 56 
122 122 119 118 122 117 105 97 109 99 78 55 55 67 72 67 66 69 64 61 56 54 54 56 51 40 48 46 42 44 39 36 37 43 46 51 63 63 57 58 56 57 60 55 47 43 41 38 41 34 35 36 36 37 36 34 34 37 33 40 44 44 37 40 40 35 35 38 32 33 30 28 23 23 27 30 33 35 33 28 29 32 32 31 27 24 28 25 32 30 37 40 40 31 33 36 38 36 38 35 31 31 33 35 33 44 44 48 48 47 45 47 
123 121 122 120 116 121 109 101 101 105 97 83 58 57 66 67 68 61 63 56 57 59 58 56 50 52 44 53 44 41 49 34 34 34 40 48 56 64 56 59 60 59 57 60 53 46 41 38 38 42 40 32 32 35 31 35 38 40 43 38 37 43 42 28 31 37 35 34 35 30 32 31 41 40 35 31 33 34 36 35 41 38 37 28 25 29 28 29 34 37 39 41 36 38 41 41 36 36 35 30 25 28 29 36 38 42 46 47 44 47 48 41 
116 118 120 118 121 119 118 110 101 101 97 91 82 60 52 63 67 62 54 54 59 59 60 58 50 37 42 51 46 47 47 44 28 27 36 40 54 53 58 53 52 55 56 56 57 53 46 41 33 32 33 40 39 30 34 33 33 35 33 34 31 32 34 44 39 31 30 27 30 32 36 47 45 40 44 39 34 26 30 37 36 35 33 34 33 29 31 36 36 41 39 34 37 40 37 37 37 34 31 27 32 28 29 26 28 27 32 31 37 38 41 55 
122 121 122 117 119 117 117 114 111 103 97 90 80 75 66 57 60 65 59 58 52 53 62 58 53 35 29 35 47 40 43 38 28 22 29 44 50 52 52 57 54 51 58 56 56 50 45 46 45 38 34 30 30 36 38 36 39 38 31 25 30 27 30 30 38 43 43 40 34 34 42 43 41 35 32 31 35 41 34 25 25 28 29 33 32 32 32 32 34 31 34 35 36 42 42 41 41 37 35 38 32 32 29 29 26 34 36 48 51 48 46 43 
119 119 120 123 117 123 121 114 116 110 102 96 88 64 61 60 54 51 50 56 57 51 53 61 55 43 40 47 41 38 36 35 34 30 26 28 41 44 47 52 57 52 53 51 48 47 48 44 40 44 37 36 39 37 38 39 39 41 36 42 29 26 22 27 27 30 36 35 37 40 40 36 31 37 39 39 37 33 41 44 37 30 28 31 34 32 32 36 36 36 40 43 46 44 48 44 41 44 42 35 39 41 38 33 36 38 44 46 53 49 45 49 
124 124 121 121 118 120 120 120 117 114 111 104 99 81 59 51 48 47 42 49 47 45 43 50 54 50 50 47 52 41 32 35 33 32 32 39 38 36 38 44 50 56 58 54 50 47 53 50 47 42 46 43 40 39 34 37 38 38 41 33 41 39 35 29 28 21 22 28 29 26 30 37 37 37 33 35 36 36 37 45 56 58 52 47 42 52 51 49 49 47 46 49 53 56 49 40 43 42 41 42 40 39 40 42 41 42 40 43 40 42 41 45 
118 120 122 123 121 119 119 119 120 117 112 109 109 104 76 59 50 54 44 46 42 37 46 43 41 42 50 63 60 56 43 31 28 23 26 33 39 37 39 37 47 51 58 58 48 44 46 50 51 45 43 41 44 40 41 33 35 39 44 41 33 37 39 35 36 36 33 28 28 29 28 33 33 36 38 36 38 40 44 43 43 51 50 45 48 48 54 57 59 57 57 46 39 33 32 33 31 36 39 42 41 39 40 44 48 46 42 39 41 41 44 41 
122 117 120 118 120 119 120 118 119 120 117 114 112 112 107 76 61 57 52 50 46 38 45 58 50 47 52 54 61 61 51 37 29 30 26 27 37 42 45 45 40 47 54 61 56 42 42 52 53 49 46 43 45 42 39 43 37 35 35 45 43 34 36 35 32 28 34 39 37 40 38 38 41 39 38 43 43 40 35 36 33 31 38 41 42 39 31 31 31 32 33 35 37 36 35 37 37 34 32 29 29 32 37 43 48 50 56 55 47 43 41 40 
