10 107 105 103 106 106 103 103 109 106 106 104 103 104 105 102 104 105 107 100 104 103 110 103 110 107 105 105 103 104 102 103 105 100 104 108 108 101 99 96 92 103 101 101 100 101 97 100 99 95 92 95 93 94 96 98 94 97 94 93 95 97 95 99 97 99 96 93 91 98 92 92 93 93 91 88 88 87 84 84 82 84 74 76 71 75 68 60 60 58 63 58 51 54 53 46 43 45 43 44 39 41 39 36 36 45 58 53 59 64 63 56 
100 105 107 106 104 105 107 109 104 105 103 106 104 105 100 103 104 107 98 94 96 85 88 83 67 37 27 20 34 35 36 31 52 59 67 49 45 55 78 62 68 88 70 60 54 65 68 82 93 89 118 140 161 143 114 84 69 80 79 82 81 84 80 86 98 93 98 89 100 96 94 94 98 99 99 96 92 89 94 91 90 95 95 90 90 90 90 87 86 94 90 90 103 118 119 119 123 121 111 112 109 107 119 133 133 131 131 129 127 129 138 138 
110 108 106 105 105 102 107 103 104 105 108 106 104 101 95 95 88 99 94 78 72 59 58 57 41 31 26 23 21 21 18 14 11 16 27 22 12 20 19 19 19 26 31 28 30 22 30 52 116 116 103 122 142 150 155 146 127 114 105 119 121 127 114 95 75 70 72 73 80 94 102 94 92 96 94 93 97 95 96 93 91 93 89 91 89 91 87 88 90 84 84 99 130 146 146 134 128 123 118 110 107 106 108 115 129 135 129 129 126 127 130 130 
107 105 105 104 104 106 105 104 106 104 104 99 100 102 107 102 105 89 94 89 58 36 36 42 37 26 27 25 22 21 18 25 27 22 20 27 24 17 23 33 28 21 23 35 40 33 29 47 76 66 71 80 110 141 147 149 155 152 156 150 154 154 162 166 164 160 163 157 127 93 85 98 99 94 90 95 95 93 94 92 91 89 93 91 92 92 94 90 90 92 94 121 128 96 103 123 136 145 141 134 121 118 103 106 110 124 132 136 133 132 134 131 
103 106 105 106 106 106 107 102 106 109 104 100 98 92 98 97 95 89 89 84 76 47 42 32 27 24 23 19 21 19 21 15 15 21 22 18 24 29 24 24 32 23 21 19 31 39 30 28 56 75 66 98 126 149 150 144 141 148 157 164 164 154 130 132 166 188 188 162 157 136 102 85 91 96 98 98 95 97 97 94 99 91 93 95 93 92 90 88 92 88 96 118 68 18 9 11 25 50 82 117 138 128 113 105 106 102 113 124 131 134 134 131 
111 105 106 104 104 105 105 106 101 101 93 94 91 96 86 84 76 84 80 76 70 63 59 43 50 39 28 32 26 25 23 29 21 20 19 28 30 17 23 25 16 24 26 25 21 24 21 25 42 75 104 100 134 151 152 143 127 123 126 144 155 179 185 151 161 161 165 159 143 149 139 104 96 96 98 95 95 93 91 95 91 96 95 90 93 91 89 95 90 90 103 93 28 17 63 139 167 165 143 118 101 112 127 125 109 107 104 107 117 129 133 134 
101 103 104 107 104 110 105 106 107 105 105 95 87 80 68 57 76 78 74 80 77 53 59 66 65 48 28 26 30 20 20 19 25 23 25 24 21 30 27 23 32 20 16 25 31 22 31 23 23 25 57 79 99 145 163 129 104 93 94 107 115 125 174 190 192 185 167 162 165 154 143 123 91 95 91 94 95 99 94 92 89 94 93 93 91 91 94 92 92 89 114 85 33 44 132 166 174 178 175 176 168 150 123 116 125 110 100 99 100 111 127 132 
111 108 104 104 106 105 107 107 104 81 75 75 75 76 74 65 55 74 68 62 53 64 69 70 78 65 61 42 28 30 22 25 27 27 20 21 24 18 23 30 25 25 28 27 19 21 16 26 22 32 24 25 36 66 108 102 81 81 97 136 155 155 151 180 181 190 182 166 159 171 169 137 101 101 99 97 97 93 99 100 99 93 92 93 92 93 91 89 93 95 119 66 22 102 161 163 166 169 171 167 177 176 176 150 128 129 122 105 102 100 107 123 
104 109 110 110 106 108 108 100 76 79 73 79 71 67 59 64 66 60 54 52 66 62 70 63 70 72 68 45 35 33 34 33 26 27 27 20 22 27 24 23 38 28 18 27 21 22 21 25 43 29 27 26 35 45 70 79 67 84 108 156 171 174 170 161 158 190 200 174 164 172 168 137 92 81 86 86 95 93 95 98 95 97 97 94 92 94 97 94 96 100 125 54 48 137 158 160 164 166 175 177 177 178 175 175 164 137 126 123 107 93 97 109 
108 108 106 105 106 103 103 85 53 42 60 43 50 47 56 50 54 52 49 52 46 62 59 55 52 41 53 55 57 46 32 26 29 24 23 24 21 19 19 20 24 30 24 23 31 23 23 23 27 38 31 30 33 39 37 39 44 60 80 133 164 175 166 137 122 128 126 126 119 117 120 119 116 116 112 105 92 96 89 85 89 93 92 89 92 90 89 88 87 106 92 25 105 159 160 167 170 175 163 162 161 161 162 164 161 166 148 129 118 105 96 92 
109 104 107 107 106 108 104 75 52 39 50 52 52 44 44 48 46 52 50 42 60 57 59 40 38 38 48 60 49 45 49 44 26 32 32 37 33 21 24 20 21 17 25 19 19 35 29 24 17 26 27 24 23 21 31 22 17 21 88 124 131 131 133 135 134 134 136 133 124 122 121 128 128 128 129 119 123 114 113 103 101 92 92 99 83 83 76 78 82 110 70 58 121 137 139 138 138 133 137 133 131 131 133 136 141 145 152 146 133 120 106 99 
109 110 107 109 109 108 105 86 59 51 41 58 56 51 39 56 61 53 39 47 62 70 53 48 42 38 36 47 58 63 60 45 50 44 38 39 24 35 35 36 24 25 17 22 24 16 22 16 20 11 6 15 15 21 32 62 89 114 130 144 142 145 142 139 145 143 137 141 144 140 138 133 132 135 130 133 124 129 122 122 117 109 108 108 126 133 139 137 133 131 144 146 139 135 139 136 137 137 139 141 145 147 142 141 140 136 138 145 147 134 118 102 
105 106 109 107 105 99 98 84 70 56 49 47 64 49 32 46 60 59 63 58 67 61 52 42 40 33 37 41 60 70 63 62 54 53 52 40 46 49 40 32 27 26 32 26 30 28 32 29 32 36 42 38 52 70 107 129 137 143 146 151 144 143 136 143 145 143 141 142 145 143 139 136 131 132 132 132 130 132 128 124 123 119 118 114 102 105 127 139 140 138 139 144 145 151 151 147 147 148 146 147 145 145 148 149 143 147 144 145 145 143 129 114 
109 110 107 107 103 95 98 82 65 68 55 50 45 45 42 46 55 76 81 65 63 50 40 45 40 32 48 55 67 73 75 68 66 68 69 78 86 76 73 67 66 53 52 54 52 53 56 69 82 92 113 133 137 140 142 143 147 152 154 150 155 153 150 144 140 142 140 138 138 140 142 137 136 130 133 125 120 124 129 127 122 124 116 113 111 101 93 100 118 136 140 136 135 138 148 153 156 154 152 155 152 141 147 151 144 144 149 149 149 146 139 131 
103 107 105 103 102 99 98 84 70 58 63 50 41 33 38 38 62 83 85 59 51 46 45 47 35 44 56 71 85 84 94 82 87 98 107 108 103 100 90 87 84 89 79 78 78 83 98 106 120 126 134 137 145 138 143 148 152 158 155 155 155 152 146 142 141 140 141 140 135 135 139 139 136 141 137 132 126 120 120 125 125 130 130 121 117 107 103 94 91 95 108 135 138 130 141 139 148 153 154 155 157 162 150 149 147 142 141 149 147 146 150 135 
113 107 107 106 102 91 74 86 90 61 60 53 34 40 32 40 58 72 66 55 48 50 51 53 55 58 72 90 93 104 105 122 119 123 124 118 109 112 115 106 104 108 118 113 106 112 117 133 134 142 139 144 145 151 146 149 151 148 157 156 155 155 157 161 161 158 156 151 145 143 136 140 142 142 145 143 140 130 126 126 128 122 120 122 121 114 105 103 94 98 83 85 107 128 139 136 128 134 145 152 161 157 159 158 152 152 148 148 149 153 146 150 
105 111 108 100 102 89 85 83 88 70 52 52 40 34 33 38 62 54 48 49 52 51 58 63 65 79 86 104 117 117 124 133 136 134 134 129 130 123 123 121 123 128 124 116 119 127 132 139 145 141 143 142 145 148 146 150 152 152 152 162 171 167 169 166 168 166 165 161 157 156 154 148 154 153 150 151 149 141 134 124 123 123 123 121 121 114 110 107 105 97 94 83 82 99 118 124 127 128 136 150 154 157 161 161 158 151 155 154 149 149 154 146 
107 105 104 102 102 91 90 92 84 81 48 38 37 31 35 42 52 53 41 61 55 59 75 78 102 110 128 144 149 156 153 157 151 153 147 143 143 142 141 135 133 130 132 134 139 138 142 140 142 146 146 146 148 151 153 146 144 150 153 159 170 171 173 172 169 165 163 162 168 168 164 155 149 151 149 153 150 144 135 134 127 129 124 118 114 120 111 108 106 95 96 99 88 76 79 101 116 125 136 136 149 157 150 156 164 159 156 155 150 152 154 157 
107 109 109 102 98 93 90 93 94 78 62 39 25 35 28 40 53 54 53 54 73 71 82 101 119 130 148 156 163 170 166 162 155 157 154 152 149 145 144 137 142 139 134 138 147 146 151 148 146 152 156 151 155 159 146 139 130 132 139 155 168 174 171 171 170 173 176 171 170 170 163 163 161 153 153 145 142 141 146 138 135 127 131 123 115 116 115 111 109 101 93 89 90 85 76 75 94 111 124 132 139 148 154 159 159 163 156 153 153 155 151 152 
106 107 107 97 91 98 89 83 78 76 54 34 36 23 37 48 55 57 49 58 66 93 111 120 135 152 156 162 170 169 168 162 161 161 156 150 148 149 150 149 150 147 146 147 149 149 149 154 156 160 161 162 158 148 115 117 106 115 134 154 167 172 175 172 174 170 172 174 175 171 171 166 162 163 155 154 143 130 135 147 141 142 131 123 124 121 114 111 114 111 106 99 94 89 83 72 65 80 100 116 120 128 138 153 158 155 157 155 152 154 154 150 
110 105 101 99 87 96 92 80 73 70 57 34 27 29 42 55 61 62 66 70 87 103 116 131 151 162 161 172 171 167 166 162 154 159 161 154 155 153 152 154 153 153 154 155 147 146 153 158 160 162 163 161 162 121 97 100 101 108 120 146 167 169 168 175 175 177 178 174 171 174 173 171 173 168 161 159 151 154 153 143 148 136 131 128 124 121 113 114 119 107 105 98 90 95 90 81 70 74 81 103 113 118 130 134 151 147 154 156 160 159 156 155 
106 108 105 103 87 83 88 85 74 54 44 37 31 38 38 48 53 65 80 87 103 115 121 141 156 166 170 170 170 169 161 160 162 160 161 161 157 153 152 155 149 155 154 155 158 156 163 165 167 163 163 165 145 91 81 95 107 109 104 124 149 164 175 174 175 178 183 177 175 177 177 173 175 176 171 169 161 160 154 149 147 142 138 127 132 124 122 121 119 116 117 112 100 90 95 90 84 74 72 69 94 110 106 123 138 144 149 159 149 149 150 153 
102 100 106 105 97 94 89 87 75 59 42 31 33 46 47 54 68 70 84 101 118 127 127 142 160 169 174 174 175 175 169 167 159 162 164 161 157 155 156 155 154 153 159 159 159 159 165 167 172 171 171 166 132 81 78 103 103 96 91 114 150 164 167 172 175 180 180 179 179 181 183 178 181 180 175 174 165 165 163 150 148 147 142 134 131 125 122 115 111 113 113 108 108 95 93 93 93 82 74 76 69 85 102 109 126 142 142 149 151 153 151 149 
111 106 103 106 92 81 79 78 68 56 44 39 34 45 47 67 76 93 109 108 124 134 150 163 167 174 179 178 176 176 174 180 177 173 174 169 165 164 169 165 166 164 158 158 166 171 174 175 177 180 183 169 122 96 89 99 98 93 73 101 158 165 166 165 171 181 184 178 177 184 186 189 184 183 185 178 175 165 166 165 152 147 145 140 135 132 133 129 118 109 111 112 103 97 94 84 87 89 84 82 78 65 83 96 102 122 140 139 147 151 149 153 
107 112 101 100 86 63 65 63 66 58 46 45 35 42 60 74 75 91 117 129 141 143 152 168 169 176 180 179 180 179 179 175 179 181 174 174 166 168 167 165 170 164 165 164 167 168 172 181 183 184 179 156 114 75 99 101 96 73 64 93 149 159 162 163 162 176 181 187 178 183 191 187 187 185 183 178 173 172 171 163 159 149 149 146 141 138 129 124 129 115 105 106 104 102 100 92 92 90 82 78 77 78 66 80 93 94 117 132 141 136 147 150 
108 104 106 103 84 58 47 65 58 56 47 43 47 44 50 75 99 126 119 128 152 164 155 171 176 180 182 179 183 181 178 176 175 173 175 169 173 173 172 170 171 173 171 167 169 172 176 176 185 184 179 140 88 70 98 102 79 54 51 92 140 153 151 155 157 165 179 183 182 187 191 190 192 191 187 186 181 173 171 168 162 159 153 146 142 143 137 134 131 124 103 102 94 96 99 95 94 98 92 84 83 79 75 68 78 96 99 123 129 142 137 140 
105 109 107 105 88 64 63 67 59 48 45 45 42 48 63 79 98 128 137 146 158 158 162 168 177 181 181 183 186 185 183 181 181 177 173 171 174 173 171 171 176 168 168 169 168 171 177 184 185 190 185 136 82 67 108 99 75 54 47 80 113 139 149 143 141 159 171 180 186 192 191 191 191 191 190 192 183 179 169 173 161 145 151 153 148 140 139 135 130 126 121 103 98 92 98 103 99 101 93 94 89 87 85 72 72 79 89 93 121 127 135 138 
108 104 103 99 70 60 70 65 57 38 37 34 43 65 91 108 119 136 141 147 165 159 167 175 177 178 181 184 184 182 185 181 182 177 176 174 168 167 170 171 169 173 170 172 180 175 182 183 186 187 179 132 86 74 99 90 58 43 37 90 110 119 142 135 129 146 166 176 175 186 191 190 190 188 187 184 184 181 175 171 166 159 150 146 145 145 143 135 137 131 131 121 104 96 100 95 93 93 101 95 95 86 82 83 76 67 74 90 101 123 125 128 
104 108 105 97 71 39 51 57 52 56 52 59 51 52 75 96 118 136 153 157 165 161 168 177 181 183 187 185 186 188 183 180 182 177 176 172 171 170 166 165 169 167 172 170 172 179 182 187 190 186 169 119 90 82 96 75 56 47 56 91 131 129 135 136 111 132 160 173 177 186 192 192 191 189 184 182 180 178 172 167 162 150 149 151 146 146 148 140 143 133 130 127 114 100 94 97 95 96 98 100 94 98 86 78 82 72 63 65 85 101 119 121 
105 100 100 85 70 55 55 51 57 49 52 49 66 59 69 83 102 121 145 165 168 166 177 185 184 185 188 191 191 189 189 186 189 191 185 183 178 171 171 169 171 166 168 177 177 180 190 190 190 190 161 123 92 74 89 78 61 59 106 125 133 129 123 132 102 115 146 159 175 189 194 193 192 192 188 183 185 184 172 169 153 158 154 146 146 148 143 136 137 144 138 125 113 104 107 102 102 104 102 99 102 101 92 84 77 78 78 77 74 87 104 113 
101 102 85 71 56 55 50 52 52 46 50 54 54 60 67 86 109 112 118 147 170 171 167 184 184 189 193 191 191 189 189 189 190 185 182 179 179 174 169 171 167 169 170 166 177 179 186 190 192 187 169 127 104 70 79 58 45 56 86 117 136 144 120 134 111 104 149 165 179 188 193 193 192 191 189 185 182 183 176 167 162 154 148 148 142 136 114 108 123 132 137 125 113 112 103 100 102 112 112 104 103 101 93 88 82 79 69 64 64 74 81 109 
100 88 61 57 65 55 49 47 46 41 36 48 64 64 67 83 90 104 112 125 146 167 176 175 178 184 191 196 192 193 191 187 187 188 184 184 177 178 171 168 168 170 173 173 178 183 189 191 192 189 174 132 94 68 74 73 52 36 41 55 97 157 117 126 101 91 130 169 181 187 192 192 193 191 188 183 178 176 172 164 159 151 143 144 135 121 125 126 128 128 123 121 118 110 109 104 108 113 117 110 104 100 99 89 89 83 82 73 72 69 78 82 
94 70 54 63 66 62 58 47 36 31 43 52 49 55 51 59 79 83 101 114 131 148 162 173 182 186 193 196 199 196 192 195 189 188 186 183 181 176 171 171 170 164 171 175 180 183 188 192 192 191 177 132 95 68 68 60 41 26 27 55 68 151 119 119 105 87 124 166 177 191 192 192 192 189 188 185 177 175 169 160 155 143 143 143 133 133 132 134 126 118 111 117 116 113 112 103 107 112 112 111 109 108 101 91 82 78 78 76 75 73 72 80 
80 53 56 45 57 57 63 58 45 40 29 44 54 43 57 52 61 99 95 95 110 141 161 172 184 191 196 196 195 194 192 191 193 191 187 188 184 180 179 173 175 173 171 175 180 188 187 191 196 192 171 122 82 67 62 66 45 51 47 43 62 134 125 115 100 92 117 164 184 191 193 194 192 192 190 186 183 176 167 156 146 146 142 140 147 140 140 128 121 101 108 120 122 117 111 110 107 119 124 124 122 115 100 100 92 83 86 74 73 69 75 78 
64 57 54 48 56 57 56 58 51 38 40 39 46 49 53 70 61 86 94 107 110 127 159 164 179 187 195 198 198 194 192 190 193 190 185 186 186 182 176 171 171 170 176 177 179 183 188 192 193 192 175 128 86 61 46 54 42 25 37 37 54 122 131 110 95 81 114 170 185 193 192 190 187 180 183 183 178 171 156 126 137 143 148 147 143 146 133 127 121 96 93 127 135 124 115 116 115 118 129 124 123 119 113 103 96 83 79 78 76 68 69 67 
54 45 52 59 42 46 59 58 48 55 52 50 38 39 49 67 91 100 122 108 123 124 160 166 168 182 191 198 198 196 196 195 190 188 189 183 182 181 181 171 166 167 174 179 182 189 190 192 192 190 182 156 94 59 54 55 38 29 45 45 64 129 126 111 97 90 112 160 186 191 191 190 185 173 180 181 172 162 148 136 140 147 157 154 150 143 139 130 108 69 87 130 138 136 121 119 122 121 129 136 134 132 125 112 103 85 68 72 75 81 75 74 
46 44 53 56 63 40 66 67 55 52 51 43 41 55 55 66 114 114 131 120 123 124 155 168 174 184 193 197 200 200 197 198 198 198 194 190 185 185 182 175 169 171 172 180 187 186 184 187 191 194 183 157 94 56 39 39 41 26 23 43 75 130 124 102 85 88 116 170 187 192 190 188 192 191 185 180 166 154 144 143 147 153 162 159 154 147 134 129 115 73 90 139 145 139 126 117 113 111 127 136 145 141 138 127 109 89 79 69 66 69 69 66 
65 63 56 51 51 54 60 57 44 43 44 58 52 51 63 79 104 144 133 129 133 133 170 167 176 189 194 197 199 199 200 198 199 197 197 195 188 186 181 175 168 165 178 181 181 186 190 191 193 188 177 153 97 57 51 46 48 45 71 87 110 130 121 101 86 89 123 171 186 191 189 189 182 184 183 176 161 143 143 145 154 162 166 160 149 149 142 129 117 69 86 141 141 144 133 123 122 120 121 129 144 146 142 131 114 106 83 73 68 68 69 69 
77 67 56 56 52 53 62 53 31 50 48 41 56 60 55 87 83 105 143 150 152 150 163 160 169 188 196 197 200 201 199 202 197 199 199 198 193 188 184 177 172 171 178 182 185 190 191 192 191 190 184 162 107 53 43 31 40 45 96 118 114 112 114 94 85 98 139 181 189 189 189 187 183 180 178 168 144 143 149 150 158 168 172 159 152 140 140 135 125 79 70 141 141 142 130 115 117 119 123 127 137 141 141 137 126 117 101 72 67 69 71 65 
56 48 53 55 58 60 63 66 63 52 55 49 41 43 61 75 98 102 120 139 151 158 160 175 187 194 199 201 201 199 199 198 199 200 201 200 196 192 184 181 174 176 184 186 190 190 192 195 195 190 184 170 129 62 52 49 39 56 42 91 85 99 113 92 82 119 156 183 184 183 183 183 185 179 166 148 144 146 151 163 167 169 174 167 151 149 146 140 140 100 57 126 138 128 129 124 122 120 121 128 143 149 150 144 128 120 103 84 65 65 69 71 
44 38 44 61 60 59 53 43 53 57 38 43 59 43 49 60 69 85 101 130 148 165 164 183 190 190 194 201 201 200 198 199 196 199 199 198 196 194 188 177 183 182 182 186 188 189 193 194 192 189 183 170 138 85 49 57 37 44 56 51 85 96 106 91 100 138 171 181 183 179 177 180 178 170 156 135 130 139 152 159 169 170 174 167 165 150 142 143 141 102 56 113 129 130 129 122 117 116 115 116 133 148 150 148 134 125 115 86 68 66 70 71 
59 65 53 49 64 54 58 49 43 47 46 44 52 45 47 59 75 88 82 81 115 169 167 167 188 187 195 201 200 200 199 196 197 195 195 194 193 190 185 177 175 179 181 185 190 189 189 193 195 189 183 174 152 88 48 57 60 41 56 58 51 84 107 87 114 157 178 179 183 180 180 173 170 162 145 140 123 113 144 161 160 164 170 171 163 158 147 141 140 99 54 111 119 113 107 106 115 110 111 119 136 152 158 153 140 124 116 93 72 63 62 70 
73 69 61 55 52 59 51 73 59 57 57 57 60 48 63 68 67 74 86 96 98 137 172 171 189 193 199 199 198 198 198 197 194 193 193 194 189 192 190 181 179 182 186 189 195 195 194 191 187 179 180 171 151 96 55 62 70 49 50 64 69 85 101 98 130 163 172 174 176 177 172 172 166 152 143 146 147 137 130 161 171 167 162 167 162 154 148 143 144 107 62 123 128 116 102 105 104 112 111 113 131 148 157 154 135 126 114 93 74 66 63 71 
74 57 51 50 49 51 43 47 56 45 41 52 48 53 51 63 69 79 92 109 129 128 151 161 187 196 198 199 198 197 199 195 194 194 193 190 192 189 187 182 184 187 186 190 193 195 196 193 191 179 182 172 162 125 81 66 79 72 59 67 84 95 102 115 147 169 170 170 172 173 178 172 164 149 154 165 162 148 128 108 131 161 173 167 155 149 141 143 150 106 55 117 144 121 118 96 89 97 106 107 123 154 172 162 147 129 111 99 73 63 61 69 
42 61 62 66 58 52 37 36 45 43 47 61 61 45 49 52 53 62 89 104 129 142 157 159 178 193 196 196 196 197 195 195 194 197 195 194 190 187 185 186 183 187 189 190 193 195 197 191 188 190 186 176 157 129 88 80 75 78 70 70 82 106 112 131 155 168 172 167 166 171 167 167 153 151 154 161 162 147 137 102 87 125 165 165 147 143 138 144 150 108 51 95 150 121 113 109 89 90 94 101 119 155 170 168 156 132 108 96 79 66 64 65 
55 57 67 70 70 62 48 47 48 52 55 59 58 54 43 48 65 76 78 103 132 145 171 170 176 188 201 198 199 195 196 195 192 191 190 188 192 188 188 185 183 185 184 189 192 190 190 192 190 186 182 171 152 133 105 88 87 80 77 67 81 84 115 141 156 163 162 166 168 166 170 166 156 153 160 161 161 152 133 112 73 85 125 148 147 140 135 136 141 108 56 85 156 141 107 98 86 82 91 93 112 157 181 167 155 138 111 92 75 69 60 72 
71 61 64 64 63 65 57 57 52 40 63 49 46 60 59 46 43 61 74 97 134 156 168 176 183 192 197 196 195 193 193 195 192 194 193 190 188 190 185 184 188 187 188 189 194 192 194 192 189 184 180 173 158 143 118 97 91 88 73 76 71 97 123 151 158 162 162 170 169 172 172 164 162 154 152 155 153 147 134 97 55 70 95 129 141 136 133 137 137 102 57 73 146 161 121 100 89 76 81 90 109 155 173 167 158 140 107 83 72 67 64 65 
88 59 56 59 56 48 53 57 61 65 57 62 51 43 52 75 79 80 97 117 127 150 165 180 185 191 197 196 194 193 194 191 193 192 190 188 184 186 190 188 182 185 186 189 188 191 190 189 191 187 179 170 165 159 129 109 105 98 99 80 98 119 143 153 166 169 170 169 173 171 173 167 163 164 160 162 158 147 125 92 45 65 79 95 125 130 126 143 146 102 56 62 133 160 144 111 98 82 77 83 107 153 164 163 154 138 104 81 76 65 60 67 
88 71 55 45 61 65 42 38 48 46 57 62 47 60 54 64 78 90 99 102 118 136 167 178 184 189 191 195 194 191 193 193 190 188 191 190 191 190 188 184 183 185 183 182 183 187 190 192 189 188 182 179 168 156 137 125 120 122 120 123 126 141 152 160 166 171 171 170 168 169 173 167 169 171 174 170 164 151 133 102 47 58 79 81 103 116 122 141 157 118 61 60 131 158 139 113 95 79 70 79 103 143 161 164 144 123 100 82 69 66 63 65 
91 65 57 59 55 59 59 56 48 48 54 56 55 32 44 51 65 78 89 96 114 137 159 178 184 189 193 192 191 193 194 190 190 188 187 188 189 190 188 186 186 186 187 184 185 190 190 192 193 186 183 176 168 157 141 124 128 138 146 159 163 162 166 165 163 162 166 165 171 168 167 172 171 177 175 169 162 158 138 114 84 60 74 76 84 108 119 145 164 117 57 58 120 160 140 114 94 73 72 80 106 139 158 159 142 115 98 88 81 74 57 66 
86 59 61 63 65 55 55 58 50 42 50 55 53 45 48 60 66 64 80 97 112 137 155 174 180 185 189 190 191 189 186 187 186 187 189 189 189 190 186 181 187 186 184 185 183 188 193 192 190 189 186 178 168 155 149 142 143 151 159 167 175 180 178 178 176 169 166 168 166 166 174 180 183 181 172 171 165 164 142 123 105 70 71 74 73 94 114 144 167 134 66 58 116 155 140 114 93 70 69 78 105 132 158 155 139 108 100 87 73 66 62 71 
88 58 52 62 57 49 48 45 44 44 38 46 58 54 48 41 45 50 64 80 100 130 153 169 178 187 188 186 187 189 186 188 189 187 188 187 187 184 187 187 182 182 185 186 187 187 187 188 192 187 187 177 167 159 145 141 146 155 171 183 189 193 193 187 193 190 184 180 179 174 181 181 188 189 184 176 175 169 157 134 112 86 65 70 84 96 101 130 160 129 60 61 114 158 140 126 97 68 67 75 103 123 142 152 141 115 94 81 75 70 54 66 
102 63 55 52 58 56 46 50 47 52 51 48 56 59 45 40 47 51 61 87 116 138 145 161 170 181 186 188 188 188 184 186 186 187 187 189 188 186 183 185 185 185 183 186 193 193 191 188 187 185 183 177 167 159 147 145 145 154 169 188 193 197 199 198 195 199 196 192 185 185 188 192 200 195 192 194 186 181 164 136 108 86 69 70 86 97 98 120 143 137 76 62 112 161 143 131 98 71 74 80 111 126 144 141 139 113 98 86 71 65 59 63 
108 81 52 53 57 55 54 42 42 43 49 47 50 58 43 46 60 64 74 89 108 136 149 158 172 181 184 187 188 189 188 187 189 189 190 190 190 188 187 180 185 187 184 185 187 188 190 192 192 191 182 177 170 157 143 143 145 152 167 180 191 196 199 195 195 187 193 193 193 194 192 195 196 194 193 188 188 182 164 143 109 91 77 67 83 92 101 119 137 133 76 60 110 147 139 128 102 69 68 84 113 130 140 149 141 118 107 98 79 68 62 69 
105 87 53 55 67 71 57 56 60 34 35 32 41 68 75 49 52 65 79 83 103 122 145 151 170 183 184 186 189 187 189 189 189 188 190 188 185 186 181 178 181 185 187 188 187 190 192 187 189 187 179 170 166 153 147 145 144 152 166 174 188 191 191 193 189 191 191 189 191 191 194 195 194 191 187 186 187 174 160 143 119 90 79 76 83 84 96 113 127 129 74 60 107 147 131 119 91 65 74 93 113 128 138 143 145 118 107 89 76 61 51 55 
109 98 58 44 63 67 52 44 43 41 29 35 54 62 73 71 52 48 62 63 81 111 135 162 167 178 180 182 189 187 185 185 188 190 186 185 182 183 183 183 184 185 181 182 187 191 189 192 191 185 176 170 161 149 133 127 128 133 136 155 162 175 183 187 193 188 186 188 185 186 188 190 190 189 184 184 181 179 160 145 122 96 80 83 84 88 89 104 121 108 60 67 100 131 129 120 95 79 76 98 120 126 132 135 140 129 105 93 80 66 56 66 
109 105 67 52 63 68 56 49 31 22 29 46 52 62 67 70 62 54 67 66 77 98 128 151 167 174 186 185 187 189 190 190 188 187 188 186 186 187 182 183 182 185 178 176 184 189 189 192 187 184 178 171 154 135 128 116 108 110 115 117 120 132 152 170 166 161 160 172 169 168 181 186 187 186 182 183 183 175 164 142 116 95 88 87 88 99 102 106 122 107 61 76 108 124 118 110 91 70 87 100 119 128 131 132 131 119 104 94 75 60 65 57 
104 110 89 58 50 56 49 43 36 30 29 38 52 51 55 62 51 54 62 86 91 101 124 143 150 167 175 182 185 187 187 189 192 185 185 184 183 182 185 184 175 181 181 174 180 186 188 187 186 181 173 161 153 128 112 100 93 101 94 85 84 84 101 112 125 122 122 124 139 146 161 171 177 173 172 169 170 164 152 134 110 85 89 90 82 89 100 114 119 97 58 72 96 118 106 110 90 77 88 102 117 126 129 128 126 117 104 86 68 62 56 73 
114 111 86 53 48 58 61 37 25 32 48 50 51 49 59 55 61 58 70 85 91 108 127 145 149 169 171 180 179 181 187 186 183 188 186 183 184 186 180 178 177 178 181 181 184 185 186 186 181 181 173 159 146 119 103 81 83 76 70 81 100 111 104 108 118 119 127 132 129 134 146 148 158 159 152 148 147 147 134 114 95 84 86 90 91 94 95 108 119 90 49 81 104 100 90 84 85 81 96 109 120 128 127 127 123 111 98 84 72 60 67 80 
107 106 92 57 61 60 52 50 46 35 33 42 51 36 32 48 51 67 87 95 102 92 112 135 152 164 173 182 180 184 183 186 189 186 182 184 181 182 181 182 178 178 179 183 184 191 188 187 183 178 168 153 139 119 91 83 76 69 56 73 104 107 107 103 119 133 128 123 131 134 135 135 129 126 128 120 126 118 108 93 63 78 99 91 95 99 106 112 117 82 56 89 99 86 86 89 91 96 101 108 116 124 123 119 110 102 91 86 69 62 75 97 
108 108 99 67 56 61 65 53 42 32 31 46 52 49 51 58 62 57 66 64 81 110 124 136 144 162 177 178 178 178 181 183 179 179 178 179 180 181 177 177 181 180 184 182 183 182 186 185 181 180 168 149 128 98 88 78 69 49 50 75 93 104 91 100 114 128 129 129 122 128 131 127 117 106 106 113 116 110 101 80 74 101 103 101 97 104 108 113 111 77 66 87 89 86 88 95 97 99 105 115 123 125 121 113 108 98 92 84 59 61 90 104 
108 110 104 66 60 67 68 63 46 44 35 35 59 64 59 49 56 55 58 75 82 95 112 137 149 155 168 180 178 177 180 180 179 178 178 180 177 181 174 173 174 173 178 184 182 185 181 180 177 172 168 157 127 103 78 73 59 42 49 54 75 99 86 91 108 125 142 136 139 134 138 130 116 119 129 128 125 111 100 94 111 110 110 109 106 102 114 113 107 77 72 90 87 90 91 97 100 104 104 117 124 120 110 109 97 92 81 58 65 88 105 104 
108 107 105 93 52 54 62 71 54 47 35 36 48 63 52 53 56 55 64 72 75 81 106 133 144 161 168 174 175 177 177 182 181 183 182 180 178 181 179 180 174 171 175 175 182 179 179 176 174 176 176 162 135 106 79 68 50 47 64 81 76 96 79 78 104 122 145 149 147 148 146 144 123 117 137 145 134 121 107 105 107 107 114 112 108 110 109 109 100 66 80 91 91 96 105 99 104 108 111 113 116 111 104 105 100 86 76 68 78 101 105 105 
110 110 108 98 70 56 66 67 58 37 36 34 38 54 66 56 51 53 47 53 71 94 114 116 134 147 158 173 174 176 174 170 179 178 180 180 178 178 177 174 172 166 172 174 176 177 179 176 180 179 175 160 124 82 53 50 49 41 62 91 90 92 76 75 93 108 139 159 158 157 154 151 142 112 99 105 110 106 108 115 119 118 114 114 108 100 104 107 100 61 91 97 102 109 108 108 105 108 112 120 115 114 110 98 84 76 67 71 97 103 107 107 
109 109 104 98 78 53 51 51 56 56 41 36 38 53 56 57 58 51 52 64 78 102 114 122 124 141 152 161 169 174 174 177 176 179 177 176 175 177 168 165 165 166 168 170 170 171 171 174 173 178 174 152 107 62 40 37 39 30 34 52 77 91 85 70 81 104 127 153 158 155 154 152 153 136 113 101 109 112 116 116 116 121 117 112 115 109 107 109 90 88 102 109 113 114 108 103 107 110 109 111 113 107 96 80 71 76 74 104 103 104 107 105 
106 107 111 106 79 46 60 57 55 60 50 35 33 36 47 54 46 48 66 63 69 77 95 117 132 137 148 163 165 169 172 177 173 168 171 176 169 171 168 160 161 158 162 167 167 167 170 172 171 178 167 142 84 49 39 46 37 27 34 42 57 105 92 82 74 92 124 156 160 165 166 167 161 154 135 122 121 126 130 131 126 123 118 118 114 114 109 96 80 106 117 116 114 109 107 109 112 118 120 111 106 97 88 80 71 70 90 101 105 108 103 103 
108 109 107 104 90 57 54 56 53 54 48 57 42 36 46 53 62 64 72 63 64 83 99 108 119 142 150 156 164 172 176 170 173 172 169 168 166 170 161 161 158 161 158 164 167 173 169 170 177 172 164 133 80 54 44 44 31 49 30 37 44 95 97 74 77 90 113 150 166 165 165 165 163 161 152 132 128 128 140 144 145 133 122 114 107 105 102 77 69 110 111 112 110 109 106 108 108 109 112 100 88 86 84 70 77 100 106 106 107 96 98 99 
107 106 108 107 93 90 71 64 53 49 54 53 42 36 32 47 55 69 60 73 76 75 92 109 125 135 149 157 165 168 168 172 168 166 167 165 165 158 153 151 154 155 160 163 162 166 167 167 168 172 160 122 71 57 39 42 32 21 29 35 57 103 99 90 79 94 106 145 163 168 166 171 166 168 160 149 134 128 129 142 145 146 138 130 119 114 97 68 79 108 112 110 107 101 106 107 110 106 94 86 86 86 82 84 98 100 101 98 97 102 98 79 
109 109 105 109 106 88 88 64 59 47 50 57 49 34 36 42 52 63 60 68 81 80 86 107 120 131 145 154 162 163 166 168 169 164 167 161 160 157 150 146 140 145 153 153 154 157 161 167 170 164 155 124 75 44 48 49 35 69 48 37 47 107 103 89 81 92 103 143 162 171 180 176 174 172 168 160 148 129 133 129 139 145 136 129 123 111 105 88 81 95 100 103 106 100 102 107 105 98 93 89 88 76 77 93 99 101 99 103 98 89 58 40 
108 107 109 105 105 92 77 64 70 73 53 38 29 34 31 31 40 40 61 78 99 97 93 103 106 119 133 146 146 145 155 160 159 155 161 159 152 151 149 147 146 146 146 147 151 154 161 163 161 163 147 112 72 47 51 51 31 25 27 44 79 112 98 97 82 93 110 134 162 174 178 180 182 180 170 164 152 143 131 129 126 137 132 122 122 116 110 101 91 97 98 99 96 103 101 101 96 91 89 92 85 92 106 110 105 98 84 56 45 38 57 74 
108 106 104 103 104 103 85 66 83 75 69 60 50 32 31 34 36 46 60 82 95 96 91 96 111 122 130 140 147 149 151 154 154 156 149 140 145 147 149 143 138 145 149 146 145 152 161 163 170 159 147 103 64 41 57 58 54 70 63 84 114 115 97 103 96 99 106 133 159 178 180 183 180 177 178 171 160 146 137 134 124 128 128 113 116 113 110 106 101 110 104 99 102 96 94 95 92 91 93 91 93 96 83 68 50 34 28 40 43 61 71 67 
107 110 112 106 104 106 106 80 63 75 73 75 63 48 39 33 35 40 46 58 79 87 88 101 107 116 121 135 139 142 146 144 142 145 151 147 141 144 142 136 138 141 143 145 150 153 159 161 163 161 135 98 60 49 68 59 45 95 117 117 112 113 99 100 91 97 115 133 152 173 183 184 183 178 176 175 163 153 140 132 125 123 125 114 104 105 106 112 115 116 110 93 90 96 86 86 88 83 55 47 46 30 17 15 26 45 66 74 83 76 68 65 
108 105 108 105 106 103 106 97 86 86 74 67 63 65 54 32 30 36 38 47 64 72 87 103 103 110 125 124 136 144 139 144 140 137 138 139 140 138 137 139 140 135 139 140 144 148 157 158 162 154 131 89 65 64 81 63 53 71 105 97 105 106 103 98 99 110 115 132 158 178 178 184 186 182 177 171 163 162 149 143 131 123 124 128 122 120 124 126 127 115 106 95 85 85 87 90 82 68 54 54 57 62 64 66 67 67 62 62 56 65 66 64 
105 108 103 106 102 103 103 103 96 94 79 61 61 58 49 47 36 34 39 38 45 63 84 98 103 108 111 121 124 132 134 131 134 135 130 131 136 138 137 134 135 138 141 140 143 149 159 165 156 154 114 90 55 60 85 70 56 28 78 87 90 97 99 99 94 107 123 139 154 161 173 180 182 180 176 170 159 153 149 137 129 125 119 123 120 127 128 124 116 108 94 87 88 81 79 74 65 60 66 61 66 66 69 71 68 64 66 64 64 62 65 68 
108 108 109 109 109 109 109 109 97 91 74 57 50 50 49 48 49 43 39 45 44 53 72 81 95 104 112 120 127 127 130 137 131 131 129 128 134 137 139 134 138 136 139 145 150 146 148 156 159 154 110 65 61 75 92 65 64 40 44 71 87 91 101 106 108 119 131 142 151 170 179 175 176 174 170 168 157 153 153 145 139 124 121 117 115 114 112 111 106 100 93 89 86 92 80 55 44 54 64 65 63 64 68 58 60 67 62 64 63 63 62 57 
107 108 109 105 104 104 105 105 105 95 80 68 62 57 55 51 54 43 34 27 40 39 54 76 89 101 105 111 114 120 126 131 131 130 135 135 136 135 137 135 139 140 138 142 142 148 149 153 153 153 111 67 51 72 92 73 45 48 42 67 83 97 109 112 116 127 138 142 150 167 178 178 175 170 166 161 156 157 150 138 126 127 122 117 113 113 110 103 96 90 84 88 92 68 49 46 47 49 53 59 61 57 58 61 60 57 63 67 60 63 70 76 
107 107 106 103 105 106 108 106 105 101 83 62 49 58 51 58 55 59 54 55 49 40 48 50 73 85 103 104 106 110 116 117 119 123 123 125 126 130 132 129 131 126 133 139 132 140 142 143 140 145 110 66 51 72 93 88 59 40 52 86 103 111 118 114 120 127 139 149 151 166 172 172 169 163 162 156 153 143 140 127 127 123 122 114 113 111 107 102 94 92 91 85 71 51 54 51 47 42 48 46 60 71 58 62 70 62 62 59 68 66 58 54 
109 108 107 105 107 106 103 104 108 104 93 65 75 55 62 52 44 60 62 57 50 44 35 45 44 70 86 101 107 106 108 107 111 118 118 118 115 116 116 115 117 126 119 119 128 124 122 120 132 127 130 67 49 62 97 94 90 65 68 94 104 114 116 119 124 133 139 148 144 155 170 169 162 157 154 152 145 138 125 124 116 116 114 115 109 101 94 87 96 93 74 60 49 55 46 50 50 45 42 54 51 52 61 59 54 59 57 59 47 47 51 61 
106 105 106 108 104 106 108 104 100 100 92 80 87 52 57 64 55 46 45 46 45 49 44 32 41 45 66 91 101 106 111 118 120 116 112 110 108 112 106 109 111 113 115 117 109 112 114 114 114 129 131 92 47 57 86 99 95 92 86 94 104 111 118 124 124 128 134 136 144 151 159 162 158 156 147 137 134 130 121 115 113 111 105 103 102 100 95 91 89 74 57 54 58 58 51 50 46 51 52 63 66 55 43 48 50 50 51 51 51 52 53 64 
106 107 108 105 106 104 106 106 108 101 94 96 101 84 61 58 54 41 42 49 46 53 39 30 33 37 45 58 84 99 104 112 114 120 119 113 111 106 107 103 102 104 101 104 108 104 101 102 102 103 111 107 63 47 82 92 96 100 101 113 116 118 122 124 126 130 125 132 131 138 144 147 143 138 131 126 122 111 112 109 108 107 106 100 96 97 91 83 56 52 52 54 50 50 48 48 45 43 38 43 54 62 63 53 55 58 57 59 58 69 74 71 
110 103 108 106 107 109 103 104 103 99 101 95 99 91 88 69 53 46 35 36 37 40 56 33 29 40 47 29 38 61 80 90 103 102 98 100 98 101 101 101 95 101 96 97 97 102 105 101 106 96 100 97 89 46 49 78 98 107 114 117 118 122 123 121 124 120 128 126 134 131 140 142 134 128 122 121 110 112 107 105 101 96 100 99 100 77 69 55 59 56 61 54 53 50 52 45 50 43 46 40 56 58 62 65 65 65 67 67 72 69 66 70 
104 106 106 107 105 107 108 106 106 102 101 103 100 101 95 86 54 47 49 37 39 31 38 39 37 47 51 61 33 28 45 52 61 66 79 82 84 73 70 69 75 75 73 79 84 78 86 91 93 101 103 107 108 107 99 97 99 99 106 108 114 114 113 116 110 116 118 122 123 132 130 125 117 118 118 111 110 102 99 96 94 91 86 71 60 57 57 62 63 60 58 54 55 54 47 48 41 49 41 41 47 57 49 55 54 60 61 62 58 65 68 68 
105 105 107 106 106 103 104 107 102 103 104 104 105 101 94 98 72 48 53 38 30 37 39 33 35 41 39 39 53 37 29 42 52 66 64 59 55 59 44 34 28 26 34 30 29 25 20 25 22 20 22 29 36 44 56 83 88 99 101 105 107 115 110 112 109 110 116 116 118 119 125 123 117 113 108 109 96 89 82 78 72 70 64 65 68 70 64 62 63 53 54 47 46 47 50 44 47 41 40 39 45 57 63 50 55 58 62 63 60 64 65 64 
102 107 104 106 105 108 105 102 108 105 110 105 105 108 103 97 75 59 59 57 35 27 29 31 30 33 46 50 48 54 51 47 38 36 50 55 45 37 38 32 26 24 15 19 17 23 27 21 23 27 22 14 15 23 47 60 74 77 91 93 97 90 96 95 103 104 99 105 100 98 98 92 96 88 82 73 85 79 83 77 80 78 76 73 71 67 65 62 57 61 53 57 57 56 48 46 43 43 52 43 39 55 61 60 55 54 54 54 57 60 63 64 
106 108 109 105 104 105 107 105 105 108 106 107 105 101 108 102 93 71 49 48 43 25 34 43 41 35 39 45 47 44 53 46 49 43 39 41 43 36 27 26 24 14 24 23 18 15 15 20 14 16 14 22 28 63 88 87 84 80 89 83 80 76 75 88 100 106 98 94 91 87 87 90 86 86 88 90 82 80 84 80 76 73 77 72 72 70 69 65 62 53 54 50 46 47 46 42 44 45 37 37 38 45 58 58 58 56 61 64 67 64 65 66 
109 104 102 105 111 107 105 105 104 100 106 103 102 107 103 106 106 90 90 75 44 31 23 21 28 28 36 39 35 34 35 37 46 47 39 34 27 29 28 21 18 25 18 18 28 28 24 19 24 23 37 46 63 78 85 86 90 95 86 88 86 91 97 92 86 87 92 93 95 92 96 96 99 97 94 92 87 87 82 79 76 79 72 68 64 67 58 60 58 56 60 56 56 48 47 44 40 42 46 44 41 38 55 56 60 62 54 55 54 64 62 67 
108 108 108 107 103 102 103 102 106 106 108 103 107 103 106 103 104 102 89 104 93 65 30 24 22 21 17 28 23 29 27 27 22 24 34 25 27 19 27 22 19 20 17 22 16 20 16 20 15 28 59 77 80 85 90 97 94 91 100 99 100 98 95 98 97 93 91 92 95 95 98 93 93 93 86 81 87 86 84 81 78 71 72 75 69 72 69 64 61 60 52 55 53 51 53 45 48 44 38 35 38 42 46 62 55 54 58 63 58 58 63 65 
104 106 105 104 107 105 106 104 102 105 108 104 105 110 101 103 104 101 93 99 106 103 84 46 54 39 19 14 28 17 17 19 24 25 26 36 26 27 20 25 27 30 29 28 28 25 47 57 82 82 91 95 99 99 96 95 94 96 91 92 95 98 97 97 95 94 96 95 95 93 92 94 89 88 91 95 87 85 81 82 80 78 74 71 65 60 58 57 57 59 52 50 50 50 40 48 42 40 45 39 38 36 35 50 61 59 60 61 65 68 67 66 
108 110 106 105 106 104 110 109 110 111 102 107 103 103 106 107 105 106 106 95 101 101 109 96 86 80 52 20 9 23 21 12 18 20 13 22 18 19 20 16 18 17 10 25 57 85 85 97 94 102 98 97 97 98 96 96 98 98 95 101 95 91 95 94 91 94 96 99 95 98 100 91 96 93 92 86 89 82 79 81 73 75 73 71 70 65 65 66 62 58 58 55 48 55 45 44 45 44 41 43 38 39 40 50 58 61 61 57 56 63 65 67 
112 104 104 107 103 109 100 103 103 105 106 105 104 105 105 106 105 106 107 104 99 104 107 110 108 110 110 90 44 20 8 24 16 21 29 19 43 32 23 32 39 29 54 69 84 97 101 98 98 97 96 98 97 92 95 91 99 89 95 92 93 96 93 97 98 95 93 96 95 92 93 102 87 90 86 95 81 80 81 79 77 77 71 71 69 65 61 61 61 54 52 49 51 48 55 45 39 40 38 34 41 42 39 38 54 57 56 58 63 62 67 67 
102 104 105 103 106 101 105 108 105 109 108 107 105 106 103 103 104 106 105 103 104 103 103 104 105 102 102 102 103 96 72 61 83 75 74 67 73 67 52 60 64 80 88 103 100 95 98 97 97 97 96 94 92 95 95 97 94 99 96 92 95 94 95 91 92 93 94 89 93 93 93 93 95 91 93 86 86 85 82 80 76 74 75 68 70 65 62 63 60 58 55 56 55 47 41 44 43 42 37 39 40 35 36 37 60 57 53 54 66 70 65 64 
105 102 108 110 104 107 109 106 105 103 106 105 108 104 106 107 105 101 108 106 106 104 103 99 104 105 106 108 106 106 114 116 111 114 112 97 73 70 83 66 76 84 103 100 98 101 94 94 99 100 98 96 97 92 92 95 97 91 94 96 94 94 93 94 95 92 97 95 89 93 93 93 90 94 94 90 85 86 85 83 78 81 74 73 67 70 68 62 59 56 55 52 48 50 49 46 43 43 41 46 41 39 43 42 53 63 63 65 56 63 68 71 
