10 128 128 128 128 126 126 124 124 127 129 126 127 126 127 128 124 124 122 122 121 122 123 120 123 121 123 116 119 122 122 122 117 116 116 113 115 114 107 112 109 105 110 112 106 106 104 103 102 100 101 102 101 107 109 106 106 97 100 101 102 98 98 102 99 94 86 68 65 56 75 83 74 70 62 60 59 64 74 73 63 47 26 27 29 28 28 21 9 14 15 18 15 17 20 24 23 24 18 15 19 17 15 19 15 11 13 14 19 22 27 36 
140 140 142 136 132 132 133 136 136 135 135 135 136 135 134 135 136 133 127 135 128 129 126 128 132 121 106 92 73 65 55 52 56 57 60 57 48 46 43 42 41 50 52 52 53 55 54 58 62 58 65 66 58 57 52 55 55 56 59 49 49 54 40 33 30 30 30 31 28 25 27 32 31 34 29 28 30 38 31 29 27 26 28 25 27 24 18 20 28 32 32 36 37 34 39 38 40 43 34 36 33 32 23 25 16 19 20 57 88 63 42 43 
134 136 132 135 136 136 139 136 134 133 134 135 132 134 134 135 132 132 131 134 136 126 130 126 101 74 60 49 51 44 54 59 54 56 47 49 48 48 44 45 48 46 44 42 38 38 48 44 43 50 52 55 50 45 50 52 54 60 60 52 44 37 40 36 31 30 33 31 32 34 38 31 35 33 34 34 37 28 23 24 22 21 25 28 22 24 23 17 15 19 22 19 22 25 34 39 40 39 41 46 34 22 21 20 23 21 23 31 39 48 45 55 
135 135 137 139 133 135 134 133 135 135 133 136 135 137 131 134 134 136 136 132 129 121 96 68 42 32 35 42 41 51 52 52 57 52 55 52 53 52 44 48 50 42 50 49 53 49 36 34 34 35 38 37 41 46 39 40 46 43 43 43 40 35 32 34 34 35 30 34 36 37 37 41 42 40 42 39 33 29 25 23 24 22 21 26 22 20 21 30 39 35 28 27 27 33 44 43 30 19 21 21 20 23 26 30 22 21 26 21 30 47 48 43 
136 137 139 132 135 138 135 139 136 135 134 133 136 136 136 135 137 137 130 122 95 63 35 31 38 38 44 42 45 47 45 53 54 50 48 49 51 56 59 53 42 41 37 36 32 40 45 45 34 24 29 28 29 29 34 29 27 34 34 35 38 40 42 38 36 37 37 38 34 36 39 33 36 36 27 29 30 31 31 26 23 21 21 18 20 17 23 22 20 24 26 32 36 34 37 34 34 34 23 21 23 22 25 28 34 31 29 33 26 19 19 23 
133 134 135 137 137 136 138 135 135 136 138 136 131 135 132 132 128 115 103 72 67 57 54 52 45 50 54 55 58 46 54 56 56 61 49 46 40 44 45 45 48 39 36 33 33 31 31 29 32 32 26 27 28 31 34 35 38 34 42 44 37 33 31 35 33 35 38 35 36 32 32 37 35 35 34 33 30 25 22 26 20 22 21 25 23 21 19 16 19 18 25 30 31 37 30 27 25 21 23 26 26 34 35 34 33 36 28 24 42 38 31 33 
136 135 136 135 135 137 136 138 137 135 136 138 131 131 136 130 96 58 38 36 46 55 57 53 57 50 45 62 57 55 61 65 67 63 59 57 53 48 42 40 36 37 31 37 38 36 33 33 32 27 29 31 36 36 36 37 34 38 36 33 35 37 37 40 38 46 49 43 45 35 25 18 27 28 30 25 24 27 25 22 24 24 20 17 16 19 19 19 17 20 26 30 28 27 28 25 23 24 31 34 43 38 32 24 20 30 31 28 32 31 25 24 
133 137 136 138 140 135 133 136 137 137 132 131 132 133 130 72 32 32 42 38 45 51 54 58 56 58 61 51 58 64 57 68 69 68 70 68 54 47 43 37 40 40 43 35 36 36 37 34 31 30 35 34 30 35 37 35 33 35 36 35 37 34 42 41 47 52 51 57 63 95 118 97 41 22 7 7 6 11 24 22 17 15 19 19 24 22 16 17 26 26 27 27 22 17 17 24 28 34 39 42 33 31 25 22 25 30 29 19 25 29 30 29 
134 135 136 132 133 135 134 136 136 134 129 130 140 119 59 29 32 35 46 56 55 54 54 59 66 61 59 57 58 53 61 58 56 62 69 65 61 56 60 64 56 51 45 42 35 33 32 33 30 33 28 33 38 34 37 33 30 27 20 20 16 19 19 30 26 27 30 33 45 48 59 83 104 124 118 100 81 51 20 16 23 25 19 17 18 20 27 25 25 27 26 21 17 16 24 31 36 43 37 30 29 27 28 28 25 31 25 24 19 23 24 23 
136 135 134 134 136 132 134 131 133 134 138 139 121 70 44 36 42 37 45 55 57 58 59 59 59 59 54 58 58 48 51 57 64 72 73 77 71 65 58 55 52 44 42 40 39 33 33 36 34 31 32 27 28 29 27 27 24 27 33 40 56 72 92 104 114 122 129 127 122 116 103 89 86 83 91 96 110 126 114 43 7 8 7 11 15 24 28 26 27 26 19 16 18 29 35 43 38 35 30 39 35 31 32 30 25 25 23 21 20 29 24 28 
137 136 134 137 136 137 127 130 131 129 127 120 76 40 39 41 37 45 49 55 57 59 61 54 47 36 43 52 54 55 72 77 76 82 76 70 68 64 64 59 56 49 47 44 38 42 42 38 35 31 31 36 37 41 45 61 82 98 108 131 141 151 156 157 160 162 161 160 160 164 162 159 153 149 139 129 120 110 110 114 74 52 41 41 32 18 12 1 3 8 14 28 37 40 40 32 27 29 34 39 42 36 27 21 19 17 16 20 18 20 27 24 
130 135 137 132 134 132 133 131 132 133 120 75 32 32 36 41 48 52 60 59 60 63 57 57 61 66 59 60 59 72 82 78 73 79 81 80 78 79 72 73 69 66 65 62 67 55 47 46 43 45 47 53 57 73 101 121 135 145 154 157 156 154 157 159 162 167 175 176 177 177 179 170 171 171 168 161 156 152 145 141 142 139 136 133 131 131 127 116 97 71 45 24 13 23 25 30 31 32 38 38 35 23 21 17 20 20 17 16 17 24 22 24 
132 131 131 135 133 128 130 134 129 133 85 36 33 37 37 38 48 55 51 55 57 50 55 52 48 53 58 64 71 80 80 69 77 85 83 79 78 75 75 72 72 76 84 84 86 88 86 79 85 78 86 94 101 115 128 137 150 157 152 130 117 126 134 143 161 178 178 178 181 180 181 181 176 179 179 176 168 164 161 156 153 144 139 139 131 129 133 135 139 141 138 122 96 50 18 10 23 37 43 50 36 30 22 20 16 18 20 16 17 19 18 20 
132 132 133 136 132 138 130 131 125 97 41 32 34 37 36 44 44 42 43 53 59 58 61 61 53 55 61 68 63 76 73 83 90 87 81 81 85 87 92 95 101 102 110 120 120 119 118 119 115 114 112 124 131 135 137 143 145 118 84 95 110 122 126 136 149 174 184 185 183 182 181 182 182 178 180 181 181 179 179 172 167 164 156 148 142 135 132 128 130 136 140 138 141 136 115 73 19 12 20 22 25 20 18 15 18 18 18 19 16 18 19 12 
136 134 133 137 136 132 136 132 110 46 31 32 35 37 43 36 42 49 52 58 55 59 47 49 52 48 53 63 68 72 86 89 84 91 96 103 104 114 119 126 132 136 133 130 131 130 132 128 129 134 126 124 137 139 139 142 106 69 76 109 126 130 123 127 139 164 178 182 184 185 184 185 184 185 184 188 185 186 182 179 176 174 170 163 153 149 140 131 126 124 129 136 139 137 133 136 123 68 15 16 22 20 21 20 19 21 18 16 19 22 21 37 
137 136 132 135 134 135 138 120 63 37 37 42 45 49 47 49 47 54 54 52 54 53 56 56 54 62 63 63 77 85 87 96 97 103 117 119 113 117 125 137 147 150 152 145 142 141 142 147 153 151 150 147 138 156 159 137 79 75 110 137 136 126 118 113 120 150 172 180 182 180 184 187 188 188 188 186 189 191 187 187 184 177 173 167 156 150 144 136 127 126 125 129 135 136 137 133 131 123 105 51 14 18 19 19 17 15 18 19 18 24 36 53 
133 134 133 138 134 134 134 86 36 38 36 36 39 33 48 39 51 51 48 48 54 57 56 59 57 59 69 67 73 79 87 97 106 118 122 120 129 120 131 141 145 146 145 149 157 164 168 165 163 160 159 162 156 160 155 107 59 89 141 154 141 124 106 103 112 134 160 172 175 178 178 189 190 189 190 192 194 193 191 189 191 184 178 175 164 157 151 140 136 129 132 129 130 132 134 137 135 129 126 118 78 19 14 22 20 22 15 21 28 37 45 51 
132 134 136 131 131 135 127 61 36 36 36 36 39 31 34 45 43 45 52 63 58 66 65 62 55 57 58 63 65 73 94 92 103 119 122 116 116 134 138 146 147 151 159 164 165 167 169 172 171 169 162 168 171 161 121 74 71 90 144 157 138 115 88 92 93 128 154 165 165 170 178 181 191 195 197 196 195 196 194 195 191 186 181 173 165 158 155 146 138 138 136 137 136 132 134 135 133 134 131 127 122 100 32 4 7 5 10 6 10 34 48 59 
135 135 130 136 133 131 113 47 40 28 30 35 41 50 41 47 48 51 51 49 56 56 55 53 58 59 60 68 68 72 79 97 124 123 118 119 128 125 132 137 158 163 168 171 171 173 170 169 170 170 165 168 173 150 107 79 66 84 132 148 125 90 76 66 61 70 111 135 155 159 170 183 195 195 199 201 200 199 198 195 193 192 185 180 174 162 154 143 138 135 131 130 133 139 131 125 131 134 134 130 125 122 113 71 56 58 60 66 76 84 88 87 
135 132 129 125 130 130 87 46 38 42 38 39 45 49 54 43 42 37 48 55 62 67 63 57 52 54 64 62 62 75 85 101 120 125 122 131 133 145 148 149 151 158 164 160 162 164 168 172 174 174 172 176 173 151 114 85 71 73 128 145 116 73 53 53 66 76 85 129 145 150 162 174 195 197 199 200 202 200 198 197 192 188 183 179 172 163 155 145 133 130 125 126 134 139 142 136 129 129 132 137 134 128 122 118 108 114 117 116 116 117 115 114 
134 136 131 133 127 107 50 36 37 33 39 37 37 38 40 40 45 48 46 48 54 54 48 47 55 57 62 70 75 69 89 103 123 122 124 127 131 145 153 160 166 164 170 174 178 176 176 179 179 176 175 176 177 160 126 84 61 68 110 142 101 68 57 66 100 105 84 108 139 148 151 159 190 197 201 199 200 201 200 198 193 189 187 179 169 159 149 139 131 126 124 124 127 143 144 141 131 126 133 139 140 137 135 126 116 106 116 119 123 121 126 125 
134 132 136 136 123 60 41 39 36 39 36 36 35 46 49 52 47 45 46 60 53 44 47 48 42 49 62 64 80 78 98 100 113 119 134 144 149 157 164 166 166 170 171 177 179 178 181 177 175 182 183 183 175 167 137 86 65 71 107 130 91 63 61 110 145 134 109 102 138 142 146 148 184 196 202 202 202 202 199 198 196 190 186 183 170 158 146 134 122 118 111 109 122 137 141 138 136 137 140 144 147 150 149 142 136 121 108 119 126 125 127 131 
128 132 126 121 71 40 32 38 38 39 37 38 42 42 44 42 43 48 53 51 51 51 44 46 44 50 59 70 95 100 100 110 116 126 133 148 159 169 176 176 175 171 170 176 176 180 183 182 180 180 184 184 179 163 138 94 66 66 99 126 81 64 77 146 181 190 148 117 131 141 140 144 176 192 200 201 202 201 197 197 192 191 183 171 163 151 137 127 119 109 105 115 116 107 109 115 125 137 143 148 151 157 156 147 147 142 121 109 121 127 131 131 
123 133 131 74 46 46 49 49 43 36 37 37 33 41 44 48 49 51 43 42 39 40 42 45 36 48 53 76 104 117 121 111 121 134 142 156 172 179 182 182 184 174 169 177 176 179 179 180 183 184 184 184 179 171 155 99 66 63 96 123 76 53 59 93 102 134 159 131 122 138 134 136 169 190 200 202 201 202 199 195 191 186 182 175 154 141 131 118 107 108 120 110 101 98 109 124 137 147 151 152 161 161 168 165 157 155 143 130 108 119 127 128 
132 129 105 51 40 47 44 45 38 33 36 41 44 42 46 44 44 53 58 57 47 42 43 40 47 52 57 74 105 132 127 134 145 152 165 175 183 186 186 184 180 180 181 175 177 179 180 182 183 184 185 185 183 180 161 113 63 55 79 117 74 49 38 39 46 60 84 135 120 128 133 134 162 189 200 200 201 198 197 194 191 184 175 166 151 131 120 111 111 125 131 119 107 113 135 151 158 160 163 164 159 160 160 169 172 167 160 152 139 110 112 126 
136 104 51 40 33 33 34 31 35 33 34 35 34 41 52 60 53 49 40 34 33 37 40 42 45 46 54 66 111 139 148 149 157 157 159 164 179 186 188 189 190 186 183 182 182 182 179 183 183 187 188 185 184 179 164 122 72 60 70 112 80 51 44 70 42 51 68 131 115 128 129 130 160 185 195 200 200 196 195 193 187 177 171 160 141 127 114 107 123 134 133 124 110 95 139 157 170 172 167 163 161 159 164 164 169 173 168 167 160 145 122 107 
98 56 35 37 31 31 33 32 30 32 32 35 37 47 53 53 53 53 60 52 50 52 50 47 46 45 55 68 104 148 166 160 166 162 161 174 183 189 190 189 189 189 185 183 182 183 181 184 186 186 189 187 186 181 171 139 80 63 63 96 79 49 41 50 42 61 68 131 119 126 129 131 163 188 198 199 199 198 195 192 182 174 162 151 131 119 106 120 140 150 147 141 131 81 122 168 174 174 170 166 159 158 163 166 170 172 176 174 171 160 152 133 
44 35 37 31 34 35 32 31 33 32 30 25 28 28 34 47 57 64 64 62 55 48 42 36 44 51 52 69 95 131 178 173 169 158 179 185 191 192 191 191 189 187 190 191 189 185 186 183 185 188 192 192 190 185 177 144 79 56 61 79 77 49 28 52 53 50 57 117 123 126 126 127 165 189 198 198 197 197 196 190 181 166 151 132 123 110 117 147 157 165 165 168 163 113 70 131 178 176 175 167 157 161 163 168 170 172 173 176 174 170 163 152 
36 36 34 31 31 30 31 31 35 33 37 36 41 48 56 58 59 56 49 52 43 41 40 39 42 42 56 79 120 139 139 153 161 164 173 181 188 194 197 193 193 193 192 190 189 187 185 185 186 189 190 193 193 186 180 149 82 60 61 77 80 56 31 20 33 39 78 128 124 125 122 133 172 190 195 196 196 194 186 181 172 156 142 133 119 120 145 166 175 178 177 177 174 136 67 83 147 173 172 170 169 154 153 158 166 172 177 180 182 180 172 165 
35 33 32 32 30 34 34 35 34 38 42 49 54 56 61 68 57 54 48 38 40 40 38 33 37 43 59 95 135 156 154 139 140 147 172 191 193 192 195 194 197 194 192 189 187 188 187 187 187 188 191 192 194 190 184 161 100 60 60 86 95 66 51 60 66 105 122 130 126 123 125 139 177 192 193 194 194 192 187 178 160 146 142 136 138 149 167 174 178 184 184 182 176 150 99 62 114 152 165 170 168 163 146 147 156 163 171 177 180 184 183 177 
36 36 35 37 36 35 40 37 35 40 43 56 60 66 70 67 71 60 58 50 46 53 52 54 48 44 60 85 132 162 161 168 168 153 171 186 195 197 198 199 191 191 191 191 190 188 187 187 188 189 193 194 192 192 186 168 122 77 70 86 101 85 71 81 136 142 122 124 126 131 129 158 190 195 195 194 196 192 188 173 150 135 129 145 166 170 178 179 182 182 181 181 181 166 110 72 86 135 147 155 162 162 162 150 148 160 167 171 177 187 185 180 
39 39 35 30 31 30 28 31 35 34 35 36 43 50 53 57 56 65 71 65 60 47 42 36 42 45 57 91 120 130 159 153 155 158 172 166 181 192 192 190 191 190 188 186 187 187 185 187 187 186 189 192 192 190 185 175 125 93 76 96 110 106 78 86 82 114 106 115 127 125 143 176 190 194 196 194 193 190 182 161 140 145 165 168 161 184 180 180 181 184 184 183 184 173 121 83 67 115 152 154 152 158 155 151 140 143 165 172 178 180 185 188 
29 25 24 27 30 28 29 31 27 29 32 33 35 44 48 49 56 59 53 50 47 47 45 40 40 43 59 82 130 151 159 145 147 141 150 166 164 185 195 192 192 193 193 192 188 187 185 182 186 190 192 191 189 191 186 173 143 102 87 98 113 115 102 87 89 78 99 122 126 135 162 189 194 194 193 193 190 186 178 167 163 182 191 185 154 145 175 180 183 185 186 182 186 174 128 110 124 100 140 155 142 147 152 152 141 136 157 168 177 182 184 183 
38 32 33 32 31 33 33 34 37 35 32 40 44 49 62 72 66 68 72 56 49 45 39 40 39 47 51 80 116 155 177 169 160 163 191 193 196 188 192 196 192 194 190 189 189 186 185 185 187 190 189 192 195 194 187 175 151 115 89 98 113 112 112 99 87 93 99 135 139 151 180 192 188 188 189 189 190 187 178 173 177 188 188 188 174 126 125 155 169 176 184 187 186 183 132 107 127 109 104 158 145 134 139 143 142 135 141 162 177 188 187 183 
30 30 32 29 32 31 35 33 31 34 36 36 40 44 41 47 61 69 71 65 55 47 46 40 40 43 66 87 124 155 167 158 157 167 183 195 198 195 192 192 193 191 191 186 186 187 185 185 186 186 190 193 193 191 185 174 156 145 114 97 108 118 114 113 111 111 129 145 158 178 185 181 184 185 187 189 188 184 179 174 172 176 179 184 183 163 123 121 137 152 168 179 185 180 133 111 118 133 114 139 162 132 125 131 136 130 135 153 177 187 185 185 
34 30 26 30 27 30 28 33 30 29 27 31 33 36 38 44 47 60 61 63 64 60 41 36 36 49 67 95 130 152 170 178 170 178 185 190 194 191 188 189 192 190 188 187 189 184 184 183 185 188 191 192 192 190 185 181 169 158 145 130 130 122 111 111 114 122 133 144 158 169 175 179 183 185 184 186 186 185 184 187 188 187 188 187 189 183 152 119 129 142 151 164 176 174 142 114 122 158 148 124 166 143 118 122 129 126 125 142 171 183 185 183 
32 33 32 30 32 30 33 32 33 33 39 34 30 37 50 53 54 49 46 50 58 57 54 51 51 54 59 81 134 163 154 158 159 166 179 185 185 189 193 192 189 191 188 186 185 188 185 186 186 187 191 193 192 192 190 183 175 169 162 157 155 148 141 125 120 122 138 155 168 177 181 185 187 187 187 185 185 186 190 191 195 199 198 197 193 187 171 136 123 125 134 146 157 167 157 117 107 144 145 119 150 147 117 117 127 125 127 135 165 183 178 178 
34 33 32 35 34 34 32 33 37 38 36 45 55 61 66 72 69 74 69 62 47 44 45 45 43 50 54 68 109 137 164 164 166 174 178 180 180 183 186 190 191 191 189 186 188 187 185 185 187 191 189 189 192 190 187 185 180 177 171 171 170 168 171 173 168 165 171 179 184 185 187 187 187 188 189 190 188 190 192 197 201 200 198 198 195 188 178 141 116 112 119 126 142 152 157 125 110 112 124 103 129 136 112 114 122 126 121 129 160 180 180 179 
33 35 32 28 29 26 25 33 32 34 32 32 33 36 51 65 67 72 74 66 58 54 52 52 49 54 54 70 93 113 146 166 155 167 181 187 189 186 189 189 189 188 187 187 184 184 184 188 187 187 189 190 188 189 189 186 185 180 174 176 171 178 183 190 197 199 196 196 197 198 201 200 199 202 202 201 201 198 201 201 201 202 201 198 194 186 171 138 109 103 111 129 136 145 152 132 110 101 120 111 111 137 116 114 121 121 120 126 155 184 179 174 
40 35 34 28 26 31 32 37 44 43 46 55 64 66 53 51 57 64 61 61 55 55 49 46 44 46 55 68 93 123 144 159 154 164 176 181 183 184 186 188 192 192 191 189 185 184 183 184 185 187 189 192 193 192 190 189 184 183 180 177 178 182 188 193 199 201 204 206 206 205 205 205 207 207 206 207 206 205 201 201 200 197 196 194 190 183 165 134 107 97 113 124 135 143 148 128 106 100 137 138 115 129 112 105 117 125 120 125 152 177 180 178 
27 34 32 35 36 30 32 30 35 40 42 44 52 63 77 79 75 64 54 54 47 40 38 37 38 46 48 66 89 116 150 160 153 164 176 180 181 183 184 182 180 181 184 184 183 183 184 181 184 188 187 191 193 192 191 186 183 185 185 182 184 183 189 197 202 204 204 203 203 203 204 202 202 199 200 200 198 197 195 191 190 190 185 184 182 173 159 131 104 101 109 118 130 145 147 122 102 100 133 129 104 123 107 109 120 119 120 128 145 172 178 177 
42 36 35 30 26 30 32 31 29 26 29 33 39 58 66 78 66 67 62 50 55 42 38 32 32 36 49 61 87 108 138 159 150 152 160 166 161 159 170 180 182 180 181 181 183 185 183 184 185 187 188 189 191 190 189 188 184 183 183 180 178 178 186 190 196 199 201 201 201 202 196 201 202 201 198 194 188 181 178 180 179 180 183 182 175 162 144 116 92 95 106 114 126 142 141 117 100 102 130 122 111 116 107 108 119 121 116 124 143 164 175 176 
25 28 29 29 30 30 38 45 45 49 48 35 33 49 61 65 69 54 52 49 43 46 46 46 41 37 39 51 74 104 143 151 150 162 170 173 173 168 168 170 176 180 182 183 178 176 176 177 181 185 185 187 188 190 189 187 184 181 179 174 169 170 176 185 189 192 198 195 195 192 189 187 182 176 171 164 156 152 153 158 167 171 171 172 168 156 131 98 91 96 107 115 130 143 141 113 102 104 115 105 102 113 101 110 122 121 114 127 142 165 170 171 
24 29 31 34 30 31 31 31 34 52 65 83 84 62 68 88 74 62 41 37 38 34 30 30 37 35 40 60 89 109 144 159 163 173 172 167 172 177 176 179 178 178 182 182 184 180 183 183 180 183 187 191 191 188 188 184 180 175 170 168 163 164 174 175 178 179 175 174 171 164 156 149 145 139 133 134 133 136 141 147 149 159 157 154 157 142 112 84 81 96 115 121 125 139 134 110 87 83 100 86 109 108 99 116 123 119 119 125 139 154 164 162 
31 24 30 25 31 36 30 32 32 32 31 40 40 59 71 66 86 85 87 77 55 54 41 37 32 39 48 48 66 97 139 154 157 162 168 176 181 187 187 187 185 185 185 186 184 186 185 182 182 182 186 187 185 186 184 181 175 170 166 161 153 152 153 154 154 143 133 128 126 133 135 131 133 134 135 135 139 134 136 135 133 126 131 141 145 131 105 77 90 112 121 127 129 137 133 109 97 116 116 96 108 100 102 116 120 115 116 130 139 145 155 160 
38 32 24 28 25 32 43 30 31 31 40 41 55 61 67 75 64 64 65 64 62 64 64 51 46 40 47 68 79 106 125 152 157 162 173 179 183 184 189 190 187 186 187 187 186 185 181 181 181 184 186 185 186 184 182 178 169 164 158 155 151 143 140 132 124 116 110 113 115 117 122 129 133 132 134 133 136 136 136 131 124 128 140 146 138 123 91 88 114 118 123 125 133 141 137 107 87 104 98 96 106 98 110 121 124 116 120 125 131 140 152 155 
42 31 29 25 29 25 32 36 27 27 28 36 40 47 61 76 74 57 59 56 53 48 46 44 45 49 50 64 98 116 131 145 154 163 170 173 179 184 184 185 185 186 185 188 188 183 182 181 179 181 181 181 184 185 182 176 166 159 158 150 140 133 120 113 102 97 106 111 120 122 123 129 133 133 130 131 135 133 135 128 124 133 152 161 150 128 105 111 120 123 119 127 132 137 136 110 79 59 66 100 101 104 118 126 119 115 125 132 134 142 148 149 
31 34 29 30 25 27 29 28 34 39 33 27 28 33 38 54 67 71 60 53 46 40 36 41 47 46 49 71 103 125 137 152 165 180 182 185 188 186 188 188 185 189 190 186 186 182 181 177 178 176 181 183 186 186 185 179 168 153 149 143 128 115 106 94 96 104 109 118 124 125 131 138 145 142 143 142 142 141 133 131 118 115 130 145 144 127 116 123 119 125 133 135 136 139 134 109 86 63 71 92 101 110 124 125 121 121 126 130 135 141 144 146 
34 32 27 28 31 30 24 28 31 31 40 48 43 43 50 50 53 69 79 67 58 51 41 39 38 42 57 74 102 124 139 160 161 163 179 185 188 188 189 188 188 189 186 185 182 177 177 178 177 175 180 182 183 182 181 178 165 148 132 114 97 96 92 94 96 96 108 118 120 119 132 151 157 157 157 156 155 156 153 142 127 106 102 98 105 109 121 122 126 131 133 138 137 138 131 107 81 58 83 101 112 125 128 121 121 126 127 134 136 144 142 134 
44 33 32 29 28 32 36 32 31 31 28 33 43 45 50 65 57 49 47 53 51 51 48 37 39 44 51 75 103 137 155 161 166 166 164 172 183 182 181 185 185 184 181 178 173 168 176 173 177 176 179 180 179 180 181 177 162 143 115 93 95 94 93 92 83 88 90 96 118 113 119 147 168 174 173 171 170 166 157 153 139 130 117 105 106 116 121 125 127 129 130 133 130 130 130 104 79 60 92 113 125 124 123 120 126 131 136 136 140 136 136 127 
45 42 32 33 31 31 29 29 24 26 30 32 36 40 52 58 72 69 63 49 43 35 40 44 39 40 49 76 102 125 152 167 174 179 181 179 176 181 189 190 190 186 183 181 177 176 177 175 171 174 176 179 181 183 182 179 162 131 91 76 83 96 99 89 76 84 70 79 112 131 119 131 161 175 181 177 179 179 175 169 162 154 145 137 128 120 115 115 125 130 135 137 135 134 123 96 54 73 107 125 129 126 125 130 130 134 135 134 135 134 125 120 
38 36 35 29 32 31 32 32 37 39 41 36 22 37 51 69 70 68 60 49 48 50 37 32 33 37 45 55 92 134 140 160 172 177 184 185 187 187 188 191 187 186 184 182 181 180 176 173 174 172 177 182 183 184 184 181 162 121 83 68 79 95 95 73 80 77 92 94 104 127 132 121 139 171 187 184 183 180 176 174 171 163 160 151 138 128 117 104 113 130 136 137 130 120 117 86 51 94 126 130 128 126 133 134 136 134 133 134 132 127 121 107 
44 40 35 36 33 30 28 26 33 41 44 63 64 43 30 49 60 52 43 43 40 37 40 37 31 39 44 60 90 118 145 154 159 169 180 184 186 185 185 185 186 185 183 181 182 180 173 171 172 173 176 179 179 183 183 176 157 112 74 60 74 92 88 73 79 104 134 128 110 128 139 131 130 152 178 186 182 182 181 178 177 170 166 158 150 139 126 111 103 107 128 129 127 120 109 75 73 123 130 128 135 136 137 135 131 132 130 129 128 122 108 92 
45 43 46 42 33 25 28 32 29 25 31 45 65 92 77 50 47 61 61 40 30 31 30 34 36 30 37 56 92 131 149 173 181 183 183 185 187 189 190 188 187 187 186 184 182 181 172 168 167 174 177 180 181 181 182 177 148 97 64 57 66 90 77 72 83 138 154 154 123 123 138 142 124 141 173 188 187 184 182 184 178 176 172 166 158 146 138 124 111 104 100 122 119 105 95 65 99 122 130 139 136 132 131 130 130 127 126 124 119 102 90 81 
57 45 34 26 32 36 33 31 32 35 31 23 21 30 46 62 68 61 72 73 58 37 29 31 33 40 51 63 103 124 131 160 169 171 178 180 186 187 189 188 184 183 182 182 180 172 169 168 166 172 175 178 182 182 179 170 142 88 61 54 68 90 67 49 48 48 52 87 119 113 125 140 129 129 154 188 189 185 187 186 184 184 180 176 162 155 144 131 124 115 105 92 105 109 95 90 107 122 132 131 132 129 128 124 122 125 122 114 101 93 84 92 
90 41 29 31 28 30 32 32 29 33 36 40 39 34 39 49 51 50 40 45 50 55 44 34 30 36 44 64 100 134 142 155 159 163 174 182 187 188 187 186 184 182 180 177 177 172 167 165 166 171 173 178 181 185 179 168 133 86 60 53 62 88 63 46 37 52 38 42 83 116 116 134 132 124 142 181 187 189 185 185 184 182 183 176 173 161 150 136 123 118 109 95 77 86 95 96 104 110 117 121 122 122 125 125 123 119 114 105 98 89 85 97 
124 43 18 25 31 35 29 32 35 36 36 44 46 52 49 51 58 53 50 36 36 28 34 37 41 43 55 68 99 136 145 139 154 164 173 179 182 187 187 187 187 183 182 182 178 173 169 159 163 167 169 173 182 182 176 161 124 75 57 49 66 95 61 48 39 78 52 61 65 114 108 126 129 122 134 178 187 187 186 184 187 189 183 179 175 162 149 143 135 126 114 111 110 81 73 83 93 106 115 120 117 120 123 122 119 110 104 99 91 80 98 103 
111 111 30 24 29 30 37 31 26 28 31 28 39 55 71 69 65 65 54 51 42 42 41 37 32 41 50 64 103 128 155 159 146 158 169 175 179 180 183 181 184 179 177 175 175 171 169 163 159 167 172 175 176 177 170 159 122 68 52 52 73 98 57 41 26 40 40 46 67 111 108 122 123 119 124 166 185 191 191 188 189 186 183 180 169 161 154 145 139 130 122 112 111 115 114 118 125 135 134 130 126 124 117 115 110 108 103 94 84 96 100 101 
100 84 53 23 26 28 32 30 27 23 26 30 30 28 34 44 57 61 63 60 54 40 39 36 37 38 47 69 95 129 141 156 172 169 176 179 182 176 179 179 179 178 174 171 168 165 163 158 159 164 167 171 173 175 172 164 122 70 51 50 81 107 66 45 39 47 50 44 56 98 102 120 123 125 129 165 188 191 191 189 187 181 175 174 171 163 156 147 140 135 127 119 116 116 121 124 135 136 134 125 121 113 114 110 106 104 96 87 86 97 98 97 
118 106 51 31 26 25 22 31 34 31 27 25 31 33 30 36 45 58 57 58 53 46 40 32 36 37 45 61 94 118 132 132 152 161 169 177 182 186 182 180 179 175 168 166 164 163 159 159 157 166 170 169 168 176 168 156 124 71 48 51 88 108 73 49 34 23 20 33 77 96 99 118 119 119 128 158 181 190 189 187 186 178 172 170 163 161 154 150 143 132 126 123 119 118 120 123 129 131 125 122 112 109 108 102 104 97 90 84 96 99 99 101 
122 115 75 28 30 30 29 19 24 28 35 41 36 40 48 49 57 50 51 60 66 56 48 46 42 37 39 55 84 112 130 125 130 141 152 170 174 176 177 174 174 170 170 166 165 163 158 157 159 158 162 162 166 168 166 153 113 77 54 51 89 115 85 50 41 52 76 104 116 102 111 120 120 126 131 162 179 184 187 187 185 182 179 172 164 158 151 142 136 135 129 124 119 120 121 122 120 120 115 109 107 103 105 98 95 91 79 91 93 92 94 99 
124 109 117 46 22 30 38 44 30 29 32 32 39 46 41 36 30 41 40 34 28 30 33 38 36 34 40 51 75 100 124 112 111 123 130 143 157 166 169 166 170 170 170 167 161 159 159 154 152 150 155 159 163 162 157 152 119 75 46 53 94 117 89 64 38 60 117 127 105 84 105 112 117 124 136 161 176 182 183 182 184 180 172 169 164 156 149 141 136 130 126 122 120 117 119 116 115 116 113 109 107 107 103 97 98 82 89 94 93 90 88 79 
124 111 109 95 38 21 24 40 48 41 32 34 31 39 49 47 57 65 66 70 67 55 36 25 25 27 37 55 83 95 109 110 107 107 117 128 138 148 163 168 163 165 160 159 159 156 155 152 150 150 152 156 160 158 150 144 110 75 54 53 98 120 101 71 54 47 71 96 87 76 100 113 118 123 135 166 177 180 180 178 178 177 172 164 158 154 147 140 130 126 122 119 116 119 119 117 112 112 107 109 107 102 102 94 77 79 87 87 81 71 56 54 
128 124 111 88 44 33 28 18 23 44 55 34 41 55 49 46 40 49 47 43 51 53 61 65 61 54 40 39 50 83 91 88 104 111 109 114 118 130 140 146 156 158 157 156 153 148 149 146 147 144 142 149 153 156 147 138 110 69 56 59 101 121 110 72 65 38 38 53 59 75 102 111 110 126 140 166 174 172 179 179 181 176 164 163 160 152 143 136 131 126 117 109 110 108 108 109 110 111 113 110 104 100 95 83 82 85 82 67 51 40 27 19 
126 130 125 104 47 37 30 40 46 42 38 54 42 44 52 59 66 66 66 59 57 55 46 37 30 37 37 45 55 66 76 82 92 94 98 104 112 117 132 141 144 147 147 147 147 146 144 144 143 144 145 146 147 149 149 136 110 69 53 62 109 118 109 88 57 62 36 36 58 86 102 118 128 140 143 162 173 174 170 174 176 170 164 155 150 144 137 132 128 120 117 107 101 103 108 114 112 114 112 109 103 96 86 75 69 61 46 35 28 24 23 21 
127 128 130 118 42 30 35 27 37 69 68 57 58 50 47 34 39 41 64 73 60 59 61 55 48 37 38 39 47 56 71 91 94 96 87 96 99 111 119 126 137 139 137 136 143 145 140 138 140 140 142 144 146 147 141 133 106 73 56 68 103 121 115 103 76 63 73 53 69 107 118 125 138 141 146 160 166 165 168 169 167 160 158 151 149 140 136 130 125 117 109 109 107 110 113 115 115 113 106 104 96 86 62 48 40 22 19 18 18 22 19 17 
130 127 130 129 77 29 30 37 32 23 39 64 54 40 28 34 36 46 46 61 61 55 54 53 49 50 54 53 59 66 84 87 85 87 79 81 93 101 108 118 125 133 140 137 133 133 138 137 137 137 135 142 146 142 142 131 102 64 55 63 104 116 116 104 96 77 80 90 90 110 126 131 139 145 151 149 156 157 158 160 161 153 149 143 135 136 132 125 119 115 113 111 107 109 111 113 107 107 105 94 79 62 31 9 13 24 16 18 21 23 20 21 
131 126 124 130 106 33 32 28 33 48 42 33 35 39 46 45 34 35 43 54 63 69 59 47 49 49 56 50 50 63 69 87 84 81 76 74 76 92 95 98 114 119 128 133 138 137 132 132 134 137 137 133 134 137 135 133 121 88 47 49 77 120 114 103 100 96 91 90 93 112 128 136 143 147 149 151 145 150 154 156 153 149 143 137 132 128 125 119 114 110 106 109 112 110 109 106 105 103 96 78 63 53 28 19 16 27 18 19 19 18 20 16 
127 129 132 126 126 66 24 29 29 25 43 48 54 67 66 53 45 45 48 52 60 66 66 68 67 65 58 56 62 67 80 80 78 73 71 69 71 83 98 98 102 107 114 123 126 131 133 132 131 129 130 128 128 125 129 126 129 115 79 37 58 102 115 110 105 102 97 101 106 118 130 139 143 144 145 147 149 143 149 145 144 139 136 132 126 123 116 115 109 107 106 105 103 104 104 101 100 89 74 61 50 30 16 17 33 27 22 23 21 23 18 19 
124 121 123 125 124 117 28 27 28 33 23 36 42 51 71 67 55 43 54 48 39 34 49 55 50 46 55 58 62 63 66 70 75 72 67 60 64 73 73 87 88 100 107 108 107 110 121 124 119 122 119 120 119 117 116 117 118 123 112 63 33 66 104 112 107 102 103 107 119 129 136 142 143 148 146 143 141 141 140 137 135 132 126 125 122 116 114 111 108 102 104 106 103 100 104 98 78 54 40 26 10 13 15 20 23 26 23 20 20 17 20 18 
131 130 127 121 117 117 83 28 25 28 30 22 25 35 35 52 69 70 62 64 64 70 55 43 45 39 55 47 49 57 67 72 69 70 68 64 63 63 66 65 87 89 101 108 109 108 103 106 113 115 113 114 113 111 112 112 106 108 110 105 66 37 52 88 102 104 107 118 122 137 141 145 144 143 143 142 138 136 135 132 129 121 120 115 109 105 99 98 95 99 100 107 104 94 63 31 12 9 12 16 22 22 25 28 28 23 22 23 23 23 20 23 
130 130 131 132 128 126 122 45 34 31 30 35 27 19 24 24 42 59 64 64 67 60 53 46 41 55 81 57 51 62 60 66 76 70 60 65 61 62 65 62 60 80 88 91 97 99 102 94 94 97 103 99 99 101 99 97 106 105 105 106 107 86 64 67 88 104 108 112 124 129 132 140 142 141 135 135 135 130 123 119 119 115 108 103 99 94 100 104 103 101 90 69 46 18 14 14 18 19 20 19 21 21 21 23 24 26 26 21 17 21 23 21 
130 130 128 128 129 126 126 89 28 40 36 41 51 46 35 30 28 26 38 48 39 37 44 44 49 44 62 57 51 61 68 74 69 76 65 69 60 59 57 58 62 53 62 85 86 84 84 87 80 84 83 88 83 78 82 84 92 101 103 106 109 111 106 100 97 107 108 115 125 129 136 136 136 134 130 130 125 123 122 118 110 97 84 78 80 85 80 68 48 33 20 10 10 19 18 19 21 19 20 21 23 27 28 27 25 23 17 20 24 22 19 19 
128 128 131 131 128 125 128 134 73 17 36 33 34 43 53 56 43 43 45 33 32 38 39 45 54 49 53 56 42 55 57 64 72 67 72 66 70 64 66 61 52 57 56 49 60 70 76 74 73 62 67 63 61 59 55 57 60 75 87 99 106 106 113 111 114 115 117 119 121 126 124 129 125 126 123 121 118 112 94 75 69 68 89 98 97 60 12 5 6 6 12 19 16 14 16 18 19 23 21 25 22 24 22 19 21 19 25 24 24 23 24 21 
132 128 128 131 131 129 126 125 130 67 34 41 36 31 27 27 31 36 39 50 50 54 60 69 56 49 54 53 56 59 62 51 61 65 62 68 69 71 60 53 56 51 47 48 49 48 51 55 51 50 45 42 40 42 42 42 45 54 61 71 85 97 101 105 109 110 116 114 118 120 121 125 123 117 113 105 86 72 69 79 87 97 102 111 88 32 14 18 17 20 21 17 17 21 18 19 18 20 20 18 22 21 24 26 25 26 21 23 26 23 19 18 
131 130 129 131 131 129 125 126 125 126 57 47 49 40 40 43 35 34 38 39 49 52 58 51 42 43 53 56 50 57 60 63 62 58 61 64 63 64 62 60 50 45 42 39 34 37 36 35 33 35 35 37 34 27 31 33 38 38 41 51 57 63 68 78 87 94 96 102 102 103 107 98 88 80 64 55 51 57 89 106 105 107 108 100 54 16 15 14 16 18 17 15 20 17 22 21 21 20 20 25 21 22 23 23 27 25 28 23 24 21 21 22 
131 128 129 127 129 128 128 124 121 120 105 34 59 67 55 45 52 54 53 47 53 59 59 47 52 48 47 45 49 42 54 64 62 66 63 62 63 59 56 54 51 47 43 34 34 31 32 31 29 27 27 24 30 32 27 26 28 30 30 23 23 28 33 30 29 36 41 45 51 47 49 50 44 47 55 65 76 90 94 96 97 104 109 83 21 17 17 16 15 13 14 19 17 17 14 15 13 21 22 18 19 19 19 23 20 24 20 25 23 23 22 26 
130 130 131 132 130 129 128 124 129 124 127 90 19 36 40 49 49 49 54 61 69 64 54 61 56 59 57 46 56 47 44 48 54 51 70 65 64 65 64 60 53 39 32 34 35 31 29 26 26 22 24 27 22 25 26 24 22 23 30 31 27 23 19 21 22 19 18 18 24 28 31 43 57 54 51 55 80 91 95 98 107 100 66 21 19 19 19 16 16 17 17 12 14 18 20 20 24 17 18 21 24 23 25 21 24 26 24 21 21 17 18 23 
131 127 127 128 128 129 125 122 124 125 129 131 78 29 43 38 38 35 35 44 70 59 51 43 36 38 42 46 49 42 41 49 43 49 50 63 57 55 50 53 53 51 45 38 34 28 30 30 28 30 22 21 24 17 21 24 21 22 20 22 24 24 24 22 24 21 22 25 25 29 32 34 36 45 62 86 93 87 91 84 63 24 12 18 18 18 17 21 19 18 20 21 19 17 19 20 19 22 21 23 22 22 22 22 24 23 23 21 26 28 24 22 
132 129 131 131 131 131 131 123 129 125 124 124 130 75 26 45 37 40 48 49 64 47 40 46 49 42 38 35 35 39 36 40 43 38 51 49 62 61 55 46 44 37 36 30 32 33 30 30 26 23 23 25 23 26 22 22 21 21 24 22 22 19 20 24 26 23 23 26 30 27 43 52 74 79 97 109 92 72 52 27 7 13 16 18 17 22 22 14 18 19 18 16 18 19 18 18 19 21 24 17 25 24 25 25 26 24 22 22 20 23 23 18 
126 127 129 130 131 129 128 125 125 126 124 118 120 136 101 26 31 38 31 34 49 37 31 29 25 35 35 32 36 36 47 45 36 33 35 41 42 52 45 43 38 37 32 32 30 26 27 25 26 29 26 23 24 20 21 17 18 21 17 22 23 23 22 20 21 25 24 24 23 31 45 55 53 62 53 35 13 4 6 9 16 15 18 18 18 15 16 21 18 18 20 22 21 20 22 24 24 22 22 28 21 20 17 19 18 18 23 23 23 19 18 18 
131 129 128 128 126 130 128 128 127 123 124 126 123 125 128 115 58 33 35 39 45 36 39 42 43 43 50 41 35 35 37 40 36 33 29 30 33 44 46 40 39 32 33 33 28 28 25 22 25 21 26 26 21 24 23 22 20 20 23 20 21 22 21 21 18 22 21 20 25 34 38 33 18 15 14 15 19 24 26 23 23 18 14 13 16 19 16 13 19 18 18 19 19 22 22 19 21 24 22 20 20 18 21 19 23 23 22 22 20 20 21 18 
129 131 130 130 131 130 129 130 127 128 129 125 125 123 124 126 135 120 69 36 40 51 43 49 50 46 41 38 42 43 44 37 33 34 38 31 32 28 31 41 35 31 30 27 28 27 25 23 22 28 32 24 23 21 22 24 23 19 18 27 20 24 24 23 30 22 22 27 22 18 17 16 21 20 26 26 25 26 29 30 23 26 27 25 19 20 20 22 15 18 19 19 18 16 19 23 19 19 19 22 23 24 23 20 19 22 17 19 16 17 14 15 
131 127 130 130 130 128 125 125 129 127 125 124 127 128 125 125 124 129 134 102 48 32 21 11 17 26 33 40 45 44 30 32 29 30 25 32 29 25 26 29 36 33 30 28 28 27 26 30 30 29 24 24 28 28 26 24 26 25 24 20 27 27 27 27 24 26 18 13 16 20 21 18 19 21 16 21 24 23 20 23 25 23 21 21 21 21 19 17 25 23 22 22 23 24 25 21 23 21 25 21 19 21 21 21 19 16 17 16 21 17 21 18 
129 127 127 129 129 128 129 128 130 130 128 127 125 124 123 123 123 122 119 124 127 92 55 41 35 39 42 39 34 28 30 30 30 29 29 25 30 28 26 26 29 30 29 30 29 25 24 26 29 26 25 28 28 26 25 29 24 29 27 26 27 26 27 23 22 27 18 16 14 16 18 21 19 19 25 21 18 20 22 20 24 25 23 24 21 20 23 19 17 17 18 20 20 19 19 19 18 22 18 22 20 22 18 19 19 18 14 20 20 18 15 18 
130 128 128 127 129 130 127 128 125 128 130 126 126 124 122 124 123 121 121 123 120 127 120 99 58 28 20 19 26 28 23 26 25 31 33 29 28 31 32 32 32 34 30 27 27 29 31 23 24 27 30 30 27 26 28 24 30 25 30 28 29 25 23 18 23 25 18 16 15 16 16 13 16 19 17 19 21 18 23 22 18 17 20 21 27 24 21 22 23 21 21 20 18 21 20 22 21 17 13 15 21 17 19 16 18 19 19 16 15 15 18 18 
127 129 128 130 129 130 127 126 133 126 129 127 128 129 128 124 123 121 124 120 121 126 124 122 127 105 85 60 38 43 44 37 26 18 27 31 36 35 36 32 30 31 30 32 28 28 29 31 27 22 25 24 27 30 26 31 30 31 30 27 24 21 18 21 23 31 26 20 20 19 15 18 17 20 20 20 22 20 19 18 22 19 22 25 20 19 19 20 22 21 22 22 24 18 24 22 21 19 22 23 18 21 21 23 23 20 23 22 20 20 22 21 
130 129 128 128 129 130 125 126 125 127 126 126 126 125 125 125 123 125 119 128 124 121 125 123 115 111 109 116 104 91 88 90 89 62 33 21 10 18 19 25 26 26 30 22 26 25 25 18 22 29 18 19 18 28 30 30 22 23 29 29 25 24 23 19 19 19 24 20 18 17 22 18 23 18 18 20 18 19 21 19 18 22 19 19 25 25 25 22 18 20 24 24 21 26 23 24 27 27 25 30 26 22 22 21 16 21 18 18 21 17 14 15 
128 128 126 126 127 127 123 126 128 126 127 125 129 124 122 121 126 125 124 120 121 120 117 118 118 124 111 107 107 103 101 94 89 94 93 81 74 59 39 26 18 19 17 29 31 38 47 57 63 55 57 61 53 34 21 15 19 21 18 16 19 19 22 26 24 29 25 20 18 19 14 16 18 19 21 16 20 15 20 20 21 19 19 20 17 21 25 23 25 18 21 24 24 23 27 30 25 25 26 24 28 25 23 21 23 20 20 20 21 21 22 21 
128 128 127 129 126 126 127 128 127 127 127 127 127 127 125 120 123 121 120 117 120 123 118 115 116 111 115 108 118 112 99 116 114 116 110 111 114 116 118 110 100 83 71 67 71 80 80 90 86 80 67 64 73 96 95 78 53 45 46 51 52 50 41 20 11 15 22 29 22 23 20 21 18 20 18 20 19 23 21 22 22 19 20 25 21 18 17 19 20 29 23 17 21 21 21 18 25 24 23 23 20 21 23 22 22 23 20 22 18 20 18 21 
129 127 126 126 129 129 125 126 125 127 127 125 127 127 124 124 124 128 127 121 120 120 121 121 119 123 124 115 107 114 107 104 108 107 104 108 107 103 95 97 102 102 108 105 102 87 73 73 71 78 90 96 89 82 80 84 87 86 80 66 53 55 73 91 86 71 49 28 26 26 33 32 31 18 19 18 13 10 16 16 17 23 23 18 23 22 21 18 16 15 25 25 21 19 18 21 22 20 22 22 23 23 24 26 22 19 21 17 14 15 23 25 
126 126 128 128 127 127 126 127 128 124 127 125 126 125 126 120 126 123 122 123 118 120 116 118 119 123 123 122 119 111 109 112 114 113 108 106 106 107 108 106 101 100 94 91 92 94 99 99 93 92 94 86 83 84 86 90 94 98 98 100 99 98 82 72 65 69 81 77 55 61 50 56 51 50 60 60 55 47 30 23 18 16 16 16 19 18 18 20 19 18 17 17 21 25 22 17 14 17 22 20 20 20 17 17 17 18 17 20 25 26 24 26 
