10 126 126 128 127 125 127 126 128 129 125 124 126 123 124 124 121 123 124 124 119 114 118 117 111 117 115 114 117 111 105 105 101 91 90 100 94 99 102 109 107 106 103 81 84 75 68 61 51 66 75 82 71 71 71 81 84 88 94 91 84 80 73 55 55 48 41 62 78 83 68 57 48 39 28 18 21 13 13 18 18 17 18 19 21 23 23 11 16 21 24 21 16 20 15 20 21 20 21 17 21 23 20 26 20 25 19 12 19 19 22 25 
138 136 134 137 138 139 139 132 137 133 132 132 134 136 132 129 127 138 131 130 124 131 112 101 67 51 43 36 43 50 57 63 62 57 54 52 39 37 50 63 56 54 50 60 61 50 51 55 48 47 50 47 49 47 54 51 56 59 46 49 56 34 26 21 21 31 31 28 28 24 22 32 30 38 38 32 32 37 35 33 32 30 26 27 25 22 21 24 23 20 23 19 20 28 38 41 44 32 25 22 22 19 19 24 29 27 25 26 28 43 37 39 
135 135 135 135 138 136 137 139 135 135 133 134 135 134 129 132 132 131 134 133 123 102 64 49 50 45 44 50 48 37 48 53 58 66 60 54 58 48 38 36 42 40 43 38 47 58 59 59 69 67 57 53 52 62 57 57 61 61 59 48 45 48 29 28 28 23 29 33 32 35 36 38 38 32 32 40 41 33 33 26 25 22 22 18 20 20 23 17 20 22 24 25 31 39 38 38 30 21 22 17 17 20 20 22 18 25 28 23 21 26 27 27 
135 136 134 136 131 133 134 135 137 138 135 134 134 134 137 132 130 139 134 111 72 45 39 34 36 41 40 44 50 67 63 51 50 50 48 44 43 49 49 51 49 53 44 39 31 24 30 38 37 43 52 53 56 43 50 48 56 60 53 54 45 39 35 33 28 37 36 34 35 41 37 34 37 37 44 34 28 23 17 20 20 17 17 17 17 18 15 21 17 16 16 26 32 34 33 23 19 22 18 22 24 29 28 28 31 30 32 32 31 28 26 26 
138 136 135 135 137 137 137 135 134 134 135 132 132 133 136 135 130 100 63 38 23 31 30 32 37 40 39 37 36 49 58 57 57 53 64 68 52 49 54 54 52 48 49 53 45 36 27 23 29 29 28 31 32 39 31 35 35 34 39 37 43 38 37 35 35 33 33 30 39 35 39 43 40 36 25 23 22 21 24 22 22 17 16 18 18 20 21 18 17 18 26 30 31 27 25 25 20 22 29 32 34 27 30 32 28 31 30 26 22 25 26 22 
136 137 137 139 133 134 135 133 134 137 133 135 132 141 130 116 82 57 55 49 39 39 41 41 47 45 42 49 58 49 60 55 48 47 45 53 60 55 53 44 39 37 39 40 39 38 41 36 26 24 23 26 27 23 32 28 28 33 36 39 39 42 45 51 55 57 59 66 54 29 22 24 25 29 33 32 32 28 24 20 19 19 19 15 18 15 21 16 19 20 26 24 26 25 22 22 28 28 31 35 33 34 37 33 30 28 29 20 25 27 22 28 
135 135 133 135 139 137 137 138 136 133 134 136 139 106 74 45 31 35 46 60 63 60 47 47 60 63 55 55 65 69 61 59 53 46 39 39 48 52 45 44 45 41 31 32 34 39 29 28 30 30 24 24 26 28 22 29 35 38 43 40 40 43 48 50 47 56 63 67 67 100 113 65 43 29 13 12 19 28 24 22 22 23 23 24 23 19 12 25 28 25 26 28 22 16 17 28 25 32 37 34 30 35 31 22 20 27 30 27 20 26 31 24 
135 137 137 137 134 134 137 135 134 135 138 131 98 51 33 30 39 41 49 51 47 47 52 44 41 55 67 56 48 58 55 60 60 51 54 57 51 47 46 43 40 34 29 35 31 27 32 32 31 24 26 25 27 33 38 37 39 41 42 39 39 42 44 50 52 54 51 57 71 79 86 91 96 93 90 77 48 16 18 28 24 20 17 17 19 21 26 26 26 27 23 17 18 24 27 29 35 38 40 43 43 32 32 31 27 25 21 19 20 21 24 27 
136 140 137 132 133 137 136 139 130 133 130 90 36 28 22 31 41 48 47 49 55 63 58 60 45 42 52 52 56 58 68 66 66 66 61 58 50 45 40 36 34 36 43 33 36 34 31 30 27 36 35 35 39 38 38 42 42 39 35 39 36 43 48 45 50 52 51 60 70 75 95 117 121 118 110 114 121 102 27 11 22 24 23 23 24 29 34 25 23 27 19 19 18 21 31 43 42 40 33 35 35 42 32 29 26 21 22 21 21 22 22 23 
135 131 136 133 131 133 134 131 135 134 94 41 39 40 46 39 39 42 53 50 58 61 59 51 64 57 44 51 62 62 60 68 72 72 60 56 49 47 45 40 42 40 33 34 35 38 36 29 33 34 34 37 37 38 41 36 30 33 36 30 31 32 35 36 32 36 45 46 56 63 74 91 120 139 132 121 120 125 115 38 10 19 26 28 27 24 19 25 21 12 18 22 35 47 47 36 34 27 30 38 40 30 28 24 17 18 19 18 18 16 19 18 
136 135 136 131 137 134 132 135 133 92 46 31 36 39 42 49 53 45 50 60 61 61 57 57 57 54 48 50 56 62 63 57 67 76 75 65 62 55 50 53 51 45 44 38 35 32 25 29 32 34 33 37 38 39 33 36 33 31 25 31 35 43 45 49 60 58 63 60 53 52 50 55 65 90 109 116 132 144 137 107 32 24 21 21 22 25 29 28 29 29 32 41 46 34 26 25 21 28 38 49 44 34 27 20 18 20 18 17 17 19 16 13 
136 138 136 133 132 126 130 131 94 47 30 38 30 35 34 32 45 53 52 53 51 53 57 53 46 50 57 62 66 66 74 88 87 79 74 77 72 75 70 57 51 49 41 42 33 36 36 35 31 31 37 30 33 34 43 42 54 65 76 88 103 113 126 132 136 143 142 136 134 124 113 99 89 81 72 70 92 113 125 123 80 5 3 4 5 15 14 24 34 39 41 37 26 25 26 22 28 30 34 31 30 26 19 18 17 18 17 18 17 13 22 35 
137 135 136 132 133 134 133 107 41 30 36 37 40 35 35 38 45 53 58 54 42 36 38 41 44 50 61 65 78 89 91 90 86 85 81 74 70 60 54 54 51 43 43 36 41 38 37 34 39 39 38 44 49 59 71 90 105 112 128 136 145 152 158 163 158 160 158 159 158 153 150 145 137 132 123 121 109 106 106 107 113 114 108 92 79 59 35 24 16 8 18 20 23 19 21 28 27 26 17 20 17 20 22 19 17 19 22 16 16 27 32 47 
136 138 137 129 132 137 116 60 41 30 28 34 35 45 54 55 58 58 59 62 62 63 49 43 48 61 67 70 89 91 83 84 84 84 74 69 63 61 58 55 56 51 60 60 52 46 46 44 41 39 48 53 63 89 107 123 140 147 155 160 165 168 167 164 171 171 173 172 173 173 164 161 161 152 148 140 134 127 127 128 127 130 134 136 138 135 133 125 109 78 38 8 8 23 31 23 24 22 26 23 23 21 21 19 19 19 16 22 27 34 50 54 
131 131 129 133 131 117 61 36 27 31 35 35 37 37 45 53 55 67 67 58 59 59 62 67 69 80 81 87 92 80 81 87 87 81 81 83 82 80 80 78 75 71 64 63 65 63 57 53 55 66 76 85 106 131 142 149 152 160 169 161 164 163 164 170 174 181 180 180 182 180 175 175 173 171 166 164 159 152 146 136 135 130 133 135 135 139 140 140 143 141 142 127 85 37 8 12 24 20 18 24 23 19 19 23 19 16 16 18 28 36 37 50 
135 136 132 134 127 76 34 28 30 37 37 35 40 42 48 45 46 49 44 52 51 47 49 60 71 72 86 99 87 80 84 90 93 93 93 96 87 80 81 83 80 81 86 82 75 76 84 92 96 102 108 112 129 142 151 159 164 163 147 139 138 143 154 172 183 180 184 185 187 187 183 182 181 180 175 168 166 161 158 154 150 144 141 136 136 138 139 142 141 142 139 138 137 128 100 36 11 11 17 19 17 19 17 13 14 16 19 26 34 47 62 62 
136 133 133 134 109 46 29 33 37 36 41 37 34 30 37 41 52 66 55 52 61 66 59 56 55 76 73 93 91 89 94 94 99 97 89 84 85 87 80 90 109 118 123 120 115 106 98 104 118 122 126 138 138 144 153 160 153 126 111 120 132 132 145 163 180 188 187 186 186 185 187 184 185 183 183 178 176 173 171 162 157 151 148 142 136 136 139 137 144 147 143 144 140 135 132 124 82 19 3 4 6 4 3 3 1 0 1 18 51 74 71 86 
135 135 132 129 85 36 32 34 41 38 34 38 37 41 50 51 54 59 59 56 48 45 52 60 66 66 74 75 88 97 101 106 96 84 97 104 105 107 121 122 123 123 126 134 138 138 131 112 128 143 146 145 145 150 151 138 98 83 108 128 135 136 144 157 177 183 186 187 186 186 187 187 183 186 185 186 185 186 176 174 171 165 161 153 145 138 133 134 134 138 145 146 143 138 136 131 127 120 81 75 67 64 67 64 77 83 86 95 93 88 92 93 
129 121 128 115 64 37 36 36 36 45 44 49 50 43 49 48 49 51 48 54 45 48 55 56 64 73 85 90 102 105 105 99 99 110 121 122 129 139 147 150 151 149 146 138 142 149 149 144 127 138 145 151 148 152 150 102 76 98 128 133 131 125 128 144 171 183 186 189 188 190 189 188 191 189 189 189 188 186 184 181 181 174 166 158 155 149 138 133 132 132 138 143 142 143 141 138 130 121 118 112 117 115 111 116 113 114 113 111 113 117 112 110 
139 133 119 109 56 37 37 32 32 35 33 39 37 43 46 52 51 59 61 54 56 53 58 68 75 77 83 86 88 99 99 99 116 126 120 123 129 140 148 153 155 153 154 153 148 147 152 160 152 142 151 157 164 164 125 71 87 122 144 139 130 120 112 122 155 175 183 186 187 190 191 193 192 192 192 192 190 189 191 186 180 179 172 160 153 150 141 134 130 131 130 135 141 143 144 145 138 132 124 115 102 114 122 115 118 115 117 119 121 118 122 121 
123 127 124 74 45 41 35 28 31 42 38 38 36 39 44 46 49 43 45 55 60 64 57 60 66 66 83 87 96 103 106 123 130 122 139 138 139 141 147 150 153 154 155 158 160 162 165 163 167 166 156 170 173 151 86 73 112 152 156 137 121 108 107 118 149 168 178 180 182 183 193 191 192 193 195 195 196 193 191 191 187 180 176 168 160 154 146 137 137 136 137 135 135 140 141 137 139 134 126 124 116 95 103 119 120 124 122 121 121 127 130 128 
130 125 93 45 37 33 40 41 43 46 49 45 46 39 47 45 56 62 67 68 63 56 64 62 68 66 71 94 101 96 113 130 130 127 123 134 150 158 153 156 158 157 163 171 170 172 167 162 164 171 169 172 167 123 78 75 124 159 154 135 114 92 98 115 149 167 174 172 177 182 185 194 194 197 198 197 195 195 193 191 188 185 178 170 162 159 150 144 140 136 141 138 137 133 135 140 137 138 131 130 125 117 103 107 123 119 126 125 125 127 132 132 
132 127 64 36 35 34 35 37 33 34 42 47 41 52 48 46 49 47 52 56 55 54 48 51 61 75 76 71 97 107 130 132 130 125 132 132 147 152 160 159 166 175 172 171 171 174 175 176 169 170 176 170 147 92 71 81 123 157 153 126 90 83 75 62 108 140 155 164 170 177 191 197 200 201 201 201 201 200 198 195 191 184 180 172 162 157 147 140 137 139 135 138 140 139 133 132 138 137 138 133 129 126 117 105 106 120 119 126 133 131 133 138 
122 78 45 34 32 33 31 37 39 38 43 43 36 35 36 39 43 49 53 58 60 56 60 64 64 64 70 85 92 102 129 127 121 124 134 141 146 155 170 173 172 169 171 174 174 175 174 175 172 174 176 159 130 91 76 71 116 151 141 105 75 64 56 67 65 111 140 158 162 171 186 199 200 201 202 200 200 197 198 195 193 185 182 175 167 158 150 138 135 129 130 133 142 145 141 132 127 132 139 141 137 129 128 121 104 105 122 120 127 129 131 132 
88 44 39 39 37 36 37 31 35 35 36 43 46 43 49 50 50 57 61 57 47 49 54 57 73 75 74 83 93 106 124 114 119 129 128 138 146 165 169 172 174 171 176 179 177 174 176 178 174 175 179 167 129 99 83 72 105 148 138 87 68 52 63 84 91 97 138 150 153 164 176 194 198 201 202 202 201 201 196 194 190 184 179 171 162 154 142 132 130 126 127 134 140 146 144 137 132 132 138 144 145 144 138 132 123 109 107 121 117 126 131 127 
53 38 32 31 37 35 35 36 34 36 43 46 49 49 46 44 45 46 47 45 48 49 46 52 62 79 79 74 90 108 125 125 142 144 145 158 161 162 173 172 176 173 174 172 175 180 182 179 179 179 180 170 147 99 74 67 88 136 131 82 62 58 102 126 107 93 124 146 149 154 164 191 198 201 200 201 202 200 199 193 191 190 183 172 161 149 140 128 120 121 114 122 140 148 145 140 138 139 145 143 147 151 149 143 134 127 113 107 120 118 125 130 
38 37 40 41 35 42 46 41 38 40 40 38 37 37 37 39 47 53 44 43 39 44 49 53 61 76 85 88 112 110 125 130 138 150 161 169 170 162 158 166 174 176 179 181 180 183 182 182 183 184 181 175 157 100 71 68 92 130 120 71 65 89 151 162 139 105 120 145 144 150 158 188 199 202 202 202 200 201 199 197 191 188 181 170 155 144 132 119 117 106 114 123 127 125 118 127 135 144 147 153 158 158 153 146 144 134 122 114 106 115 119 126 
39 41 53 54 56 50 42 34 37 39 41 43 45 48 50 64 57 50 47 42 43 46 45 54 71 95 107 109 113 118 126 134 144 153 161 166 169 174 175 170 172 181 180 181 184 180 180 183 185 187 184 173 150 107 77 63 88 122 112 69 64 89 144 173 180 146 117 142 141 142 145 182 196 201 201 200 201 197 197 193 190 182 173 165 150 136 126 115 105 110 113 104 94 98 114 128 145 150 156 160 164 168 166 164 154 148 135 121 111 109 112 114 
33 29 27 32 32 33 37 36 39 35 43 45 47 44 48 44 40 41 39 39 48 43 46 50 59 81 111 133 123 125 132 135 146 155 168 179 182 185 182 174 174 177 178 183 184 184 185 185 186 186 182 173 165 110 76 66 80 121 109 56 49 44 56 75 105 139 122 134 135 136 143 179 195 201 201 203 202 200 198 192 189 181 169 155 139 130 119 106 109 123 115 108 110 126 141 154 160 163 163 164 165 164 171 172 167 161 155 139 122 107 108 110 
35 35 32 29 32 29 27 31 31 33 35 39 45 46 47 59 56 53 49 43 34 36 41 45 59 83 109 130 132 133 132 154 165 178 183 185 185 186 185 181 180 182 177 180 180 183 183 185 188 188 182 180 173 125 75 59 71 115 106 57 42 43 42 45 55 106 125 131 130 133 141 175 194 201 201 202 198 195 196 192 187 179 166 147 131 121 109 111 125 123 121 111 111 135 150 165 169 168 169 168 165 165 168 171 171 166 162 160 148 126 109 108 
34 31 30 32 30 30 35 37 38 40 44 52 65 61 48 38 33 29 32 32 41 41 46 48 57 79 120 150 144 152 159 157 166 176 191 195 194 190 188 184 182 181 180 182 183 183 184 185 187 186 185 182 173 128 83 57 70 108 107 55 42 59 62 51 58 94 127 123 127 129 136 171 189 199 201 198 198 197 195 187 180 170 162 145 124 114 108 123 131 133 127 118 85 134 164 171 175 171 167 165 160 164 167 169 174 174 173 168 163 151 129 106 
33 31 29 31 30 33 31 29 30 31 37 38 38 47 55 53 54 53 52 47 45 46 46 52 61 88 118 158 168 166 168 165 166 174 189 190 190 192 192 191 186 183 184 183 183 185 186 188 191 188 186 181 174 144 85 68 59 90 104 52 39 33 39 45 56 90 128 119 126 130 136 173 196 199 200 201 193 197 192 184 176 163 150 129 117 107 117 136 139 140 144 141 90 100 158 175 174 171 168 162 160 160 168 170 172 175 176 175 171 162 151 134 
31 32 29 30 28 27 31 32 29 30 31 31 39 46 48 57 52 51 46 46 45 43 43 45 59 77 113 162 179 175 182 172 176 181 188 190 190 190 189 188 190 187 182 184 182 183 184 187 189 190 190 186 176 154 91 60 63 75 95 53 38 40 63 57 40 82 125 127 126 126 140 177 195 198 200 201 199 199 191 178 168 151 136 126 112 116 135 151 158 160 163 163 125 63 116 179 180 177 172 159 158 163 163 171 168 174 179 178 172 169 159 149 
33 32 31 32 33 33 32 36 38 37 43 59 64 63 68 64 56 46 44 40 33 34 39 40 57 86 117 141 171 175 173 168 186 189 195 196 194 191 191 190 188 190 189 187 184 182 183 189 189 190 189 186 179 154 97 66 55 68 95 61 43 19 15 25 56 104 122 125 125 123 141 179 193 197 197 197 193 189 185 175 155 143 130 116 112 134 157 164 172 173 175 174 144 84 77 143 176 174 174 173 158 154 158 159 165 170 173 175 180 176 167 161 
36 33 34 35 37 36 37 40 44 57 54 53 60 60 46 46 43 42 40 37 29 34 38 47 65 99 128 153 159 170 176 168 183 195 198 196 198 197 195 192 193 190 187 185 185 185 184 188 189 193 193 186 182 159 100 62 60 74 87 77 55 63 73 91 125 126 130 124 127 121 151 180 193 195 197 197 192 183 173 160 149 137 129 125 131 155 167 176 183 183 180 177 151 106 63 110 154 170 171 169 166 147 146 154 159 165 172 177 183 183 176 170 
31 32 30 37 33 34 38 48 49 59 71 78 72 72 66 60 52 49 47 45 45 38 41 51 72 113 151 160 151 142 146 163 175 193 197 199 201 198 194 193 191 190 188 187 187 187 188 189 191 192 193 189 184 164 113 57 62 77 94 82 67 66 127 149 140 125 129 124 124 130 168 192 194 195 192 191 189 186 170 153 142 143 146 146 157 171 177 180 186 184 184 180 163 114 80 90 140 155 166 169 164 164 153 149 155 163 173 172 184 186 183 177 
28 29 31 29 32 31 30 33 34 38 47 53 56 58 56 57 55 51 50 50 45 44 46 46 63 97 132 164 169 172 166 152 179 189 193 196 198 198 199 196 193 190 188 187 186 185 184 184 188 192 193 192 184 172 133 84 63 82 103 104 77 82 76 109 115 108 123 129 129 146 180 191 195 196 194 195 191 181 162 141 137 134 156 167 168 173 180 182 181 180 183 184 173 123 84 61 126 153 152 161 163 159 152 142 148 159 166 174 180 185 186 183 
31 31 29 31 27 27 29 32 31 31 38 36 41 50 55 65 64 61 53 46 40 40 42 49 68 102 125 138 157 155 154 154 170 191 196 193 197 195 191 191 189 188 187 187 184 186 188 188 190 190 190 191 189 178 134 103 76 90 107 114 98 73 94 71 92 105 119 125 132 160 190 195 197 195 196 194 188 177 153 139 143 153 156 170 180 175 177 183 188 187 184 183 176 131 101 93 97 155 160 147 154 153 153 144 136 150 167 175 179 184 185 183 
30 31 31 32 36 37 35 32 39 47 48 62 64 59 58 53 50 43 41 40 44 40 38 41 56 87 142 164 165 160 159 152 159 157 178 190 188 187 187 190 193 190 187 185 185 183 184 187 189 192 190 189 184 175 147 109 90 92 110 112 112 104 88 93 78 111 134 127 150 184 193 193 194 196 193 191 186 176 164 170 186 193 179 150 168 178 178 181 184 184 182 185 181 135 107 131 117 122 161 143 140 152 148 147 135 142 155 176 185 185 184 180 
29 28 32 31 29 29 31 34 36 39 44 54 62 64 71 74 59 49 42 40 37 37 44 45 62 104 126 159 176 171 162 154 170 178 171 184 193 191 191 192 190 191 187 184 181 183 184 188 190 192 191 192 186 176 148 118 91 97 110 115 113 109 101 98 107 124 138 145 171 188 189 189 190 190 192 191 188 181 178 179 189 190 182 144 108 149 161 175 182 185 185 186 184 137 106 108 106 93 156 153 134 137 139 140 130 133 149 170 184 187 184 181 
32 35 27 30 31 35 31 32 31 35 41 37 40 49 55 64 62 50 47 46 40 43 37 46 72 93 134 159 163 147 150 165 186 196 194 188 190 193 193 191 187 187 185 184 185 183 186 187 186 190 192 190 188 174 161 140 101 95 106 115 114 116 112 116 125 140 151 167 182 188 186 188 188 190 190 189 185 178 177 182 190 192 186 166 101 109 137 149 166 184 186 185 180 138 112 119 138 123 128 163 137 125 127 136 130 128 136 165 181 185 184 178 
30 28 30 28 30 33 32 27 32 30 32 37 43 49 58 60 58 60 58 43 39 31 39 52 79 110 132 150 174 171 172 171 183 189 193 191 189 192 193 191 188 184 188 184 181 185 183 185 188 192 190 190 185 179 164 152 139 116 117 124 118 114 118 115 125 138 149 161 172 177 182 186 186 189 190 188 184 181 176 177 180 187 188 178 141 112 119 136 148 161 174 183 181 138 110 114 152 152 119 158 149 117 117 125 126 123 130 159 180 184 181 177 
36 34 29 31 31 34 44 46 48 45 44 56 58 63 60 54 52 46 53 55 45 42 47 53 67 99 143 164 166 162 158 173 180 186 187 185 184 187 187 187 185 180 180 184 181 181 182 189 188 191 190 188 185 179 172 163 153 148 145 139 131 120 119 125 133 150 164 177 182 182 187 189 188 187 188 187 186 183 185 183 182 180 187 186 162 130 119 127 139 147 159 169 170 151 116 108 130 139 118 142 148 116 114 126 123 122 126 149 174 176 177 173 
27 27 27 28 30 30 25 29 33 45 58 68 69 71 76 73 65 54 47 43 45 38 45 47 57 94 132 159 155 158 162 168 179 178 184 189 194 190 189 190 186 184 183 183 182 183 183 185 189 188 189 190 188 183 177 173 166 160 165 158 159 162 152 150 156 170 183 184 185 189 190 189 189 188 187 188 188 189 190 194 193 195 190 189 181 149 122 120 124 129 137 149 159 158 122 110 108 132 105 121 138 113 113 120 123 120 124 147 176 179 173 172 
32 33 30 28 34 40 45 37 38 44 43 43 60 71 68 67 66 59 49 50 54 53 46 46 56 77 98 115 158 160 158 170 179 180 175 179 183 190 192 189 188 188 183 182 182 182 183 188 186 188 189 186 186 185 181 178 173 173 169 170 172 181 187 191 187 188 188 189 190 189 188 188 188 187 188 190 190 193 196 198 199 199 196 192 181 164 130 107 110 117 129 139 155 158 135 112 98 107 99 107 135 112 106 118 121 118 121 144 171 179 174 168 
31 33 33 36 33 36 40 52 51 69 73 70 50 57 62 64 63 54 55 49 47 46 43 54 54 67 101 124 145 158 148 164 178 184 184 184 184 180 181 182 183 182 181 183 180 182 184 182 186 187 188 190 190 184 182 181 170 170 167 176 182 188 197 199 200 200 199 199 199 199 197 197 199 198 196 190 195 197 201 201 201 200 198 193 183 165 133 109 96 118 130 137 145 152 138 113 98 133 137 112 132 113 106 115 123 117 122 137 163 176 176 172 
32 26 25 29 31 25 29 28 37 44 57 78 76 71 62 44 45 51 48 46 42 40 43 43 55 79 100 126 155 159 150 165 171 173 178 180 180 183 187 190 185 183 180 180 180 180 180 185 187 190 191 191 187 187 181 181 181 178 180 179 185 191 196 202 203 205 205 205 207 207 206 207 208 206 207 205 200 202 200 201 201 197 194 189 182 163 124 99 102 115 127 134 144 149 126 103 94 120 124 107 123 109 103 115 119 115 119 139 159 170 173 166 
33 32 30 32 42 39 38 37 33 37 59 71 70 68 60 62 51 42 36 33 31 35 34 40 51 70 88 119 144 154 148 149 161 168 172 174 175 176 178 179 184 184 181 180 178 179 183 185 186 189 190 189 187 182 184 184 183 181 181 183 186 194 200 203 203 204 205 203 202 205 203 201 203 202 205 202 202 198 198 196 193 193 189 185 173 155 129 100 101 114 118 128 141 144 121 100 95 120 121 108 118 105 105 118 120 115 121 135 155 169 172 171 
29 32 34 33 34 39 60 72 66 51 48 66 72 69 61 55 52 50 45 45 43 32 30 38 45 63 94 114 139 150 143 156 157 160 159 164 177 180 179 176 179 181 182 179 178 177 177 183 182 184 187 188 187 185 180 179 179 177 176 175 179 185 192 197 200 198 200 200 200 195 199 198 199 199 197 196 195 193 190 188 187 180 184 177 170 148 117 97 98 106 118 130 142 140 115 104 97 113 107 104 115 103 109 119 118 116 125 139 156 165 168 167 
25 28 33 34 29 31 34 43 64 85 78 70 78 77 63 50 41 44 39 36 36 41 39 41 48 69 84 114 149 157 157 163 168 169 168 161 162 172 180 183 183 181 179 180 182 180 181 182 183 184 185 185 185 183 180 178 173 172 167 167 172 180 185 188 196 197 193 198 194 197 198 197 194 189 184 176 174 170 174 177 180 179 178 171 157 136 112 88 98 112 119 131 140 137 109 95 87 98 86 104 111 97 110 121 120 117 123 136 149 159 164 159 
28 28 27 35 35 33 35 34 36 38 52 71 79 88 92 84 71 47 38 29 30 37 31 35 35 52 84 107 147 150 151 160 163 161 167 172 168 169 163 169 173 180 180 172 176 178 179 180 184 188 185 185 184 180 177 173 167 163 161 157 164 171 174 174 170 169 174 174 171 163 159 156 151 151 146 141 144 148 156 164 169 168 168 162 142 120 86 84 103 115 119 121 139 131 106 93 102 109 87 107 98 99 111 122 113 111 125 131 142 152 156 150 
30 25 21 29 33 33 27 37 46 56 65 62 62 55 58 58 54 67 66 60 44 36 37 43 55 57 71 105 144 154 154 162 169 176 180 181 182 182 184 178 179 177 176 178 177 175 173 178 182 182 185 181 182 180 174 167 162 159 150 144 145 143 142 135 120 119 117 122 127 129 131 131 134 128 130 130 129 132 138 143 144 149 148 149 129 97 79 101 111 119 125 132 132 130 105 88 98 96 91 101 93 108 119 118 112 118 121 131 137 151 156 154 
27 30 28 24 27 32 39 33 28 35 46 65 83 85 62 62 64 45 45 54 52 48 46 44 50 74 97 109 132 144 154 164 172 178 181 184 185 188 184 184 185 184 185 181 178 175 174 180 183 181 182 182 181 173 165 161 156 149 146 140 133 128 113 105 106 104 110 112 116 120 125 128 129 132 133 134 134 133 129 122 127 133 139 137 114 92 101 116 120 121 124 130 136 133 110 80 60 63 94 101 100 113 124 121 116 121 127 134 140 145 151 149 
28 31 34 32 24 29 33 42 47 36 31 28 48 65 65 51 47 53 53 42 42 35 38 46 55 79 109 124 141 150 153 161 167 170 178 179 181 182 182 183 181 184 185 182 177 174 174 178 180 180 183 183 180 174 166 156 155 147 139 128 116 103 95 94 98 113 119 117 116 119 127 129 129 126 129 131 129 129 123 124 136 148 147 134 110 99 115 118 120 121 126 130 135 132 109 82 51 69 93 97 105 124 122 114 115 123 127 131 140 144 147 137 
32 28 27 37 36 29 25 28 35 50 50 53 49 56 76 80 68 59 50 39 35 40 38 39 47 73 102 124 138 152 164 174 175 178 181 180 181 180 180 186 184 182 182 178 177 175 175 170 177 178 182 183 183 174 164 152 144 143 127 108 101 88 91 95 107 119 122 122 127 134 138 136 135 138 138 137 137 132 122 113 119 139 150 139 118 113 116 116 124 128 130 131 135 125 106 79 56 77 99 109 120 121 117 118 123 127 132 139 143 140 132 121 
30 34 36 28 35 31 32 31 34 31 37 45 54 57 53 58 60 56 57 52 38 33 36 44 60 98 117 131 139 151 160 164 173 182 185 182 184 185 184 184 183 180 179 176 171 174 172 169 174 175 178 179 179 174 167 148 134 114 96 90 86 89 83 84 94 99 113 108 111 135 151 153 152 152 149 147 140 140 124 110 101 95 104 111 114 120 120 125 127 126 128 129 131 128 103 84 65 97 110 121 125 119 116 123 130 136 137 137 137 133 123 119 
36 30 30 33 27 33 38 36 23 35 42 55 67 66 72 61 51 50 38 37 39 43 42 42 60 76 105 142 156 159 162 166 170 172 178 181 186 187 187 186 179 180 170 165 170 169 169 172 174 175 180 178 179 170 160 146 114 93 89 92 93 90 76 83 75 74 96 116 109 116 147 163 169 168 167 164 158 151 145 134 124 114 110 110 117 115 119 121 121 125 131 131 129 121 95 62 78 109 124 124 120 124 129 128 132 131 134 133 130 124 117 102 
39 37 32 27 31 29 34 45 62 45 35 46 63 70 66 59 56 45 47 39 38 37 37 40 52 84 111 126 147 169 171 171 177 175 175 177 182 183 181 179 178 175 172 168 171 168 169 169 172 172 177 178 180 173 160 131 88 75 76 88 94 82 75 76 74 85 94 119 120 111 130 157 176 173 173 173 170 166 158 152 147 139 128 120 113 107 106 120 127 128 130 126 120 117 83 59 99 125 127 125 124 129 133 134 134 134 132 133 127 118 99 87 
31 33 34 31 26 32 24 33 52 81 82 55 44 66 61 47 38 42 39 45 39 34 33 35 46 65 100 135 138 153 166 171 178 186 184 183 184 185 185 184 181 179 172 174 176 169 169 167 170 174 179 182 180 178 161 129 83 65 74 91 90 71 80 89 119 120 100 117 129 124 118 144 170 181 180 179 174 172 169 160 158 151 143 132 124 109 103 107 125 133 124 118 115 107 79 95 128 130 127 133 134 132 133 128 130 128 126 124 113 97 83 94 
28 31 35 26 31 31 43 36 30 28 45 73 68 48 60 59 47 36 37 32 36 35 35 35 41 63 102 123 151 160 162 175 178 177 184 184 185 187 187 181 178 176 180 176 169 165 167 166 170 175 178 180 181 172 157 116 71 61 66 84 85 68 75 113 140 149 121 122 130 135 118 133 163 183 183 180 175 178 175 168 165 158 148 142 129 119 108 101 102 117 126 117 106 94 69 104 121 128 136 136 129 131 127 129 124 123 116 109 95 81 89 99 
20 29 27 37 30 31 31 45 49 45 43 51 59 63 58 75 78 58 33 27 30 31 31 37 47 68 99 132 149 164 175 175 179 183 184 186 186 182 179 179 179 176 176 172 169 162 163 171 174 176 175 178 177 170 149 101 64 55 61 85 79 60 50 55 59 79 110 115 123 137 124 125 146 182 186 179 181 180 178 174 170 168 159 147 137 128 119 112 103 90 105 114 106 96 91 111 123 133 132 129 126 123 123 120 118 118 107 93 84 86 98 99 
24 27 34 37 39 32 32 26 28 39 36 43 55 65 55 42 48 62 61 47 29 22 31 36 48 72 106 133 148 164 171 180 183 184 189 186 185 184 181 181 182 182 176 170 163 162 163 165 171 173 176 180 176 169 145 90 59 52 60 84 66 46 36 44 30 31 55 109 110 135 129 121 132 173 185 185 182 183 180 182 179 171 164 156 148 137 124 118 109 107 86 83 92 98 94 103 112 117 117 121 121 121 119 113 113 102 93 88 82 96 97 96 
34 24 28 31 34 33 32 35 35 40 39 27 31 44 56 52 44 32 30 38 38 37 35 43 53 76 107 126 148 155 162 165 170 180 183 186 185 186 183 182 178 175 175 167 163 160 163 167 168 171 178 182 177 162 131 82 59 51 57 87 72 48 35 73 54 63 53 109 106 123 130 119 127 167 185 186 184 182 185 183 180 178 171 162 150 139 129 120 116 107 100 91 75 75 88 94 106 116 116 118 116 119 114 110 101 99 93 83 92 95 97 97 
68 29 27 23 29 30 33 32 41 48 65 79 76 70 57 46 42 44 41 36 32 28 32 41 49 65 98 132 128 133 142 156 165 173 181 181 181 181 180 178 177 179 174 168 163 158 160 165 165 171 179 181 174 154 124 81 55 49 58 93 67 45 22 35 37 46 49 106 100 118 120 118 118 158 183 185 183 181 182 184 182 177 170 160 147 144 136 128 120 110 109 110 106 104 109 122 133 130 126 121 116 113 109 103 98 94 83 84 88 90 89 79 
114 39 33 36 25 26 26 28 21 31 33 44 57 68 73 65 54 45 38 36 36 37 33 41 50 77 107 130 149 152 156 162 167 172 176 180 183 181 178 172 171 167 166 161 161 153 153 159 168 169 170 173 169 154 118 65 50 52 65 96 69 45 40 49 51 45 50 101 100 117 119 119 120 149 178 187 190 187 183 182 178 175 170 162 153 144 138 129 124 116 112 109 114 120 131 136 135 127 122 114 108 106 101 101 95 84 80 83 77 60 43 36 
115 63 23 34 41 26 32 35 39 33 38 37 36 39 57 62 61 52 45 37 32 30 40 40 46 64 94 122 136 148 169 169 172 174 172 170 172 175 179 176 169 167 164 160 154 150 153 161 162 165 168 170 164 156 118 69 48 43 72 104 72 48 37 32 31 29 41 94 96 116 113 118 120 148 176 186 190 187 185 181 173 168 166 159 151 145 139 133 126 119 114 113 116 118 124 132 128 124 114 111 106 104 99 94 89 80 66 50 37 24 17 16 
101 72 29 24 41 56 31 30 31 44 42 36 42 48 61 63 63 63 57 47 41 34 37 36 44 70 97 121 121 129 139 161 166 172 174 175 173 171 171 168 164 161 155 155 154 150 153 159 162 163 164 169 163 151 118 67 47 48 81 107 80 53 39 32 31 63 104 103 90 111 115 119 120 147 170 186 184 185 184 177 170 164 163 152 152 146 140 131 127 121 117 116 117 121 125 124 121 113 107 102 101 100 94 94 68 41 28 22 20 20 17 18 
126 94 37 28 22 31 57 51 38 34 41 60 56 46 44 54 43 29 39 48 46 40 39 37 39 52 78 112 117 113 123 134 153 164 169 165 169 170 168 163 160 155 155 157 150 153 153 152 157 156 160 162 159 145 115 76 47 50 79 111 91 51 43 72 123 129 115 93 102 113 113 119 123 147 167 179 183 183 182 177 174 169 163 157 146 140 132 130 125 121 119 115 118 119 114 112 109 108 106 104 100 95 92 67 26 13 15 16 15 17 22 19 
126 109 41 30 32 29 25 40 37 36 49 47 46 50 62 71 72 64 41 20 18 25 29 32 43 60 82 100 110 100 110 115 128 143 153 162 162 161 164 161 162 158 153 152 152 145 147 147 148 154 156 158 153 145 113 73 51 49 86 114 99 72 42 49 96 119 104 77 95 111 110 118 126 154 169 175 178 178 181 178 170 162 159 150 144 139 135 127 124 119 115 117 116 116 112 109 108 105 106 102 103 94 73 54 28 15 15 18 21 22 17 21 
128 125 68 34 34 43 71 63 63 57 46 62 64 62 55 48 45 57 67 72 60 48 33 30 33 46 64 85 88 96 101 104 119 126 134 144 156 158 159 160 154 158 149 150 146 143 141 142 146 147 154 151 147 136 108 73 43 51 89 116 102 70 58 37 48 67 72 69 94 105 110 119 127 156 167 172 174 173 172 171 167 159 157 151 146 136 130 125 119 112 112 107 108 107 108 106 109 110 107 102 90 65 52 42 33 18 17 19 20 18 17 14 
124 130 116 28 33 33 39 62 61 67 56 54 46 54 60 70 74 51 49 40 37 42 53 46 39 47 51 74 73 81 94 95 92 110 115 127 142 148 151 152 149 150 144 141 141 139 138 138 136 143 146 148 140 131 103 65 53 54 98 121 110 74 61 43 29 44 48 68 90 108 112 126 134 153 165 164 166 170 172 172 166 156 152 146 137 132 128 124 114 106 100 101 101 107 113 112 111 110 101 91 67 54 52 47 26 21 21 24 20 18 18 20 
129 125 129 62 28 36 35 30 43 44 39 34 43 43 45 45 70 75 62 61 58 40 28 25 32 40 51 51 75 88 85 87 87 93 108 115 119 129 137 137 144 138 144 137 141 135 137 135 137 139 142 141 142 127 105 63 47 59 98 114 110 92 61 68 51 35 59 92 106 114 125 134 137 151 160 160 164 167 168 163 158 151 144 140 136 129 126 115 110 101 102 105 109 114 109 110 111 104 88 55 50 56 50 28 20 21 22 18 19 20 20 16 
133 127 126 113 35 25 32 46 45 44 42 37 34 33 36 51 52 60 62 55 50 55 55 48 48 43 50 61 79 82 92 83 78 81 89 99 113 121 126 132 126 130 133 136 132 132 131 134 135 140 138 138 136 122 96 66 52 61 99 113 111 101 83 58 75 78 72 103 118 123 135 140 142 147 154 154 156 158 157 153 150 141 142 137 132 125 119 115 109 109 107 104 108 110 112 108 100 83 61 59 59 39 22 25 24 22 19 21 20 19 17 21 
127 129 124 124 80 29 24 26 39 61 68 65 57 55 48 36 52 61 72 67 53 50 45 52 55 49 55 60 78 89 75 76 64 73 88 96 98 110 118 122 130 127 125 127 129 128 126 127 128 132 134 133 130 126 100 62 51 62 92 115 111 102 96 89 83 84 87 102 124 133 134 137 141 143 141 144 147 150 151 145 143 138 132 125 124 122 113 108 105 104 106 107 108 107 102 81 47 23 23 27 23 29 21 20 21 19 24 20 25 21 18 19 
133 128 128 126 109 40 38 32 23 29 39 74 75 51 48 56 51 51 60 65 61 58 63 64 65 59 58 63 69 77 77 70 67 65 71 89 96 98 105 111 119 124 127 122 124 124 128 128 126 126 125 125 127 124 114 88 40 40 69 113 113 100 99 95 94 94 98 111 126 131 136 139 140 141 142 138 143 144 143 141 136 130 124 124 115 111 113 108 108 107 108 109 95 74 42 16 8 14 20 21 21 19 25 24 20 23 15 20 19 18 20 22 
130 130 130 126 128 80 33 38 39 29 25 25 50 69 63 49 51 52 39 39 48 60 49 52 56 45 53 58 60 65 72 63 65 60 65 69 81 87 96 104 112 119 119 123 122 119 117 119 120 117 116 117 115 117 118 110 79 36 43 91 109 111 103 101 97 103 116 126 134 142 142 141 140 138 136 137 134 133 133 128 128 123 120 116 116 116 109 108 100 95 78 51 30 10 9 16 21 24 24 19 24 25 23 27 26 20 23 22 24 23 19 18 
129 131 130 131 130 130 52 38 37 47 43 28 25 37 65 70 69 64 65 70 66 47 50 51 54 49 51 57 66 68 65 63 63 63 62 66 68 73 75 91 98 101 104 107 114 116 115 109 111 112 111 108 111 109 108 112 106 69 29 43 74 97 101 100 102 111 117 132 133 138 139 140 135 135 131 133 130 129 125 123 121 114 111 107 98 82 74 49 37 20 6 8 8 11 18 19 19 20 22 26 20 20 19 17 17 23 19 22 20 18 18 19 
128 130 130 125 128 131 125 48 43 39 50 56 50 40 28 41 49 59 65 54 40 47 36 54 59 39 53 58 63 65 70 62 53 54 58 55 56 66 73 77 83 84 86 89 89 94 98 105 102 99 100 98 99 100 97 99 100 103 81 48 43 61 81 96 101 108 115 123 127 137 136 134 133 130 130 128 127 119 114 108 97 88 79 47 17 8 3 6 7 14 18 20 25 23 21 20 19 15 17 17 18 21 24 24 26 24 25 23 23 19 18 22 
129 127 130 128 123 121 129 119 56 55 38 30 36 38 39 40 50 49 39 40 51 44 49 55 58 42 51 55 62 61 64 65 64 60 59 63 56 55 54 67 79 81 79 81 79 80 82 77 82 79 76 72 74 74 81 95 101 105 110 108 101 94 100 107 108 113 120 126 130 130 131 130 126 128 123 119 107 99 92 91 102 103 63 15 8 15 15 19 18 19 16 18 15 17 16 21 22 22 23 21 23 23 21 23 22 20 23 21 19 24 23 20 
125 132 130 127 129 123 123 125 109 50 71 55 49 43 36 37 53 49 45 46 48 55 53 62 66 48 52 52 58 54 56 58 63 64 56 54 58 52 49 49 53 62 70 70 69 65 61 59 54 52 56 47 43 46 49 59 67 77 93 97 107 110 118 113 118 120 122 122 122 128 129 126 121 111 90 78 86 90 101 113 106 69 24 23 24 20 21 18 18 14 17 18 17 16 19 19 16 22 18 20 22 21 25 23 19 21 19 20 21 20 22 25 
131 129 127 127 128 127 127 123 128 88 33 60 52 54 49 50 40 46 52 58 60 61 52 51 65 51 53 58 55 57 60 53 54 62 65 62 48 51 47 44 43 44 45 49 50 49 41 39 37 37 27 31 32 30 33 28 32 37 40 49 53 58 60 73 73 76 82 85 89 83 66 58 49 43 68 84 95 94 76 55 34 10 19 20 17 18 16 22 19 20 17 17 20 22 22 19 22 16 21 20 19 21 20 18 21 19 23 21 22 21 21 17 
130 130 130 129 126 125 127 127 129 133 68 28 41 38 51 61 65 61 63 54 61 53 43 48 49 46 40 48 47 53 55 59 58 57 56 56 62 47 45 43 37 39 33 37 38 32 32 30 27 27 28 25 26 27 26 28 26 19 19 15 17 17 18 20 24 31 36 29 36 45 56 56 60 80 77 60 41 31 14 9 11 18 17 20 23 20 21 19 17 19 20 22 18 16 21 19 18 19 20 18 23 23 22 23 24 23 25 25 21 22 21 21 
130 125 129 125 123 123 127 124 124 124 132 65 36 46 40 47 43 56 65 69 63 61 60 56 53 44 44 40 41 37 46 59 60 51 59 60 50 55 48 42 38 31 30 30 21 29 28 24 26 22 26 29 29 23 24 24 27 26 20 23 21 22 21 19 20 21 23 38 34 39 48 71 76 54 33 21 16 15 17 12 12 14 14 17 15 18 18 17 21 19 20 21 23 23 18 20 25 25 24 24 22 23 25 25 22 19 19 20 22 23 18 19 
128 134 130 131 128 124 126 124 125 125 124 129 71 36 47 43 46 56 59 63 48 43 49 53 58 53 45 41 39 39 29 37 55 52 48 56 59 48 42 36 34 32 29 27 28 21 21 25 21 22 20 19 23 21 24 22 24 24 26 23 23 23 20 23 26 24 28 21 30 30 25 16 19 19 21 27 25 28 25 25 21 17 21 15 16 15 17 18 16 20 22 20 21 22 23 22 19 21 22 19 20 18 19 14 21 23 24 20 20 17 18 17 
133 125 130 126 126 127 128 129 128 125 124 117 121 69 26 34 32 48 57 37 34 38 39 34 33 45 45 37 45 38 38 41 41 56 52 40 42 55 49 40 37 34 34 29 27 27 22 22 21 21 22 21 25 24 22 24 19 23 23 20 18 20 25 21 20 20 20 25 21 21 23 24 20 20 24 25 23 23 26 27 26 24 19 21 18 17 17 19 18 17 19 15 16 19 21 20 23 21 21 21 20 21 18 23 22 22 20 22 18 19 16 16 
127 129 129 129 128 123 125 124 119 117 118 126 124 139 108 74 49 51 45 31 41 38 32 44 44 51 39 42 43 48 36 37 38 42 53 60 43 27 31 36 30 26 26 30 29 26 23 19 24 26 21 21 17 19 18 20 25 23 20 24 24 22 21 22 20 23 25 23 25 24 21 15 20 20 21 21 24 21 22 20 23 23 25 20 19 20 20 22 23 22 24 25 27 23 19 21 22 22 18 20 22 21 21 19 17 17 17 12 15 16 20 21 
131 129 131 129 128 126 126 126 127 125 125 129 124 125 129 120 119 90 66 37 23 43 49 44 43 39 50 37 41 41 42 31 32 33 36 36 45 41 30 26 28 31 28 24 25 26 26 23 25 24 23 22 22 22 21 17 20 22 24 24 25 26 26 23 24 18 16 19 18 21 19 21 22 22 20 20 17 20 21 23 22 25 21 21 20 17 19 16 18 18 18 19 15 20 22 21 23 21 18 20 20 17 17 17 22 19 19 20 20 19 15 15 
128 127 127 124 123 125 131 130 126 125 122 123 122 122 123 123 112 121 121 106 57 17 20 28 38 34 40 44 34 35 29 30 25 27 30 36 37 42 33 29 27 24 28 28 26 26 29 32 24 22 22 26 22 27 25 25 20 23 22 27 31 27 23 28 20 15 15 16 16 13 16 19 15 18 20 19 23 20 21 18 19 17 22 23 22 21 19 21 21 19 19 18 20 16 17 16 18 17 17 17 18 21 17 17 14 20 17 16 17 16 18 15 
132 130 131 128 130 128 129 126 127 127 129 122 117 122 125 121 123 116 118 116 119 102 69 47 33 33 29 20 26 25 31 27 32 29 28 26 32 34 42 33 34 28 29 29 30 27 24 20 27 31 27 24 24 25 27 29 32 30 33 27 24 23 25 24 21 21 20 20 18 18 19 18 22 19 18 19 17 19 19 23 24 24 21 18 15 19 20 19 17 16 19 20 19 22 23 21 19 19 18 21 18 13 18 21 19 17 17 21 19 19 18 21 
127 128 130 127 126 131 126 128 129 125 125 126 123 125 121 123 122 123 122 119 111 116 108 97 91 82 74 68 32 22 17 21 22 23 26 30 31 35 35 29 26 27 27 27 24 30 27 26 24 23 26 28 20 23 27 28 27 31 25 24 18 19 23 26 22 18 18 20 20 23 22 23 19 19 17 16 20 19 16 19 17 18 23 26 23 24 20 22 26 28 26 23 26 22 23 23 24 24 21 22 25 29 24 26 23 22 22 19 20 23 19 16 
128 130 132 128 126 127 129 129 128 127 127 128 125 125 126 119 124 123 125 129 125 122 117 104 105 102 97 98 105 89 75 72 58 43 40 26 21 19 19 25 26 25 24 25 23 20 29 25 35 35 39 40 47 45 39 31 29 22 25 20 20 21 14 17 22 18 13 11 13 15 16 18 24 22 26 29 26 23 27 20 21 22 18 18 23 24 24 19 18 20 23 26 28 23 27 26 25 23 23 27 21 20 17 16 18 15 16 18 16 14 16 23 
129 128 128 127 125 129 127 127 128 128 130 126 121 123 125 123 120 125 121 121 124 120 118 115 115 115 107 100 97 102 107 88 88 100 100 95 70 56 51 48 40 28 29 36 43 52 49 76 78 76 75 71 62 65 82 94 74 62 58 57 50 46 54 42 31 36 38 30 20 14 11 10 7 13 15 15 18 22 21 25 23 20 22 18 17 18 24 23 20 17 19 22 19 23 24 24 25 27 27 24 26 22 20 23 21 20 24 21 19 22 23 18 
