10 40 38 41 39 42 46 44 43 42 45 41 36 41 40 44 44 45 32 32 30 36 37 42 31 28 29 37 34 30 28 42 35 33 35 35 54 59 66 58 43 38 46 29 27 28 38 37 38 40 45 44 36 30 31 24 32 35 36 37 37 44 43 36 29 32 32 33 31 26 32 33 28 27 32 28 29 29 28 35 30 24 22 27 26 26 33 35 28 27 27 34 29 30 30 36 34 31 30 32 32 36 32 30 34 28 37 38 34 33 39 37 
44 47 44 45 43 46 51 52 52 51 55 53 41 40 39 34 41 40 66 77 83 88 78 78 73 66 54 49 58 64 54 37 52 60 46 36 37 42 70 91 86 78 58 49 43 32 29 22 27 24 23 20 19 21 24 20 21 24 17 25 22 22 26 13 61 146 189 200 194 134 76 30 20 37 57 53 49 53 50 50 53 58 62 57 62 68 59 62 65 60 55 63 59 62 54 58 56 62 65 61 54 52 57 59 56 54 50 52 51 51 54 62 
48 49 47 45 49 45 47 46 43 47 44 36 31 29 33 37 51 71 77 79 80 66 52 40 31 42 60 62 65 58 72 84 71 63 65 61 58 70 62 52 30 35 34 38 36 40 24 22 17 21 21 24 23 18 12 16 19 14 26 24 27 26 22 45 133 150 128 122 149 203 218 215 157 78 29 37 41 52 57 52 54 47 49 54 44 46 55 54 55 55 56 59 62 58 57 60 57 62 61 58 70 62 56 56 57 57 59 60 62 58 49 46 
45 46 51 51 49 52 47 49 50 53 42 33 40 34 46 62 66 66 70 77 63 56 62 67 85 79 52 51 63 82 79 71 77 73 86 98 88 81 79 63 56 39 32 25 21 19 45 49 58 46 43 34 28 31 40 38 21 24 21 21 19 28 25 50 139 181 78 56 60 79 107 144 206 224 194 121 53 16 24 48 53 47 48 51 53 52 46 57 51 55 56 60 57 64 63 55 62 59 56 63 55 57 60 57 55 58 59 58 54 52 56 49 
47 47 44 47 51 50 50 44 48 44 29 32 37 44 54 57 65 65 68 50 38 56 63 66 52 49 61 84 102 83 83 90 97 110 114 99 62 26 18 20 23 26 27 29 32 55 61 68 44 22 17 19 31 42 51 57 54 54 31 30 33 24 30 50 135 192 153 82 108 94 87 88 80 99 152 198 204 172 100 38 24 43 54 48 52 48 54 50 53 50 49 56 60 54 56 57 57 54 47 54 57 56 62 57 58 53 57 53 52 52 54 53 
48 47 49 50 44 44 46 51 50 30 23 35 41 56 55 54 55 62 45 35 51 56 52 40 58 65 79 88 92 92 92 100 106 104 78 36 31 57 97 113 130 143 161 167 168 160 147 127 111 111 116 121 101 80 64 53 63 81 68 65 63 55 48 34 76 180 213 193 191 193 184 187 180 184 175 164 169 182 189 180 103 31 37 46 52 55 51 52 50 50 44 51 53 48 54 55 56 59 60 57 60 57 52 60 59 56 56 58 55 52 51 57 
46 52 52 48 50 49 52 50 37 25 26 48 59 64 46 40 47 46 39 41 47 40 45 63 70 73 83 88 86 76 93 97 78 63 51 62 133 192 222 222 216 209 207 204 202 200 198 199 200 201 199 198 202 205 197 191 192 187 185 181 166 149 133 107 61 21 78 151 211 218 217 210 219 219 218 224 218 213 195 185 205 171 56 41 51 47 51 50 55 51 53 51 50 54 49 47 54 49 55 53 54 60 58 53 56 58 56 56 53 54 56 71 
46 44 44 48 52 51 48 44 30 30 38 36 51 37 39 45 60 47 40 51 58 60 71 73 60 80 101 92 77 88 88 103 110 84 93 167 204 216 211 211 207 209 205 206 201 202 200 199 199 202 205 206 203 201 205 209 206 211 212 210 212 213 214 209 194 155 110 60 28 86 166 221 210 206 178 153 160 174 187 195 185 206 177 59 20 37 49 48 47 50 51 47 49 52 48 50 52 48 48 55 53 53 53 52 55 58 55 52 56 49 56 79 
50 51 51 44 49 52 52 44 37 35 32 42 46 52 53 42 38 53 55 57 57 52 50 66 104 105 74 62 78 93 112 102 76 109 173 197 208 212 211 208 209 206 206 203 204 200 200 200 207 214 208 201 211 207 208 207 200 196 196 200 203 206 204 203 206 210 210 207 179 125 88 42 60 64 123 154 164 168 169 183 174 177 190 180 131 31 40 51 50 48 49 50 49 47 44 48 40 48 46 44 52 48 51 60 58 53 55 60 51 54 51 83 
50 50 48 52 52 50 48 41 36 36 41 41 58 56 50 44 57 57 61 62 47 51 82 97 78 65 64 82 97 99 91 81 119 184 203 206 212 210 211 212 210 210 209 208 206 201 202 211 178 129 90 105 113 135 154 145 155 190 198 205 204 203 202 205 202 204 198 198 200 200 195 175 144 106 59 55 87 106 147 212 219 210 198 192 182 113 50 42 43 38 45 47 47 46 47 43 49 42 49 48 52 58 56 50 53 57 57 56 59 57 53 94 
49 52 49 47 49 53 50 42 35 32 30 49 58 40 47 55 52 54 56 57 57 65 71 62 63 64 64 76 95 94 98 133 175 188 202 211 210 210 210 210 212 212 208 204 197 198 193 127 106 102 81 93 113 123 134 150 167 192 202 206 206 205 205 202 201 198 195 193 193 190 188 187 187 181 170 144 104 80 57 75 120 159 183 207 191 143 50 48 47 53 46 49 48 49 50 53 50 54 48 45 50 50 49 52 51 53 54 60 55 56 51 76 
49 46 49 49 49 50 44 44 41 37 41 47 55 50 52 52 43 44 45 44 48 46 47 50 58 65 81 99 101 111 129 164 193 209 211 210 211 211 211 210 208 207 204 202 204 185 109 86 104 88 86 109 136 154 169 177 187 198 204 208 210 209 210 208 205 204 205 201 199 197 198 199 195 191 190 185 176 160 127 87 38 41 59 120 154 137 65 45 50 48 52 46 50 47 47 46 45 44 52 49 51 47 47 45 47 47 48 45 55 44 32 146 
49 54 49 51 55 47 42 36 37 38 51 46 46 53 48 42 41 45 42 43 41 41 49 60 64 82 91 86 96 109 161 202 213 212 210 210 210 209 209 208 208 203 201 201 182 127 100 96 103 99 121 152 184 182 193 200 199 202 208 210 210 209 208 209 208 210 209 208 206 204 200 200 199 199 198 189 180 164 148 148 132 101 67 40 46 63 52 44 43 45 43 49 44 48 47 50 48 50 45 42 44 43 44 45 44 43 44 51 45 38 84 215 
46 47 46 46 42 38 40 44 46 47 57 48 43 45 40 37 42 36 38 36 42 62 74 68 64 64 75 100 131 184 206 207 206 207 207 208 207 207 209 207 204 205 198 195 164 109 88 106 75 100 156 186 194 197 197 182 162 166 182 208 208 206 207 211 212 210 211 210 207 207 203 205 200 195 190 187 182 183 182 177 173 159 134 95 103 83 100 71 58 52 47 39 41 51 50 42 40 41 37 40 45 46 43 45 45 47 43 43 31 40 202 219 
45 46 50 46 40 41 37 34 45 46 44 41 50 51 34 45 49 55 52 60 74 68 56 66 80 108 144 164 198 207 206 208 209 209 209 209 210 208 208 207 204 201 200 168 128 96 96 101 94 128 179 192 199 168 122 120 128 93 160 193 204 211 212 210 210 211 211 210 209 206 208 206 204 198 187 188 186 181 181 163 175 176 176 175 160 126 94 78 61 51 56 59 46 43 47 49 47 38 47 43 42 44 44 45 43 40 43 14 73 193 233 205 
46 51 50 48 45 40 36 35 37 38 37 43 44 43 35 40 41 42 49 63 61 57 89 106 124 145 158 187 189 197 203 205 207 206 208 205 205 205 206 205 202 196 178 148 114 96 83 63 80 130 181 189 156 139 170 116 72 147 193 203 209 209 208 211 210 210 211 211 209 208 208 206 206 201 199 198 193 186 183 178 175 182 167 143 124 139 137 124 101 79 57 58 76 57 48 39 40 40 43 48 48 43 45 41 43 40 27 170 236 205 142 127 
50 48 50 46 38 37 38 38 36 34 41 53 48 40 33 31 37 45 49 62 73 90 108 127 144 161 183 192 196 201 204 204 204 205 205 205 206 206 205 205 202 193 171 146 121 93 66 52 92 149 182 170 157 158 68 26 100 154 203 212 212 213 211 212 212 212 212 211 210 208 207 207 204 203 203 198 194 192 193 192 193 188 175 175 173 146 156 151 151 152 143 99 70 58 57 53 46 45 46 40 39 42 39 44 38 34 168 208 147 130 140 129 
46 52 58 39 34 36 42 39 34 40 49 47 42 33 24 35 36 29 35 62 100 120 132 146 165 181 194 197 200 201 203 203 203 202 202 204 204 205 207 206 207 193 184 162 124 92 59 68 109 165 182 175 181 47 89 145 148 189 212 212 212 212 208 210 212 210 210 209 210 209 210 208 208 208 200 200 198 201 198 193 198 199 189 184 174 171 164 153 154 138 134 137 128 90 75 59 57 70 59 53 49 44 45 35 37 161 188 132 135 133 128 142 
52 46 41 37 35 44 37 28 31 44 46 43 36 35 40 34 28 27 49 92 121 129 141 155 172 184 191 197 196 197 197 198 200 200 200 203 205 206 206 206 199 193 185 155 104 61 43 55 119 175 168 175 96 159 186 198 152 182 205 211 209 209 210 210 211 212 209 211 210 209 208 209 208 207 206 205 202 199 200 200 193 188 197 192 184 169 177 168 168 164 161 165 148 130 105 81 57 53 59 58 50 47 38 44 159 168 111 113 119 129 125 107 
47 42 37 43 42 34 35 37 37 48 48 46 32 27 29 32 30 43 69 117 125 135 149 166 178 186 192 195 198 196 196 193 197 197 199 198 199 206 210 208 203 196 184 140 90 68 58 76 132 176 150 118 134 156 200 202 177 202 212 208 203 208 208 209 209 211 211 210 210 208 211 208 211 209 206 204 205 203 202 202 199 192 193 189 190 174 168 159 158 153 146 141 143 132 125 114 102 64 35 45 62 68 79 128 150 90 81 83 102 96 134 154 
50 50 42 32 35 37 30 30 41 50 51 43 34 36 36 30 29 35 80 125 140 149 160 173 182 189 193 195 197 197 197 196 195 193 198 201 202 204 205 206 207 202 179 129 83 59 42 85 154 156 128 87 72 61 129 195 141 165 194 193 197 198 200 207 206 204 207 209 208 208 209 207 209 208 208 207 204 205 205 199 195 188 197 199 190 183 182 171 167 169 159 163 152 143 143 143 127 112 89 52 34 45 65 85 123 153 155 137 114 106 85 60 
48 31 35 52 47 37 41 37 42 41 38 31 37 26 33 22 30 53 99 135 141 150 163 175 182 186 191 192 192 194 190 191 191 194 195 201 203 204 208 210 204 198 175 114 66 46 46 100 176 163 112 21 48 105 101 173 169 193 183 188 191 192 204 202 206 207 206 206 209 207 207 207 206 204 203 202 201 198 197 198 190 184 188 192 191 187 182 183 176 169 161 147 153 144 141 132 148 142 119 110 80 44 44 52 66 101 144 158 172 168 167 160 
41 31 38 38 47 35 27 54 54 43 38 40 35 33 29 34 31 65 106 138 146 156 164 173 182 189 192 193 194 192 192 191 194 194 194 195 200 203 206 209 208 203 165 106 66 51 43 112 173 156 118 176 32 86 118 139 142 169 178 185 186 191 195 200 202 204 206 207 204 206 205 205 204 202 201 201 197 196 189 188 187 186 184 189 192 190 180 170 176 168 147 142 138 143 146 145 128 129 124 133 113 101 62 35 37 41 46 120 164 167 165 162 
39 28 33 40 38 32 36 48 60 57 38 31 35 32 36 29 36 78 119 145 156 169 174 177 179 186 191 194 192 191 192 190 191 192 194 196 197 202 203 202 201 191 151 104 66 50 58 120 164 122 67 40 68 112 118 156 154 167 178 185 186 189 193 200 203 202 203 207 206 207 205 204 202 199 196 196 188 179 185 182 181 179 178 181 190 188 180 182 182 176 168 171 165 149 146 136 136 130 133 137 129 113 94 77 66 46 53 104 155 169 171 164 
33 27 36 44 46 32 44 42 51 50 45 42 35 31 28 33 43 84 131 150 165 170 178 178 184 188 190 188 194 194 191 190 191 188 192 197 200 202 202 202 197 186 145 86 68 59 68 117 145 111 69 66 103 101 142 140 158 175 172 182 186 193 197 200 201 205 205 206 208 204 204 201 196 193 191 184 184 180 173 172 176 178 179 167 165 163 169 160 156 159 167 154 140 149 145 148 142 145 128 121 114 121 102 100 80 67 57 46 108 160 167 161 
19 24 35 36 47 40 33 48 47 49 38 38 39 35 32 37 55 94 129 154 165 172 177 182 186 189 184 186 194 194 192 190 186 187 191 193 196 197 202 201 194 178 138 86 68 56 75 114 140 112 112 139 135 166 171 170 164 171 167 174 178 189 191 201 204 206 205 207 208 206 203 200 194 190 185 178 173 171 173 180 187 184 175 153 145 147 147 150 158 157 148 151 145 139 140 136 140 142 133 129 135 122 112 103 101 93 74 49 36 60 146 174 
24 22 33 40 46 40 46 42 46 44 38 32 33 34 50 50 63 94 135 160 170 174 178 181 180 184 184 188 195 193 189 186 186 185 189 192 195 201 201 198 191 175 141 95 62 57 88 113 133 103 100 164 192 182 152 160 172 169 179 189 191 195 203 204 206 205 204 204 203 195 189 190 184 180 170 167 168 171 180 182 187 180 142 117 109 92 86 119 127 143 153 153 148 145 142 148 150 144 147 132 133 122 106 102 93 95 90 68 48 36 62 135 
21 25 26 38 46 42 42 52 51 56 52 41 35 34 41 62 84 112 133 165 174 176 180 184 184 185 190 193 194 193 191 189 187 186 186 185 194 200 195 195 190 168 151 110 74 71 91 120 134 104 96 127 156 145 168 161 163 179 186 184 193 203 204 208 207 210 209 208 201 197 186 177 164 166 164 169 171 175 185 177 168 142 111 96 86 72 87 91 99 109 114 117 130 147 154 145 146 155 145 148 131 122 113 107 94 92 66 55 47 41 38 49 
26 19 28 39 47 51 43 51 53 57 48 47 40 50 41 51 77 104 132 151 170 178 179 181 186 188 189 187 193 192 191 188 184 186 189 190 194 197 199 196 194 187 163 136 101 85 107 125 138 100 101 97 137 135 151 169 173 179 183 200 206 206 211 211 213 210 207 202 193 184 183 170 162 161 161 170 184 197 195 172 139 127 106 88 93 96 105 101 103 122 121 126 133 148 163 169 150 156 154 146 136 124 115 89 87 76 80 73 68 67 51 46 
24 31 28 39 45 48 47 52 47 38 56 37 40 40 50 46 60 90 131 153 161 173 182 182 183 189 191 194 192 191 189 187 182 182 183 187 192 200 198 194 189 184 173 153 126 112 123 135 135 115 107 90 152 156 160 172 169 184 204 208 209 207 209 210 216 220 215 192 181 171 148 152 160 175 191 203 209 196 156 132 115 106 115 89 84 81 81 79 91 122 129 140 147 151 164 162 159 140 146 145 124 111 114 104 86 75 58 61 48 43 46 55 
21 25 29 34 43 47 57 39 41 42 36 49 37 37 41 53 61 81 109 141 164 174 180 188 190 191 192 195 199 190 192 188 187 183 183 189 200 205 201 198 198 190 188 172 150 138 153 166 144 130 90 73 92 138 151 163 190 206 204 203 205 210 207 201 192 184 174 185 186 187 184 171 155 174 197 205 204 184 153 110 108 122 100 100 125 112 72 69 106 116 132 141 158 164 165 172 162 160 156 140 152 147 125 103 85 83 81 68 57 51 59 52 
24 31 31 42 56 51 47 50 41 34 30 27 36 39 40 52 68 90 111 140 159 172 179 182 187 186 193 196 197 197 192 187 185 184 186 190 196 200 200 193 195 194 187 186 187 185 187 188 178 174 149 112 121 178 188 179 187 184 186 190 191 184 184 188 189 199 208 181 161 152 129 135 175 193 195 196 182 142 114 112 107 97 111 108 118 119 77 42 95 142 166 173 168 176 180 177 163 162 163 153 165 164 156 140 130 122 100 86 69 55 45 31 
23 32 28 30 31 45 30 31 41 52 55 52 52 58 65 71 65 76 101 133 161 175 180 184 184 188 193 195 195 192 187 186 182 181 182 189 198 201 202 195 190 184 188 193 205 213 214 205 196 184 180 183 179 182 181 177 175 177 179 181 180 187 183 184 186 198 212 189 171 170 72 83 188 201 195 163 114 101 101 121 123 132 133 134 99 74 56 33 86 161 178 177 173 169 165 174 164 165 168 178 180 170 145 129 118 119 101 100 83 72 59 43 
27 29 32 36 42 46 47 27 23 28 38 52 49 57 61 63 75 92 116 144 159 175 184 185 188 188 191 193 196 193 189 184 183 180 189 189 196 199 203 197 189 184 184 187 196 211 217 214 206 196 185 177 180 187 187 189 187 186 190 195 201 207 197 176 176 185 182 164 145 150 122 39 125 166 140 103 105 103 94 100 112 111 118 90 67 60 43 27 84 151 174 166 162 148 135 148 137 150 167 168 164 165 159 150 153 140 132 125 111 97 79 51 
21 27 27 37 37 37 45 58 50 43 41 45 50 43 52 64 77 109 122 137 160 173 183 185 187 189 191 192 192 192 189 189 185 184 187 192 198 199 198 193 192 187 186 180 189 196 199 201 197 190 181 187 176 173 175 175 178 187 185 185 191 184 180 164 179 184 173 147 120 113 133 148 148 132 118 104 98 112 107 117 133 106 86 64 58 62 56 51 84 152 169 168 155 138 126 137 151 159 154 161 166 177 173 164 154 138 133 115 108 103 83 57 
32 34 33 34 42 51 58 55 52 38 43 41 54 67 60 65 86 100 125 148 166 177 181 184 191 194 189 190 189 189 183 182 187 188 188 193 198 203 199 196 188 184 179 181 184 190 193 190 183 180 176 168 161 166 165 165 171 173 173 175 194 220 200 193 204 196 161 139 111 100 90 133 121 106 113 96 102 122 121 125 106 95 81 62 56 36 60 81 56 142 170 175 169 156 155 148 149 155 150 152 165 174 163 141 126 127 101 96 91 86 68 68 
30 35 39 46 61 68 56 52 52 58 58 62 55 47 53 66 86 121 144 163 170 175 179 183 188 191 196 202 201 189 187 182 186 188 193 198 202 201 200 194 192 186 191 185 199 216 201 186 174 167 163 169 163 164 158 146 151 154 145 157 162 166 183 173 178 180 160 141 109 85 79 112 124 114 86 83 108 111 116 121 113 101 84 56 47 54 46 12 22 118 164 171 163 144 146 160 156 139 138 156 166 168 147 123 136 121 114 105 96 65 50 46 
27 30 37 46 54 58 58 50 36 37 43 46 41 31 47 62 101 133 150 160 173 178 184 189 193 197 197 193 190 191 189 191 189 190 189 195 205 206 200 197 188 181 182 182 194 195 187 174 173 161 153 154 151 152 145 146 152 157 156 156 161 153 154 166 190 201 164 139 113 82 72 68 88 93 90 97 91 96 85 106 128 107 77 40 53 83 116 129 65 98 132 167 169 146 129 144 140 127 125 117 129 141 164 163 141 118 99 95 81 85 71 66 
33 39 41 43 39 38 38 34 39 45 36 23 29 50 48 71 118 135 152 163 171 177 181 182 193 193 195 194 193 186 185 179 188 187 191 202 205 200 188 179 180 175 175 171 173 172 172 167 166 159 149 146 148 153 153 154 151 144 147 147 151 150 151 150 159 167 156 138 114 88 89 92 70 59 54 61 70 69 90 145 140 107 82 38 57 95 113 120 52 97 136 165 170 137 125 138 129 115 117 117 120 136 147 148 136 132 120 112 104 89 70 47 
17 29 46 47 60 69 53 41 38 31 32 45 46 41 54 93 117 140 157 164 172 180 181 187 191 195 196 195 191 189 182 180 184 189 195 201 203 195 192 182 169 165 166 172 172 164 166 172 172 162 154 147 148 153 155 152 151 150 146 144 144 146 151 149 153 159 155 136 116 100 113 93 68 58 52 59 74 94 131 160 154 120 87 70 99 135 186 181 67 63 117 153 164 146 117 115 118 112 110 101 105 124 149 143 116 117 126 124 119 110 77 56 
36 44 48 45 45 39 47 41 37 49 53 48 45 42 59 98 118 135 154 163 170 172 175 183 189 194 196 195 189 185 184 183 189 195 200 204 204 201 189 175 166 157 161 163 175 169 160 158 161 154 147 146 141 141 142 145 147 153 149 145 147 149 146 147 152 158 170 136 113 113 95 68 49 62 77 85 84 95 113 143 152 111 80 68 92 124 149 162 117 146 125 145 154 141 107 98 101 88 71 102 124 130 137 119 115 120 122 112 92 82 76 52 
27 32 37 41 54 55 54 53 66 60 36 29 24 30 67 107 136 139 154 163 168 171 178 187 191 194 192 192 186 184 180 182 190 198 202 201 202 195 187 172 161 150 138 148 161 151 135 137 134 144 151 154 156 151 147 143 143 153 154 150 146 145 150 150 144 165 191 124 113 96 115 70 62 68 89 93 87 74 97 140 129 95 76 61 86 110 151 140 90 133 122 145 153 125 100 79 84 87 100 113 118 118 120 134 126 103 92 95 82 70 73 75 
30 28 34 47 40 44 57 60 46 26 21 22 32 50 92 123 144 144 148 154 168 170 175 181 192 191 188 186 187 182 179 180 187 194 197 198 194 188 167 155 141 128 117 120 131 122 109 98 109 127 140 154 156 157 158 152 152 156 152 151 149 141 144 144 149 158 169 126 107 36 87 104 89 104 114 108 100 106 113 121 113 93 75 52 68 103 157 147 132 166 126 140 151 124 96 81 66 56 73 92 102 124 126 113 95 78 97 115 107 79 69 56 
28 37 39 33 39 42 54 48 34 31 31 30 35 52 100 128 136 144 151 159 167 174 180 188 191 193 192 186 185 186 190 184 184 190 193 192 189 175 174 139 102 75 90 100 99 100 104 107 122 132 142 131 146 160 158 161 153 156 159 150 153 149 139 138 138 148 144 121 109 51 75 135 109 95 89 99 104 91 98 98 102 82 77 42 66 93 134 102 131 173 130 149 147 127 108 80 81 77 58 67 82 84 73 64 74 90 92 76 67 51 53 49 
32 29 24 30 32 37 26 27 31 30 25 34 33 59 105 128 135 143 154 162 170 172 183 189 191 191 191 184 183 177 178 182 189 189 194 195 192 182 151 107 80 75 76 81 89 106 117 133 137 137 124 131 116 140 156 158 158 157 158 160 157 158 156 148 147 142 141 135 118 63 63 107 118 105 84 77 83 94 93 101 76 81 61 77 118 156 164 84 98 123 138 156 155 114 92 71 70 68 69 53 69 71 77 98 88 91 87 74 54 64 56 38 
25 27 37 39 40 39 40 31 22 26 29 20 32 69 108 125 134 140 150 160 166 173 181 186 185 186 185 189 179 177 173 179 185 189 189 196 188 174 148 103 75 64 67 75 97 121 131 118 123 90 110 160 149 135 145 157 155 160 160 164 170 163 160 156 146 142 146 160 141 104 77 112 115 118 101 85 79 99 115 93 80 72 58 85 121 158 166 105 121 132 138 152 140 109 80 75 74 64 54 62 60 80 111 103 99 104 100 99 81 67 46 43 
24 32 30 32 32 24 19 20 26 33 22 27 34 76 113 131 134 140 150 158 165 171 175 176 187 183 180 177 180 172 174 175 184 185 192 188 184 173 142 104 67 55 57 75 109 131 122 111 105 95 140 165 169 162 146 151 155 157 164 163 163 165 171 162 156 151 154 159 161 139 118 107 106 103 85 76 82 95 89 83 75 68 60 99 133 165 165 106 114 128 140 145 129 109 80 75 77 70 57 64 70 62 65 63 92 89 91 85 85 68 66 61 
26 30 37 35 21 23 18 21 28 23 23 27 34 66 113 123 129 142 149 156 160 163 167 172 174 179 176 183 175 173 171 176 181 185 185 181 178 168 135 93 62 49 58 77 125 135 109 112 83 111 131 151 161 168 173 160 164 161 159 166 166 170 171 171 159 150 143 135 132 112 84 95 118 128 92 76 73 76 85 101 85 68 57 95 159 187 185 111 96 125 133 141 124 104 86 93 84 66 60 60 71 83 85 96 90 74 67 49 41 53 67 60 
36 45 33 26 21 17 20 29 27 17 21 21 32 53 104 125 130 138 143 148 157 164 167 172 174 175 171 169 176 172 170 170 175 178 178 174 167 157 129 80 52 38 50 87 136 126 111 96 98 136 130 136 145 159 171 171 154 167 166 164 172 168 168 170 159 150 138 130 123 129 136 141 154 153 135 107 92 87 89 101 84 66 56 54 95 138 96 67 113 122 131 136 119 106 90 86 67 75 71 64 75 98 99 90 93 99 103 98 79 62 51 50 
25 25 32 30 23 25 25 22 20 30 25 27 32 66 105 121 123 133 146 155 160 162 166 169 170 167 170 172 171 169 171 175 173 177 177 170 164 155 122 73 40 36 57 102 141 117 112 87 131 148 146 150 155 158 169 182 182 160 167 177 167 171 168 167 170 168 159 151 144 153 153 158 161 159 147 113 92 94 101 110 102 65 58 67 101 121 52 59 108 123 126 129 126 106 110 96 80 69 80 84 82 91 116 123 127 118 114 99 88 65 42 34 
40 38 33 30 27 26 25 37 30 18 18 19 31 54 104 114 123 136 144 152 159 163 164 162 164 165 166 162 168 169 171 169 176 177 173 167 162 150 114 67 59 37 54 124 152 120 94 123 167 181 174 146 147 147 169 170 175 180 168 174 176 170 171 174 170 168 171 160 161 159 149 146 156 154 150 136 98 82 82 82 81 66 60 58 83 89 35 69 125 129 134 130 114 111 111 99 94 86 76 81 104 122 123 122 119 97 69 64 55 54 57 39 
29 24 33 32 25 28 30 23 24 23 24 29 24 49 96 122 128 133 143 152 157 162 164 164 168 162 165 166 165 166 169 171 171 171 159 153 149 134 108 65 56 42 57 143 154 123 113 128 160 198 184 145 152 154 168 178 182 181 171 179 177 182 183 177 176 174 168 170 159 155 164 162 159 159 152 126 105 92 86 100 104 87 56 45 34 22 43 116 124 131 134 135 124 122 120 103 94 96 94 102 123 135 117 105 106 113 105 76 54 52 42 48 
25 37 39 35 33 21 28 32 27 24 23 23 28 39 74 97 115 128 142 149 154 157 159 159 160 166 164 164 161 161 165 168 166 165 159 150 145 123 94 75 50 47 76 145 158 123 64 60 81 111 174 154 162 163 166 170 184 184 175 169 177 188 181 179 183 181 173 174 168 161 162 164 166 163 159 141 114 103 104 83 89 87 60 45 61 79 117 125 132 135 137 134 133 130 113 111 107 102 106 125 149 143 135 116 91 85 87 80 65 54 46 38 
27 27 29 34 29 26 32 27 27 31 34 40 50 51 67 95 106 117 132 141 151 159 159 156 159 163 160 160 161 166 169 166 163 164 158 149 139 121 92 59 46 50 71 162 161 119 67 70 95 110 140 160 145 148 159 173 170 178 177 181 185 181 184 185 182 180 179 182 174 162 159 161 165 160 156 149 127 103 91 84 66 61 63 43 31 79 116 127 138 145 140 141 137 129 126 112 111 107 112 109 106 111 109 109 109 98 78 89 78 68 42 36 
25 34 34 32 28 25 28 30 24 21 39 53 58 53 48 63 94 115 132 142 148 153 157 159 160 161 164 163 164 162 165 166 166 161 154 148 139 117 86 56 51 37 84 168 178 143 101 114 30 88 115 148 171 169 168 173 180 188 182 177 182 179 185 187 187 176 181 183 176 171 162 159 160 161 161 156 129 105 101 79 76 61 52 23 37 106 134 140 142 143 144 149 143 140 128 123 119 115 119 134 138 120 120 114 97 89 80 85 72 62 56 47 
25 31 27 33 28 28 30 29 30 34 27 38 41 43 42 49 70 91 121 136 140 146 154 155 157 161 162 162 158 160 163 165 162 160 153 150 135 107 80 50 41 46 88 154 174 134 57 16 40 90 107 130 122 139 156 163 176 189 180 173 173 182 178 181 186 190 190 181 175 173 167 157 156 158 160 159 148 130 110 95 58 52 61 50 79 134 146 139 142 145 150 146 142 136 136 141 125 111 129 138 144 124 104 108 82 64 67 58 57 39 30 33 
23 33 36 31 32 34 35 30 26 33 28 33 32 30 34 32 48 81 110 128 140 146 151 153 156 156 158 164 163 159 160 167 169 161 155 143 135 104 72 50 43 43 73 142 156 109 62 52 95 84 123 132 133 143 148 158 171 176 183 180 184 182 182 183 186 184 185 184 178 175 169 164 151 152 155 161 159 149 121 86 69 76 70 74 92 113 139 137 140 140 150 152 142 138 131 126 128 136 134 118 104 120 113 112 113 105 77 63 43 47 41 44 
32 29 36 27 30 38 36 29 28 24 27 23 40 45 31 33 42 63 91 124 133 133 138 151 151 155 154 157 160 163 161 162 161 156 154 146 126 101 73 59 42 40 90 136 161 136 92 30 45 95 163 129 140 162 161 162 173 181 177 178 181 179 178 174 177 179 183 182 180 171 170 162 156 151 156 156 151 135 127 119 95 69 73 72 91 121 112 136 137 139 140 145 149 149 144 132 144 128 121 124 129 102 109 113 103 95 89 93 80 57 55 39 
28 26 37 38 41 39 29 36 29 33 31 26 28 37 45 31 32 45 76 105 132 139 141 140 149 151 154 156 160 161 166 163 154 153 154 146 120 89 62 58 48 59 83 132 155 136 107 114 197 166 158 140 128 132 150 155 169 175 183 179 174 181 177 178 174 176 176 179 178 173 170 162 155 149 151 151 158 153 132 123 120 103 86 71 72 88 105 119 145 145 145 140 140 139 142 143 142 125 106 101 99 127 105 99 75 54 54 39 41 44 44 33 
33 31 25 28 33 38 35 32 33 33 29 32 24 40 43 46 29 34 65 98 119 131 136 144 148 150 152 158 163 164 165 167 164 154 154 151 128 86 66 50 47 61 78 113 143 144 123 83 184 178 146 129 153 159 147 160 165 174 173 171 175 177 170 175 178 176 179 177 173 171 169 166 164 157 151 147 155 162 154 132 123 118 99 92 100 98 98 103 120 132 142 141 141 138 132 127 140 134 114 113 110 98 101 76 72 58 43 38 32 34 30 29 
32 27 32 36 36 45 40 37 42 35 33 35 32 29 43 49 41 23 34 77 110 120 127 134 140 150 151 156 161 162 168 166 158 155 153 155 143 98 50 50 64 55 67 108 143 153 135 113 45 83 100 136 162 166 170 166 171 171 172 174 177 177 172 163 167 177 174 175 172 167 165 163 160 157 155 149 155 157 162 152 148 127 108 91 72 97 121 100 95 120 142 137 127 109 105 100 117 130 115 126 112 99 93 104 81 64 48 47 35 31 37 32 
35 30 26 29 35 42 39 38 37 40 34 37 47 38 35 40 47 39 24 57 94 111 117 122 131 142 149 150 157 161 163 165 165 157 152 146 151 134 74 47 60 69 75 89 127 159 140 138 77 50 89 144 170 172 173 171 174 174 173 178 179 179 171 167 169 168 166 170 171 171 168 165 160 154 157 153 151 154 154 159 160 158 152 140 123 107 115 116 104 98 127 143 128 98 86 102 91 107 100 101 89 92 81 81 77 67 54 41 33 31 25 26 
30 29 32 26 28 29 40 36 37 40 40 33 42 34 33 34 40 52 37 37 87 101 118 120 124 131 137 146 146 155 162 163 160 159 153 149 146 142 104 63 58 74 82 97 117 146 155 118 117 56 73 121 166 178 175 170 172 171 177 174 174 178 176 170 166 166 167 168 164 166 164 163 157 149 151 152 148 154 153 153 161 158 155 152 149 138 130 120 108 103 107 114 123 118 108 78 64 83 85 103 92 83 72 77 57 47 44 43 43 34 28 36 
37 34 27 26 30 33 35 42 42 43 45 37 34 42 33 36 40 38 49 36 48 89 101 109 119 125 133 138 143 145 153 158 158 152 150 150 150 140 120 86 54 65 68 73 116 146 162 139 102 105 81 104 141 165 170 174 179 176 172 171 171 174 168 168 177 169 163 170 173 170 166 163 161 162 156 152 154 156 161 159 158 158 159 150 144 151 149 143 132 116 106 116 119 124 115 80 101 86 67 69 73 98 77 53 45 43 45 38 31 39 36 27 
30 31 26 28 24 30 32 34 40 45 38 34 28 28 41 41 42 46 43 58 62 59 89 109 111 120 129 129 132 136 143 146 149 153 151 151 147 146 144 121 85 55 58 82 99 115 146 157 131 115 112 132 145 160 164 168 170 173 171 176 172 171 177 167 155 164 163 158 154 158 164 158 151 152 154 153 158 158 161 156 147 146 139 133 134 135 132 121 117 116 116 124 113 103 109 102 92 104 98 73 77 81 83 74 59 46 37 36 36 28 29 29 
32 29 32 23 27 33 33 33 36 40 39 31 25 30 26 33 42 38 45 52 49 65 62 82 102 102 113 120 127 126 126 128 130 134 134 136 139 142 140 140 100 69 67 68 94 111 122 141 163 148 128 129 134 152 168 168 172 169 175 172 171 163 167 167 169 164 164 165 168 156 142 160 162 153 155 167 166 167 160 161 154 141 147 151 133 130 146 143 126 110 102 102 115 111 111 110 111 97 67 62 77 64 61 59 56 46 45 43 43 30 20 29 
29 31 29 34 24 25 31 32 32 46 44 31 26 27 29 22 32 45 51 45 53 46 57 59 76 96 102 106 117 117 119 125 126 123 127 129 125 124 131 131 132 93 63 66 79 101 122 139 159 169 159 149 155 163 170 176 174 172 175 178 173 169 171 171 166 170 169 162 176 177 165 153 161 166 165 157 163 156 156 154 139 138 132 121 122 132 120 114 137 131 120 113 124 116 105 78 77 77 87 75 67 71 59 55 43 42 46 38 33 27 30 59 
34 36 30 23 22 23 38 39 29 30 42 37 34 24 30 24 29 40 57 54 37 41 42 57 59 65 74 89 96 107 112 105 113 119 122 124 124 122 113 113 118 118 103 85 99 101 113 122 146 165 168 164 160 160 163 167 164 167 169 174 168 164 163 167 172 158 162 162 157 162 174 172 164 155 152 161 159 160 165 152 153 145 147 142 133 131 128 109 102 106 110 106 90 82 85 94 96 99 80 87 76 54 47 47 51 55 54 40 17 28 76 100 
35 31 32 30 26 28 22 32 37 27 33 39 34 23 21 27 25 31 45 47 47 37 34 38 53 47 52 61 73 79 91 97 98 96 100 102 109 115 121 117 114 112 114 108 106 99 105 119 135 156 165 166 164 160 163 165 165 167 171 174 179 176 180 174 173 162 159 167 163 154 163 166 158 154 150 141 147 155 149 134 128 131 124 122 120 135 140 130 136 118 115 112 121 99 103 96 84 98 83 80 75 73 64 63 52 47 28 25 56 91 100 102 
38 32 33 31 28 28 26 30 39 37 26 34 28 35 30 31 34 25 19 32 34 30 26 28 29 35 37 39 45 60 64 69 71 75 80 87 92 99 103 109 113 109 106 105 106 102 100 107 123 150 160 162 163 165 165 162 167 162 165 169 173 176 171 167 166 169 161 152 151 163 160 155 155 139 138 135 129 135 134 139 127 130 131 133 121 133 141 136 124 122 116 102 108 101 87 94 94 80 75 82 76 64 56 42 38 36 45 88 111 103 98 108 
41 39 32 31 33 26 29 32 29 36 42 29 33 30 32 29 37 45 38 17 18 29 29 30 32 30 30 35 36 38 41 46 56 62 65 70 78 81 90 93 97 105 101 102 103 107 110 110 119 132 142 152 163 165 163 161 164 159 158 161 163 161 164 165 160 155 154 153 147 144 146 148 156 149 150 131 133 125 120 133 116 108 99 103 94 99 115 106 93 109 123 123 103 93 104 85 92 87 65 76 76 84 74 52 30 46 82 92 104 109 110 108 
35 37 37 31 24 28 29 28 29 39 44 43 36 37 36 24 18 24 37 42 27 23 28 27 27 29 30 31 36 29 33 38 42 48 60 70 72 77 86 83 88 88 97 98 101 98 102 107 111 119 127 134 150 158 165 158 156 155 158 158 157 161 156 157 152 154 155 148 151 143 154 143 131 135 134 134 125 111 103 115 123 123 128 122 122 118 96 96 100 83 80 82 98 82 55 63 67 52 55 31 48 54 42 54 81 106 120 121 115 113 114 115 
44 41 40 33 29 27 23 25 30 27 26 41 41 33 39 38 41 30 30 34 44 35 32 38 40 35 36 30 26 32 31 28 30 30 36 45 58 63 66 72 72 75 76 73 83 87 94 99 96 107 122 121 123 131 134 140 144 148 147 147 149 150 150 149 147 150 150 150 153 154 147 152 141 132 134 133 110 113 107 108 130 129 110 117 131 128 124 108 95 104 92 77 52 41 54 52 57 59 61 64 39 24 51 107 118 124 121 121 121 124 124 117 
40 38 35 37 31 38 37 27 24 27 30 32 40 44 33 37 38 37 29 28 30 40 36 33 37 36 32 29 30 27 30 28 22 25 23 23 28 39 51 63 67 70 72 77 79 82 88 95 103 105 106 114 115 112 112 112 113 108 108 115 124 136 152 152 148 143 143 143 146 141 138 130 124 111 116 120 114 111 109 114 105 109 113 102 103 107 88 84 82 85 85 80 68 59 53 44 51 50 49 26 28 63 103 115 124 122 125 123 124 123 121 123 
43 41 39 36 32 28 32 28 28 27 25 30 40 46 41 29 33 37 37 31 25 20 31 34 33 25 30 30 19 22 28 27 26 23 18 18 18 17 26 38 45 61 61 65 71 80 80 83 90 93 96 99 97 97 103 97 93 92 91 91 92 91 92 101 116 133 136 135 128 122 109 112 106 104 112 98 85 86 97 94 82 89 95 90 84 81 85 69 72 60 54 59 54 51 46 40 28 21 14 28 73 111 129 131 125 125 123 122 122 123 121 119 
42 42 41 40 38 34 29 30 23 24 30 30 27 38 47 44 36 31 33 31 38 45 34 39 44 32 21 26 27 25 25 33 31 25 26 21 21 22 26 24 26 26 38 40 48 61 65 70 73 78 79 84 79 79 74 77 82 83 83 86 89 91 86 80 71 74 89 102 116 119 100 89 92 73 71 83 88 82 65 62 66 60 62 64 67 45 55 62 54 59 52 49 44 29 35 25 20 50 91 108 128 129 127 126 126 122 126 122 122 117 118 121 
42 40 42 45 39 41 29 30 34 28 33 26 23 26 41 31 34 34 33 42 38 36 34 28 39 53 46 29 30 27 26 23 21 24 20 26 32 34 33 21 15 24 21 25 24 27 35 40 47 55 65 65 72 73 76 71 72 79 76 76 74 69 75 69 75 71 63 55 68 76 86 67 70 83 75 69 69 75 83 86 71 70 60 59 49 60 66 68 53 40 38 26 38 49 54 66 108 122 135 140 140 137 126 133 133 136 134 137 137 139 133 121 
43 44 40 41 35 34 41 33 34 34 27 27 29 27 31 40 35 43 37 28 34 37 39 52 44 40 37 48 41 38 37 36 40 39 40 36 29 22 19 27 35 30 27 22 23 23 17 26 29 30 33 35 42 48 49 49 50 48 53 54 58 56 50 49 36 43 45 36 34 46 59 55 50 65 64 62 46 52 51 46 37 62 56 51 55 43 46 45 39 49 49 65 77 91 106 114 109 112 107 110 98 98 118 89 77 71 58 52 53 39 29 18 
41 36 41 43 45 42 40 37 34 35 36 30 34 36 25 26 31 28 40 40 31 39 52 44 53 57 49 34 31 31 34 31 31 36 34 29 33 44 40 35 30 29 28 30 32 33 33 23 24 27 25 24 21 20 18 16 20 21 19 29 44 46 39 38 42 37 31 35 21 20 30 50 67 51 61 53 61 60 64 61 62 56 50 46 51 47 49 41 43 37 36 26 25 19 14 8 5 8 14 5 9 12 39 131 61 40 39 18 9 11 20 18 
43 43 43 37 39 38 37 40 36 31 29 37 35 30 34 26 27 35 32 38 37 23 28 43 45 44 51 55 50 44 46 48 61 66 76 94 94 80 55 41 25 30 34 34 40 31 33 28 28 35 34 34 36 44 52 36 25 23 30 40 33 38 41 43 37 35 28 30 44 45 53 63 41 43 48 44 39 39 40 48 34 29 32 29 29 31 29 25 24 23 24 25 28 31 25 22 29 29 19 27 23 21 19 85 139 64 60 72 57 60 57 68 
37 41 38 38 41 42 40 38 35 35 34 33 39 31 35 43 30 31 29 34 39 46 40 34 39 39 43 41 52 55 50 59 55 55 52 50 36 22 30 32 30 26 23 26 22 31 33 40 39 23 27 28 34 25 36 38 34 35 39 45 46 40 52 63 60 84 71 29 29 80 91 94 88 96 84 44 30 27 23 25 29 25 28 29 26 26 31 31 29 28 29 29 25 25 27 28 22 25 29 27 29 31 27 20 125 166 96 83 94 89 84 102 
43 40 45 44 37 38 39 35 38 33 37 34 32 33 39 39 42 37 33 34 29 36 34 40 40 43 44 52 45 29 28 39 40 36 33 21 24 32 32 30 39 38 27 21 26 26 28 28 38 44 39 40 38 37 38 43 48 53 50 42 33 29 30 30 30 19 17 26 34 54 104 104 112 118 107 52 28 28 29 27 25 30 27 25 27 27 27 30 27 30 29 28 28 25 26 25 28 27 28 29 27 25 26 22 21 113 184 132 122 130 120 107 
42 41 41 39 41 39 38 38 34 36 36 40 38 41 44 42 45 55 49 34 33 31 32 33 28 36 45 52 49 53 43 19 19 32 35 38 32 38 39 42 38 39 40 46 45 41 34 34 36 48 60 53 44 40 46 48 51 50 44 37 33 32 28 26 24 22 27 41 57 97 124 117 113 120 112 50 31 29 27 30 30 29 32 33 27 29 28 26 28 26 27 25 28 29 26 30 29 29 27 25 26 28 27 27 22 15 109 212 178 163 158 146 
38 40 38 42 45 42 41 41 37 36 37 35 38 42 46 37 36 34 44 50 43 37 38 31 36 26 35 48 52 48 54 64 40 23 26 35 44 46 45 42 44 40 47 55 47 53 43 41 40 33 31 41 42 38 47 59 63 60 51 35 34 29 28 24 30 32 27 24 35 98 117 116 128 132 111 41 29 29 32 30 30 26 29 27 26 29 31 32 24 28 29 27 25 29 28 31 28 28 27 30 29 26 28 32 30 25 16 112 208 190 179 165 
41 43 40 43 43 42 40 42 42 40 44 40 39 43 40 49 39 32 33 40 42 37 38 37 34 45 45 36 43 46 51 44 49 54 43 26 25 35 52 63 53 48 42 40 40 43 56 54 54 58 57 38 42 43 57 50 58 56 41 40 34 27 32 37 24 28 28 48 57 86 130 122 138 142 68 26 28 29 29 28 30 31 27 26 30 27 28 27 29 29 25 24 31 27 28 24 29 30 28 26 27 30 28 25 27 27 26 9 74 201 197 194 
37 32 43 45 40 42 39 34 35 41 41 41 38 50 52 42 42 31 27 31 37 47 37 31 32 30 43 42 34 35 42 47 48 48 60 60 48 44 33 28 47 53 49 48 47 47 37 43 46 48 46 55 59 70 49 58 63 68 68 54 38 41 39 30 37 26 31 51 60 84 121 142 146 68 21 30 28 30 29 28 25 28 32 29 22 28 28 27 24 27 28 31 28 25 25 25 28 27 23 24 26 25 27 27 27 26 28 31 18 37 186 216 
42 46 37 37 44 40 43 44 39 37 43 39 36 48 44 42 46 36 28 29 26 38 54 47 35 37 33 36 44 45 36 39 44 47 39 40 60 60 52 43 29 30 39 42 50 49 54 48 33 30 33 30 34 52 59 62 67 70 52 43 49 51 42 42 33 29 26 96 106 120 149 93 22 19 28 28 34 32 26 28 29 31 32 28 27 24 28 32 30 29 28 28 28 29 29 34 29 25 30 32 29 33 32 31 30 31 32 28 24 20 5 104 
43 40 41 41 35 41 42 41 43 42 41 48 40 48 60 49 47 46 38 26 26 26 27 49 52 47 47 42 34 37 37 35 38 32 44 57 56 50 44 54 56 42 35 40 37 38 40 43 47 44 41 34 39 35 43 44 38 42 51 55 62 59 50 26 26 20 43 89 127 148 81 17 27 29 28 29 25 26 28 26 26 27 28 32 31 29 29 28 28 27 31 29 29 28 28 24 25 30 28 26 28 25 30 27 30 29 31 28 35 30 28 16 
36 40 38 43 46 44 42 42 40 39 43 46 60 36 55 56 44 32 32 35 33 28 26 30 36 33 41 39 36 30 37 33 40 35 28 30 41 46 55 56 64 71 70 66 66 66 60 53 47 46 42 51 45 38 41 47 47 57 51 45 35 25 21 23 19 37 82 135 126 48 16 30 31 32 34 31 30 29 30 29 30 28 28 27 25 27 26 30 31 31 28 29 32 31 28 31 32 27 28 29 29 32 28 28 29 31 28 28 27 30 32 30 
40 39 41 39 38 39 44 40 45 44 40 42 38 46 32 40 36 32 37 36 28 28 29 30 35 40 34 36 39 41 43 37 30 38 40 35 31 29 37 49 65 63 73 89 79 63 53 55 53 42 49 41 39 40 30 29 38 47 47 29 19 13 18 42 81 67 74 67 17 18 31 30 32 31 25 25 25 25 25 30 29 31 29 27 29 28 32 30 28 29 25 29 25 26 28 31 27 29 30 32 32 28 29 30 32 31 34 35 34 32 31 33 
39 40 39 39 44 44 37 42 40 42 43 43 42 43 44 53 38 33 41 44 38 30 33 33 29 33 41 37 43 39 48 54 52 42 37 40 40 41 28 27 41 55 54 53 51 55 48 45 54 56 53 61 54 54 56 45 43 45 53 52 51 65 78 81 54 37 26 20 29 31 30 30 29 27 30 29 28 28 30 27 25 26 27 25 25 25 26 28 25 23 30 28 28 30 26 29 35 33 29 25 29 34 32 32 28 31 31 29 33 36 32 33 
40 42 42 44 39 35 41 39 42 39 43 46 42 43 43 39 37 33 37 39 36 27 31 36 31 34 29 33 34 41 36 39 46 53 50 33 30 34 43 47 35 23 31 30 47 45 46 39 39 32 35 36 53 51 54 49 40 36 37 50 47 40 38 32 27 27 29 32 33 30 29 30 32 33 31 30 29 31 24 27 28 29 26 29 27 25 28 27 29 32 26 28 31 36 32 28 29 30 31 36 31 32 35 34 39 36 35 34 35 30 34 36 
