10 40 41 41 40 38 37 35 42 35 41 41 44 43 41 42 43 45 47 44 38 44 46 40 44 46 39 30 29 38 35 44 34 33 39 43 52 42 41 38 23 25 24 31 28 40 48 44 42 44 43 47 44 47 40 41 47 44 47 54 66 61 66 63 51 53 44 43 29 21 28 32 35 31 31 31 31 29 28 33 31 29 34 34 32 30 32 28 32 28 36 33 29 30 29 34 35 33 32 34 34 39 36 30 38 32 33 34 38 35 32 30 
48 43 52 51 47 47 50 47 54 48 53 49 51 54 49 49 52 52 54 55 52 51 47 54 50 52 50 44 54 73 75 60 67 63 54 57 61 54 45 57 57 67 67 48 34 30 22 23 42 41 31 32 30 28 33 37 24 24 35 24 31 27 0 5 4 0 8 9 22 35 51 61 56 57 49 49 45 50 53 56 53 52 58 63 57 60 54 54 62 57 55 57 57 61 59 63 60 62 61 57 56 57 55 63 57 58 61 61 60 62 56 43 
46 53 43 47 52 53 52 50 46 51 43 48 49 47 53 55 50 50 51 49 53 56 60 58 62 56 46 54 63 54 44 55 49 63 70 57 48 50 60 56 54 46 46 38 30 29 51 48 36 32 28 27 32 26 34 28 29 30 25 20 25 96 169 199 212 203 197 163 134 78 35 13 11 26 51 51 54 57 65 57 59 58 55 53 56 60 62 63 57 65 63 62 67 59 62 61 62 58 62 57 64 60 58 53 59 58 50 51 56 48 25 110 
49 46 53 48 45 49 47 46 52 50 54 53 48 51 51 48 52 55 53 52 54 51 55 68 63 48 55 51 48 51 55 41 47 55 54 46 57 62 46 43 43 40 32 30 46 63 39 27 19 23 27 26 23 31 28 30 27 26 27 35 147 195 192 153 154 166 167 184 214 220 209 176 131 80 45 25 38 50 53 50 49 55 54 59 59 55 56 59 60 58 59 56 55 59 61 57 58 58 56 54 57 60 55 56 55 54 56 61 52 49 92 215 
46 46 45 49 47 48 48 48 50 48 47 44 49 48 46 52 52 50 51 54 52 52 67 61 49 48 42 45 53 47 44 48 50 50 47 56 49 36 35 36 32 36 46 50 44 25 26 24 31 31 33 28 28 27 29 25 27 33 30 100 189 164 88 70 89 106 102 105 108 114 135 163 189 195 184 141 65 14 28 41 51 50 53 52 51 52 52 53 53 54 54 55 52 57 56 58 53 50 50 54 54 52 59 56 60 55 54 52 52 51 198 213 
48 47 47 48 45 46 48 48 47 50 49 52 50 51 58 54 50 49 54 53 49 70 61 64 53 43 47 54 45 35 38 41 47 49 52 39 45 57 54 55 55 53 38 28 28 34 37 40 31 26 23 22 24 24 23 24 25 26 30 104 197 194 84 91 136 148 157 157 151 163 174 171 174 178 177 189 206 151 51 40 52 48 47 44 48 47 49 51 48 52 53 51 53 48 54 51 57 54 58 51 52 56 53 56 53 54 55 58 39 138 213 207 
46 43 46 44 48 50 49 46 46 54 50 48 53 48 49 51 45 43 48 55 67 66 67 47 40 45 50 42 36 38 43 51 48 48 55 55 57 52 41 37 46 44 38 44 39 33 27 20 22 24 22 21 19 23 22 17 25 27 35 65 170 206 191 176 193 202 199 202 213 218 215 217 217 210 198 193 186 206 174 48 22 38 44 49 41 41 44 38 41 44 42 41 43 47 53 52 54 49 53 64 58 55 57 55 54 52 58 43 67 213 220 220 
51 52 52 47 46 48 50 50 53 49 48 49 49 49 44 54 48 53 55 45 53 65 44 41 42 48 47 40 41 34 32 33 33 30 29 27 26 34 35 44 42 47 48 35 28 23 23 24 15 15 15 16 15 25 33 36 38 34 37 50 150 200 207 207 214 210 206 209 209 206 196 174 167 172 179 195 189 191 198 161 72 28 44 47 50 45 38 53 47 43 45 45 43 47 44 48 52 53 55 52 52 54 55 58 52 55 28 78 208 219 180 169 
46 49 49 52 51 45 46 51 49 46 46 53 52 49 52 48 44 43 50 69 70 46 38 49 49 32 31 37 43 41 47 40 39 31 25 30 46 45 53 50 51 41 27 15 15 19 27 30 33 39 52 50 56 44 44 41 49 51 43 42 75 198 234 223 209 200 200 210 205 195 180 175 181 170 152 186 191 185 184 186 188 86 38 47 45 47 47 42 43 47 53 52 43 40 46 51 49 54 54 49 52 52 50 53 58 37 133 226 193 135 131 130 
48 50 48 53 49 49 49 50 50 52 52 46 50 56 54 42 44 55 64 57 44 34 39 32 19 31 43 51 41 34 29 36 38 44 57 65 66 58 50 50 34 27 26 45 60 52 38 29 43 59 56 54 68 65 49 68 52 54 60 35 20 22 74 122 143 164 219 212 185 181 180 183 193 190 185 198 201 200 198 200 188 138 52 45 49 47 46 46 52 45 44 45 45 49 45 47 47 46 54 57 54 55 58 57 35 124 211 157 132 142 129 138 
49 45 51 46 51 50 47 51 50 49 47 56 55 45 35 42 49 59 62 49 45 43 32 39 46 47 49 40 41 42 38 40 43 64 74 65 52 46 38 29 23 36 64 68 35 19 35 57 63 70 83 93 101 118 127 128 141 141 144 135 110 101 90 46 29 60 63 60 49 83 127 132 141 166 177 224 232 228 218 209 192 158 68 48 46 44 48 49 44 43 50 48 52 49 49 45 45 51 46 48 52 54 55 40 106 213 175 156 151 131 139 125 
50 51 51 50 47 52 49 49 48 49 56 60 46 34 42 39 52 57 51 42 45 43 45 45 48 49 39 41 41 42 49 58 65 67 65 57 51 34 16 19 39 63 83 88 103 130 157 174 183 186 182 184 192 196 202 206 205 208 208 203 201 197 195 188 171 157 131 110 102 76 55 53 56 44 55 69 104 91 147 198 184 151 71 47 45 54 49 49 51 50 47 47 48 51 49 49 48 43 51 50 52 49 44 79 202 174 153 158 141 137 114 139 
47 52 49 48 51 52 55 49 51 53 52 44 31 34 32 45 54 49 43 50 51 49 50 44 40 54 54 49 49 65 78 74 73 75 62 51 32 36 66 103 132 147 149 162 182 193 195 196 196 196 198 198 201 205 202 200 203 202 203 201 202 204 202 200 203 202 198 194 186 179 171 148 134 115 96 72 35 52 43 52 60 78 53 56 48 37 42 45 42 46 43 43 43 42 46 44 45 48 45 46 47 47 41 185 176 150 150 144 144 153 161 139 
50 45 46 52 47 51 48 53 47 46 51 31 26 27 44 52 50 55 57 42 38 37 30 56 65 47 49 69 80 96 107 95 57 32 35 56 104 149 179 189 185 188 197 201 197 199 199 197 198 198 200 200 199 196 198 200 203 200 199 201 202 197 193 196 191 185 181 178 174 174 179 172 162 153 136 114 120 104 84 82 79 87 75 62 62 63 63 54 52 53 48 53 54 51 44 47 48 46 42 46 44 30 172 201 154 143 136 132 136 156 157 163 
50 51 51 52 53 51 49 46 51 56 36 31 27 42 51 57 58 52 40 39 34 49 60 43 40 57 76 71 84 85 80 53 39 84 149 187 196 201 197 194 197 194 193 193 193 197 195 195 194 205 202 196 194 197 204 202 200 202 204 200 197 196 193 191 192 192 191 191 193 192 186 182 162 155 158 163 155 139 126 148 121 120 102 97 81 71 57 76 74 65 51 50 35 34 42 46 43 49 52 56 31 136 196 154 133 126 115 144 157 130 74 38 
48 50 51 52 49 49 53 52 45 32 35 30 39 46 48 57 48 35 43 54 75 52 46 60 96 102 69 70 69 82 71 65 130 199 213 205 202 200 201 202 198 197 200 196 201 212 208 208 196 182 155 149 181 196 202 203 202 204 202 201 199 196 197 198 199 199 202 201 200 198 190 178 184 185 194 188 179 185 181 169 150 145 135 137 133 134 123 108 63 63 70 48 62 69 57 44 23 13 7 1 52 156 85 59 70 60 71 47 11 0 9 102 
50 49 49 50 50 48 49 43 35 27 25 44 49 57 58 45 39 51 58 41 33 40 47 81 76 58 74 80 86 73 70 141 187 207 207 206 205 203 203 200 200 199 199 202 189 140 107 103 106 127 143 164 190 204 208 208 210 209 205 204 205 206 203 204 203 200 199 199 200 192 190 177 186 170 172 178 184 181 151 144 154 162 160 154 168 170 148 137 121 112 82 68 54 59 66 92 134 158 155 153 157 148 143 147 150 155 157 161 166 152 125 77 
48 46 45 47 47 54 47 35 28 35 39 46 50 49 42 35 33 39 36 46 45 50 73 69 65 56 72 96 86 82 121 176 198 205 205 202 205 206 203 204 201 196 201 173 119 78 89 105 127 149 169 190 199 206 208 209 205 204 204 204 207 208 207 208 206 203 205 201 190 190 190 192 189 186 184 190 190 180 178 176 168 168 163 166 146 143 153 166 157 131 119 111 85 50 34 35 54 92 135 148 165 165 169 173 169 170 172 171 170 174 175 167 
46 53 51 49 51 52 46 29 35 32 49 52 47 49 41 30 34 37 42 39 47 72 75 64 53 65 75 74 73 114 173 185 199 205 204 207 206 205 205 201 191 191 156 99 96 80 94 132 158 180 190 196 203 210 212 206 203 203 204 208 209 209 209 205 206 208 206 205 201 198 199 197 195 194 198 200 194 189 193 182 193 178 176 177 175 187 178 151 138 137 130 135 121 113 89 56 32 38 52 83 128 171 172 167 173 175 172 174 173 172 175 173 
48 48 50 51 53 50 35 28 31 46 47 46 49 46 37 43 57 51 49 55 64 73 71 48 63 80 72 68 99 164 186 195 203 203 205 206 205 205 197 194 194 164 94 89 78 83 126 174 177 194 198 194 190 188 191 194 201 204 207 206 205 207 204 206 208 205 202 201 198 201 197 197 197 198 201 207 205 200 198 186 181 192 183 182 165 164 150 170 158 158 161 159 152 139 130 101 82 50 41 41 61 82 126 166 176 170 171 173 174 178 178 178 
55 51 51 50 51 49 27 29 44 55 44 44 51 45 41 40 45 45 49 54 73 77 42 50 68 60 70 90 142 170 189 202 205 204 203 201 198 197 195 193 167 102 89 90 86 132 166 192 196 195 181 153 155 112 171 196 203 205 208 207 206 207 208 208 205 208 205 203 202 204 202 201 203 201 199 197 200 203 198 196 185 185 171 178 178 169 172 170 168 155 152 154 159 135 136 141 123 105 61 41 38 36 49 126 167 172 178 176 172 169 176 177 
45 50 50 52 49 39 32 32 33 35 41 49 45 46 51 49 45 37 47 75 69 41 49 58 54 72 96 138 163 187 205 205 202 203 203 200 198 193 191 177 134 105 94 70 90 141 183 198 207 183 151 153 87 137 183 198 212 210 208 205 206 207 206 205 203 201 203 205 208 205 205 204 198 203 207 201 201 203 204 203 196 194 193 182 174 169 168 180 171 163 162 142 149 148 159 146 127 114 99 93 59 50 54 98 170 188 170 161 174 175 174 184 
50 58 51 46 44 34 36 45 37 44 47 46 56 69 58 51 47 50 56 46 35 49 51 57 80 94 116 138 184 205 203 201 203 199 200 198 196 194 184 166 117 80 89 91 99 157 190 203 194 166 174 94 79 134 195 209 208 209 204 205 205 203 203 206 206 205 206 204 203 202 205 204 208 207 206 208 204 204 201 191 194 193 191 192 178 166 156 143 155 161 155 169 162 147 144 137 136 140 119 113 103 71 46 31 63 124 179 178 172 173 175 169 
52 47 49 53 50 39 42 34 45 54 47 52 52 44 46 42 45 45 43 38 51 55 63 81 89 101 130 189 203 200 201 203 200 202 202 201 192 189 178 141 102 75 76 70 103 150 186 195 180 193 102 63 112 166 204 211 210 207 205 206 207 205 203 201 203 205 203 209 208 205 207 207 207 206 201 193 189 199 201 204 201 193 186 188 183 175 183 176 163 165 167 159 159 160 147 157 154 110 112 99 107 107 77 54 33 32 102 171 177 175 169 168 
48 52 49 51 51 44 38 39 42 48 41 39 44 43 42 43 42 43 45 61 60 66 76 73 91 133 181 193 195 198 198 200 201 197 198 195 192 186 163 124 98 73 62 68 114 164 190 183 194 126 89 168 148 174 207 209 206 201 202 200 202 203 204 203 202 201 203 202 204 204 204 202 199 200 198 197 192 192 195 195 193 191 198 191 191 188 174 159 171 162 153 167 164 165 147 143 147 131 121 105 99 83 59 49 45 41 43 85 142 170 169 169 
50 50 53 53 46 47 38 36 38 45 48 51 46 39 37 37 44 46 57 72 72 62 72 97 137 180 191 196 195 198 202 198 198 198 197 197 192 180 163 138 108 82 61 62 118 175 189 174 178 108 195 197 176 153 188 198 192 200 201 200 194 195 196 201 205 203 203 202 200 200 200 198 197 191 192 190 191 189 189 198 188 178 173 173 169 158 171 165 149 161 169 169 166 170 170 154 150 129 131 121 99 88 77 72 73 52 48 54 101 145 157 167 
49 48 50 46 48 50 44 39 37 42 57 46 39 38 38 43 48 63 73 61 58 75 120 155 177 188 191 194 198 196 195 199 197 198 197 197 195 180 165 144 110 76 52 63 127 180 183 176 153 142 114 169 184 174 198 189 194 194 196 199 198 199 197 200 199 202 201 201 200 201 199 194 189 188 185 185 191 192 176 169 170 182 167 165 167 166 167 164 168 169 164 165 175 171 167 159 145 135 105 94 94 87 69 62 51 49 51 60 84 133 163 164 
49 51 50 49 44 45 38 38 43 44 48 47 34 39 49 55 56 58 54 57 82 111 143 167 180 181 189 195 193 198 195 194 196 198 197 197 193 184 173 152 106 61 54 72 134 182 171 157 94 65 84 100 160 142 173 184 190 191 199 198 198 198 200 197 200 199 199 199 196 195 194 194 189 184 181 183 180 180 161 146 144 100 127 138 150 147 145 146 157 179 183 167 165 176 168 148 128 120 116 93 82 85 86 62 54 59 57 35 41 105 152 163 
46 47 44 40 50 50 43 43 50 48 50 37 33 40 45 48 51 44 39 72 107 136 158 172 181 189 192 193 196 191 189 196 195 199 195 196 190 182 174 146 97 74 50 76 152 190 167 168 81 36 82 97 139 181 182 190 189 188 186 193 198 194 194 201 202 203 201 199 196 195 192 186 184 182 182 190 194 175 138 114 79 96 100 93 108 105 114 139 163 180 182 176 159 154 161 156 160 149 118 102 112 104 89 72 65 54 42 47 44 25 74 151 
50 46 47 48 45 43 37 35 35 40 42 37 32 41 37 39 40 57 83 109 129 147 166 179 188 190 193 191 190 192 194 190 193 192 200 201 195 194 183 147 88 58 46 75 163 188 153 134 101 34 53 117 125 149 170 185 194 194 195 197 195 197 200 201 200 200 199 199 200 193 187 184 175 179 186 188 172 130 95 92 94 102 106 112 131 149 154 159 162 175 180 179 177 180 161 170 177 169 153 149 126 112 95 90 80 63 42 42 43 35 22 53 
47 43 42 51 45 36 34 35 43 50 44 35 32 36 36 26 31 59 102 120 139 158 170 183 189 189 190 191 186 187 187 189 191 193 197 197 199 194 177 142 82 51 40 72 156 175 131 107 54 96 121 121 157 156 170 182 192 199 194 189 192 198 198 201 202 195 196 198 188 186 177 178 181 184 179 173 147 117 109 99 112 105 97 93 112 126 134 172 178 186 189 181 173 181 178 185 183 158 137 125 130 112 136 126 99 84 57 41 38 35 33 64 
53 50 50 50 39 32 34 41 47 47 38 30 39 33 24 25 44 95 119 136 146 160 172 181 189 192 192 193 189 186 185 190 193 195 196 199 200 200 190 149 87 65 50 75 157 163 126 108 57 75 96 130 142 168 182 175 186 187 189 191 198 198 197 197 200 200 197 192 176 176 175 183 188 191 193 161 126 122 93 93 103 97 74 93 136 162 178 177 178 185 189 185 181 181 190 190 175 162 153 163 152 150 123 116 114 102 69 45 31 36 36 41 
46 46 42 41 37 33 32 45 45 45 34 34 35 23 24 29 56 112 131 141 153 165 175 181 189 192 190 186 186 186 187 187 191 192 197 197 199 196 183 131 77 58 53 82 149 159 123 109 127 156 174 171 159 159 169 181 191 191 192 197 198 199 199 201 200 198 189 190 172 172 180 184 189 189 163 131 112 108 118 111 138 125 66 75 153 181 185 182 173 165 174 163 166 184 182 181 181 184 172 159 141 138 126 113 99 87 80 53 47 39 47 43 
55 45 41 38 31 29 31 40 39 37 31 35 31 29 29 37 75 125 134 144 157 162 172 181 185 187 187 185 184 184 184 186 187 189 195 200 200 194 181 133 87 62 63 89 132 151 122 114 113 162 163 145 152 169 171 190 190 189 194 196 201 203 200 200 199 195 182 175 163 183 192 195 201 187 141 114 111 109 103 109 129 130 79 53 131 169 174 173 163 129 144 154 163 174 178 177 184 171 152 142 135 101 103 94 89 68 63 58 49 52 42 36 
46 40 38 38 31 31 35 44 46 41 40 35 29 29 24 43 80 124 138 147 153 163 175 180 183 187 190 188 184 182 186 184 188 193 197 197 199 196 179 132 85 73 62 102 129 151 123 106 91 126 127 139 146 154 178 183 191 198 200 202 204 207 210 202 194 182 170 166 177 184 194 199 190 173 146 115 101 106 116 131 122 89 56 29 121 160 168 165 154 146 148 164 173 166 165 177 181 160 122 120 118 123 114 98 77 67 69 63 60 43 38 44 
46 44 46 31 28 31 32 38 40 30 33 32 29 27 30 44 93 129 146 154 159 166 169 178 185 188 188 188 182 182 178 181 188 189 192 197 198 194 181 146 98 65 68 109 143 152 135 103 92 105 142 137 153 168 176 186 198 199 201 200 204 209 210 195 186 194 193 191 185 189 194 199 184 137 100 103 113 123 154 147 105 77 68 60 112 162 166 170 161 165 165 164 152 150 170 179 175 171 165 158 133 108 107 97 111 92 63 58 40 31 32 34 
38 35 38 38 31 30 36 41 34 33 37 30 31 31 30 49 106 135 150 154 165 169 176 179 177 179 188 189 186 180 177 180 183 187 194 198 198 192 174 153 119 89 84 114 143 148 146 107 114 91 122 148 173 170 185 197 195 197 198 202 200 195 181 186 186 175 168 134 160 180 181 193 147 109 92 99 124 115 127 111 82 70 67 109 125 157 171 180 170 158 169 171 152 143 128 131 144 160 148 141 135 126 123 129 105 89 75 72 55 49 39 41 
44 35 45 40 31 25 43 45 45 43 36 28 28 27 33 58 102 136 154 160 162 167 177 179 176 179 190 184 179 177 176 179 179 185 195 199 194 190 182 167 148 121 113 118 152 154 144 116 109 89 120 158 152 172 188 189 188 193 195 187 182 181 181 175 163 158 100 78 92 165 166 141 101 104 86 103 111 116 83 81 70 62 42 37 34 126 160 163 149 148 149 148 137 128 127 133 151 155 165 138 124 134 136 122 114 93 67 47 51 36 41 39 
44 33 35 33 30 38 41 52 52 37 39 37 39 32 37 59 103 135 149 157 164 170 169 171 179 185 189 188 183 179 175 173 180 181 190 197 203 196 189 179 165 152 137 149 184 182 164 157 125 107 137 179 173 179 180 180 181 177 174 178 182 188 209 206 176 173 104 15 65 137 139 119 112 103 114 104 125 123 112 90 64 70 125 162 157 121 152 174 167 144 152 143 125 127 116 115 125 151 142 110 110 124 123 108 102 95 92 70 48 52 38 32 
37 37 36 35 27 32 41 44 38 36 35 32 33 43 47 63 95 133 158 162 165 171 176 177 179 184 187 184 182 179 176 175 176 182 188 194 196 196 192 189 183 177 170 178 193 201 190 175 168 175 181 173 175 175 176 172 175 174 174 175 175 182 190 183 171 166 169 142 169 148 141 138 117 118 115 120 122 115 110 98 62 47 91 155 170 131 148 168 157 140 136 129 117 98 102 128 145 137 124 131 120 104 102 95 72 70 73 72 57 44 36 37 
27 30 31 41 31 30 41 45 44 35 30 34 32 45 62 87 104 122 147 163 169 167 171 178 182 184 188 190 182 180 172 170 174 176 187 199 196 195 193 190 186 187 203 212 209 202 195 187 181 176 171 175 171 173 179 183 179 185 184 169 171 185 194 171 145 133 139 156 149 126 111 110 111 111 115 115 131 130 115 103 55 74 166 190 185 130 137 163 164 132 120 120 110 108 119 132 133 126 139 121 95 96 116 121 104 79 74 56 45 37 35 31 
31 29 34 43 38 28 33 44 49 49 40 36 40 32 47 65 88 123 140 155 164 170 175 182 184 187 189 184 182 179 176 171 173 178 186 196 197 192 194 191 190 191 201 210 212 209 201 192 175 166 175 176 177 170 172 175 188 190 193 173 171 200 194 162 131 116 94 98 134 126 112 104 106 90 88 81 118 149 124 112 98 123 183 207 205 164 135 152 149 126 97 98 83 92 98 103 117 115 91 101 87 104 96 75 62 41 49 41 40 32 30 37 
17 24 30 38 47 46 41 43 42 42 40 43 42 43 40 57 79 110 136 146 161 168 176 178 185 186 188 189 183 181 174 173 169 175 186 196 200 200 194 189 188 189 191 195 199 198 191 179 169 169 160 165 168 171 179 179 178 199 201 186 172 177 177 157 136 106 85 70 85 96 91 88 87 73 62 76 146 164 124 106 99 111 148 179 185 146 133 147 146 119 103 101 107 84 76 79 86 79 66 57 77 88 81 64 63 72 57 43 38 39 34 28 
28 21 22 31 37 37 42 47 42 53 41 30 37 45 51 54 68 83 116 150 157 167 173 174 176 180 188 186 182 176 175 168 175 177 180 186 199 202 196 193 191 186 188 192 189 185 177 168 167 153 153 154 150 155 153 153 154 151 154 161 157 175 198 164 146 115 85 82 80 81 69 78 84 92 97 133 146 172 133 102 81 90 131 171 184 140 125 144 150 133 118 102 86 92 89 81 90 77 113 117 107 106 108 110 88 69 61 54 40 35 34 40 
22 21 31 34 39 40 43 45 40 40 48 49 40 37 47 50 66 93 116 136 159 169 170 177 173 178 181 188 182 182 175 172 172 177 186 190 193 188 188 185 185 186 198 205 199 178 162 157 156 158 153 153 143 140 150 144 151 164 157 153 158 168 176 157 138 117 87 100 104 75 80 97 106 98 92 94 125 160 110 89 71 62 81 123 178 139 134 144 145 126 88 84 79 68 70 67 72 97 95 80 103 107 111 88 96 92 78 69 58 47 45 34 
26 21 21 37 38 44 48 37 39 31 24 26 38 45 55 63 62 78 109 140 160 171 170 173 179 181 182 183 184 179 179 178 181 183 186 190 198 196 190 185 182 182 178 190 179 174 167 159 149 148 146 145 140 145 144 152 149 149 150 148 145 154 151 149 134 114 104 104 86 67 63 94 97 99 83 95 127 141 106 81 72 53 110 130 139 112 134 149 145 106 91 96 94 81 62 76 77 74 62 88 103 84 65 57 40 52 65 67 53 45 46 41 
26 19 21 23 38 40 43 46 44 46 48 50 52 63 55 51 63 90 114 133 154 170 169 174 182 187 188 185 178 176 171 171 173 178 186 194 199 199 194 182 176 173 176 175 171 167 162 156 144 140 143 147 150 148 142 141 137 142 144 146 147 150 164 162 134 112 100 80 96 75 86 108 117 108 103 106 105 108 99 85 77 83 128 171 181 141 132 140 132 110 94 101 89 78 68 68 92 97 105 93 90 91 108 111 95 76 59 49 49 45 38 41 
26 26 23 28 29 41 40 30 28 35 39 46 49 45 45 50 68 90 109 130 150 165 170 177 185 182 187 189 184 176 176 178 180 182 189 196 198 192 186 179 172 170 167 169 166 171 170 162 151 141 134 138 142 141 144 147 143 139 142 145 142 145 166 204 136 112 85 21 113 122 99 102 91 102 99 97 96 97 83 77 60 81 121 156 168 140 127 133 131 111 97 111 98 83 78 62 72 99 99 107 118 126 118 103 93 76 54 39 37 41 44 34 
32 21 27 22 25 30 49 49 44 37 43 44 40 45 45 52 72 97 123 146 156 162 169 175 180 182 180 183 180 177 179 178 178 176 187 194 192 183 168 167 162 163 169 179 176 159 145 141 135 134 136 134 132 133 135 143 144 143 140 140 146 140 149 165 132 114 96 20 70 130 108 98 82 75 83 83 96 98 80 73 58 95 130 169 182 135 126 135 125 116 102 97 83 79 93 95 94 102 120 130 127 106 87 86 64 58 60 57 41 33 36 45 
31 27 20 29 36 36 28 32 51 52 47 41 40 35 48 55 74 109 137 152 159 162 171 178 179 182 181 180 178 177 167 175 173 184 192 196 191 189 181 165 156 154 162 175 170 157 135 101 106 129 148 148 149 141 142 149 151 143 139 134 128 136 132 143 134 117 102 61 31 98 119 107 96 87 76 101 113 87 77 66 51 56 122 160 153 125 119 132 134 115 112 120 103 96 86 86 94 122 128 110 109 124 114 86 62 52 54 50 40 30 34 31 
34 18 20 28 31 40 49 68 60 48 48 51 40 47 39 49 77 115 134 149 158 162 170 170 182 183 182 180 176 176 169 170 180 183 196 201 200 190 173 159 145 134 127 144 144 124 94 90 109 124 129 140 150 157 150 146 149 151 151 151 151 146 143 134 137 133 122 100 78 116 117 99 82 67 70 81 75 92 77 66 55 60 87 115 112 110 126 136 133 118 116 107 105 99 99 97 115 136 140 130 117 89 91 88 88 75 68 36 37 39 33 34 
27 26 31 31 32 41 57 59 60 56 42 30 39 31 45 53 86 117 138 147 159 165 169 171 177 180 179 179 174 170 172 177 182 185 185 191 189 180 161 149 134 118 109 112 110 98 96 111 116 116 121 109 116 133 149 149 155 158 162 160 156 154 148 145 137 153 157 150 131 122 126 129 111 85 80 76 81 97 95 68 60 58 88 114 111 120 132 137 129 118 125 124 110 102 107 110 135 144 133 110 101 98 94 85 96 76 63 56 48 41 35 37 
24 27 28 31 40 43 42 58 48 34 34 27 30 47 42 56 86 114 137 144 156 160 162 166 171 177 175 177 175 174 164 169 176 182 187 187 184 170 155 128 95 74 86 89 96 104 119 130 126 71 110 141 128 133 144 145 150 157 159 156 157 166 168 157 146 141 126 101 74 94 112 140 156 135 91 83 92 99 112 83 57 50 39 43 68 124 131 141 137 134 127 125 120 124 120 120 116 113 110 119 110 101 95 85 84 70 54 50 38 32 29 33 
27 23 28 30 30 39 46 48 46 44 39 43 48 42 43 51 93 112 130 145 154 155 159 162 171 173 175 175 175 170 168 168 169 173 177 179 177 170 147 99 66 66 71 84 100 123 138 122 112 92 125 148 150 143 152 156 161 157 162 166 168 172 174 164 154 142 137 128 121 112 127 152 155 143 107 90 83 90 81 75 58 45 46 61 105 130 140 139 138 137 135 129 118 112 111 122 136 140 126 114 117 95 71 65 59 59 52 31 40 46 37 29 
25 28 28 31 42 45 55 57 51 41 52 50 40 28 27 57 96 124 133 141 148 155 160 166 168 175 177 173 168 172 172 170 168 172 176 181 179 166 132 89 68 60 69 79 114 137 127 119 103 106 143 147 153 156 160 155 163 164 167 168 168 165 169 165 166 167 158 154 158 152 151 158 161 153 130 95 86 87 100 105 84 53 39 58 117 130 142 144 146 146 140 134 132 135 122 124 138 145 130 107 101 115 105 90 72 63 47 50 40 32 25 23 
20 21 24 35 36 40 40 47 55 61 57 41 26 28 38 63 105 125 132 136 144 155 160 166 175 178 175 173 169 164 168 167 167 170 172 176 174 165 133 95 63 50 48 84 135 149 117 116 95 132 144 134 145 157 168 171 164 163 168 172 168 169 169 167 166 168 172 167 161 159 158 158 162 160 137 117 98 97 70 75 72 58 28 67 125 144 153 148 153 150 147 139 143 131 128 135 126 110 109 118 118 119 95 96 82 75 60 52 51 29 23 28 
28 21 26 27 32 44 55 63 73 67 39 19 26 27 31 61 104 119 128 140 149 155 163 167 168 166 172 170 167 166 163 160 169 174 175 174 174 162 135 96 72 55 57 87 138 145 121 115 90 140 145 143 152 145 166 170 171 164 170 172 170 174 171 171 171 169 172 171 167 169 169 164 157 155 153 124 107 89 89 71 56 52 30 91 130 127 133 145 150 150 145 142 131 131 142 133 121 119 120 113 104 97 75 58 46 29 36 36 23 28 32 30 
27 27 22 30 30 34 33 35 41 44 35 38 27 29 32 61 99 120 128 137 145 150 157 162 166 166 162 162 167 162 164 163 166 171 170 170 167 163 135 84 52 32 45 91 144 139 125 102 136 183 180 146 150 141 158 175 173 175 165 169 176 181 171 175 176 175 173 179 170 170 167 166 164 162 156 138 102 107 79 67 66 64 69 102 135 134 137 141 145 151 151 146 145 140 138 128 113 103 98 119 103 85 82 60 46 41 37 36 40 34 25 27 
24 23 25 24 33 32 35 37 37 20 26 28 32 27 37 67 104 118 124 137 147 151 153 161 155 163 169 165 162 163 163 164 164 168 170 165 161 148 130 82 55 44 46 104 160 144 136 112 115 120 170 162 156 162 153 164 176 166 163 168 170 175 174 176 172 171 178 180 175 174 167 166 161 158 161 154 138 119 91 66 61 78 90 105 121 133 146 141 141 147 139 149 136 138 143 141 122 115 123 94 103 103 78 59 52 52 35 31 29 29 36 36 
25 22 28 29 23 25 32 38 36 42 31 26 21 22 22 56 98 113 124 135 144 148 153 154 162 159 163 161 163 163 161 159 165 168 168 161 154 151 130 86 50 43 39 115 168 159 129 82 46 92 91 130 134 143 144 163 161 169 169 170 174 173 177 179 180 175 178 179 177 174 170 163 160 159 158 160 152 129 108 91 87 81 88 100 112 119 134 148 146 140 143 136 135 126 119 136 123 127 113 105 86 86 94 81 55 44 44 35 30 28 33 18 
21 27 33 30 33 34 37 36 33 20 22 33 27 25 28 39 82 109 117 131 136 145 152 157 158 165 165 161 158 159 162 165 165 169 167 159 155 143 125 84 52 56 49 112 170 167 147 106 113 81 104 116 137 158 145 158 170 175 169 163 163 173 171 176 178 184 181 176 175 174 170 162 156 157 160 159 146 136 125 113 94 85 85 88 105 104 110 131 131 140 135 128 103 90 97 99 110 102 100 85 74 76 55 52 48 41 38 33 36 34 26 43 
29 30 26 21 29 36 33 25 17 18 26 27 24 21 28 41 83 106 115 126 139 149 154 154 158 157 158 160 159 158 162 163 163 168 164 152 147 137 120 85 56 39 48 100 172 171 141 103 83 19 60 102 124 146 145 145 164 168 169 166 170 170 174 172 178 174 179 179 176 171 168 164 159 152 153 157 166 154 134 135 125 109 93 97 109 113 105 95 120 141 145 133 109 99 90 67 77 82 87 87 94 64 56 47 43 38 36 37 29 25 28 68 
32 31 28 28 30 33 28 23 20 24 29 22 24 24 21 34 68 98 109 127 135 145 151 153 157 159 161 160 162 160 160 159 157 156 160 154 139 133 110 80 53 43 50 92 164 171 138 106 43 45 83 92 108 119 135 145 164 167 170 166 170 173 169 169 164 168 168 175 179 173 170 163 161 159 152 151 157 165 157 138 141 113 106 90 96 126 122 116 91 109 130 131 129 115 95 89 94 72 55 66 91 96 72 58 42 46 37 41 33 19 56 98 
27 32 26 28 38 33 31 23 22 31 31 28 23 21 20 25 58 97 110 119 135 145 149 156 155 152 152 159 158 158 154 162 163 163 159 154 146 133 113 81 50 38 36 89 145 165 142 108 38 48 66 100 120 145 148 142 152 169 167 168 167 167 173 173 171 171 169 169 170 168 166 167 166 154 151 150 155 158 162 163 158 160 153 145 126 121 124 117 108 90 104 109 110 117 98 84 102 102 98 76 67 52 59 51 44 42 47 33 19 44 98 106 
36 29 28 28 25 34 33 27 30 29 38 27 24 24 27 26 44 82 102 116 129 140 146 149 153 154 156 161 160 157 162 163 162 158 161 151 141 131 111 86 58 49 44 72 131 152 145 125 85 86 95 143 120 115 139 147 155 166 173 166 164 165 166 160 167 173 170 174 170 164 169 166 161 163 159 156 154 153 154 160 163 158 157 156 158 152 151 143 133 124 111 121 110 106 117 115 109 89 65 64 74 66 62 56 53 50 40 22 51 103 104 102 
31 34 32 31 31 34 36 33 25 27 24 29 20 23 21 23 33 59 80 91 111 131 139 152 151 153 154 155 157 159 157 157 157 161 156 152 144 136 113 81 56 35 42 68 120 150 158 137 106 110 148 147 135 149 154 142 158 163 167 169 170 175 171 164 153 160 165 170 169 173 163 164 160 146 148 152 143 154 162 158 160 162 161 161 151 144 132 121 114 110 104 103 120 111 102 83 87 85 83 81 80 64 41 55 46 33 21 55 97 100 105 111 
36 30 26 27 29 28 34 33 30 32 39 30 33 31 38 47 44 55 77 96 105 120 134 138 144 153 156 158 158 160 153 154 156 162 161 154 144 134 116 77 61 46 41 58 109 140 155 134 127 67 80 115 126 154 169 165 168 167 170 168 172 173 171 167 165 164 165 165 166 162 165 164 161 159 158 157 157 155 158 161 151 145 141 130 122 127 139 144 134 127 118 112 109 117 105 88 91 100 92 77 71 67 64 52 34 33 65 101 112 115 113 109 
32 35 35 30 26 27 27 34 24 23 28 31 24 38 47 49 51 41 44 64 91 113 125 136 146 148 154 153 153 155 156 157 157 155 154 148 148 140 112 80 61 55 42 66 94 123 146 152 143 136 53 51 102 154 174 174 172 172 171 173 169 169 171 172 169 168 165 164 169 169 169 162 157 159 157 160 159 164 166 160 161 149 148 151 141 133 133 110 119 123 114 112 100 88 79 99 88 90 88 83 76 61 58 46 38 66 98 117 120 122 118 123 
36 34 32 26 25 31 24 32 31 34 36 28 29 31 33 30 33 28 32 38 59 94 114 122 132 143 148 150 151 153 153 158 158 161 155 150 150 148 123 81 53 48 62 61 76 111 147 168 146 144 104 51 89 147 174 173 174 176 174 169 166 169 171 168 164 165 163 156 159 158 153 164 162 155 154 160 169 168 160 159 152 143 139 129 126 126 127 122 110 114 108 106 118 124 98 91 100 93 71 66 61 66 51 29 66 117 121 121 122 121 122 122 
33 34 30 27 23 24 27 32 37 31 35 32 34 28 27 34 32 36 27 33 36 61 102 122 128 133 139 143 148 152 160 162 161 162 164 155 148 151 143 105 54 46 58 63 83 96 122 155 168 123 118 94 65 112 158 171 175 175 171 169 168 170 168 172 166 162 163 165 165 168 162 147 159 167 164 167 160 159 159 160 150 149 149 146 136 128 137 142 128 126 115 112 96 96 94 97 76 79 73 53 38 27 28 60 104 116 124 122 124 122 120 118 
41 34 31 32 26 26 28 30 35 42 36 30 29 38 26 23 38 37 36 21 25 37 70 102 117 120 129 137 143 144 154 157 161 165 161 158 150 144 145 145 104 65 55 71 73 90 119 136 150 159 121 115 104 125 141 162 166 165 168 167 171 174 172 164 169 169 164 162 161 168 173 173 167 157 156 156 157 155 160 161 145 124 126 121 119 111 122 133 133 108 104 117 115 104 88 61 61 58 51 48 40 20 45 99 129 131 125 126 124 122 123 121 
49 40 39 30 25 28 34 26 37 39 34 30 38 26 33 31 30 34 29 30 26 15 40 82 106 117 116 127 138 145 146 154 159 163 166 159 157 151 150 144 128 89 65 59 68 69 92 119 136 151 157 143 131 120 130 143 164 171 168 170 174 178 167 168 169 170 163 158 163 157 152 159 171 167 158 148 141 140 143 138 134 130 124 115 111 100 99 103 102 98 86 84 79 83 59 46 49 39 43 30 16 47 91 128 122 123 130 122 125 131 132 137 
42 41 30 34 27 25 28 35 33 42 34 31 36 36 38 38 25 35 47 43 33 36 22 54 86 103 117 125 130 140 141 144 149 162 161 165 157 153 151 147 139 127 91 69 67 67 81 98 113 131 151 168 173 165 159 153 162 164 165 166 169 177 178 176 172 173 174 156 156 161 151 158 151 152 143 140 136 124 131 126 130 129 112 120 117 113 121 116 102 96 96 87 82 65 60 49 30 32 20 31 84 124 141 136 139 127 103 117 114 84 61 21 
40 42 39 33 32 26 26 26 24 35 37 35 35 33 37 37 46 41 33 39 49 27 21 38 68 91 101 107 116 121 135 142 146 153 161 160 162 158 155 153 150 146 138 97 66 70 68 92 111 120 135 154 172 174 170 165 160 169 168 170 171 176 177 175 177 168 161 163 157 143 144 145 150 146 153 142 138 129 129 107 95 112 126 121 110 123 126 117 97 82 85 81 79 71 40 39 42 36 64 100 129 128 112 101 80 96 141 60 28 39 39 34 
35 37 38 29 29 29 28 27 26 32 37 29 31 36 30 34 32 32 32 32 39 55 41 23 44 68 85 96 97 106 117 128 136 137 143 145 148 147 144 139 135 135 135 133 108 80 76 98 102 113 120 138 158 168 168 169 170 168 168 168 162 162 168 164 160 160 156 151 149 145 144 144 142 141 132 134 138 136 105 113 111 108 115 116 103 97 100 103 95 76 69 62 43 45 50 42 54 61 56 48 26 24 17 13 13 14 76 165 97 69 73 74 
47 41 39 35 29 32 28 24 29 27 30 38 35 39 39 34 33 30 34 39 40 33 45 43 27 49 71 83 88 90 94 103 113 115 116 117 115 115 118 122 122 122 123 126 130 126 117 113 109 111 120 125 158 167 165 169 171 168 164 163 163 162 155 154 149 150 147 148 149 149 147 144 144 150 135 118 110 126 116 106 105 108 97 93 101 96 75 59 52 52 51 40 42 36 35 35 30 19 23 17 19 20 27 26 24 25 18 68 166 121 102 85 
39 41 46 37 33 33 31 29 26 25 30 27 30 38 40 34 26 28 31 33 39 38 45 48 43 36 42 65 75 80 82 87 88 101 103 105 108 112 114 115 121 123 125 122 118 119 116 112 111 112 121 131 141 149 152 160 165 167 161 156 155 153 151 150 148 146 144 142 138 139 144 138 130 123 120 109 109 104 92 76 82 81 66 70 64 54 49 43 42 47 46 36 30 25 28 23 26 29 28 27 25 25 22 28 27 25 26 19 64 158 141 137 
40 39 41 42 34 33 34 36 25 24 27 31 35 36 37 29 19 19 23 26 33 46 36 48 48 46 43 27 42 49 55 59 65 66 82 85 93 89 89 89 93 99 104 107 109 111 111 111 104 109 111 114 117 129 139 147 151 153 154 160 154 150 143 135 132 136 134 132 133 134 128 128 123 96 94 86 74 70 75 83 68 58 55 46 55 52 52 44 35 37 32 27 30 31 27 28 27 24 22 27 31 29 30 28 30 33 27 29 17 33 154 179 
42 43 43 43 37 35 35 29 29 26 27 25 25 24 38 35 32 26 26 19 25 36 52 41 38 29 34 46 37 28 31 36 35 38 36 39 40 47 49 55 60 68 73 84 83 88 89 92 94 94 100 105 110 127 135 137 133 138 133 123 113 103 93 86 74 67 59 56 48 44 43 48 59 69 62 60 71 66 56 42 48 52 51 48 44 41 34 33 31 30 23 29 29 27 28 28 26 29 32 28 25 27 26 33 27 20 31 22 27 22 18 130 
43 44 43 44 41 34 30 34 34 30 28 25 28 27 34 32 31 25 25 32 22 18 38 46 43 35 26 21 32 37 30 20 27 30 28 28 25 30 33 37 40 39 44 40 46 51 53 54 58 62 68 78 91 90 99 103 100 85 78 76 73 67 60 53 57 51 47 41 36 38 36 32 21 32 31 22 26 23 36 32 33 37 35 37 29 25 25 27 31 31 32 28 23 27 26 29 27 28 24 25 27 25 26 24 25 32 28 28 23 25 22 7 
41 41 42 39 36 39 41 29 26 30 23 27 24 30 26 34 30 30 26 20 28 30 18 24 34 29 28 31 29 30 36 31 24 23 24 25 30 25 19 21 20 25 22 26 33 34 35 38 40 47 50 49 50 59 61 59 56 63 53 46 42 40 36 33 26 26 24 22 22 22 13 20 20 17 34 62 66 75 91 77 36 24 23 23 25 29 32 27 25 23 27 27 30 26 25 28 30 24 30 27 30 31 31 26 28 25 29 31 27 28 28 27 
43 42 42 47 47 40 34 31 32 29 27 27 32 31 33 29 36 29 26 33 29 28 35 26 21 24 30 30 32 31 25 33 35 36 32 26 22 26 26 22 22 16 15 20 20 21 30 31 32 29 27 26 30 29 34 35 32 26 24 26 20 24 25 25 24 22 24 31 42 49 72 57 53 87 108 116 109 110 110 98 46 26 27 28 29 28 26 31 28 27 23 26 23 27 29 25 29 31 27 30 26 28 26 29 26 25 26 27 29 28 29 32 
40 40 43 46 37 40 42 39 30 32 30 28 24 33 36 39 31 35 32 31 32 33 27 34 31 30 31 40 38 38 39 32 38 37 43 30 26 21 19 20 15 21 21 20 27 25 23 22 18 19 25 23 19 23 22 19 23 24 27 22 22 19 20 26 32 36 38 43 73 81 60 38 22 54 112 122 125 127 128 111 43 30 27 26 25 29 31 25 27 27 29 28 30 33 31 32 27 26 25 26 31 27 25 30 30 31 28 27 26 26 25 29 
43 42 44 45 42 43 41 40 37 31 29 32 35 36 36 33 37 38 42 36 33 36 37 33 31 36 38 36 44 40 42 39 27 23 29 34 23 23 25 28 27 22 23 31 18 22 24 22 23 28 21 27 25 20 26 29 28 27 24 27 24 25 27 37 46 51 44 38 32 24 18 19 24 44 107 129 129 142 141 115 34 22 28 32 32 29 29 28 24 26 30 27 28 27 31 29 32 30 31 29 27 32 31 27 29 28 29 31 28 29 29 29 
38 40 44 39 40 40 37 36 44 36 33 31 25 29 30 31 25 29 36 50 46 37 31 35 38 37 39 43 39 37 26 29 26 25 23 27 35 28 24 22 24 23 33 25 23 18 13 19 17 23 22 18 27 23 25 29 22 18 25 31 30 27 37 45 55 46 34 29 24 21 19 22 33 63 120 142 139 143 149 73 29 30 26 26 23 26 28 29 31 30 29 31 26 31 26 30 26 29 26 29 27 30 29 31 30 29 30 27 29 29 30 26 
41 42 41 44 38 37 45 42 36 46 41 33 35 29 26 28 29 34 40 35 26 30 40 40 32 30 23 26 30 40 33 23 27 26 24 28 28 30 30 32 23 30 33 32 30 30 31 29 29 22 31 39 28 32 26 31 30 42 36 29 36 52 62 52 44 41 36 29 24 21 29 26 28 44 100 120 134 133 79 12 28 32 30 30 29 32 31 30 30 31 34 31 32 29 30 30 29 33 33 29 28 31 34 27 31 32 32 29 29 30 31 38 
42 39 40 36 43 42 37 42 40 37 37 40 39 35 30 28 29 30 28 31 38 37 30 32 33 34 44 40 34 33 47 48 44 40 43 34 34 39 39 39 43 33 24 22 30 39 34 36 36 47 46 42 43 30 28 23 26 27 25 34 56 66 65 53 47 30 26 30 28 25 19 23 38 54 79 133 141 51 18 34 33 28 32 33 33 29 33 33 34 29 28 28 30 33 30 28 30 26 26 28 31 26 28 33 30 26 27 28 29 25 31 25 
37 42 41 42 38 41 45 39 39 35 42 36 35 32 31 31 31 29 34 36 38 35 40 39 30 29 32 40 40 36 39 39 36 40 36 38 38 40 42 39 29 28 50 59 52 37 39 33 36 36 41 46 45 35 27 31 37 36 44 47 42 46 52 55 51 38 27 24 22 31 37 26 52 71 119 148 63 26 33 30 34 35 27 30 31 32 31 31 33 29 32 32 32 31 29 33 30 35 36 33 33 33 29 28 26 26 26 31 31 30 27 30 
41 40 41 39 43 41 38 43 42 43 41 44 39 40 41 35 31 36 33 30 33 33 31 34 41 34 35 39 39 48 47 38 34 33 36 36 31 42 41 45 54 77 82 53 34 33 30 37 30 28 24 36 40 46 43 54 45 47 41 38 38 40 37 51 45 38 36 29 36 37 36 25 55 139 131 45 23 27 26 33 27 27 29 27 29 29 29 31 31 30 29 30 30 31 32 32 34 32 31 29 31 31 31 28 31 32 32 29 32 28 29 31 
41 44 42 42 39 40 45 40 40 37 36 37 41 39 38 39 41 32 33 33 36 28 26 35 33 39 32 32 44 49 52 54 52 51 51 48 50 48 52 65 82 76 52 44 45 44 39 32 33 36 44 39 36 39 51 52 53 40 38 41 49 60 67 56 41 50 43 47 33 33 28 30 74 73 24 18 29 31 32 27 32 29 32 32 30 31 30 32 33 32 31 30 31 29 30 28 30 32 31 30 34 30 34 34 27 28 34 32 29 32 30 31 
37 36 40 40 38 38 37 39 38 44 41 43 41 41 41 43 35 35 37 38 32 37 34 32 31 34 37 35 32 46 49 44 49 53 50 43 47 57 59 42 34 35 30 37 45 49 39 39 41 44 41 45 53 57 41 39 38 49 41 47 42 40 42 44 50 49 39 35 45 32 23 24 20 17 23 30 30 32 32 31 29 29 27 25 28 29 27 26 32 30 32 28 30 31 31 31 31 26 32 27 29 31 27 28 30 32 31 30 33 30 32 31 
39 40 39 40 39 38 42 39 40 39 45 45 42 47 44 42 42 44 40 44 39 38 39 37 33 41 44 43 40 36 31 37 34 41 42 44 39 27 21 29 27 31 36 43 39 39 48 52 41 35 36 43 43 36 43 46 52 47 48 37 48 64 77 79 56 49 39 37 26 19 22 30 37 33 32 32 30 31 26 30 30 28 33 32 28 25 34 34 34 26 28 37 32 33 32 28 30 32 30 38 35 31 34 32 35 32 33 30 32 33 31 31 
