10 109 109 109 109 109 110 110 106 108 110 111 113 114 114 112 109 106 109 109 67 53 45 60 37 35 56 60 75 82 90 75 91 89 83 82 70 65 79 89 87 89 90 82 78 69 77 78 92 86 59 49 44 43 47 44 42 43 48 48 53 52 44 45 51 49 49 62 62 62 67 69 73 83 84 90 92 92 90 90 87 94 106 109 101 74 82 126 124 124 129 124 97 93 106 110 121 110 91 45 39 34 37 28 35 24 31 16 31 35 38 43 
104 104 102 102 101 103 100 105 115 99 75 77 90 86 87 71 80 100 118 127 111 94 82 94 103 99 113 104 103 119 139 138 130 120 119 118 102 88 109 131 131 123 105 97 96 88 87 91 77 66 60 64 49 46 47 55 56 55 47 46 44 48 53 68 94 94 92 104 121 137 143 144 119 74 80 118 143 133 99 89 103 123 119 109 88 68 71 64 51 57 59 67 66 64 60 59 63 61 55 41 38 34 40 43 43 44 39 38 40 41 49 39 
101 103 102 103 99 101 105 112 92 71 60 84 86 76 89 75 73 96 126 123 119 90 80 98 111 113 111 104 122 124 121 122 118 112 112 105 123 130 128 121 117 108 115 115 118 109 100 82 55 42 50 48 59 54 54 49 48 47 48 55 58 55 58 60 63 73 83 98 112 128 135 134 127 92 49 88 92 74 72 97 114 114 95 83 59 59 53 46 58 57 63 66 63 63 67 67 69 59 36 31 28 32 36 34 42 41 47 44 48 35 41 38 
105 105 107 98 105 108 104 74 48 61 93 88 77 63 84 86 85 107 131 121 110 91 93 106 112 102 106 120 121 115 113 108 113 101 93 116 125 116 107 118 121 113 101 81 67 61 52 37 41 47 51 54 54 53 57 51 51 58 63 53 52 53 54 59 66 72 70 89 101 114 125 131 129 111 49 28 42 70 102 103 88 70 58 46 49 48 55 62 64 67 67 63 63 65 61 62 50 37 24 25 30 30 39 35 40 40 39 35 46 56 43 55 
104 105 102 90 98 89 67 43 51 83 98 91 56 70 90 94 91 116 134 110 108 89 90 107 100 88 105 113 112 120 105 102 109 100 116 115 106 103 108 106 91 71 52 48 54 53 46 41 47 48 52 46 50 53 55 61 61 59 43 43 33 28 26 35 41 52 66 69 82 98 111 117 116 103 59 27 46 83 84 72 57 40 40 40 41 57 59 54 64 66 67 68 63 65 70 60 37 29 28 32 38 32 34 38 40 47 49 49 39 55 45 49 
106 104 99 100 91 61 53 45 68 87 87 70 60 73 100 101 105 118 134 96 108 92 86 102 106 105 107 104 113 106 91 102 108 106 110 107 97 108 100 79 73 65 68 66 60 60 56 65 64 74 68 74 75 76 75 76 82 77 81 75 81 73 59 47 40 33 41 51 58 74 83 97 99 88 49 30 37 39 29 26 24 34 40 33 30 44 53 63 65 63 67 64 68 65 58 37 27 25 32 30 26 30 36 42 42 49 44 51 53 47 40 42 
104 102 91 91 58 44 48 70 89 87 79 67 56 81 102 108 113 117 128 97 107 98 83 106 104 103 103 98 113 102 97 100 109 112 112 103 110 118 103 94 91 89 90 95 99 100 95 92 94 96 97 101 105 110 108 105 105 110 110 110 114 116 110 108 100 90 77 75 72 63 72 69 63 40 14 8 11 12 16 20 25 31 29 24 28 45 56 67 68 66 76 69 68 60 42 31 30 31 25 21 24 25 24 30 36 44 46 46 51 49 47 47 
105 96 81 62 44 44 57 86 94 79 74 81 75 80 104 115 113 112 118 90 94 86 75 90 103 105 97 102 106 100 102 104 116 117 119 115 125 125 118 112 115 119 118 119 120 125 128 128 124 121 117 119 124 122 125 120 126 129 134 132 125 121 124 118 120 114 110 107 107 101 95 93 90 77 62 49 31 26 15 2 11 17 21 29 26 36 60 59 61 72 67 65 65 54 40 32 37 22 20 20 22 24 27 22 21 17 14 22 36 34 47 57 
100 77 63 44 50 52 71 89 88 63 75 76 73 79 99 109 111 100 105 92 98 84 70 95 108 108 104 110 106 107 108 114 121 122 123 131 134 142 142 129 131 131 134 133 132 129 130 132 130 130 130 123 120 121 125 128 130 130 134 136 138 135 128 130 125 128 123 119 109 106 104 100 105 106 102 103 98 95 93 75 46 23 10 21 30 52 59 64 67 67 70 68 61 36 33 30 23 20 19 20 26 22 24 23 26 25 30 21 16 17 21 23 
93 68 41 36 57 69 78 92 73 53 77 82 80 77 98 104 107 97 102 104 98 89 93 106 115 117 116 122 121 121 124 126 134 139 144 142 147 147 154 150 147 146 144 137 136 137 135 128 128 129 131 127 126 122 116 118 130 137 142 144 146 146 140 134 137 132 134 132 131 121 109 107 107 104 105 102 103 100 98 101 106 93 79 51 41 54 74 80 80 67 63 62 43 26 18 15 15 22 21 23 19 25 26 24 22 22 22 27 26 27 26 20 
83 45 34 55 71 75 84 96 69 56 78 86 78 70 92 112 107 99 103 102 94 102 111 112 118 121 130 144 146 142 145 145 146 149 152 148 148 155 154 156 156 153 147 144 139 143 141 141 132 125 117 113 115 123 127 127 127 139 151 152 154 151 147 147 146 143 142 141 142 134 132 126 115 113 113 112 115 113 105 102 105 98 97 92 74 61 56 63 68 67 63 41 27 25 28 31 30 22 21 18 17 16 20 20 23 27 28 28 30 31 30 26 
64 45 49 61 67 72 92 94 64 67 85 93 84 86 90 113 118 105 100 93 102 112 117 122 127 137 147 156 158 158 161 159 157 155 159 158 151 154 156 159 158 155 153 150 144 138 139 134 130 112 105 105 109 123 130 135 136 150 158 161 163 165 164 160 158 157 156 152 149 148 137 134 130 122 121 117 115 118 118 111 102 105 100 100 98 83 76 60 65 69 67 43 26 23 21 15 17 18 17 17 19 21 17 19 18 21 20 27 33 34 31 37 
60 43 65 73 66 80 106 102 60 73 86 106 96 93 91 99 115 108 96 93 105 117 121 137 151 158 164 166 162 165 168 168 163 159 159 158 156 153 155 156 155 156 155 154 153 146 142 134 108 97 94 98 106 119 130 132 138 155 160 164 167 169 169 170 165 160 159 160 156 152 152 145 137 131 122 127 123 116 122 120 119 113 116 98 97 98 85 79 58 59 42 29 34 28 16 14 18 17 15 17 14 11 12 16 20 18 27 23 27 35 38 36 
47 51 68 69 63 75 117 112 70 69 75 115 99 100 92 92 114 106 98 105 117 126 138 156 166 174 168 170 174 172 169 174 174 171 166 161 161 161 160 157 161 162 160 159 159 157 149 130 98 92 98 102 103 114 131 133 131 149 167 172 172 176 176 176 176 171 168 165 160 153 149 149 147 136 132 127 119 117 118 123 123 122 120 116 107 107 105 90 84 56 35 16 13 12 10 8 6 9 8 7 7 12 14 14 11 16 18 21 27 28 33 37 
48 62 68 72 65 86 115 125 85 90 78 111 102 115 103 99 109 110 99 108 126 140 155 177 182 180 179 177 177 181 182 180 174 169 170 167 169 167 163 161 162 165 164 166 163 157 156 125 109 101 104 110 108 115 124 128 127 154 172 176 178 177 180 184 184 181 177 171 165 162 163 162 157 152 143 133 135 129 125 122 126 125 125 119 112 117 112 107 97 83 59 41 36 30 30 24 22 20 16 14 11 10 9 8 9 9 9 13 15 22 28 35 
51 67 70 60 71 97 121 132 94 97 91 109 114 114 105 100 98 101 101 112 134 151 172 183 185 186 187 189 185 183 184 182 179 177 174 178 177 174 172 172 171 166 171 173 173 166 152 127 109 104 112 116 113 117 124 121 127 149 173 180 179 180 183 185 184 184 177 172 170 169 164 165 162 156 149 137 118 131 129 128 124 130 125 125 113 119 126 116 110 100 89 65 72 106 94 94 90 90 85 83 77 67 65 64 49 44 31 20 12 10 9 19 
61 81 73 56 81 108 120 133 111 107 89 99 114 113 113 102 99 104 106 121 136 153 177 188 188 191 189 188 188 192 188 186 188 184 183 181 180 183 178 176 175 181 182 180 178 177 152 129 113 109 110 117 116 119 121 113 117 144 169 175 180 179 185 185 184 186 187 181 173 171 170 170 170 163 159 151 135 137 131 123 121 126 129 134 134 131 129 128 125 115 102 90 63 70 101 100 99 93 95 96 94 96 95 86 87 78 78 72 55 48 34 21 
63 85 69 58 94 117 119 145 94 100 96 103 120 115 115 100 104 102 111 123 141 160 182 187 193 194 191 191 191 191 193 192 193 191 187 187 187 186 189 188 184 184 182 183 180 170 150 134 118 113 117 122 115 111 108 99 111 142 161 172 174 176 183 187 188 187 187 187 183 179 179 177 173 171 164 158 149 141 138 125 125 120 121 125 127 138 139 135 134 127 117 98 86 62 66 98 95 98 93 93 95 92 88 90 87 87 89 88 89 81 78 68 
78 90 73 76 99 129 119 148 102 95 100 89 114 111 116 113 107 107 108 131 150 173 180 185 189 190 190 188 190 192 192 191 190 190 189 191 190 190 188 187 186 187 188 188 182 165 148 131 120 120 128 117 98 90 85 85 107 135 156 161 172 174 176 180 185 188 187 183 185 183 180 182 178 172 168 164 157 151 145 138 131 126 118 116 119 122 131 134 128 130 129 120 103 90 60 59 95 90 93 95 94 97 100 96 92 92 95 94 91 94 86 88 
81 101 81 82 103 133 120 147 123 93 103 96 112 114 119 116 115 111 123 149 168 179 182 183 185 188 186 188 189 189 190 191 191 192 192 190 190 187 189 192 191 191 191 189 185 170 138 125 124 122 128 113 85 79 63 61 91 119 142 154 167 175 178 179 184 190 189 190 185 186 183 184 180 178 171 167 168 159 155 144 139 137 128 123 118 118 118 126 130 123 114 117 114 101 87 58 53 79 88 89 88 90 88 92 95 91 93 95 94 91 94 91 
95 111 101 103 105 132 117 134 132 91 96 99 113 116 122 118 123 126 143 164 182 186 184 190 192 192 192 191 191 189 191 191 190 190 189 191 189 190 191 187 188 192 192 193 187 170 142 125 125 126 124 99 88 64 67 88 97 111 132 142 160 167 177 182 183 188 190 186 186 186 186 185 182 180 177 171 172 167 164 159 154 146 143 134 132 129 124 127 128 130 120 114 117 111 100 84 61 55 72 79 85 85 88 89 88 90 93 90 95 96 100 96 
100 112 111 112 109 140 117 116 122 97 93 99 122 123 127 131 130 140 156 172 184 186 191 192 191 192 193 191 191 191 190 192 192 191 192 191 193 193 191 191 189 193 192 192 187 162 134 122 135 132 113 92 89 63 90 120 101 109 123 131 152 158 175 177 186 189 189 188 190 190 189 187 184 184 179 180 178 175 171 168 160 155 151 146 139 135 134 130 137 133 128 127 120 118 109 104 86 61 48 65 70 76 79 81 81 85 88 90 87 90 96 99 
105 98 115 128 117 145 119 108 122 101 103 98 120 127 129 136 141 153 168 178 185 190 191 194 194 192 192 191 191 193 193 190 191 192 191 190 190 192 192 189 191 192 195 194 186 160 129 114 124 130 106 99 79 92 138 135 117 111 119 123 143 155 169 181 187 190 191 191 189 192 191 189 187 184 185 183 182 177 169 163 164 159 156 142 144 143 145 147 143 149 141 135 129 126 118 107 113 91 66 46 59 65 67 73 79 77 73 83 88 88 89 90 
108 97 115 125 116 137 118 102 113 108 102 95 113 129 128 126 141 158 174 186 190 195 195 194 194 194 190 190 194 190 192 190 190 193 194 192 194 194 193 192 191 192 197 196 188 159 127 106 121 133 106 100 73 107 150 158 130 103 119 117 137 148 167 178 187 190 192 191 191 193 193 193 188 185 185 185 180 180 176 169 168 163 160 154 147 149 151 147 155 152 150 146 136 132 126 119 109 108 93 70 44 54 51 57 68 76 77 79 77 84 88 90 
100 97 117 117 114 132 121 99 102 106 93 86 111 129 122 123 151 175 185 191 196 196 198 198 197 196 197 191 192 192 191 191 192 192 193 195 194 195 194 197 198 199 196 199 187 150 122 102 114 130 111 98 59 64 88 145 160 110 128 127 130 145 164 173 186 190 190 191 192 191 191 191 188 188 183 184 184 183 181 175 170 168 162 159 156 157 158 159 157 158 154 151 150 145 138 130 125 120 115 99 70 43 55 52 56 64 66 68 74 74 80 85 
93 85 111 112 106 124 121 102 94 101 100 91 109 131 127 131 163 182 191 197 198 199 199 199 200 200 197 193 194 194 193 191 190 193 193 192 194 195 195 196 196 195 196 198 187 142 121 100 105 118 112 79 57 60 91 105 165 125 123 124 118 144 168 179 187 186 188 190 193 191 192 193 190 186 185 186 186 182 179 175 172 171 166 158 156 159 157 160 162 158 160 158 152 151 149 142 139 129 125 115 92 59 40 52 55 53 57 67 71 68 72 81 
95 82 104 113 100 108 110 106 98 90 95 94 106 124 125 136 170 190 199 199 202 201 201 202 199 199 198 197 196 197 194 194 193 192 192 195 196 195 197 195 196 196 194 193 182 140 122 99 99 115 133 84 30 16 50 96 148 137 122 120 123 141 156 172 184 189 191 191 190 191 192 190 192 191 188 184 184 176 176 174 171 167 164 161 160 155 158 156 159 160 157 158 155 157 154 150 144 142 139 131 122 89 59 42 50 53 52 53 55 63 65 69 
116 103 97 112 94 109 107 96 95 86 90 99 106 124 132 147 173 193 199 203 199 202 202 201 201 199 201 197 199 198 198 195 195 192 194 196 197 198 197 195 196 196 197 190 174 131 110 101 100 108 131 99 151 59 48 97 141 129 117 113 115 140 164 176 186 188 191 194 191 191 192 192 192 190 189 185 181 173 174 170 167 162 164 167 170 165 160 158 158 155 155 155 161 166 164 157 153 149 150 142 135 120 90 61 47 48 48 54 51 51 57 66 
112 107 104 104 106 98 103 94 85 96 91 103 107 123 135 155 186 197 201 201 204 203 202 203 201 202 199 201 198 198 197 197 195 194 191 196 198 197 198 198 196 197 196 193 171 130 107 93 97 95 112 84 84 104 79 109 155 136 120 119 124 147 165 182 189 191 192 192 193 193 188 190 190 186 183 182 177 167 169 165 167 171 174 169 171 177 171 157 148 149 149 155 163 164 166 161 152 155 160 163 162 139 121 77 41 48 48 50 50 53 56 53 
98 102 102 100 102 105 90 98 77 83 89 102 113 128 144 165 188 199 202 203 204 205 205 201 203 202 202 202 199 197 197 197 195 195 198 198 198 199 199 198 197 197 197 195 179 133 100 89 91 85 98 91 44 51 94 143 157 135 123 113 120 142 167 183 188 191 193 192 191 193 191 192 187 185 180 178 176 168 172 174 179 173 176 174 172 169 166 156 139 143 152 156 165 172 167 165 158 152 156 164 168 163 149 124 77 35 47 51 52 50 51 51 
101 101 105 110 93 104 103 78 80 77 88 107 121 134 150 174 194 201 201 204 205 205 203 205 204 202 203 204 202 200 199 198 200 200 197 199 200 201 201 199 199 200 201 198 185 145 101 99 92 78 92 108 99 136 172 188 164 139 117 118 133 145 168 185 189 193 191 190 188 189 191 192 191 183 179 176 174 175 179 182 180 180 177 173 165 158 148 132 130 151 157 162 173 176 166 167 164 157 152 156 172 176 170 150 122 80 38 47 50 51 51 57 
105 106 98 100 111 101 114 96 71 73 93 105 130 145 160 185 196 200 203 203 204 204 204 204 204 204 203 202 202 201 200 198 201 199 200 199 201 201 202 201 201 200 201 196 184 141 114 98 97 79 70 114 116 179 195 185 163 142 120 119 138 160 177 184 191 188 190 192 191 191 191 185 185 179 171 170 174 183 185 184 182 180 179 177 174 156 138 103 104 156 164 172 171 177 174 165 160 157 152 158 166 174 176 166 150 121 75 39 56 47 49 41 
92 105 109 103 111 110 111 109 97 71 88 111 138 155 175 191 198 202 206 205 206 205 205 205 203 204 204 203 203 201 200 201 199 200 198 199 199 200 203 203 202 200 199 195 177 146 108 104 99 90 56 108 112 135 181 167 151 135 117 130 141 158 180 184 183 187 187 186 184 185 190 188 176 173 170 169 176 182 189 188 184 186 182 180 172 156 135 98 69 143 167 170 173 171 167 167 162 156 153 157 164 170 173 171 153 145 111 62 38 55 52 49 
100 99 100 106 97 107 111 103 107 103 92 110 138 168 183 195 201 203 203 204 206 206 204 204 203 204 203 203 203 202 203 204 201 202 202 202 202 201 203 203 202 202 202 198 179 137 116 105 105 94 55 86 115 94 148 149 142 138 123 139 156 167 181 184 184 187 182 183 183 180 186 182 176 170 169 173 181 186 187 189 185 183 181 180 173 166 148 98 56 105 149 172 176 170 165 165 158 156 152 158 160 167 176 179 165 146 126 91 44 45 52 54 
116 107 101 98 107 110 110 112 91 92 103 108 134 158 180 191 199 203 204 205 204 206 205 206 203 203 202 203 203 204 203 201 202 202 201 203 203 203 204 203 201 201 200 196 185 149 116 108 104 103 77 75 117 117 108 142 144 143 137 147 156 170 176 175 176 178 180 181 182 182 178 170 153 147 152 166 177 184 190 188 187 184 184 184 179 170 150 106 67 82 123 151 167 171 170 164 162 154 152 158 161 171 180 178 168 137 134 117 69 41 45 50 
101 118 112 104 101 110 109 103 104 88 90 114 133 152 175 187 197 203 206 205 206 205 205 204 205 205 204 202 202 203 203 202 203 202 202 203 202 204 204 204 202 201 201 197 187 163 144 132 121 110 86 69 97 132 136 124 145 145 145 147 156 171 175 173 175 173 176 176 178 173 159 142 124 109 99 118 141 162 174 185 184 181 182 181 175 171 154 103 67 78 108 137 144 153 157 164 158 154 153 154 162 169 176 179 179 158 131 127 96 54 46 49 
105 97 108 109 103 112 111 101 98 101 106 120 130 151 171 190 199 204 204 205 205 205 205 203 205 206 205 205 205 204 204 203 203 203 203 202 203 205 207 203 204 202 202 201 189 170 150 146 143 124 99 83 87 120 160 156 143 133 139 151 170 176 172 176 176 173 174 173 171 163 156 154 152 149 130 111 110 133 160 180 182 186 186 185 178 176 145 102 68 82 104 125 136 147 147 153 151 145 152 154 158 169 173 179 177 166 153 136 116 73 39 46 
92 97 103 109 116 107 102 102 103 105 121 130 137 153 171 186 198 206 206 205 206 205 203 204 204 205 204 204 205 203 203 201 201 202 203 204 203 203 203 204 203 202 203 202 195 180 156 132 133 129 107 88 92 96 123 145 155 146 152 170 180 181 182 180 182 179 177 175 165 163 164 168 166 161 151 135 103 103 139 174 184 184 183 183 185 183 152 105 68 90 111 123 134 135 143 143 148 148 147 154 156 174 174 177 182 175 162 149 126 89 52 41 
92 95 94 92 92 96 90 94 101 107 114 128 136 153 163 183 199 203 203 203 206 205 204 204 206 205 205 205 204 203 202 204 200 201 202 204 204 205 205 202 201 203 202 200 195 182 163 144 133 134 123 92 93 103 108 122 132 144 161 177 181 181 180 182 180 178 173 165 164 158 161 157 144 128 123 124 105 83 95 145 175 180 182 183 186 180 153 110 66 81 115 129 136 136 136 134 138 139 137 125 146 165 169 176 180 180 167 149 129 104 57 41 
86 91 93 90 85 81 87 92 101 116 123 123 134 146 167 183 195 204 204 205 205 205 206 204 204 206 205 204 203 205 205 204 202 202 204 204 206 205 204 205 202 203 205 203 201 195 178 163 147 145 136 115 87 89 110 118 130 148 167 175 175 177 178 179 176 174 170 158 152 149 152 153 150 129 95 98 87 64 83 119 148 174 184 180 181 178 145 111 79 72 109 134 145 137 130 127 123 136 140 125 137 167 173 179 176 175 165 149 126 101 68 42 
134 125 122 118 107 101 102 101 123 131 127 129 138 154 170 183 195 202 206 204 206 205 206 206 206 205 204 205 205 203 204 203 203 205 204 205 204 207 204 205 202 204 204 202 201 199 194 179 165 161 150 130 113 98 97 115 135 158 168 174 173 175 175 176 169 164 163 156 146 153 163 167 166 153 97 72 70 50 70 104 112 131 170 176 182 173 146 115 80 60 100 125 137 136 131 125 118 129 138 141 149 171 180 175 186 179 164 153 129 108 71 49 
129 130 125 112 115 118 115 114 115 120 125 132 140 157 172 187 197 204 205 204 204 204 205 204 206 205 206 203 203 204 205 205 206 204 207 205 205 206 207 207 205 203 203 203 200 198 192 179 173 168 161 151 136 130 132 136 149 155 165 163 163 165 164 163 165 166 166 166 166 173 179 180 181 172 137 71 44 43 63 85 115 139 151 170 181 177 141 117 89 65 82 121 156 149 134 125 115 117 133 142 149 172 180 178 180 177 168 155 138 111 73 40 
117 109 98 99 93 96 108 113 114 112 118 128 138 150 165 182 199 203 206 207 203 204 205 205 206 206 203 204 206 206 206 206 205 205 205 206 206 206 206 204 205 206 205 203 202 197 192 183 174 175 168 166 165 163 171 171 170 169 168 167 165 163 162 160 163 164 163 167 177 185 187 183 182 174 150 99 52 45 57 80 113 137 154 166 179 162 134 118 95 78 87 120 157 166 148 126 112 112 127 141 150 172 184 186 188 183 170 154 134 112 82 49 
95 84 71 73 77 80 96 106 111 111 121 120 126 144 164 182 194 203 203 204 203 204 203 202 204 205 203 204 205 204 204 205 204 205 205 207 206 207 207 205 203 202 203 203 201 199 195 190 183 182 183 179 175 187 191 191 187 189 182 180 177 172 168 169 167 167 173 181 188 195 198 198 193 189 169 128 81 54 60 73 105 143 152 167 182 176 141 121 95 81 98 127 164 175 152 132 112 109 126 138 152 169 179 185 191 187 172 158 130 111 82 49 
109 99 90 87 91 94 95 94 99 115 121 132 139 150 161 177 192 197 201 203 203 203 203 201 202 204 204 204 206 205 204 204 204 204 205 205 204 206 206 206 205 206 203 203 202 197 195 189 189 187 190 187 183 195 200 197 194 196 192 192 192 189 185 182 183 182 187 187 193 198 201 203 196 195 177 155 108 72 47 74 107 141 154 165 179 181 151 116 94 79 101 124 165 173 157 141 115 103 120 132 146 168 182 178 182 184 170 158 138 113 87 52 
122 123 121 114 103 102 102 94 96 103 115 126 134 145 156 175 181 192 198 201 203 203 202 203 204 202 201 203 203 205 206 205 205 207 207 207 206 208 206 208 206 203 206 202 202 201 197 194 192 191 189 185 185 196 200 201 202 199 201 201 199 198 196 195 195 196 193 199 196 201 202 203 201 196 186 162 126 89 66 69 109 138 151 161 180 183 161 126 96 72 79 119 156 170 151 138 117 102 119 127 143 165 178 188 185 179 169 148 148 119 88 53 
119 119 130 117 108 106 107 99 98 101 109 121 135 148 153 166 168 182 191 200 203 203 203 204 205 203 200 202 204 205 204 205 205 205 207 207 206 207 206 205 204 206 203 204 203 201 197 192 192 188 186 183 189 198 200 202 200 201 203 203 202 203 200 200 201 201 202 203 203 203 202 203 201 199 188 169 131 90 65 74 106 136 148 155 172 182 173 132 104 85 90 111 143 165 152 138 119 105 107 123 138 158 175 187 191 183 167 142 134 119 86 50 
97 97 94 92 81 88 93 102 105 112 121 137 135 143 148 146 149 159 191 197 201 204 203 203 204 206 202 202 205 204 205 205 205 206 207 207 206 205 205 207 206 205 205 203 202 200 194 194 191 187 190 190 194 200 195 200 201 203 202 201 201 198 201 201 202 202 202 203 203 204 201 204 205 197 176 155 128 89 67 69 105 137 144 151 164 167 163 131 99 81 105 118 131 141 142 138 120 108 116 120 140 152 174 187 187 180 160 138 126 116 83 46 
92 91 85 73 76 84 101 104 113 121 124 128 129 142 135 136 139 152 177 197 196 199 202 205 205 203 202 201 202 203 205 205 205 205 207 206 207 206 206 207 205 204 206 205 203 201 198 193 187 186 188 189 192 196 201 198 199 196 196 200 198 200 197 201 200 201 203 201 203 202 201 201 201 200 179 154 129 94 70 80 119 142 144 145 160 164 152 128 103 89 110 122 151 166 143 135 121 117 125 134 139 147 171 188 193 181 159 140 126 109 80 50 
99 88 82 95 93 100 100 103 101 103 105 108 119 132 124 131 130 150 178 195 198 197 202 202 205 205 204 206 205 204 206 205 205 206 205 207 207 207 204 207 207 205 204 204 203 198 196 190 187 184 185 184 186 190 186 196 193 191 194 193 196 193 194 193 197 199 197 199 199 202 201 201 201 201 192 169 138 98 74 99 128 155 158 156 166 165 146 125 96 87 95 118 146 163 145 127 118 113 126 138 151 161 174 180 187 180 165 139 126 109 76 50 
110 104 99 97 97 98 97 101 93 92 94 110 117 120 132 133 132 151 180 197 200 201 204 204 203 205 206 204 205 205 204 204 205 204 207 205 206 206 205 205 206 207 205 202 201 200 193 188 182 179 179 178 175 175 172 178 183 178 177 185 183 184 181 181 185 189 194 196 198 200 200 204 201 200 187 160 134 102 87 114 137 155 171 173 177 161 135 120 91 51 82 116 143 147 139 130 118 119 130 142 158 173 187 188 183 179 168 152 134 108 70 52 
76 75 77 84 93 98 100 95 88 102 106 113 112 121 131 132 134 148 178 199 198 199 199 203 207 206 203 205 205 205 205 205 205 205 205 206 206 207 205 206 207 206 205 203 200 195 187 174 164 161 168 163 160 156 150 151 152 151 153 154 159 161 162 163 162 167 178 189 194 196 195 195 198 194 177 143 116 81 92 112 134 152 164 171 175 166 141 119 94 86 100 116 139 135 129 123 122 131 138 149 157 173 180 184 182 174 163 149 132 106 74 58 
70 72 69 76 92 109 99 85 88 109 115 106 119 127 127 129 134 149 170 192 192 198 198 197 203 206 205 206 205 204 206 205 204 205 204 206 206 206 206 205 206 204 206 203 200 190 177 160 150 148 152 149 139 132 135 140 140 150 155 159 157 159 162 164 166 161 163 170 188 199 200 198 189 185 165 126 93 62 93 120 147 154 162 172 176 173 141 114 90 76 108 120 133 131 129 124 129 140 144 151 159 171 182 181 179 179 170 155 130 106 70 60 
80 82 91 92 107 100 99 92 107 120 122 112 130 129 132 132 142 151 171 189 191 190 200 202 204 205 204 204 202 203 204 204 205 205 206 204 206 206 205 207 208 207 205 203 197 190 174 145 135 140 139 126 122 120 130 140 151 154 155 168 172 174 174 176 174 172 163 161 164 184 195 195 197 182 152 108 68 45 94 148 166 169 172 174 182 179 152 119 94 73 111 128 131 133 131 133 145 146 150 159 164 171 180 183 183 175 162 144 120 99 70 64 
91 94 90 96 108 107 89 100 117 124 120 123 139 134 135 140 145 147 166 188 194 189 198 203 205 205 206 204 203 202 204 203 203 204 203 206 204 205 205 206 207 204 203 202 200 190 165 138 131 133 129 114 113 117 141 156 171 166 159 167 173 181 178 179 181 182 175 166 157 159 174 174 177 172 141 109 88 58 111 156 165 163 171 172 176 179 158 118 85 91 120 125 131 136 140 144 148 152 152 154 165 174 178 180 179 166 158 135 125 95 66 66 
98 91 96 106 113 103 96 117 116 129 123 131 141 137 137 154 148 146 161 188 195 197 201 205 204 206 205 206 201 201 201 202 204 202 203 203 204 204 205 206 206 207 205 202 194 169 138 130 126 127 115 103 103 117 163 171 172 161 150 155 168 175 177 174 177 177 177 173 163 153 159 168 160 145 132 128 112 94 127 162 170 167 176 172 176 174 157 114 79 100 118 123 130 138 150 157 159 151 153 160 162 168 175 178 171 164 149 136 124 92 70 64 
91 95 104 106 106 92 104 123 121 129 121 142 145 135 139 153 148 145 160 190 197 195 195 203 206 204 206 203 202 203 202 203 202 202 198 195 200 202 205 205 203 204 204 203 193 166 141 127 126 119 109 99 104 121 135 139 152 155 146 145 151 169 174 177 172 174 179 181 170 160 148 151 166 160 148 140 124 132 161 170 173 174 176 176 172 172 161 115 77 104 118 124 132 154 163 167 163 158 157 162 170 174 176 180 169 163 155 143 119 77 64 74 
76 87 91 96 97 88 99 115 118 143 131 151 150 137 147 158 152 146 154 188 195 195 192 198 203 206 204 203 204 202 202 202 201 202 201 199 201 204 203 204 205 205 203 202 190 171 131 120 115 114 98 92 111 125 162 146 143 144 141 145 151 159 176 180 179 176 178 180 182 175 167 149 140 149 150 146 148 166 174 175 176 173 174 173 168 171 159 113 70 111 122 134 149 167 170 168 162 162 163 166 166 173 173 172 165 161 149 135 108 73 73 79 
68 79 83 84 91 92 99 113 117 137 138 154 151 148 156 165 159 149 156 181 195 198 195 199 200 203 203 204 202 201 201 201 201 199 202 202 204 202 203 203 203 201 201 197 192 164 124 114 108 105 85 99 108 110 177 147 141 130 127 139 152 159 170 181 180 183 182 183 185 184 183 177 169 157 157 157 164 173 175 174 174 171 173 168 167 161 154 110 79 125 144 159 174 172 170 164 163 158 157 161 167 171 175 173 161 159 149 123 88 73 79 91 
72 72 74 83 91 93 103 109 114 125 132 150 132 144 159 152 156 151 157 181 192 197 199 195 199 201 202 202 202 201 201 200 199 198 199 199 201 203 202 203 203 202 202 202 194 164 115 103 100 100 73 101 115 146 169 162 143 131 120 126 136 156 166 180 182 183 184 183 187 186 188 184 181 173 174 174 174 173 173 173 173 172 167 168 164 152 141 106 101 155 176 177 178 180 177 166 165 166 164 167 166 169 174 173 163 152 137 108 78 83 88 97 
71 79 76 82 81 89 99 106 116 119 127 141 131 143 158 152 149 147 159 178 187 193 196 196 197 201 201 204 202 201 200 200 199 199 199 201 199 202 205 203 203 201 202 201 197 167 110 94 95 96 79 101 111 164 189 182 150 124 119 125 138 149 164 178 185 190 190 189 188 192 192 189 183 174 172 171 176 181 178 180 178 175 170 169 160 151 131 101 132 174 184 181 178 174 175 174 171 167 167 166 169 173 175 171 163 149 122 82 81 96 106 109 
69 76 81 83 85 89 98 108 113 114 126 135 126 144 156 146 148 138 155 175 191 193 198 194 196 199 201 200 199 200 197 199 199 201 202 202 201 201 202 202 201 203 202 202 195 164 116 91 86 90 78 93 94 100 123 176 167 135 116 112 133 143 160 170 182 189 191 191 191 195 190 184 182 176 173 170 173 177 181 181 177 176 171 168 164 155 138 112 119 171 180 177 177 173 172 171 168 164 160 162 172 174 170 165 155 132 91 80 92 107 114 120 
69 71 78 80 82 94 98 104 121 110 118 125 116 142 149 142 143 133 153 172 191 192 196 199 198 196 196 199 200 198 197 197 197 199 200 200 201 202 202 202 202 201 201 201 193 164 116 101 93 93 85 61 57 84 105 121 159 133 120 108 124 144 156 173 181 190 193 193 192 192 190 187 182 180 178 176 174 173 170 171 177 181 177 176 174 169 152 135 126 147 165 172 176 172 176 171 164 165 161 166 168 167 159 151 128 91 78 90 109 115 119 125 
68 63 75 87 82 93 100 94 110 113 115 113 112 136 141 141 147 134 150 173 189 198 195 197 197 195 196 197 195 196 197 199 197 197 199 200 201 199 201 201 202 203 202 199 192 163 115 96 84 99 87 76 78 14 68 106 154 136 119 113 115 136 158 173 178 187 193 195 195 193 191 191 189 185 182 178 181 176 173 169 170 182 180 176 173 171 165 153 141 144 157 169 174 170 163 161 157 158 163 164 162 158 149 126 81 75 96 111 112 122 127 126 
63 56 64 82 86 91 88 90 96 106 113 108 113 129 130 131 133 125 140 161 183 189 191 192 194 193 193 192 194 193 195 194 197 197 199 201 202 201 201 202 202 202 202 200 192 157 110 87 87 104 83 69 164 117 53 94 137 123 116 111 115 140 160 174 178 185 187 189 191 191 193 192 189 188 181 182 181 178 174 172 167 166 173 172 171 171 167 165 158 150 154 160 164 162 157 159 158 158 158 160 149 138 108 76 80 105 121 124 127 134 132 132 
70 67 62 80 88 91 90 85 90 108 111 107 117 120 131 124 133 120 136 153 171 187 190 192 191 192 190 191 192 194 193 194 196 197 201 198 200 201 201 201 201 202 201 200 190 154 113 95 100 123 95 71 65 74 78 93 131 134 123 120 119 141 157 170 179 182 190 190 192 191 191 191 188 184 184 179 180 180 178 175 169 166 165 169 171 172 170 169 165 163 160 160 161 157 158 158 157 154 152 144 131 107 80 81 102 119 127 126 135 134 131 138 
73 69 56 63 87 84 90 88 88 100 102 97 111 115 131 118 132 116 122 148 169 179 189 192 192 193 191 190 192 193 193 195 196 199 199 195 193 198 200 201 200 202 202 202 189 155 114 103 112 124 92 57 44 46 75 122 149 119 118 123 121 145 158 169 179 184 188 193 194 194 193 191 191 189 185 179 177 180 176 179 171 167 168 167 164 167 167 168 169 168 166 163 155 154 147 147 142 139 131 123 106 81 90 113 127 127 128 138 133 135 140 140 
77 81 71 59 76 80 95 84 80 97 109 96 109 115 128 110 123 117 109 136 163 176 181 182 188 189 190 191 190 190 191 193 195 196 197 200 195 198 199 199 201 201 202 200 192 161 120 104 118 132 91 66 77 96 119 166 156 115 116 127 133 140 159 168 177 181 187 188 188 192 192 190 189 190 185 181 178 178 176 173 172 168 163 167 164 163 167 170 169 164 162 158 150 142 137 138 137 129 126 108 82 91 111 123 124 126 134 137 142 143 136 130 
69 69 87 67 65 78 82 92 83 91 111 102 111 109 120 115 112 110 118 121 141 167 177 179 182 184 180 183 187 192 193 194 197 198 198 193 198 196 197 199 198 201 199 199 189 160 128 111 125 129 105 69 88 167 193 179 138 109 121 126 135 147 162 169 173 185 183 187 187 190 187 189 186 188 183 180 178 175 173 174 170 169 163 159 164 166 164 165 161 164 159 150 143 137 133 132 124 124 105 85 88 115 124 130 131 126 135 134 142 135 135 136 
67 66 80 73 59 77 86 95 85 84 102 111 106 105 115 115 112 105 116 120 125 148 173 173 176 183 187 189 191 191 193 196 196 199 197 193 195 198 197 199 200 199 201 199 192 163 129 118 120 128 115 78 58 116 169 160 127 115 124 132 143 153 162 171 174 181 184 190 191 190 192 191 188 183 185 180 177 177 172 171 170 163 163 162 158 162 160 161 160 155 149 140 137 133 130 126 123 108 83 89 118 128 135 140 142 137 139 140 135 135 137 138 
56 63 74 90 58 64 78 82 93 101 109 123 96 106 111 114 110 105 107 118 123 131 148 164 173 179 185 192 195 195 194 195 197 195 197 198 198 198 197 197 197 199 198 198 191 176 139 120 117 130 124 92 76 51 101 127 113 115 126 136 151 156 166 172 174 170 177 183 187 191 192 191 188 184 177 179 176 172 171 168 164 162 159 158 157 155 156 154 148 142 139 136 130 129 126 122 102 78 97 119 128 132 137 138 136 136 138 137 135 134 134 134 
52 66 68 78 71 54 73 83 87 98 100 114 99 100 107 107 99 94 108 115 118 131 140 149 171 181 181 182 191 194 194 194 194 193 193 193 194 194 193 194 195 196 196 196 189 164 141 120 119 130 131 95 92 63 70 96 103 122 130 146 152 162 166 177 180 182 179 183 189 187 188 186 185 184 179 177 171 167 164 161 159 156 154 147 145 148 144 146 144 142 141 137 139 130 123 103 83 94 113 126 128 132 133 135 135 132 132 129 132 133 133 129 
46 54 72 65 77 67 61 70 75 85 82 94 96 92 103 112 95 87 107 109 119 119 134 155 158 172 180 178 184 188 189 190 194 192 191 193 193 192 193 193 193 193 195 194 191 167 132 126 123 126 133 115 80 86 78 91 119 136 144 148 155 159 171 175 176 181 186 186 185 183 186 188 184 181 177 171 168 164 160 155 150 143 139 138 138 139 141 145 144 146 143 139 129 122 94 75 97 116 125 127 130 130 131 131 128 132 133 128 129 129 125 125 
42 53 61 70 63 63 55 68 74 84 87 84 101 87 94 109 92 80 94 119 109 118 128 141 160 163 173 179 181 184 184 187 186 189 187 189 189 191 190 190 193 194 191 190 192 180 132 124 122 122 128 127 106 92 98 100 124 148 150 155 155 162 171 176 178 182 181 181 182 183 184 183 182 179 172 168 163 159 150 147 143 136 136 136 140 149 153 153 148 144 138 125 116 94 86 100 115 121 117 118 124 126 125 123 129 126 127 126 126 126 126 126 
39 44 53 63 63 55 59 51 76 73 80 82 96 101 97 106 99 83 91 97 106 112 118 123 140 161 173 172 175 178 181 180 179 178 178 177 179 178 182 179 182 182 190 191 187 188 152 122 116 118 125 127 123 116 110 113 125 149 161 160 165 168 173 176 182 183 183 180 181 178 177 179 174 171 167 161 155 147 146 143 139 139 142 143 144 146 145 145 141 134 122 111 94 88 102 113 112 117 118 118 119 120 120 127 122 123 122 125 126 124 119 117 
29 44 57 52 67 63 51 67 61 78 78 88 89 99 97 104 96 85 93 92 94 102 105 114 123 142 166 170 170 170 171 173 176 176 174 176 174 172 169 171 173 176 176 181 184 179 161 125 115 122 126 127 130 132 125 123 123 145 161 165 170 172 175 179 179 184 185 179 179 176 176 177 171 171 163 159 152 147 145 144 144 142 140 142 146 145 145 140 132 129 121 101 95 100 106 109 113 117 113 112 117 117 119 116 116 121 120 123 113 114 110 98 
61 30 46 50 54 56 47 47 78 68 79 80 92 90 90 106 93 85 86 106 101 90 84 100 111 120 136 152 157 160 162 162 166 169 171 169 171 172 170 169 169 169 169 168 168 174 165 132 117 113 124 123 129 131 136 130 134 144 163 169 172 175 177 176 175 177 179 180 176 172 174 169 166 161 159 151 145 143 143 141 138 140 144 143 141 143 137 132 135 116 82 67 79 88 90 98 100 97 110 117 113 114 115 118 117 111 106 102 104 91 61 30 
117 67 39 42 55 66 56 47 55 83 75 78 72 72 83 97 94 80 85 112 112 94 75 82 85 100 104 125 141 149 150 155 158 158 160 166 172 170 167 166 164 162 163 163 161 162 155 121 108 110 117 110 125 133 135 143 145 154 159 168 169 173 174 175 176 176 176 172 166 168 163 160 155 149 143 143 141 140 142 137 136 134 138 140 140 136 134 127 93 38 15 8 13 14 19 29 41 44 55 60 71 80 79 85 83 86 79 76 62 35 28 34 
109 114 73 30 41 56 61 43 42 57 83 88 80 75 79 96 93 87 99 121 119 104 106 92 86 69 83 96 108 127 134 141 140 142 150 152 158 162 161 159 158 159 157 157 158 153 155 132 109 105 101 117 130 141 145 145 150 154 165 165 169 168 172 172 170 169 167 163 159 160 154 151 150 143 145 141 143 134 130 131 133 138 137 136 132 117 92 43 10 6 18 12 12 9 7 10 18 32 37 43 48 55 57 54 51 40 36 28 27 34 38 33 
112 111 111 64 22 40 61 64 40 41 62 83 94 82 69 83 90 87 105 116 118 107 104 109 103 91 74 83 105 104 119 120 127 129 125 133 140 144 155 159 157 158 152 153 149 147 145 149 143 127 116 129 136 143 143 144 147 156 158 164 166 167 164 164 166 164 165 159 161 160 154 152 144 141 133 130 126 128 133 134 138 140 136 118 97 74 40 15 16 14 12 18 18 18 18 16 17 12 15 20 22 23 23 19 18 28 29 36 36 36 34 35 
112 113 115 117 68 26 31 67 63 39 42 69 83 90 84 76 87 89 96 121 113 121 112 109 112 115 96 70 87 101 89 104 106 118 114 118 128 130 139 151 157 155 150 145 145 142 143 140 143 142 136 132 132 134 135 140 144 147 148 155 156 156 158 155 152 155 152 151 151 151 142 134 131 128 132 133 132 136 134 126 105 81 63 46 45 49 57 32 28 27 22 16 18 16 18 19 16 19 18 18 21 23 28 32 32 31 32 33 35 32 33 31 
109 108 107 110 113 84 28 28 64 56 32 44 82 86 88 81 76 88 96 122 110 116 125 113 111 112 112 90 59 68 85 67 87 92 103 102 101 121 122 134 142 140 144 142 140 137 135 133 132 132 129 133 132 138 136 139 142 143 148 146 149 149 148 149 143 145 145 144 137 131 126 121 126 124 115 103 91 66 45 30 25 19 15 11 15 29 35 30 23 20 19 21 16 17 14 17 19 13 16 18 21 21 24 29 34 36 33 32 30 34 31 33 
112 112 111 110 112 113 98 37 23 62 54 29 49 85 92 97 73 83 98 104 93 100 94 101 96 105 124 93 77 72 102 74 66 81 85 93 89 77 95 104 117 127 129 134 131 129 121 120 123 121 128 128 134 136 137 134 138 141 137 145 146 151 151 153 157 147 141 124 117 105 101 103 96 100 102 98 94 94 96 100 108 105 101 93 74 66 54 36 18 18 25 18 22 22 21 18 17 24 23 18 18 27 27 25 30 34 34 34 33 27 27 21 
108 109 108 110 110 111 116 103 57 31 56 57 26 42 75 88 90 73 90 105 111 94 100 67 69 87 112 116 80 74 91 108 96 80 85 88 100 76 45 46 59 76 82 88 86 81 78 77 74 69 77 90 96 103 110 111 113 107 111 106 104 102 92 81 58 50 45 55 68 90 106 115 121 128 141 145 143 139 135 135 137 138 138 127 116 109 104 106 73 36 14 28 18 14 12 18 23 20 19 21 24 20 19 24 19 22 19 17 19 24 26 33 
109 110 109 109 108 107 110 112 109 74 34 56 56 37 57 76 89 94 80 91 108 100 72 93 64 66 103 117 98 87 81 95 106 104 102 105 99 105 80 60 32 26 57 61 57 55 69 65 70 77 57 49 53 67 68 73 72 72 59 48 43 31 18 19 37 50 68 86 98 116 122 125 118 106 102 100 98 100 105 116 125 125 133 140 141 119 111 110 114 100 43 13 29 34 21 11 8 11 13 12 10 15 14 12 16 13 20 22 23 36 43 42 
113 111 110 108 111 112 110 108 110 108 85 40 40 44 34 49 68 83 103 90 92 105 92 72 82 53 82 115 111 111 96 71 79 93 94 108 112 114 108 103 94 77 69 74 82 84 78 74 57 50 57 50 48 58 77 74 76 77 71 66 57 54 59 75 90 100 102 97 93 84 72 72 76 82 85 83 86 85 88 84 82 96 107 116 120 123 119 120 119 120 120 77 16 11 31 25 19 16 14 18 14 14 14 14 16 21 21 28 35 35 41 50 
106 108 110 111 111 110 108 111 107 109 115 91 55 32 39 37 50 64 83 101 87 100 102 79 83 79 77 101 117 119 110 85 80 76 86 95 109 103 108 118 117 115 108 99 104 105 88 72 71 60 49 48 46 44 42 58 58 56 49 58 70 71 77 75 72 64 62 67 70 85 97 104 102 100 106 116 122 120 110 104 95 85 85 82 91 112 121 113 118 118 110 124 102 28 17 33 32 19 15 15 20 18 21 25 25 26 28 39 35 42 45 48 
111 111 112 109 112 110 111 112 112 110 108 117 99 69 39 35 38 50 58 69 96 93 100 100 84 85 86 89 118 121 108 119 88 93 90 99 100 107 101 100 111 106 112 112 104 93 93 81 69 68 63 49 39 26 17 26 53 67 77 80 74 65 66 70 72 89 100 108 112 119 121 123 120 117 120 124 128 129 131 127 123 117 113 110 99 79 87 113 115 116 115 103 123 119 43 14 20 33 28 25 24 19 18 20 24 23 27 25 38 38 46 43 
109 112 110 110 105 111 110 110 111 116 110 111 116 103 79 39 38 38 51 50 67 92 102 100 89 86 85 88 112 120 105 121 106 84 96 108 111 81 100 96 87 113 113 96 94 90 75 61 48 43 35 33 28 30 46 50 57 65 64 61 64 67 68 84 86 84 99 99 103 94 93 103 108 112 113 114 116 119 133 142 146 143 131 126 127 123 95 86 114 113 120 115 107 118 122 58 16 18 26 23 27 24 26 25 28 22 29 30 39 36 48 50 
110 109 112 112 112 109 111 111 113 108 111 110 110 115 115 91 33 40 41 52 57 59 83 89 86 81 84 79 98 115 105 97 105 85 83 100 108 113 90 104 89 66 81 91 73 65 63 30 20 24 31 41 45 64 67 75 69 68 65 64 60 64 69 63 81 87 76 81 85 97 94 94 94 101 104 109 113 111 108 119 126 136 148 142 130 122 124 111 88 107 112 121 126 112 112 114 68 41 31 31 28 26 23 21 21 28 32 37 40 31 37 50 
113 108 109 108 109 110 110 109 109 113 111 110 111 112 111 116 84 26 43 45 43 61 54 66 78 87 80 78 78 105 118 104 92 100 83 89 100 109 115 75 80 70 48 48 62 55 51 37 35 45 55 71 76 65 63 58 60 53 48 50 57 56 64 73 70 72 62 61 68 78 73 71 67 50 49 53 77 103 104 91 90 104 114 132 146 141 127 123 119 90 101 113 115 128 109 112 97 48 31 35 24 33 33 32 34 29 29 29 37 35 37 49 
107 115 112 112 111 110 108 110 112 110 112 110 109 107 109 106 120 103 38 42 46 38 43 44 61 72 86 84 80 72 107 106 88 91 97 82 77 100 99 102 76 68 76 63 50 54 62 89 76 70 70 64 53 46 46 47 47 47 56 51 55 64 62 63 61 61 77 64 64 59 65 73 83 94 85 83 74 75 87 103 108 97 86 79 92 130 137 132 123 119 97 96 107 115 130 104 101 68 36 34 39 29 23 28 25 28 36 36 29 48 31 43 
