10 112 112 107 107 109 110 110 111 107 109 109 108 108 106 108 109 111 109 111 110 82 53 39 34 48 63 59 56 64 68 43 49 60 83 93 88 59 49 53 55 60 64 74 62 69 67 72 86 61 48 38 30 25 30 36 38 38 39 40 50 49 51 55 55 50 49 54 43 37 33 29 27 38 45 53 60 60 57 62 85 123 146 138 131 116 136 148 145 135 115 86 68 86 107 102 85 70 32 41 27 42 33 42 34 44 34 35 50 29 50 41 
106 105 106 108 105 108 107 104 104 104 109 112 108 105 107 111 104 95 101 79 83 125 130 132 111 93 86 100 111 94 92 85 94 134 137 127 122 106 110 101 94 85 71 90 99 97 89 82 75 71 66 77 67 59 54 62 77 101 119 122 109 94 95 84 72 67 82 78 80 74 74 62 72 78 97 98 130 177 192 169 146 135 120 133 131 120 122 136 131 121 93 80 74 75 72 76 71 65 68 62 59 53 44 41 54 41 30 33 35 40 35 32 
110 109 107 105 111 108 108 112 110 105 110 106 109 112 118 105 92 85 103 87 87 138 140 136 108 79 79 99 94 96 91 95 120 119 116 109 105 102 95 93 92 95 114 118 110 94 79 72 72 73 80 80 67 69 62 55 60 86 94 97 100 108 108 98 94 87 74 49 37 32 40 68 87 104 111 148 182 191 175 149 132 104 129 144 125 120 128 132 123 100 77 72 79 71 62 63 80 61 48 56 56 51 41 37 38 34 34 31 27 35 30 38 
107 107 107 111 106 108 112 104 104 106 107 112 106 109 111 95 69 90 108 101 107 149 135 114 99 74 69 94 86 84 98 119 122 105 110 107 106 86 89 101 111 111 100 104 95 95 103 103 96 88 89 72 52 39 44 48 42 51 75 74 82 81 87 98 92 110 133 158 164 155 142 131 121 131 168 184 178 165 164 150 122 142 150 123 112 126 136 125 101 78 69 73 63 59 68 65 66 52 60 48 38 37 28 35 31 38 29 33 42 30 28 23 
105 111 109 109 110 108 111 103 107 111 115 93 98 104 91 72 63 96 118 104 117 158 126 111 93 63 78 104 83 87 105 106 113 98 91 98 103 76 104 105 100 85 85 94 88 86 72 63 58 51 44 31 32 30 26 32 47 46 46 48 40 42 50 54 54 61 93 141 162 155 149 154 149 134 144 169 164 167 135 125 155 152 119 102 127 131 125 91 81 67 68 59 49 54 71 73 57 49 36 31 36 27 31 34 33 23 27 30 27 33 30 40 
112 107 107 107 107 110 111 107 105 106 99 85 101 101 96 77 68 109 116 116 116 140 110 97 106 82 92 105 91 94 102 92 111 89 80 98 104 94 106 92 79 99 92 76 59 50 42 34 36 31 22 29 34 38 45 49 44 44 41 44 48 51 51 48 47 46 55 73 95 112 119 137 149 147 106 99 139 130 141 160 130 103 105 130 127 116 85 67 58 63 51 40 61 83 76 48 35 30 27 27 27 32 26 23 26 33 38 35 37 31 33 39 
106 111 110 111 107 108 102 105 96 65 73 101 97 77 82 83 84 116 119 136 113 119 97 91 106 76 87 102 94 98 87 99 95 86 80 96 105 94 96 85 105 100 79 68 59 45 46 39 34 38 29 27 21 26 28 33 42 39 43 42 46 35 26 29 32 44 55 68 71 85 107 124 144 146 139 84 62 117 133 89 75 102 127 124 101 77 61 60 51 44 38 67 89 83 56 29 24 30 30 29 32 25 30 29 26 27 27 26 28 34 35 26 
110 110 113 111 108 101 98 99 63 57 85 103 79 86 89 87 90 113 114 124 100 109 85 88 79 58 69 92 90 86 87 91 84 91 95 105 108 109 111 107 116 107 95 95 94 87 83 87 86 83 68 66 64 61 62 60 50 59 65 67 61 54 43 30 10 7 25 41 66 71 90 101 121 136 133 110 45 41 45 69 109 123 103 80 66 48 55 53 50 58 85 94 82 50 32 21 25 33 28 22 23 25 29 38 28 36 29 29 29 34 28 31 
106 107 106 108 108 96 90 70 55 80 107 98 56 78 90 91 74 97 122 107 95 95 100 93 85 59 83 94 92 92 99 101 99 105 111 118 126 125 124 132 133 133 126 117 119 122 124 127 133 138 136 132 135 131 124 122 122 115 111 119 125 130 125 121 111 98 65 41 40 50 59 80 92 108 116 96 52 24 45 103 114 88 68 49 44 51 53 68 74 87 91 81 47 31 30 30 31 26 21 26 26 30 26 29 26 25 35 39 30 28 25 27 
106 111 110 113 96 83 76 60 83 97 114 93 76 92 112 93 83 92 116 108 94 104 101 78 72 78 93 95 103 105 120 130 132 131 128 138 140 142 140 139 144 146 143 139 137 143 137 138 137 140 140 141 143 140 143 136 128 132 126 126 134 137 137 139 129 128 123 122 112 108 100 84 85 89 93 63 11 5 25 36 41 43 39 50 52 55 60 81 84 88 96 60 45 35 26 24 26 26 25 24 24 29 26 31 32 31 29 28 24 25 33 31 
109 108 110 104 87 67 56 67 77 103 111 82 89 91 116 102 81 96 111 114 100 89 76 76 82 96 98 106 121 137 150 158 154 154 157 153 152 158 160 152 152 153 155 155 154 147 146 143 149 143 142 139 139 139 135 138 131 123 132 142 144 150 152 155 150 145 142 132 130 127 126 127 118 118 112 107 104 97 65 41 27 16 29 45 45 34 43 64 88 97 58 34 38 21 27 29 34 26 24 28 29 25 28 32 26 32 28 20 22 22 23 23 
110 111 109 106 74 70 72 86 74 124 121 88 72 86 128 113 100 98 99 111 104 87 74 78 92 97 116 136 146 156 165 164 163 164 169 162 155 153 159 155 148 154 156 156 154 156 149 143 144 147 142 142 141 131 122 123 129 130 118 128 150 157 155 157 157 155 150 144 137 132 122 117 118 112 110 116 122 125 124 123 110 84 52 23 11 18 38 60 88 74 35 44 39 36 37 29 18 19 28 24 21 23 21 21 26 25 29 26 24 30 28 27 
111 109 103 89 50 64 80 73 78 122 135 102 93 76 120 113 113 104 99 112 104 85 82 84 102 116 143 163 174 175 172 172 166 168 169 170 168 166 160 158 154 152 147 150 154 151 151 154 148 147 146 134 113 105 109 111 120 129 121 117 139 152 159 164 163 157 159 159 152 146 137 128 124 117 110 104 104 116 124 122 119 122 117 101 73 47 29 65 81 53 50 45 35 35 32 35 36 35 20 19 15 17 19 16 13 14 13 18 18 23 29 24 
111 104 104 79 63 80 82 83 96 130 145 116 106 96 121 114 122 115 106 104 105 92 87 103 120 147 173 181 181 179 173 174 178 175 173 169 169 166 160 149 156 157 156 156 152 157 156 158 159 155 146 112 96 96 96 102 116 134 122 101 125 144 158 162 158 157 166 161 157 147 145 140 137 128 118 116 108 102 108 114 117 113 116 107 103 94 74 66 62 65 58 45 45 33 29 29 22 18 21 18 25 20 19 20 19 23 21 15 14 15 19 25 
109 106 99 69 69 78 76 81 114 138 149 131 125 94 110 130 122 119 109 103 96 90 97 113 135 165 186 188 189 185 185 182 185 181 178 173 170 164 166 170 164 160 162 160 159 157 160 163 160 159 136 117 103 96 103 104 105 120 118 97 128 152 155 145 142 167 172 169 157 152 150 152 145 141 138 125 118 116 108 110 115 116 113 116 103 97 97 87 74 64 52 41 29 30 20 17 15 21 23 22 19 25 23 21 19 19 19 24 26 24 12 15 
112 104 80 61 84 86 70 100 126 139 160 113 121 109 103 135 126 116 101 99 104 100 108 124 149 180 189 191 189 188 186 188 191 189 184 182 179 175 172 171 171 169 163 164 166 168 168 171 168 156 134 114 103 98 98 97 97 98 100 94 138 163 154 130 147 176 175 169 164 159 155 156 156 149 144 129 102 102 101 102 103 109 112 103 100 101 100 93 77 60 34 21 21 15 21 24 25 22 24 25 17 15 21 26 24 22 23 26 23 24 31 26 
91 102 82 70 92 87 63 104 142 140 168 119 101 105 97 125 132 124 113 107 98 98 109 128 158 179 185 192 191 188 188 186 186 187 188 185 182 179 176 174 177 177 176 171 173 170 174 172 171 155 134 116 102 97 102 98 91 87 77 94 148 164 138 131 161 173 177 177 170 167 162 163 158 150 143 137 124 108 96 74 71 81 94 108 106 97 108 101 89 86 71 41 20 22 20 19 15 20 15 18 16 21 22 20 20 26 28 29 27 33 26 27 
90 83 67 74 108 87 90 108 155 135 172 145 95 118 107 119 117 119 110 105 97 104 119 144 168 173 179 187 189 188 184 184 187 188 185 187 185 181 181 182 178 178 179 175 174 178 179 176 163 147 130 119 103 97 92 87 83 67 63 99 139 155 123 139 162 169 183 179 175 168 168 166 162 156 149 141 136 123 110 92 87 75 77 92 107 118 119 118 109 94 79 70 49 17 18 19 16 8 12 11 16 15 15 18 23 25 24 29 33 29 38 35 
89 80 75 93 124 108 98 108 156 137 166 156 96 103 114 121 120 115 115 114 107 127 144 175 178 181 189 189 189 187 188 187 184 181 183 182 183 184 179 181 181 179 178 182 184 188 185 184 169 146 125 115 103 97 92 81 55 58 67 106 143 135 129 143 157 174 187 180 178 176 171 174 170 165 159 143 146 132 121 114 103 105 93 94 95 112 129 130 129 121 102 82 68 46 14 3 9 5 4 5 10 7 7 10 10 11 20 25 25 38 34 33 
101 72 80 100 126 121 119 118 157 123 134 140 94 92 116 128 134 130 131 127 126 144 169 181 182 188 189 191 191 191 187 185 186 185 183 182 178 180 180 179 178 178 180 181 184 187 186 185 171 144 121 111 96 102 79 56 48 58 71 99 124 117 128 133 146 169 185 188 181 179 176 170 165 162 158 153 148 141 134 124 116 104 104 95 100 100 109 127 130 133 126 118 87 69 57 56 38 36 37 41 30 27 31 24 21 19 9 13 13 7 17 26 
107 71 78 109 121 136 137 130 170 123 119 133 94 97 100 120 130 138 136 131 131 152 171 180 184 192 191 191 188 187 186 186 185 182 185 183 182 176 178 180 185 182 181 176 184 188 187 185 162 133 115 109 98 89 75 50 50 41 72 109 119 113 104 118 143 165 183 186 184 179 174 175 166 166 162 154 152 146 134 124 116 107 92 82 88 106 112 111 116 119 115 114 108 83 68 75 112 104 101 101 98 99 92 88 86 84 77 74 63 47 36 20 
106 86 78 126 115 140 149 136 169 130 111 119 104 86 98 120 131 130 129 127 144 166 180 188 193 194 195 196 191 190 188 189 188 186 184 182 182 182 181 184 185 186 181 184 185 186 190 185 160 128 107 101 95 86 55 52 45 33 66 99 111 110 96 103 145 174 182 186 186 186 182 175 171 169 165 161 155 144 136 118 115 100 99 88 82 103 117 132 132 123 111 101 103 102 86 61 78 110 103 107 108 106 108 104 101 100 103 102 104 109 108 98 
116 104 99 119 115 136 140 138 165 138 108 110 103 81 91 117 136 122 123 129 153 173 192 194 196 197 194 194 194 189 184 187 183 179 181 178 183 184 181 184 185 185 184 181 182 188 189 182 155 121 94 94 98 86 58 53 46 53 70 101 107 103 92 93 132 175 185 189 184 187 185 183 174 169 166 153 150 146 135 120 106 101 97 92 94 109 122 133 132 134 124 113 104 93 90 71 55 65 93 94 102 103 103 102 98 103 104 108 109 106 108 109 
116 125 120 115 109 149 145 137 154 134 110 86 101 87 87 107 127 116 125 150 170 190 197 198 197 195 199 199 195 193 189 186 184 181 181 180 181 179 182 181 186 185 187 187 188 186 190 184 146 118 92 89 98 77 59 51 68 89 86 87 111 102 88 84 121 167 181 191 189 183 180 178 172 165 161 154 152 138 125 109 97 92 88 87 94 109 126 130 137 140 134 122 109 104 90 85 73 57 60 92 98 100 101 101 105 104 108 102 103 106 104 112 
120 133 141 125 109 143 129 118 140 113 105 93 93 91 96 109 128 127 136 161 181 197 201 201 201 201 201 198 199 195 191 191 187 186 184 183 182 180 182 187 190 190 185 188 188 186 190 176 132 117 89 85 89 70 59 47 46 80 115 94 105 107 84 80 112 166 179 187 189 186 182 178 178 169 162 149 142 130 112 102 92 86 85 76 85 93 106 125 137 139 131 132 120 107 96 81 86 74 59 53 75 87 94 97 100 102 101 100 105 106 104 108 
120 126 156 147 124 123 135 107 112 104 84 105 87 95 97 112 120 131 144 163 192 202 202 201 200 200 199 199 199 198 194 191 190 187 185 182 179 180 184 187 185 185 184 186 185 183 183 172 133 105 80 86 87 62 61 31 36 49 105 113 102 101 78 80 110 157 179 184 188 185 180 177 176 170 157 153 132 111 98 89 77 66 64 74 73 66 76 108 134 145 146 135 130 120 108 91 84 85 70 61 51 63 76 85 88 93 98 99 99 98 104 104 
153 143 133 133 130 120 124 121 92 100 83 93 91 97 109 113 130 145 154 181 197 201 202 201 204 200 200 199 200 201 194 192 191 186 183 181 176 180 183 186 189 189 189 184 186 185 181 165 118 93 67 76 81 69 62 26 23 34 83 113 94 91 72 75 103 155 181 190 186 180 180 176 173 165 152 132 114 95 81 65 62 66 81 92 110 112 107 113 129 142 151 144 134 132 122 112 101 89 90 78 59 53 62 64 74 79 82 90 95 95 97 100 
152 157 132 123 129 125 116 121 106 83 92 74 86 98 107 119 131 147 167 188 199 204 204 205 204 202 200 201 199 199 198 193 186 189 186 183 183 181 187 187 189 192 191 190 188 186 185 157 115 89 75 72 82 62 53 42 31 25 75 102 99 94 73 80 113 161 181 185 182 182 177 175 170 160 137 122 100 77 72 74 82 93 102 114 123 129 124 121 127 131 140 143 140 139 134 128 118 110 100 91 71 61 50 53 62 71 77 80 84 90 94 96 
145 145 131 124 121 132 131 99 127 95 73 74 83 94 108 128 141 163 179 194 203 202 203 203 203 204 203 202 203 202 199 196 195 187 188 187 185 185 184 191 194 192 193 192 192 190 186 168 111 81 77 79 71 51 52 42 31 39 81 114 89 84 70 78 129 171 183 187 183 179 182 180 166 141 115 96 82 79 80 91 98 107 116 121 118 123 116 109 109 118 127 134 145 151 152 142 134 123 118 102 83 60 52 54 55 58 58 68 77 77 83 91 
127 144 124 128 128 118 130 119 117 115 92 77 82 102 116 135 153 175 187 197 203 203 204 204 203 203 203 203 203 200 198 198 193 190 186 188 186 183 185 187 196 194 191 188 189 188 187 163 125 81 68 74 65 47 49 24 39 52 81 105 88 84 67 88 140 175 184 179 174 174 176 171 159 125 94 78 75 86 100 108 113 124 135 130 122 114 110 99 96 106 119 135 146 154 156 155 142 135 137 123 108 80 64 47 43 52 58 59 71 69 74 76 
115 139 136 121 124 125 116 125 122 107 114 98 79 104 125 147 164 185 194 201 203 205 205 205 204 202 202 204 202 201 200 197 194 193 193 188 184 184 187 191 193 198 197 196 190 188 182 158 117 94 78 77 70 41 57 47 52 85 94 99 86 77 77 101 145 173 182 180 179 179 176 165 133 105 83 80 95 112 120 115 120 133 144 141 129 123 96 74 81 108 125 138 155 157 154 157 148 146 145 144 134 113 82 60 51 50 56 52 51 60 60 70 
126 116 129 121 120 121 120 113 117 96 97 102 102 103 124 158 174 187 200 204 204 205 204 204 203 204 203 203 204 201 200 199 200 195 194 192 189 184 187 193 198 197 199 199 195 191 177 145 112 83 77 74 68 43 57 62 103 113 97 102 89 78 85 117 161 182 178 174 177 177 172 164 117 83 77 96 112 126 129 124 124 137 147 145 138 130 101 44 58 115 150 150 157 160 159 156 156 148 146 143 146 137 114 79 55 47 48 57 55 53 55 60 
110 141 128 155 151 127 119 113 110 109 98 88 94 111 123 144 170 184 195 201 206 204 204 204 204 204 202 202 203 202 202 200 199 197 195 192 189 192 190 192 196 200 198 196 194 190 183 159 118 96 82 85 71 38 48 64 82 88 76 89 84 82 103 131 171 172 171 172 172 171 165 136 91 72 82 105 124 133 126 126 131 142 159 154 145 136 96 45 39 96 156 152 145 156 162 153 146 148 140 142 147 148 139 126 84 55 38 53 57 62 57 55 
114 115 131 119 138 129 126 124 115 99 100 100 99 116 130 150 173 188 194 202 205 205 207 206 204 202 203 204 204 202 200 200 197 198 194 192 191 193 194 196 199 202 201 197 192 186 179 154 127 97 83 77 83 54 40 52 45 69 72 82 85 95 109 150 172 171 174 171 173 174 164 133 96 55 66 113 134 129 131 128 129 140 156 159 155 144 101 45 30 61 127 155 149 147 152 157 152 143 137 133 147 152 151 140 124 95 58 39 50 52 58 57 
106 111 109 109 106 124 113 108 113 108 102 95 109 122 127 148 177 190 198 204 204 205 204 206 204 201 204 204 204 202 200 199 201 197 196 195 192 195 192 197 202 200 200 198 199 193 183 155 131 115 106 91 81 62 45 50 60 56 63 83 87 99 122 157 164 161 163 169 174 171 158 134 126 117 92 106 130 138 130 132 131 143 161 154 157 144 100 63 29 38 96 135 147 145 144 147 151 141 135 131 138 150 157 159 139 130 105 60 53 61 57 60 
122 119 118 119 107 104 113 110 98 93 102 110 121 135 142 156 167 182 194 202 204 205 207 205 203 203 203 202 202 201 201 199 198 195 189 187 191 194 193 197 196 200 201 197 192 188 179 161 145 121 108 103 90 75 57 53 62 72 69 82 92 105 138 164 165 163 166 170 175 176 162 153 157 155 157 136 118 120 136 136 140 149 160 167 165 140 98 52 27 29 66 125 131 130 134 142 146 146 134 125 127 140 161 165 155 133 118 89 50 45 58 52 
123 110 101 115 107 104 82 92 89 90 93 109 126 134 139 152 167 180 195 202 206 208 205 207 203 204 203 204 203 203 200 200 199 199 193 186 189 191 194 197 200 199 196 196 196 190 180 167 147 118 99 99 90 75 66 59 61 72 80 87 105 127 162 166 164 167 167 171 177 172 162 164 174 177 170 159 141 109 104 133 139 149 162 166 164 142 101 58 44 16 41 110 134 128 123 121 135 132 136 133 129 131 152 171 154 131 116 106 75 51 56 56 
148 118 109 103 123 123 120 115 124 123 133 143 122 128 141 154 177 188 193 202 203 205 203 203 205 203 203 202 203 202 202 200 197 198 193 193 193 193 198 198 202 201 199 194 195 192 187 173 156 132 116 103 101 91 74 63 64 71 85 100 124 156 174 173 171 168 176 177 176 172 161 166 171 170 159 150 136 118 72 74 113 132 151 167 168 146 110 60 66 79 47 92 116 133 127 108 114 127 124 122 126 135 152 159 165 153 126 112 100 53 40 56 
135 162 163 170 162 156 148 144 133 136 140 146 144 143 147 161 171 183 195 203 205 205 205 204 206 203 203 202 200 200 198 199 197 196 193 194 195 196 196 198 200 198 198 190 193 192 186 182 168 150 126 110 102 91 73 74 67 67 74 104 139 163 170 171 170 171 170 178 170 164 161 159 168 161 153 131 101 90 73 59 68 102 128 147 163 140 103 65 80 107 104 64 124 124 128 118 88 109 121 124 129 129 144 149 162 155 144 122 112 84 54 49 
113 129 140 154 150 141 132 136 135 143 142 132 140 142 146 151 164 183 196 202 204 205 203 204 203 205 203 202 202 200 201 197 198 194 195 195 194 197 199 199 200 202 198 196 191 190 184 178 171 152 139 128 115 101 85 70 62 60 85 122 158 170 167 161 165 170 167 166 169 160 151 156 161 162 156 148 115 62 57 43 47 59 79 112 136 128 98 58 57 77 41 29 108 150 136 125 107 81 96 114 109 124 143 146 155 163 147 136 120 98 55 47 
131 135 137 139 119 100 106 101 110 120 115 118 123 119 130 142 160 181 197 202 204 204 203 205 202 202 203 204 200 201 200 200 199 198 199 197 199 199 198 199 200 198 200 195 194 192 188 182 170 157 135 127 124 117 103 98 96 102 120 147 158 160 161 162 160 162 162 167 165 167 167 168 173 170 166 159 140 92 54 50 47 62 71 92 113 113 103 66 77 97 79 51 82 136 140 127 106 77 79 106 102 100 135 146 155 156 156 145 121 100 70 41 
155 142 120 100 96 102 101 103 116 115 118 134 137 133 132 153 166 185 194 200 202 204 202 201 202 203 204 202 200 200 199 199 197 194 193 196 200 198 198 201 201 200 192 193 192 189 182 175 170 163 143 138 133 131 130 141 144 156 162 161 162 161 159 160 156 154 159 161 165 166 170 177 178 177 167 158 140 106 59 44 52 68 73 80 88 93 88 71 67 108 121 88 73 121 159 146 122 86 64 81 103 108 133 148 151 154 155 142 122 101 78 60 
141 149 157 152 140 132 129 121 118 110 113 133 135 152 158 160 163 173 181 192 200 201 200 201 201 200 200 201 201 201 200 197 195 193 194 196 200 199 199 200 200 200 197 191 192 189 186 180 169 163 153 149 146 145 138 157 174 178 174 176 175 175 169 160 157 161 160 161 162 165 174 183 189 187 172 161 151 117 76 53 53 62 79 87 84 75 77 71 49 78 109 81 77 101 142 148 130 89 72 71 88 108 132 156 154 156 154 137 120 98 79 54 
117 120 136 146 157 148 141 143 141 132 124 123 132 140 150 154 152 166 171 184 191 196 202 201 200 201 200 198 199 198 198 198 198 196 194 196 200 202 202 201 201 200 197 192 194 189 185 182 174 167 159 157 150 157 147 168 184 189 184 188 186 182 181 180 177 169 170 168 174 174 181 190 199 198 189 168 157 130 90 63 50 66 81 95 93 81 65 59 66 100 107 93 91 115 147 153 136 101 61 70 82 99 126 155 157 152 154 144 125 104 79 64 
119 128 131 133 139 135 128 124 124 123 118 119 123 137 139 141 142 151 156 173 189 193 200 203 202 205 203 200 193 198 199 199 196 195 197 199 201 200 200 202 201 201 198 196 193 191 185 182 172 166 162 157 153 151 146 173 192 196 196 192 195 196 193 191 189 188 188 187 186 190 191 194 199 196 188 169 158 132 100 68 54 60 81 86 92 82 62 57 71 108 121 113 89 112 150 146 142 113 70 63 73 91 111 146 160 166 163 145 128 102 80 58 
132 128 122 124 116 110 102 105 113 122 131 135 134 136 139 147 144 140 142 158 187 193 195 200 200 201 201 198 195 199 196 199 198 197 196 197 199 201 201 198 200 199 199 199 195 190 185 180 169 164 158 149 152 147 151 176 179 189 193 194 194 197 196 197 195 197 199 199 201 201 200 201 200 193 184 176 160 136 106 73 64 66 75 86 98 94 61 53 62 111 120 111 83 99 142 141 135 117 72 66 74 80 105 140 159 162 153 147 126 101 72 59 
146 131 125 116 111 118 116 118 114 119 116 112 105 115 136 144 127 135 140 161 176 187 184 193 200 202 201 201 200 199 196 196 200 196 197 198 200 199 199 202 199 201 200 196 194 192 187 180 170 167 155 148 149 154 157 173 181 181 189 195 196 196 195 193 195 196 198 200 201 199 198 199 193 185 184 172 152 119 83 69 57 60 76 88 104 98 76 54 48 83 118 111 91 104 133 139 135 115 72 66 68 75 101 134 150 150 152 146 123 101 75 61 
116 145 141 137 130 128 128 121 112 100 85 87 102 122 132 125 135 131 139 161 179 185 190 196 202 201 200 201 201 200 200 196 195 195 195 194 199 197 199 199 198 200 200 199 192 191 186 179 171 158 147 147 143 142 152 169 183 192 183 180 183 188 192 192 189 192 194 195 196 192 194 195 192 189 184 170 153 120 96 70 61 62 70 79 102 108 78 59 55 71 101 98 83 95 114 117 119 113 75 66 63 77 96 129 159 162 145 138 114 104 76 61 
126 136 129 114 108 100 100 100 104 101 92 110 113 120 123 135 141 138 141 161 180 181 189 200 202 199 200 201 201 200 199 197 198 198 197 195 198 199 200 200 198 195 197 197 195 187 183 175 163 155 143 128 135 140 138 149 156 171 178 173 175 183 183 187 185 185 189 190 192 189 191 189 188 186 185 175 163 142 101 75 65 75 79 89 94 91 78 56 69 117 124 112 84 88 109 106 112 109 75 62 67 75 93 118 151 162 149 133 106 97 80 62 
128 91 77 84 83 102 104 117 96 80 100 122 127 110 135 143 136 133 145 154 175 180 180 193 191 199 202 202 201 200 196 196 194 199 197 195 196 199 198 199 196 198 198 198 194 187 181 174 159 139 130 125 125 124 125 131 135 149 158 158 155 163 166 168 173 172 176 180 184 190 188 189 191 190 185 176 154 126 94 79 68 74 80 88 105 94 75 67 80 117 121 116 94 89 104 113 107 101 71 71 72 74 89 121 152 162 150 134 94 86 75 59 
63 76 100 103 113 109 127 111 99 101 125 133 122 131 150 134 139 146 148 162 170 176 172 191 196 198 201 202 200 198 196 196 195 196 192 192 194 195 197 197 199 200 200 199 198 191 179 161 144 126 109 104 112 113 119 116 115 117 123 128 135 127 141 140 148 158 158 167 176 182 191 190 188 190 186 171 153 120 93 75 66 80 100 105 102 89 76 55 86 123 143 120 88 89 99 110 112 94 66 74 88 88 93 109 151 167 148 125 101 84 71 59 
64 95 110 118 110 113 120 113 91 120 139 143 131 155 153 143 148 157 150 161 167 174 164 181 200 200 202 201 200 192 192 196 194 194 192 193 193 196 198 197 199 200 198 197 195 189 170 161 137 104 102 102 105 104 102 103 107 110 114 126 136 141 137 141 143 147 153 160 165 175 184 194 192 190 185 160 134 102 72 61 71 87 116 119 107 91 79 58 54 91 93 95 86 74 90 101 103 80 69 75 86 92 97 120 146 162 153 130 100 85 68 55 
79 105 119 115 117 130 126 105 108 139 142 148 137 160 162 144 162 169 144 156 165 173 171 184 201 203 203 202 201 197 189 192 193 187 190 189 193 194 195 197 199 201 200 198 193 188 178 158 134 110 92 100 96 93 83 85 96 113 121 124 146 162 161 156 158 160 166 172 175 166 171 186 192 181 178 163 134 95 63 59 75 99 112 114 119 102 82 59 74 119 122 84 86 75 89 95 97 78 69 82 91 98 108 131 154 157 146 129 107 86 71 53 
91 104 118 126 132 129 118 102 130 148 152 153 146 167 162 145 172 170 143 155 168 180 176 178 197 201 201 200 201 195 191 192 191 191 191 189 187 189 194 197 199 200 199 196 195 188 163 135 111 99 96 95 92 79 72 76 90 107 126 126 131 150 166 165 162 167 174 181 172 157 148 161 171 172 163 152 117 84 57 65 88 102 115 123 118 98 80 72 108 140 149 96 64 70 94 95 86 73 82 91 96 104 114 135 154 153 144 125 106 92 73 54 
88 96 106 114 121 118 110 117 137 146 158 167 165 181 160 157 172 165 141 151 169 176 174 171 189 200 200 201 199 198 192 191 190 189 185 185 180 176 190 197 198 199 199 197 191 188 164 132 112 95 91 92 83 74 68 72 86 113 124 124 128 144 168 166 166 172 179 183 175 158 159 171 166 154 142 133 119 92 68 88 104 111 116 124 123 105 85 66 76 100 90 45 73 83 92 92 87 83 89 100 108 111 119 133 143 149 142 127 113 95 67 62 
88 87 97 108 112 119 122 124 134 137 144 168 174 176 167 176 179 175 143 150 162 185 184 170 182 198 200 200 201 196 194 190 188 187 185 188 185 188 194 196 198 199 198 195 193 183 170 136 102 90 90 89 77 67 61 64 82 82 103 106 109 127 152 167 166 169 175 183 177 159 160 184 188 181 151 125 118 108 99 100 106 107 122 128 125 109 88 65 83 92 41 61 78 92 100 96 94 97 99 105 107 111 119 134 146 145 140 128 112 88 73 64 
93 90 99 99 99 114 122 129 130 132 142 158 173 163 160 180 176 169 145 149 157 173 183 177 178 194 199 199 200 197 194 194 189 186 189 191 189 193 195 197 196 197 193 190 191 183 174 131 103 89 84 85 72 52 50 64 71 73 90 86 93 113 148 165 165 162 175 185 172 153 158 183 189 187 179 156 132 107 102 106 112 116 119 127 127 110 86 67 96 110 86 86 99 96 102 102 102 104 108 109 113 119 127 136 144 139 133 118 99 78 59 70 
94 92 82 90 99 97 106 111 118 121 134 145 157 142 148 171 162 165 141 148 153 166 176 177 174 189 196 196 197 198 193 187 185 185 184 179 190 187 193 196 199 198 197 194 189 184 171 121 91 85 80 82 55 45 53 59 77 85 84 77 84 102 131 165 169 168 172 179 174 140 134 160 175 177 165 149 128 110 101 105 111 120 126 134 128 106 87 57 44 67 78 89 93 100 103 112 113 109 106 108 106 116 128 141 143 133 122 110 97 80 66 78 
75 85 84 88 80 70 89 111 115 106 120 134 140 131 150 168 160 162 132 145 149 164 171 182 177 187 196 197 197 196 192 190 186 183 183 187 193 191 189 196 198 197 194 191 190 187 176 124 79 70 84 76 49 49 60 74 85 82 83 66 79 100 123 158 170 169 171 178 176 142 102 107 110 111 119 112 107 109 108 111 117 126 127 130 133 121 88 62 34 55 81 90 97 108 118 116 115 118 115 115 114 124 131 140 134 132 123 108 95 75 71 81 
82 90 83 78 68 73 93 106 99 106 119 126 126 126 146 160 145 149 125 135 144 167 180 185 183 182 193 198 195 194 191 187 185 189 190 191 191 193 192 194 198 197 195 194 193 186 173 125 90 76 78 62 38 56 84 119 112 92 75 75 67 88 113 152 171 174 175 181 181 155 117 91 85 84 82 89 96 102 107 108 118 121 124 126 132 118 85 60 51 66 81 101 112 122 123 117 115 114 117 109 116 124 131 137 136 125 117 105 85 68 70 82 
87 91 77 65 71 67 79 92 99 97 111 120 123 123 145 149 138 140 126 133 143 160 179 185 185 184 187 190 193 193 190 185 185 184 185 190 189 193 198 198 196 193 196 194 189 186 170 124 85 71 76 71 47 52 60 81 114 101 91 76 71 82 107 146 173 178 180 181 181 166 134 97 98 104 104 109 110 111 111 113 117 126 124 128 130 121 91 54 51 85 105 122 126 125 123 122 121 116 115 121 116 125 131 131 126 124 113 96 84 63 76 81 
76 69 68 60 59 63 70 81 86 90 107 114 114 126 142 141 127 124 118 126 137 151 169 185 184 181 183 189 188 189 185 184 186 185 185 187 190 192 194 195 195 195 196 196 191 183 165 121 85 65 73 66 51 27 38 55 69 100 86 82 73 74 105 136 170 178 183 182 177 172 148 109 85 94 96 105 118 122 121 117 121 119 128 122 126 124 95 37 70 111 127 129 126 126 130 120 120 119 114 112 115 124 132 130 117 116 104 96 76 78 73 69 
61 69 73 69 66 72 71 78 78 87 108 110 114 134 130 134 124 118 105 111 127 146 164 175 182 179 179 180 187 188 186 186 183 185 185 190 192 194 194 195 197 196 198 196 195 188 158 114 80 64 78 61 45 52 27 33 60 87 92 85 76 71 95 131 164 185 184 182 182 180 162 129 102 84 86 95 109 117 121 121 126 133 129 128 127 126 94 50 90 127 131 129 130 132 132 129 127 120 120 120 118 125 129 129 125 116 101 85 65 69 67 71 
67 75 74 59 66 75 79 83 86 88 100 114 111 127 124 129 113 120 99 99 118 124 151 173 186 177 173 175 182 186 186 183 184 184 187 188 192 189 194 197 195 198 199 198 194 188 154 109 81 60 81 75 49 30 52 28 39 80 91 92 80 72 100 134 157 184 187 185 185 181 157 141 120 97 84 82 101 108 115 127 129 135 138 129 125 119 96 66 94 124 128 129 131 133 133 133 134 126 117 121 127 133 138 135 124 118 100 68 69 68 67 67 
65 72 71 68 67 74 79 84 78 88 96 119 112 126 117 120 107 111 99 95 112 128 138 154 174 175 176 173 177 180 181 182 182 187 186 193 189 183 188 192 195 195 196 198 197 184 151 119 89 80 90 72 52 41 45 28 45 75 88 87 78 73 97 125 159 180 186 184 180 179 175 152 133 118 104 91 85 96 104 111 126 139 137 137 126 117 110 84 87 109 120 133 132 133 132 131 131 126 122 126 125 124 131 125 116 99 70 64 67 64 64 67 
60 83 75 69 69 66 80 76 87 89 103 125 125 125 116 118 110 110 101 90 102 120 135 143 164 168 171 168 172 176 183 185 185 185 190 190 191 190 191 191 191 195 197 197 197 190 159 121 84 80 92 84 54 34 26 38 51 80 93 94 87 78 99 124 155 181 184 186 183 181 172 161 149 133 119 102 85 76 83 110 118 141 150 142 132 129 115 104 101 113 120 134 136 132 138 137 135 131 124 129 134 134 123 119 93 66 66 64 63 72 70 65 
50 72 74 79 70 59 74 85 82 86 101 112 143 117 110 124 111 103 96 105 93 108 123 138 143 159 163 162 165 175 180 185 188 191 192 192 186 187 189 187 190 192 193 197 194 189 158 123 98 92 95 82 45 41 38 45 82 102 90 100 94 80 105 122 158 177 188 187 184 180 177 165 156 144 127 117 104 92 76 81 112 132 144 138 135 131 127 116 112 112 120 137 139 130 132 133 133 126 126 128 125 119 113 94 67 67 69 66 72 71 78 76 
63 72 77 76 79 54 70 89 92 85 110 128 140 116 117 119 110 102 97 91 92 95 115 128 137 145 158 167 176 177 182 184 187 191 190 189 184 183 185 189 191 192 195 195 195 187 163 127 102 92 84 83 61 41 84 115 114 92 97 104 95 87 108 125 153 176 185 188 185 181 176 174 160 150 132 117 108 96 85 74 85 114 136 137 136 132 128 123 109 112 126 132 129 125 124 128 126 127 128 122 117 112 94 67 63 72 64 72 69 72 72 74 
41 64 68 75 81 78 72 80 88 87 106 106 126 114 111 117 115 92 82 86 96 92 107 115 121 137 155 163 178 183 184 186 190 192 191 190 187 188 188 186 187 191 195 194 195 189 164 131 105 90 96 94 65 49 56 104 102 83 105 102 104 95 110 122 156 175 185 185 188 186 178 171 163 153 140 125 117 111 101 93 81 81 102 120 125 128 127 126 125 132 133 127 118 113 115 114 116 117 116 113 110 89 67 68 71 65 76 73 75 71 73 73 
47 61 76 74 72 82 61 69 89 91 100 98 108 122 107 117 119 92 76 104 80 92 98 105 116 134 147 158 166 181 183 184 187 187 186 185 187 184 186 186 189 191 192 194 192 188 167 142 113 94 94 94 70 60 37 54 78 93 109 102 97 102 115 126 148 175 186 187 187 183 181 170 167 158 141 128 119 110 105 98 92 95 97 103 119 130 137 149 148 141 128 116 106 101 101 109 112 113 113 105 87 72 65 67 60 65 69 72 77 76 73 66 
50 55 66 86 76 85 71 58 89 88 97 106 106 120 110 117 120 92 71 86 101 82 84 102 115 123 142 154 158 169 173 179 183 186 185 182 179 181 181 184 186 186 190 190 193 191 168 133 104 104 97 99 87 58 59 38 69 94 110 104 105 111 118 135 144 164 180 185 185 181 179 170 163 154 141 130 121 115 114 111 109 104 107 114 126 136 142 144 138 128 116 109 110 108 106 103 107 108 107 85 65 67 75 76 70 76 76 78 75 73 75 82 
48 54 64 78 74 70 69 60 60 86 85 103 94 111 116 119 117 98 72 79 100 95 88 91 101 115 124 139 153 163 170 171 173 174 178 176 178 179 175 176 179 184 188 189 186 188 177 138 114 103 97 97 86 55 67 59 70 102 106 104 113 112 122 131 153 168 180 187 190 186 178 169 164 157 142 129 124 115 116 115 113 114 113 122 124 131 131 132 128 127 119 114 108 105 106 107 107 103 86 72 74 72 72 73 73 74 74 75 72 75 75 77 
55 53 58 64 85 73 75 71 56 76 93 95 105 110 121 115 119 100 79 84 77 96 92 83 86 100 121 131 142 152 162 168 170 166 166 169 169 168 168 168 170 172 181 188 187 186 186 150 117 95 94 97 99 95 58 75 69 102 108 107 115 121 128 138 155 175 184 188 186 184 181 171 159 149 140 126 121 119 117 112 119 121 127 128 132 129 127 129 130 127 123 115 111 106 101 102 97 83 73 71 64 69 69 71 71 67 70 72 77 75 73 73 
76 48 61 64 64 79 64 65 72 65 84 92 103 104 105 116 125 106 74 78 81 73 62 70 77 87 102 120 128 140 147 153 157 164 164 161 161 163 162 161 164 169 170 175 184 178 176 155 118 110 100 98 98 89 87 73 76 99 113 110 120 116 126 141 157 178 187 184 180 182 173 166 161 150 141 128 120 112 110 116 116 118 116 117 121 126 132 130 127 124 117 114 112 109 109 100 86 69 66 67 67 65 67 66 69 68 68 69 72 69 72 70 
111 69 50 53 62 75 82 66 68 74 59 94 87 96 88 100 118 96 69 73 95 101 62 60 78 86 92 97 113 124 134 138 143 155 156 160 155 162 160 156 156 153 161 162 164 171 172 166 137 107 102 102 105 109 104 96 87 90 121 118 124 124 133 139 160 172 179 179 178 178 177 168 158 145 140 130 120 115 111 106 110 114 119 116 121 123 124 129 127 124 123 116 117 111 103 89 68 60 65 61 60 59 61 67 65 73 72 68 74 72 74 75 
115 112 72 51 63 67 77 73 55 63 79 79 102 94 94 99 113 105 90 88 107 98 84 77 59 56 80 93 97 106 114 123 131 141 149 150 154 153 151 156 157 154 151 160 162 159 164 157 134 119 103 106 106 110 111 109 102 98 124 130 130 129 144 144 160 176 178 177 173 172 168 162 157 146 135 129 123 116 110 110 113 124 125 125 128 129 133 130 126 125 123 116 114 104 84 53 50 57 50 56 63 60 59 59 63 61 67 69 68 69 65 58 
108 111 99 49 51 55 76 65 50 57 75 84 92 92 89 81 103 103 89 107 121 105 81 87 79 70 64 76 86 91 102 111 117 120 128 138 148 155 155 149 152 152 156 157 158 156 151 148 126 106 110 109 105 112 117 122 115 106 125 134 135 138 146 152 162 174 176 173 168 166 163 152 145 141 135 131 122 119 113 113 116 115 120 118 126 130 124 126 124 121 116 108 102 72 52 56 61 58 58 55 57 61 61 65 66 68 69 71 68 61 49 24 
112 111 116 95 38 54 55 83 66 46 52 86 94 91 94 89 97 101 105 115 117 120 110 89 100 101 79 58 72 85 90 91 95 107 106 118 133 139 142 144 143 143 142 142 146 150 148 146 138 119 115 107 119 127 124 119 121 114 131 138 142 145 143 159 165 168 168 162 164 160 152 146 142 136 128 125 125 122 122 119 115 112 109 119 120 123 122 124 119 116 111 94 57 47 50 57 56 58 62 61 62 58 63 68 66 67 63 57 44 27 10 15 
108 108 112 112 84 35 53 66 86 61 42 59 88 90 100 96 83 104 108 125 124 117 134 117 104 106 106 75 66 82 74 81 81 88 95 96 108 119 130 140 144 149 145 139 141 142 139 142 143 144 128 128 129 131 134 130 128 127 137 138 142 147 148 155 161 162 159 157 152 148 143 140 135 131 130 129 124 126 122 122 121 122 124 122 124 128 125 120 123 107 84 52 47 51 59 59 61 55 60 61 59 71 67 64 66 53 39 25 14 9 16 19 
111 112 109 111 115 85 42 52 76 76 49 43 77 91 95 105 80 82 106 121 121 107 100 102 102 100 106 91 68 48 80 69 71 69 79 89 90 102 113 127 140 141 136 133 132 132 135 134 135 136 134 135 138 137 133 134 132 130 141 144 144 148 149 150 155 160 149 147 146 138 129 129 126 129 128 131 131 132 130 129 130 128 126 128 126 123 124 121 99 70 59 64 70 72 68 67 58 66 76 82 77 70 64 54 27 15 7 9 13 21 18 20 
112 110 113 110 111 117 83 28 37 77 69 40 45 77 82 81 95 80 87 114 125 103 100 77 81 86 103 104 75 58 66 65 50 64 66 83 74 74 89 99 97 117 124 128 126 131 134 131 131 129 135 129 133 132 131 131 135 136 131 140 144 145 145 149 149 152 149 142 140 130 129 126 126 127 126 124 127 126 124 124 125 127 127 124 127 126 106 60 15 9 18 29 29 34 43 41 48 43 33 28 31 21 10 10 9 12 19 23 18 16 21 20 
109 111 112 110 108 111 120 92 24 39 70 70 33 52 83 78 91 97 86 105 117 120 90 87 42 81 105 117 83 55 67 83 76 57 60 63 73 55 48 74 84 90 102 113 117 118 124 124 124 127 120 126 126 133 136 134 135 135 142 143 147 144 143 141 141 144 137 136 135 133 132 128 128 124 122 121 124 127 129 130 131 133 133 123 102 68 22 10 17 15 14 8 8 4 3 5 5 2 10 10 9 11 16 18 12 16 19 24 20 23 22 21 
110 110 110 112 111 109 108 110 98 43 35 58 58 38 54 82 74 92 105 81 104 132 102 74 95 39 87 122 111 89 70 75 89 79 68 71 70 82 58 28 30 48 56 62 66 70 79 81 92 98 114 115 124 127 126 131 133 135 136 134 135 138 141 135 134 132 132 127 126 129 127 126 127 131 133 135 130 136 134 133 123 105 79 58 48 22 25 19 19 18 18 20 16 23 20 16 18 21 16 18 15 16 20 22 21 19 18 16 21 26 20 23 
112 113 113 114 110 110 116 115 114 91 45 48 62 49 40 55 80 79 97 91 85 101 121 86 91 83 77 112 122 120 99 71 66 87 77 81 76 84 70 69 31 21 32 33 40 41 43 48 39 54 73 88 94 105 115 121 126 130 136 139 138 142 140 141 142 138 142 138 142 141 141 149 147 140 133 126 116 97 75 45 28 20 20 16 54 56 38 36 20 13 13 18 24 19 21 23 13 14 22 19 24 17 17 21 19 26 25 32 22 17 18 13 
106 108 109 106 113 116 110 105 105 111 103 54 43 55 52 48 47 72 76 85 84 84 112 115 75 100 83 95 126 131 106 80 67 50 61 70 85 84 92 78 90 61 38 41 38 36 48 51 62 62 48 42 44 52 69 76 84 79 80 71 78 80 84 84 79 91 85 85 77 71 63 48 49 36 34 34 22 28 33 35 43 52 39 49 41 39 32 30 30 33 22 19 12 15 18 20 28 27 19 21 17 22 23 23 23 18 16 5 10 13 16 17 
111 112 111 114 109 105 110 113 112 114 112 108 60 35 38 45 46 51 86 78 78 86 89 117 107 110 102 104 123 132 108 109 94 76 68 67 72 80 86 97 91 91 83 71 73 74 70 67 57 59 60 57 50 57 64 62 62 62 50 34 34 30 31 23 7 7 6 8 12 20 21 26 27 32 48 44 59 64 68 77 82 80 86 75 72 68 62 50 30 21 26 22 24 9 7 7 8 5 13 13 17 15 11 10 12 14 11 18 24 19 22 25 
111 108 113 110 112 114 112 112 109 106 111 110 114 72 45 35 47 48 49 73 91 81 87 86 108 89 98 93 115 134 107 112 100 80 80 90 95 81 85 86 99 90 100 96 86 86 79 69 64 49 41 44 40 43 53 68 70 72 75 75 65 53 31 31 35 46 49 46 39 37 34 33 42 41 31 39 31 36 44 50 55 62 67 77 74 73 72 70 74 62 35 13 22 30 23 19 17 22 16 11 9 13 15 19 13 18 21 24 25 30 30 35 
110 112 108 112 108 110 110 109 110 110 112 113 108 109 85 50 33 46 53 62 64 78 89 74 68 101 89 89 97 131 118 105 110 83 90 86 101 66 75 91 76 102 92 95 96 90 81 75 69 77 59 56 44 25 34 34 28 28 24 42 40 29 31 32 31 33 31 31 38 50 51 55 63 72 76 73 77 71 68 65 65 60 56 51 64 72 75 85 63 61 66 55 16 12 23 26 22 16 17 21 19 19 21 14 25 20 22 29 23 31 33 32 
109 108 112 111 113 109 108 110 111 112 111 111 111 112 109 77 34 44 38 47 71 63 80 85 72 78 92 84 91 108 130 116 102 108 81 92 91 102 84 84 88 58 80 75 66 70 58 44 41 39 46 36 27 22 12 20 29 31 56 43 23 24 33 38 43 48 55 66 67 71 79 88 94 98 101 102 99 103 96 90 88 98 100 84 62 64 72 69 96 89 76 82 78 36 21 19 28 27 19 17 26 24 19 26 18 33 30 30 34 35 37 31 
109 109 108 107 113 113 109 110 112 110 109 110 112 109 109 117 71 30 47 48 46 62 51 66 83 72 77 91 87 84 115 117 98 105 100 88 88 115 112 75 72 73 50 55 63 52 52 28 24 23 12 19 18 26 28 35 35 47 27 37 52 51 49 57 58 63 69 70 75 80 80 79 82 93 97 95 104 112 122 122 116 115 116 120 116 100 82 81 66 94 102 89 79 79 53 30 20 31 38 33 25 19 22 22 28 24 35 29 40 25 33 29 
107 107 110 112 109 106 110 109 103 109 111 110 111 111 107 103 113 67 33 46 49 49 63 57 64 73 65 65 76 100 72 96 99 95 98 90 88 105 104 107 83 69 68 51 52 47 35 17 15 14 22 37 51 51 55 56 43 42 45 42 43 48 46 49 60 62 56 61 66 80 83 84 93 93 104 118 116 126 127 134 138 136 132 120 123 123 108 93 89 77 96 112 114 96 77 39 27 15 20 24 31 27 30 25 30 37 26 27 32 46 41 44 
109 111 110 106 111 111 113 107 112 107 106 110 110 110 111 112 107 111 91 45 26 44 55 49 59 65 66 66 56 51 83 80 82 87 82 65 59 48 65 84 87 83 84 78 60 52 87 78 61 52 54 48 38 32 26 26 30 36 36 38 45 47 64 56 54 63 58 65 69 66 65 80 81 82 76 91 103 113 127 136 139 139 142 138 147 137 130 124 105 93 79 94 115 116 102 77 34 33 26 28 33 28 25 31 29 23 42 30 33 35 32 49 
