10 108 110 112 109 112 109 109 112 109 107 113 115 113 115 114 113 109 116 109 106 111 108 111 112 113 113 111 112 111 111 112 113 110 110 109 110 106 107 107 104 107 106 108 111 105 104 104 100 103 106 106 103 104 103 105 108 101 104 108 105 102 107 106 107 108 101 101 106 102 96 98 99 94 96 91 88 91 84 85 80 80 75 77 71 72 67 67 66 69 58 62 56 62 59 57 54 53 57 48 54 52 50 45 48 51 49 48 56 53 49 48 
108 107 105 106 109 110 107 111 109 108 104 103 108 109 108 111 107 108 106 111 107 106 105 104 106 106 107 107 109 94 92 94 90 90 101 98 95 97 102 105 107 105 116 161 148 119 61 60 72 85 117 132 138 145 148 149 150 153 143 136 133 121 126 138 151 173 174 174 162 144 134 102 96 102 96 100 97 100 103 94 97 94 100 98 96 96 94 94 93 93 95 96 98 94 92 93 92 92 90 68 37 25 31 24 21 24 26 28 26 23 29 29 
109 106 108 110 108 110 106 107 107 108 109 108 106 107 108 106 112 110 106 103 107 105 107 106 105 104 105 97 80 70 59 56 68 83 99 101 95 96 98 88 77 90 105 154 148 118 89 78 91 112 123 152 153 150 151 151 150 149 155 164 171 160 154 152 129 150 172 181 173 160 147 136 108 96 108 99 108 97 100 101 92 102 97 94 95 93 97 95 96 92 93 92 94 86 92 88 92 91 94 67 25 25 26 30 28 20 25 12 7 9 6 8 
110 105 108 104 109 108 111 107 105 103 106 107 111 108 104 110 107 109 107 112 105 110 109 110 103 102 99 83 64 48 46 42 47 59 61 74 82 87 78 66 71 67 77 113 150 138 101 89 88 98 107 125 135 133 128 129 120 125 134 140 146 156 163 171 164 149 145 157 169 168 159 154 136 97 82 92 91 95 94 92 97 90 92 98 96 97 94 99 93 97 94 90 90 96 92 91 93 87 51 24 28 24 26 21 13 9 25 40 63 78 103 101 
107 109 111 112 110 108 107 112 112 112 108 110 104 112 108 106 107 109 107 107 104 98 98 94 85 87 72 63 45 38 33 24 40 49 54 68 68 73 68 62 55 58 56 87 118 140 99 70 72 76 98 92 91 92 77 87 103 109 130 138 138 140 148 169 186 181 146 128 143 154 159 150 140 125 100 109 105 106 108 98 103 101 96 93 93 97 98 100 94 92 94 96 94 93 92 89 95 83 35 7 6 8 0 1 21 75 124 161 167 163 154 164 
110 109 108 106 108 108 110 104 105 107 109 109 112 108 102 102 106 100 96 95 87 90 79 68 69 66 62 63 53 38 36 52 56 69 78 83 74 63 60 48 43 53 53 51 80 102 106 69 52 51 42 65 82 88 85 80 84 99 114 128 136 134 129 134 149 153 136 127 128 135 133 129 132 129 132 127 130 131 128 130 123 122 117 112 106 97 89 87 95 95 94 95 91 94 93 91 67 21 20 50 93 144 184 213 206 170 143 126 143 167 178 161 
109 109 107 110 112 106 110 111 108 110 107 105 111 103 91 97 97 97 82 81 84 73 76 77 76 74 65 57 43 39 46 62 61 63 71 70 49 51 46 30 37 34 40 39 37 63 60 46 49 77 88 64 112 113 114 120 114 112 104 103 107 110 127 121 117 117 123 124 125 124 127 132 127 128 131 130 129 127 131 127 133 125 124 117 114 114 102 93 79 83 96 97 103 88 90 63 42 105 169 209 235 240 205 212 236 234 220 188 149 111 108 158 
111 110 113 111 109 113 109 111 109 109 110 107 94 94 92 88 96 84 82 75 71 86 80 71 64 55 46 37 39 60 69 72 63 63 62 46 44 38 39 45 42 65 68 81 101 104 109 108 107 110 139 101 98 109 113 116 131 137 145 145 132 117 106 128 141 132 126 125 127 127 128 127 127 126 122 125 129 131 127 134 126 134 133 130 121 118 119 112 108 94 75 79 85 96 91 158 227 224 216 199 170 139 103 90 112 142 187 225 234 223 187 120 
108 111 109 112 106 105 110 105 108 109 106 99 82 80 82 87 79 81 70 64 73 76 66 47 52 54 48 57 69 84 92 85 76 73 65 64 65 77 95 106 113 123 132 139 143 146 148 148 143 118 117 112 104 101 102 103 120 130 142 152 152 148 140 113 129 150 139 135 132 133 132 127 130 134 128 129 134 132 137 133 132 131 132 130 129 122 120 117 114 103 95 88 82 91 179 208 173 125 96 60 43 38 16 14 7 16 36 114 189 231 234 222 
107 110 108 108 112 110 111 113 107 107 101 85 74 63 68 61 65 63 63 63 70 59 55 77 83 97 111 110 110 108 102 108 110 99 106 118 131 140 137 141 142 144 145 144 152 155 149 139 120 106 94 102 119 140 144 146 146 144 141 141 139 137 148 160 129 124 156 147 146 140 137 135 128 127 132 132 133 133 134 143 139 145 143 138 136 140 128 122 119 112 106 100 89 84 109 122 90 76 82 76 82 80 87 107 123 129 125 94 81 117 170 206 
112 108 113 111 110 110 107 105 111 101 96 79 61 53 67 67 64 72 67 59 64 80 99 117 128 125 132 134 130 128 121 126 127 131 134 137 139 142 145 143 146 146 146 151 149 153 143 123 130 137 137 128 129 132 140 140 145 146 149 153 151 154 148 153 171 142 131 157 153 145 137 130 131 126 122 127 132 132 139 142 141 136 136 145 141 144 142 134 128 117 110 108 102 94 74 52 91 128 120 116 120 124 126 128 123 123 124 120 115 102 87 99 
110 113 110 109 110 102 111 110 105 95 80 63 63 63 65 69 72 63 72 87 113 132 142 146 149 155 150 155 143 141 142 139 143 140 140 142 143 144 140 141 138 141 143 151 151 146 123 132 149 154 158 161 156 154 146 143 147 149 151 150 155 153 154 156 159 177 130 144 150 157 152 148 145 138 136 130 130 135 138 141 143 143 136 132 138 127 126 131 130 129 119 112 111 105 99 93 69 81 116 122 119 122 120 118 123 124 122 129 129 133 136 120 
113 109 110 107 109 112 112 107 105 88 75 66 62 52 59 74 84 82 105 133 147 153 157 158 157 157 152 151 154 155 150 150 148 150 148 145 142 144 146 141 142 141 147 141 137 126 123 142 151 155 154 152 161 160 163 162 157 153 155 149 142 148 141 146 154 155 180 115 157 152 152 142 140 141 138 135 134 135 138 146 147 152 150 150 151 133 126 129 134 128 126 126 118 112 107 98 88 73 72 109 109 108 117 113 115 121 126 123 129 129 126 134 
109 111 110 110 111 102 103 103 95 81 65 62 58 69 66 92 109 140 155 158 160 162 161 161 157 155 156 154 151 152 149 149 151 148 148 146 146 141 147 151 150 145 143 138 125 106 131 140 140 138 141 147 148 161 169 169 171 169 168 165 149 141 135 134 144 150 160 165 106 148 149 140 132 134 132 134 138 140 140 141 148 145 152 152 149 146 139 139 137 141 131 123 122 114 109 110 104 88 70 57 88 103 100 107 113 114 118 117 119 123 125 125 
110 108 112 110 110 106 104 96 85 70 65 68 66 72 98 133 148 160 163 162 158 156 155 157 154 151 148 154 150 146 147 148 152 150 151 151 149 150 153 149 148 148 141 132 125 102 122 127 131 129 129 140 149 156 169 172 171 172 180 176 169 149 143 140 147 152 156 176 134 131 137 133 130 135 131 132 133 136 138 141 143 143 148 146 147 144 141 143 138 133 132 123 127 109 103 112 110 99 85 69 53 75 88 91 102 104 106 111 116 116 112 119 
110 114 114 112 110 106 100 86 65 62 50 61 79 126 149 159 165 166 164 160 156 154 155 151 150 156 157 156 158 156 155 155 155 158 159 155 159 160 163 165 156 153 145 134 114 103 112 108 120 129 122 121 136 154 164 168 173 168 176 179 173 170 152 155 159 161 155 163 143 100 135 127 120 115 116 123 131 136 139 141 141 143 144 144 149 148 148 140 135 137 131 132 123 120 108 110 116 111 104 94 74 56 58 72 79 87 93 94 98 103 107 109 
112 107 110 112 110 104 90 81 60 48 61 84 125 152 161 168 167 168 164 163 160 158 158 160 158 161 159 158 156 159 158 161 158 160 157 158 167 174 176 170 156 144 144 136 142 109 119 128 136 127 113 102 130 151 163 165 170 166 170 177 182 186 177 169 161 158 152 155 187 86 129 128 126 117 115 118 126 138 139 138 145 148 147 146 144 142 148 140 131 135 133 129 120 113 117 112 111 115 113 99 90 62 50 55 60 68 77 84 86 95 95 101 
112 114 111 110 111 103 81 62 45 57 96 143 165 169 168 171 167 167 168 170 171 166 163 170 169 166 163 164 169 166 169 165 169 165 169 166 170 178 180 179 165 153 132 132 172 127 135 140 143 119 89 100 120 144 155 160 163 163 163 167 179 187 182 173 166 157 153 153 182 86 132 127 121 118 111 113 123 130 141 146 152 152 148 141 134 126 128 132 129 126 126 121 121 119 122 123 123 118 120 115 99 90 58 48 54 60 59 73 81 87 93 96 
112 110 111 110 108 101 67 56 64 100 149 166 171 173 173 170 170 174 174 174 172 172 173 167 168 168 165 169 165 168 169 171 165 168 169 174 176 180 179 176 164 154 144 138 177 135 148 150 130 100 87 94 123 140 149 150 159 163 161 169 175 185 180 177 168 161 152 151 180 113 134 129 127 124 117 113 120 137 141 151 156 152 149 146 138 121 107 107 114 123 130 120 115 120 116 119 124 124 124 121 111 95 83 58 44 53 57 57 60 66 80 83 
111 110 110 111 106 98 70 61 113 155 170 176 178 180 173 176 177 172 172 174 174 172 172 172 171 171 172 170 168 169 170 168 169 173 172 176 181 185 179 171 160 155 150 163 195 149 153 151 123 99 77 88 137 139 143 150 160 164 171 181 179 180 173 165 163 161 155 150 179 137 141 131 122 117 117 114 130 143 153 158 157 155 151 145 142 131 118 96 96 103 118 132 125 123 123 127 124 117 115 126 118 111 95 80 51 45 52 49 55 61 64 69 
114 113 113 104 106 93 76 96 150 171 177 179 178 177 179 176 175 178 180 178 176 174 177 171 171 169 173 174 172 168 166 173 171 170 176 179 181 185 180 171 159 151 141 146 181 158 155 147 108 93 80 91 127 151 141 154 156 161 171 179 181 183 174 167 165 160 151 153 179 142 144 132 128 125 124 120 128 145 157 162 158 154 153 152 141 127 114 92 92 104 110 119 125 129 133 135 133 129 126 130 124 122 112 106 84 49 47 50 57 59 57 62 
108 110 109 111 106 88 88 140 174 181 181 180 182 182 179 177 182 182 178 178 180 177 179 179 177 177 173 170 170 170 171 168 173 177 176 178 181 187 187 169 154 148 139 133 121 160 165 146 99 86 94 129 130 156 145 149 160 160 171 182 173 180 170 171 168 165 163 158 186 134 145 134 131 123 120 129 141 153 158 165 158 157 151 147 139 123 107 83 85 116 128 126 126 124 127 132 137 133 137 139 133 125 126 121 108 93 59 49 48 44 53 50 
112 113 113 112 109 84 126 170 181 181 185 185 183 180 181 187 183 182 184 183 179 182 181 179 181 176 175 176 173 168 173 172 173 175 178 184 182 185 187 179 165 148 141 134 120 157 167 148 92 81 108 132 142 159 155 150 161 151 169 185 175 171 169 171 170 170 166 167 194 137 153 139 130 125 123 129 147 160 164 164 158 152 151 154 143 122 98 73 75 114 138 141 132 123 118 128 135 136 143 141 140 137 127 127 116 95 83 49 50 58 55 55 
112 111 107 105 96 124 165 183 185 189 185 184 186 186 185 185 187 186 183 185 183 182 181 180 178 179 177 174 167 171 170 174 179 178 182 181 187 187 185 178 160 145 128 132 124 148 161 146 84 65 68 83 105 145 163 144 156 143 170 184 172 159 166 174 174 165 164 167 189 140 148 135 130 125 124 130 147 163 170 168 161 159 156 147 137 121 88 62 76 125 142 138 135 132 116 116 121 137 145 148 145 142 139 135 128 124 103 71 43 42 51 58 
113 112 113 105 105 147 179 185 187 187 188 190 189 188 187 188 188 184 189 187 186 185 182 182 181 180 178 178 171 173 172 177 176 179 180 182 185 190 187 178 162 134 122 117 109 131 157 151 89 59 51 60 75 118 165 140 149 136 171 178 166 156 169 178 174 167 165 173 173 142 144 141 133 127 123 135 150 159 166 168 166 164 152 143 135 115 81 55 79 135 148 138 139 125 116 111 117 128 150 156 150 147 150 139 128 123 118 90 68 50 51 52 
110 111 106 100 134 176 190 193 192 191 196 195 193 191 189 191 190 190 190 192 191 190 191 189 187 181 178 178 176 176 176 181 180 180 186 189 189 190 194 185 171 146 127 113 118 112 140 145 80 55 65 55 78 92 152 140 144 136 168 171 153 152 167 180 174 168 163 168 162 150 149 134 127 120 120 131 151 162 168 167 171 167 158 150 138 120 89 56 75 139 141 134 128 128 114 110 107 119 139 159 157 160 152 149 142 122 110 104 87 52 53 47 
111 107 98 116 159 187 192 193 193 196 193 197 195 192 194 191 191 192 191 192 190 190 190 191 189 182 180 177 180 182 177 179 182 182 184 185 187 190 194 188 174 155 130 111 131 117 124 140 89 54 50 43 70 85 140 134 133 138 165 163 153 152 172 180 176 169 166 172 142 152 142 132 123 119 123 137 162 168 171 169 166 165 156 153 138 119 92 66 67 140 137 138 134 126 118 103 100 108 131 155 165 163 159 147 149 135 120 103 88 62 53 54 
106 106 103 146 181 192 195 193 194 194 198 195 197 197 192 193 196 196 195 190 191 191 191 192 188 188 182 181 181 180 177 181 184 187 190 190 186 186 186 182 179 158 132 109 109 115 108 118 87 58 49 55 70 91 141 125 114 135 156 154 148 160 174 174 175 170 167 144 140 144 135 125 114 109 126 146 156 166 176 170 172 162 156 145 136 125 104 72 56 114 142 141 137 131 116 107 100 98 115 139 152 161 164 159 145 136 128 113 96 76 51 44 
106 101 120 170 191 193 194 195 196 200 195 201 200 198 196 195 195 195 196 196 194 196 195 192 191 188 185 185 186 186 184 188 188 188 188 191 189 186 184 177 172 155 129 115 102 103 101 106 81 58 50 52 75 104 130 124 109 139 148 147 143 163 171 178 172 169 157 139 150 142 130 117 110 118 131 147 166 166 172 173 169 168 158 149 142 126 108 83 59 96 136 141 133 125 122 104 97 97 104 122 150 164 164 158 145 136 130 117 95 82 57 42 
107 113 154 186 194 197 198 197 198 199 205 201 203 202 199 199 198 200 199 199 197 194 195 195 191 188 187 188 184 182 185 190 192 193 193 193 190 189 188 181 173 164 131 115 117 100 92 96 87 64 54 85 104 118 124 105 105 139 140 131 143 168 176 170 166 157 134 135 141 126 121 108 103 105 128 152 164 170 173 175 169 167 163 155 142 133 120 90 70 81 124 143 135 131 118 103 93 96 97 112 143 166 165 162 152 142 132 120 103 78 60 49 
102 130 176 189 192 195 194 198 203 203 206 205 204 205 199 200 199 199 200 198 198 196 197 195 195 190 189 189 190 187 188 191 190 191 193 193 192 191 192 185 178 165 149 117 119 98 92 91 88 60 71 76 104 105 119 109 114 138 132 130 146 172 167 163 156 131 125 145 132 115 105 109 115 124 127 137 164 172 168 165 164 166 161 150 146 133 126 108 81 70 122 141 138 129 116 98 85 87 93 108 143 164 163 159 149 138 135 123 103 86 60 50 
112 156 183 193 199 196 199 200 204 209 209 208 205 203 204 199 198 200 200 200 199 202 199 198 196 192 192 189 186 185 186 191 192 190 193 192 190 189 189 185 184 180 159 133 113 97 96 88 88 66 57 76 81 85 104 100 117 131 124 141 170 175 166 153 134 126 146 136 123 109 115 133 148 144 137 112 119 150 162 167 164 160 158 156 143 133 122 111 96 65 111 137 148 137 123 102 77 79 81 102 135 161 160 158 152 140 132 120 107 83 62 49 
129 169 187 194 196 201 200 203 207 208 209 208 206 206 203 202 200 200 201 200 201 202 202 202 198 200 194 189 191 191 191 193 193 193 193 195 192 190 189 186 186 180 171 143 125 102 100 98 103 86 65 69 69 86 95 106 125 129 134 164 183 169 154 133 121 132 133 117 115 128 150 160 163 160 142 110 85 102 128 158 166 158 158 153 149 135 126 111 101 65 109 133 139 137 122 106 79 76 77 89 133 156 164 155 149 134 122 123 105 85 61 45 
150 178 191 192 196 198 201 203 207 210 210 210 208 204 203 201 201 200 199 200 203 203 203 203 201 199 199 193 190 191 190 191 193 195 195 196 195 190 184 185 183 184 178 157 134 111 104 115 108 93 73 68 73 64 92 112 115 129 149 176 175 155 132 120 129 133 121 126 136 158 165 168 166 166 153 121 66 62 77 116 147 157 152 153 145 133 126 114 108 68 90 158 144 135 126 100 72 66 72 87 123 167 161 155 144 136 133 123 104 82 63 50 
156 176 188 192 196 199 203 205 209 209 210 210 207 204 203 201 202 199 201 202 202 204 203 203 201 201 201 198 196 192 192 192 195 195 196 198 195 192 186 184 182 180 177 165 147 133 109 125 108 89 84 71 81 81 94 114 126 142 170 171 158 130 124 132 128 123 136 147 162 162 167 168 168 165 159 133 84 46 57 88 127 149 146 150 145 136 123 113 111 79 81 161 144 139 124 101 76 64 65 73 99 149 161 153 145 128 124 121 107 79 63 53 
167 184 192 196 196 203 203 206 208 210 209 208 205 202 202 202 201 200 199 198 201 202 203 203 202 201 201 201 198 194 194 196 196 200 201 201 196 195 190 189 186 184 180 172 164 139 104 135 115 99 83 73 71 89 101 113 142 161 158 137 116 113 133 137 130 144 161 168 165 169 168 165 162 157 151 135 112 62 47 74 100 135 148 143 139 132 120 110 113 87 64 151 164 138 122 98 72 66 66 75 93 123 152 143 139 130 125 119 106 91 74 58 
174 187 190 194 200 201 205 207 210 211 208 206 206 205 202 202 201 202 201 200 200 201 202 201 201 202 201 200 199 194 193 194 198 200 197 199 198 194 190 188 185 181 179 176 168 143 110 126 120 108 96 75 66 72 105 128 148 155 126 83 68 100 127 146 148 162 169 167 167 166 164 158 158 153 156 138 114 104 67 57 83 113 137 144 140 124 117 109 118 93 62 109 152 142 119 93 71 69 62 69 86 98 143 141 136 125 124 122 114 92 67 52 
176 186 193 194 197 205 205 209 210 210 209 209 205 202 202 201 200 201 199 200 199 201 201 201 201 201 201 201 196 195 193 193 195 197 201 197 197 194 188 186 179 181 179 174 171 149 93 137 136 132 128 119 104 90 105 128 132 120 92 75 99 123 136 149 162 167 170 170 170 170 166 165 165 166 155 145 132 111 93 63 65 84 114 126 130 126 113 118 124 96 57 85 133 133 120 95 82 76 72 66 83 91 138 144 137 129 132 125 111 101 81 63 
177 184 190 195 201 203 205 208 210 210 208 207 205 202 202 202 199 198 199 199 200 202 204 202 201 201 200 201 196 194 193 192 195 197 197 200 195 195 191 186 182 182 183 178 171 159 79 112 155 156 147 137 136 127 113 101 103 114 117 131 137 146 158 159 157 163 174 176 175 175 178 179 177 178 168 151 135 123 94 67 61 68 83 104 114 114 102 112 124 107 68 73 141 137 119 99 84 77 64 69 82 85 138 146 143 137 133 124 115 101 83 63 
173 182 188 194 201 205 207 210 212 210 208 206 202 202 201 201 200 201 201 199 202 203 202 202 202 202 198 200 197 194 194 196 197 197 194 193 195 194 190 186 185 185 184 179 172 164 109 99 106 134 124 124 113 97 99 123 144 161 169 163 160 160 159 167 172 171 176 188 187 189 191 192 194 190 177 164 140 116 97 76 61 59 76 94 108 112 107 117 131 120 88 77 137 144 126 102 88 72 71 70 75 89 131 152 151 148 141 132 117 104 81 64 
173 183 187 192 201 204 209 209 210 211 206 207 204 201 200 201 201 199 202 202 202 202 202 202 202 200 200 199 198 194 192 193 195 196 194 193 193 193 191 189 187 184 182 183 171 166 118 141 114 113 91 96 102 91 126 170 186 186 183 180 175 178 181 186 182 183 187 191 193 193 196 194 191 190 171 164 153 130 106 74 67 59 73 88 102 100 104 109 118 113 78 71 133 140 123 109 90 68 66 67 82 90 131 148 154 150 138 127 114 94 81 68 
177 184 185 193 197 204 205 209 211 206 208 203 203 201 200 200 200 203 201 202 203 204 204 202 202 201 198 196 194 194 193 192 193 194 194 190 189 187 186 185 185 181 178 177 171 169 119 140 164 175 170 120 124 133 145 190 197 198 201 198 196 197 199 199 196 194 193 193 194 195 192 188 183 175 171 163 149 129 104 80 66 62 77 92 100 94 94 99 116 112 84 65 117 130 127 109 91 74 67 71 83 96 130 147 155 154 145 128 115 99 81 65 
168 186 187 190 198 200 205 207 208 209 203 204 202 202 202 201 202 202 203 202 202 203 204 202 200 197 196 194 194 194 193 191 193 191 191 192 189 190 186 182 183 183 180 176 166 166 131 144 164 183 184 154 141 167 153 191 198 196 194 196 198 197 197 195 192 194 194 192 194 191 186 183 183 180 172 164 150 127 104 85 73 65 67 85 93 96 90 94 105 96 62 57 107 126 124 111 98 76 72 78 83 97 122 143 150 147 140 127 109 88 81 69 
171 183 189 192 195 201 200 203 205 200 204 201 200 199 200 199 197 199 200 201 201 202 201 201 199 199 196 193 192 191 193 193 190 190 189 189 190 189 179 180 186 185 182 177 171 172 144 146 163 176 182 157 132 170 144 178 186 190 192 192 191 190 191 189 193 190 186 187 187 188 185 180 174 172 165 158 140 111 97 84 67 68 77 85 100 98 93 93 96 96 66 56 99 120 130 114 90 78 76 79 86 98 121 142 160 151 135 128 110 95 84 65 
182 186 187 193 195 195 200 201 201 202 201 201 200 200 200 200 199 199 200 201 202 202 199 199 199 195 195 193 192 192 190 192 192 190 191 191 190 188 185 183 185 185 184 181 175 170 140 137 158 168 178 154 121 159 144 161 184 185 184 185 177 173 174 174 179 186 188 191 189 185 184 176 167 161 152 141 123 104 91 80 78 85 91 96 102 102 95 90 97 95 57 55 90 116 118 110 93 79 81 82 88 100 116 134 152 151 136 127 113 93 72 63 
176 188 192 192 193 196 197 198 199 201 200 200 200 199 198 200 201 199 199 199 199 198 197 195 195 195 195 195 193 192 194 192 192 191 189 190 191 188 188 188 190 188 186 182 178 170 149 137 158 155 164 153 115 122 134 126 136 136 137 144 143 138 137 144 151 158 166 176 179 174 169 162 159 149 138 137 120 98 76 60 78 92 91 102 106 99 97 98 95 84 58 61 80 101 113 108 96 81 80 82 85 102 117 135 144 142 137 120 103 96 85 69 
181 187 191 193 192 194 196 197 198 197 198 199 199 197 196 198 198 199 194 197 198 195 194 195 191 194 193 192 193 192 191 190 189 189 188 189 186 189 190 189 187 184 179 180 176 174 152 121 151 145 133 110 98 92 103 112 113 108 95 84 97 109 110 111 122 138 143 155 165 161 157 157 147 144 139 135 118 89 62 66 80 99 101 95 104 100 95 91 96 94 57 60 90 109 107 103 95 86 86 88 93 97 117 130 137 135 131 120 110 96 81 73 
183 189 191 192 197 198 199 200 196 199 198 196 190 188 195 196 197 195 196 194 192 194 194 196 194 190 190 191 189 189 190 189 188 188 190 189 188 188 189 189 187 182 179 177 170 167 154 116 128 102 99 98 101 100 93 107 121 128 124 106 68 74 103 117 115 114 133 134 134 142 146 144 146 143 137 130 122 82 48 62 96 111 105 105 106 106 106 104 99 79 51 65 91 105 112 104 99 90 83 84 93 107 117 126 136 134 125 119 105 90 83 63 
188 192 193 195 193 196 196 196 196 195 196 197 192 187 193 196 198 195 198 194 194 195 194 193 192 192 189 187 192 189 189 188 190 188 187 191 188 189 191 189 190 179 179 175 168 162 151 111 103 97 109 111 109 99 85 82 110 117 123 123 109 72 89 102 114 116 122 128 125 122 128 134 134 135 135 128 108 80 59 80 103 112 111 108 107 111 105 106 101 86 58 68 95 108 107 105 95 94 95 88 96 107 116 124 125 128 117 111 107 92 70 66 
186 190 193 192 195 194 193 196 197 196 195 195 196 197 194 198 194 197 194 194 195 192 192 190 191 190 188 187 186 188 189 188 186 188 187 186 189 190 189 188 185 178 171 174 164 161 149 111 94 110 116 112 96 73 71 83 97 96 99 107 108 109 95 90 88 97 117 126 126 121 123 133 135 134 123 118 109 78 73 105 117 118 117 121 117 112 111 102 92 83 53 68 96 108 104 102 101 98 90 94 101 116 118 122 122 119 114 107 97 86 73 41 
186 190 190 191 193 194 193 195 194 196 197 196 193 195 198 198 197 193 193 189 190 192 188 189 185 187 188 187 188 188 185 188 185 187 188 187 189 190 189 189 187 180 173 171 167 158 142 110 92 111 111 101 78 59 63 71 69 87 93 94 104 108 115 114 113 97 90 126 139 128 120 121 137 140 135 121 107 91 91 117 119 122 125 117 120 118 109 106 96 76 53 68 99 109 111 107 103 98 102 95 108 119 122 113 113 111 105 103 91 80 50 51 
182 185 190 192 192 195 196 195 197 198 195 195 195 197 196 195 193 190 190 189 189 189 189 186 186 186 188 189 190 186 186 186 188 187 187 186 191 193 193 191 186 179 170 169 165 158 143 121 91 112 110 103 77 61 64 73 74 81 83 104 94 97 114 127 127 125 110 92 118 149 138 118 114 109 109 108 100 99 107 111 117 116 118 122 112 119 116 99 88 76 57 84 100 107 103 106 107 101 97 105 112 112 113 115 107 107 105 88 79 64 53 49 
181 183 190 192 193 194 194 197 195 197 198 195 194 195 196 194 194 191 190 191 191 188 188 188 186 184 188 187 186 187 185 183 185 187 187 190 189 189 190 190 184 178 170 167 167 165 143 119 96 107 108 123 80 54 67 73 77 84 86 98 108 110 109 133 144 142 136 130 103 123 153 134 117 107 95 83 84 88 98 112 114 120 120 119 123 122 114 107 90 74 60 89 107 107 112 110 105 104 99 104 102 109 108 111 105 102 98 84 73 65 57 53 
181 183 190 190 190 192 193 192 195 195 193 193 192 191 192 194 192 192 190 189 188 188 187 183 185 185 185 188 186 186 185 184 185 184 186 185 188 188 188 187 184 177 174 167 163 152 134 115 95 100 104 145 113 58 65 80 89 96 106 103 122 123 124 127 152 155 148 152 153 115 121 153 134 123 109 99 87 96 105 109 119 117 119 123 118 120 112 98 88 74 56 74 97 111 108 111 112 102 101 104 100 98 107 103 104 103 94 76 68 40 48 57 
179 181 185 188 191 190 191 193 195 194 192 191 190 191 192 194 193 191 191 189 190 188 188 185 183 184 185 183 182 182 181 183 184 187 188 183 185 186 183 183 182 169 169 171 169 159 136 113 92 93 95 146 115 68 76 100 99 103 113 111 118 135 131 133 154 164 161 158 153 158 125 134 146 128 119 112 110 108 110 125 126 123 122 123 122 123 112 104 92 79 74 77 96 102 113 115 106 104 106 109 103 105 102 102 100 92 84 69 59 56 56 60 
171 183 187 187 189 191 195 190 191 191 191 190 192 192 193 192 192 193 192 192 192 190 187 186 185 187 186 187 187 186 187 183 181 180 179 181 185 187 184 181 179 170 166 165 171 161 138 112 86 86 85 108 100 71 73 83 102 115 132 126 123 124 141 132 141 161 168 165 163 161 169 115 137 129 123 122 113 113 121 122 135 135 130 126 124 120 107 97 96 99 84 83 94 94 96 101 101 93 94 104 102 105 100 101 95 88 74 67 54 53 66 78 
172 177 182 179 185 191 189 187 186 188 190 190 188 190 189 190 190 191 192 190 190 188 190 186 185 186 186 185 186 186 183 179 182 178 175 180 182 186 180 176 178 170 169 169 171 164 142 118 88 82 73 81 61 54 62 63 74 105 147 132 140 126 142 138 133 157 163 166 163 155 156 170 112 137 127 119 114 117 122 123 129 137 140 132 121 126 113 103 98 95 90 85 98 100 101 97 89 97 99 97 96 97 100 99 91 80 73 57 50 68 78 89 
169 170 182 185 182 185 189 188 180 184 185 187 187 188 192 193 192 194 191 191 190 192 190 187 187 188 190 189 183 182 178 180 173 176 178 179 183 182 184 179 181 175 171 173 164 152 133 116 90 87 83 77 65 54 55 51 60 71 136 136 139 125 138 147 138 144 156 165 164 156 156 164 155 122 130 122 113 105 111 124 130 130 133 127 128 118 122 112 109 104 89 92 90 95 98 97 94 95 92 90 90 98 95 92 88 80 62 54 59 79 85 86 
157 165 173 183 185 188 188 188 186 184 183 189 189 190 192 192 194 194 193 191 192 190 190 191 190 190 189 188 188 183 180 180 181 179 177 180 182 185 183 180 177 178 176 174 168 154 129 110 89 82 80 98 75 52 46 51 62 72 125 133 140 132 130 151 135 142 154 159 162 154 155 154 173 132 124 122 113 110 113 117 129 132 134 128 121 117 111 113 104 103 95 91 102 102 101 101 96 88 92 93 94 95 99 94 81 71 61 66 85 89 97 95 
148 149 163 173 185 185 184 183 186 185 184 184 187 187 189 192 190 190 191 192 190 191 192 187 190 189 189 189 186 183 176 173 173 173 172 175 180 181 177 179 172 173 174 174 172 153 124 110 100 86 81 104 94 58 59 52 45 80 118 142 146 146 129 143 149 141 153 158 161 157 155 146 162 148 108 121 116 108 109 120 125 127 123 127 119 115 107 104 108 107 109 116 107 110 109 106 101 98 94 96 91 93 89 86 76 72 73 88 93 97 94 93 
141 151 158 169 177 180 179 177 183 177 181 184 185 191 189 191 188 188 191 188 189 187 187 190 189 187 186 185 182 184 176 167 171 169 170 173 171 176 171 173 173 175 178 177 169 152 124 112 101 94 88 109 99 55 48 59 71 88 130 137 145 145 137 141 146 142 148 156 157 151 150 147 149 201 107 126 120 115 111 116 122 127 123 123 119 118 118 113 116 118 120 114 117 113 113 110 102 100 98 92 95 90 89 82 72 68 88 92 91 92 95 95 
114 145 150 157 163 168 178 172 169 165 168 176 182 184 186 186 191 190 187 190 188 189 190 189 187 184 185 184 179 175 176 169 165 165 169 169 175 179 173 175 174 174 174 178 177 155 125 113 111 96 100 116 117 77 54 51 84 112 136 137 151 148 140 138 151 148 152 159 159 153 145 143 139 199 100 121 115 118 116 117 119 121 123 124 122 119 112 122 122 122 122 118 119 113 109 109 105 99 100 98 93 92 78 79 75 94 98 95 96 100 93 83 
107 123 146 157 161 168 176 171 167 162 164 172 181 186 190 189 190 191 192 191 192 188 187 188 189 186 181 178 179 179 174 169 166 168 166 165 173 178 177 177 172 174 179 177 172 160 136 115 111 105 106 116 120 96 72 86 112 122 129 133 148 149 146 140 147 151 164 161 158 153 145 141 134 188 130 114 122 121 116 118 122 120 123 124 124 119 118 122 124 121 119 118 115 112 103 106 104 103 93 89 93 79 80 75 90 103 108 101 101 95 85 98 
107 110 136 145 158 166 175 178 168 166 164 165 173 181 185 188 189 191 190 188 187 188 187 186 184 184 180 176 173 170 165 165 164 160 161 158 166 168 171 172 176 175 177 183 174 154 137 122 107 91 113 114 127 105 93 66 98 105 116 124 143 142 143 138 152 158 166 161 150 142 137 132 135 171 152 108 110 115 113 121 123 123 118 120 121 114 112 110 117 125 121 121 115 114 113 106 105 94 97 92 85 81 76 89 97 98 87 83 86 102 149 184 
106 106 114 141 151 164 169 175 168 163 167 171 174 179 187 189 189 189 188 188 187 185 187 185 183 180 179 179 171 167 166 166 162 159 163 162 168 174 171 173 170 176 183 179 171 151 138 123 112 99 110 118 124 117 88 83 63 87 109 123 138 135 137 142 146 161 169 166 148 140 137 140 136 171 153 111 120 117 119 124 121 120 118 118 114 120 112 117 119 118 127 121 118 113 114 110 107 105 96 93 89 77 73 78 79 85 98 133 163 190 190 163 
111 106 109 130 143 161 167 167 166 170 172 175 180 182 186 188 188 189 188 186 187 187 187 186 183 179 174 175 170 168 164 162 162 162 168 172 173 170 171 167 166 170 177 178 169 151 141 136 126 103 111 119 150 122 98 72 75 75 103 122 126 127 130 134 155 160 170 158 151 139 138 142 141 180 153 121 131 132 132 124 116 115 117 115 113 113 118 117 122 121 116 117 118 121 114 105 97 93 89 75 80 109 137 146 158 176 191 190 172 138 110 107 
110 108 102 109 142 150 161 165 162 170 169 173 177 178 183 183 184 185 183 186 188 188 184 178 179 173 169 171 172 168 164 161 163 159 163 168 164 166 164 165 164 171 171 174 168 154 141 130 133 107 102 116 151 132 116 83 67 76 96 122 128 127 130 129 156 161 162 153 148 143 139 140 142 181 147 128 134 129 127 122 123 120 118 113 112 114 109 113 116 117 117 117 115 111 105 105 101 92 95 120 135 130 134 148 154 154 142 123 118 132 149 158 
115 112 113 103 111 145 156 166 165 165 172 173 174 179 180 182 182 182 183 185 183 183 180 177 174 172 170 169 165 163 162 157 154 162 163 157 157 155 157 159 160 161 171 167 161 152 142 134 132 112 105 116 119 119 119 121 86 76 87 106 120 123 129 136 148 168 158 149 146 142 131 132 140 189 131 126 132 127 124 122 119 112 112 110 112 116 118 118 116 118 116 115 111 110 106 100 91 82 49 33 85 127 155 144 139 131 130 140 146 140 128 126 
109 111 113 107 102 133 154 159 164 161 166 173 175 177 180 181 179 180 181 177 182 180 177 176 174 171 166 166 163 165 159 157 159 158 159 161 158 155 160 159 158 159 162 167 165 147 144 135 130 116 100 118 107 107 124 117 115 92 84 101 115 119 129 139 146 147 145 143 142 141 130 128 149 196 131 132 124 121 120 117 111 110 109 105 111 113 112 112 115 117 118 121 109 108 104 91 74 38 20 10 5 23 51 103 131 146 146 135 134 139 141 142 
115 111 110 109 103 96 123 148 152 149 160 164 172 180 178 179 178 177 177 180 175 177 175 167 169 168 167 162 163 161 157 154 154 157 163 160 158 159 155 153 151 150 152 160 163 156 140 130 125 119 99 121 110 105 101 110 112 109 105 109 111 124 128 131 129 134 147 148 146 140 137 138 161 185 122 129 123 120 120 117 114 110 109 113 116 114 114 114 115 117 116 107 111 102 90 65 35 10 17 17 20 17 13 6 22 46 73 100 107 105 100 84 
110 113 110 115 114 96 92 122 146 145 157 164 166 170 173 172 173 173 170 170 169 167 167 166 164 168 161 164 162 159 153 153 157 155 156 156 153 153 152 150 147 145 147 154 153 149 138 130 124 119 109 104 114 103 102 106 103 106 109 112 115 121 123 118 123 135 143 142 139 134 134 136 182 168 120 122 120 117 112 117 112 110 112 112 116 113 113 114 119 114 114 108 88 65 59 53 47 29 15 23 18 21 17 20 13 11 9 13 19 17 14 12 
115 111 112 112 107 104 97 95 122 147 155 160 163 168 171 174 172 169 162 164 164 163 159 160 159 156 160 157 154 152 155 155 153 153 154 150 151 148 140 138 138 136 133 135 140 142 141 127 122 120 122 123 120 108 105 102 109 111 111 115 118 118 108 112 120 125 131 132 127 127 126 157 180 130 120 114 114 114 114 110 111 111 112 110 107 116 116 112 104 93 77 68 59 66 54 56 56 52 37 13 22 19 20 17 15 16 16 18 17 19 14 10 
112 113 110 115 118 115 108 95 100 121 144 151 168 171 164 168 165 163 162 160 157 159 154 152 158 162 149 153 157 153 154 147 153 153 154 152 142 145 141 133 137 131 130 127 127 130 130 130 127 124 118 121 125 119 121 120 115 121 128 122 116 109 108 118 125 126 120 116 120 112 131 165 152 119 118 116 115 113 103 110 107 109 109 107 112 103 91 86 75 64 63 62 57 52 63 55 55 51 48 30 16 22 17 22 25 23 16 18 23 21 25 25 
115 113 114 110 111 108 111 111 102 95 117 141 144 154 162 157 164 159 160 158 154 158 155 152 153 154 154 150 154 158 153 149 145 145 142 135 134 132 130 126 123 123 121 119 123 120 118 121 117 116 116 115 105 122 119 123 132 127 123 125 121 122 126 124 116 107 108 109 109 123 148 146 111 113 111 109 107 105 113 107 109 106 100 87 70 71 70 59 62 64 59 62 64 57 51 55 56 55 52 50 35 20 20 17 15 15 20 20 14 19 19 21 
109 113 114 114 117 111 112 114 107 102 96 116 137 147 149 155 155 155 152 152 153 151 150 148 149 152 152 152 150 148 148 142 141 137 131 131 128 125 123 124 119 119 119 119 114 117 113 119 113 114 111 111 108 94 115 104 93 104 101 98 105 106 101 96 101 103 101 102 112 141 138 113 108 106 104 101 107 106 107 114 113 113 104 81 67 72 68 69 63 67 63 58 58 53 55 51 50 46 52 49 46 30 15 18 20 18 18 21 19 14 16 20 
111 112 113 112 111 114 113 111 114 111 103 93 100 129 146 146 150 151 151 148 149 146 147 149 147 147 147 149 144 142 135 135 129 126 126 124 124 125 122 122 124 122 120 117 114 112 110 107 112 110 108 111 115 99 86 77 45 32 42 52 52 63 75 96 100 97 108 121 135 122 106 104 108 117 125 125 112 117 118 114 115 107 101 84 72 70 67 72 67 68 65 61 59 62 57 58 54 57 51 50 49 44 25 21 24 23 25 18 18 19 16 12 
116 111 115 112 112 110 112 115 113 117 112 108 94 89 121 137 148 148 146 143 140 142 144 137 142 144 142 141 137 129 127 127 121 123 122 123 126 123 127 124 121 119 116 118 116 115 115 111 112 114 115 114 117 120 95 82 83 66 65 73 76 69 80 93 104 114 123 121 107 100 109 111 104 117 133 129 116 118 119 123 115 109 94 75 75 67 67 64 65 62 57 63 54 52 53 57 50 56 51 42 53 45 37 25 18 20 17 22 20 17 20 22 
110 114 111 110 110 113 113 111 110 107 108 111 109 91 74 97 115 134 145 141 143 137 135 135 133 132 132 128 129 125 127 124 132 128 128 128 129 122 125 126 122 118 119 116 112 113 111 115 113 109 110 107 103 96 100 83 66 74 97 93 96 101 98 103 104 100 90 82 82 93 97 95 92 106 117 106 111 126 127 123 120 103 85 76 69 74 68 66 63 64 61 58 61 57 58 52 51 50 54 54 45 50 50 35 17 17 23 15 19 23 19 15 
115 112 111 113 109 114 114 114 113 114 111 108 107 103 92 73 78 84 114 128 134 139 139 135 136 132 132 130 128 131 127 132 127 126 129 130 131 127 122 122 114 113 110 108 108 101 93 92 93 92 80 71 70 58 46 40 40 54 77 80 77 85 87 74 79 72 67 70 82 88 85 87 103 117 115 93 107 117 126 124 102 88 76 78 74 67 65 70 64 58 62 64 54 55 53 55 55 52 49 51 50 49 43 47 35 19 20 20 21 17 15 16 
114 113 115 115 115 106 108 114 111 113 112 110 112 107 106 98 76 69 62 73 87 96 103 116 117 127 131 130 134 129 132 131 133 133 130 124 124 127 121 120 116 108 107 103 92 81 69 60 57 49 50 42 41 53 42 40 33 43 70 51 35 42 42 62 78 80 84 83 87 93 107 116 114 108 103 104 113 114 105 89 83 70 73 73 70 66 68 66 63 64 59 55 64 62 59 54 51 51 55 50 48 52 56 53 53 29 18 17 17 22 21 19 
112 111 115 112 111 114 112 108 113 110 111 115 110 110 107 107 82 71 70 62 59 55 57 62 78 96 111 113 116 121 119 121 121 122 125 119 117 111 107 102 98 88 78 72 65 60 44 45 43 37 38 39 33 39 44 52 62 58 62 61 66 65 84 102 99 94 93 92 100 111 113 110 98 99 100 109 101 89 75 79 77 77 76 74 67 72 61 62 66 61 63 59 52 44 50 54 59 53 52 52 52 53 50 47 47 41 25 15 21 21 20 17 
112 110 107 112 115 110 112 115 108 113 108 112 112 110 105 107 106 84 70 74 69 61 52 46 48 59 70 74 78 87 91 88 91 92 95 96 86 81 82 81 71 65 61 54 45 39 52 50 51 48 41 45 43 48 46 72 98 93 73 83 96 102 110 116 115 119 112 110 112 101 93 86 89 97 105 97 89 80 82 78 80 78 73 70 74 69 70 63 64 59 53 55 60 61 52 51 43 47 53 48 50 47 47 49 49 48 33 24 19 12 15 17 
114 113 114 112 113 115 109 109 115 108 114 112 110 111 115 111 102 97 75 64 70 82 74 68 58 61 59 61 65 66 74 79 76 67 66 71 58 50 41 51 60 58 57 54 42 42 46 55 51 48 45 39 39 38 57 93 108 92 81 92 105 110 117 114 116 116 108 101 89 76 83 89 102 97 90 83 83 85 83 80 82 77 78 77 69 69 71 61 63 59 63 57 53 48 55 54 51 48 44 57 51 52 49 49 45 43 34 21 16 23 20 15 
112 116 109 112 114 109 109 114 115 115 108 110 113 112 111 111 112 107 90 75 60 58 64 73 71 57 58 62 63 69 72 73 68 61 58 49 56 58 45 33 29 35 38 41 53 40 43 47 46 49 51 46 44 63 77 105 109 86 56 70 87 84 69 67 60 58 58 60 76 93 93 97 89 88 87 89 85 85 79 86 77 78 70 69 72 67 62 63 54 61 53 58 54 60 52 56 50 50 56 46 47 47 49 48 52 48 51 22 24 19 21 21 
112 112 115 111 112 111 113 112 107 111 114 110 111 114 112 108 114 114 106 84 70 62 51 56 63 65 62 51 62 67 69 71 70 75 75 69 56 55 55 45 26 24 24 27 26 30 20 23 30 26 40 51 68 78 91 114 102 78 44 40 41 42 39 31 47 63 78 88 94 96 96 93 93 94 90 89 89 83 84 76 76 74 78 70 67 67 69 66 62 58 60 54 56 48 54 49 55 52 52 54 51 52 45 50 46 46 47 41 20 20 16 12 
112 110 108 111 111 108 111 114 113 114 109 115 113 112 113 113 111 108 111 100 78 67 58 54 55 56 53 62 49 55 52 50 53 48 53 59 58 42 43 33 32 26 31 23 26 31 51 58 62 81 79 81 88 95 108 108 102 68 29 34 33 46 71 96 98 101 103 100 101 97 97 92 92 93 92 88 86 84 83 81 80 80 70 73 68 67 63 61 63 61 53 58 54 57 50 53 50 51 49 45 51 51 50 46 50 56 48 43 27 18 17 23 
110 111 114 113 110 117 110 108 109 110 115 111 110 111 111 111 115 116 111 111 94 88 77 68 60 45 52 40 44 38 44 40 37 43 39 36 46 45 49 49 35 29 23 27 43 67 88 95 93 93 97 97 102 105 103 109 105 80 51 63 78 100 101 101 104 100 101 99 95 97 98 99 95 95 91 90 83 84 79 77 74 78 77 73 74 71 71 71 61 63 59 61 54 51 53 49 56 50 51 48 50 50 50 52 48 43 50 43 33 23 21 13 
116 113 113 111 112 109 111 113 112 111 112 110 117 114 110 114 110 110 110 112 113 103 102 98 81 79 67 60 43 41 43 48 53 47 47 46 41 44 51 66 70 46 52 65 87 105 104 100 105 102 102 103 103 103 104 107 108 108 100 103 109 97 102 106 100 107 102 104 104 98 98 93 91 95 90 88 85 87 86 81 80 77 73 73 71 64 61 56 62 58 56 54 56 56 53 54 49 53 52 54 54 51 49 42 49 55 46 51 47 31 19 21 
108 111 114 114 114 110 109 114 114 114 112 112 111 108 112 112 113 112 114 114 107 108 101 103 108 104 104 102 93 98 89 91 90 94 100 92 86 93 92 99 101 93 91 100 104 103 104 100 105 101 102 105 104 108 104 100 106 102 108 100 95 105 104 102 103 103 99 98 98 102 100 98 96 92 97 88 89 83 80 85 77 79 73 68 70 69 67 66 61 60 54 59 52 52 51 49 51 47 48 50 49 46 49 47 52 49 54 46 49 39 26 14 
113 112 111 110 112 110 113 110 108 107 113 111 111 115 109 112 114 112 110 109 110 112 102 104 107 110 111 111 114 112 113 111 113 111 111 107 114 111 104 103 109 104 105 102 106 105 102 106 103 105 104 102 103 104 105 105 102 105 102 101 107 105 100 104 102 99 100 102 97 98 92 95 93 95 84 92 86 86 83 80 82 70 79 75 69 68 65 61 64 61 60 53 57 54 57 57 56 52 53 53 48 50 52 56 51 52 49 48 45 42 28 24 
112 109 110 111 107 113 110 111 116 112 112 111 114 113 114 110 110 109 111 111 114 105 104 104 111 110 108 109 111 114 116 112 111 112 107 109 111 107 109 104 101 106 103 111 104 107 108 105 107 105 106 103 104 104 104 105 105 102 107 107 104 102 106 106 101 105 102 102 99 96 99 98 97 93 93 88 90 88 89 82 76 81 70 70 68 70 67 68 60 57 57 58 61 56 49 51 51 50 51 49 53 51 52 43 48 51 53 56 51 49 33 24 
115 114 111 114 113 109 113 111 111 116 110 108 107 110 105 113 115 112 113 116 111 112 110 110 108 109 109 112 114 111 109 109 113 108 113 113 108 111 110 111 108 106 105 99 108 108 102 106 103 103 102 107 101 103 106 103 105 105 101 102 104 103 102 101 104 105 103 104 102 102 98 91 95 93 93 90 87 86 83 84 86 78 82 78 78 71 69 65 60 65 57 59 50 50 55 56 50 51 52 52 53 50 50 56 53 49 51 42 44 48 43 23 
