10 38 36 38 40 38 41 37 40 36 38 35 34 37 31 27 31 29 28 27 30 23 28 27 25 25 25 27 26 26 26 27 26 28 28 25 28 24 25 21 27 28 22 22 25 19 24 18 19 12 8 12 14 20 26 18 24 27 21 22 22 22 24 22 24 22 21 22 20 23 25 22 21 23 20 20 18 19 20 21 26 25 23 20 23 22 23 17 20 19 23 24 24 20 20 23 23 22 25 21 22 24 18 25 64 110 91 109 166 129 105 116 
50 55 50 51 49 47 51 49 50 55 48 52 47 52 51 51 50 50 53 54 52 46 53 52 51 51 53 55 54 55 46 50 47 53 50 53 50 53 51 48 50 51 51 59 57 57 60 64 54 58 51 45 32 40 28 40 33 46 58 54 52 53 54 57 55 50 51 55 52 51 56 56 51 48 54 52 45 51 49 53 49 49 49 53 52 49 48 52 48 47 47 47 48 47 48 48 47 49 52 39 44 52 48 56 48 46 67 131 172 183 133 144 
49 46 49 51 50 51 48 49 47 43 51 49 55 53 50 46 51 49 50 51 48 54 49 54 48 50 54 48 52 55 55 58 60 50 52 49 51 52 52 54 53 52 54 42 28 14 6 9 20 15 24 68 96 113 119 127 100 57 23 35 59 60 55 45 51 51 49 48 49 48 49 48 47 51 46 50 54 44 48 45 50 49 46 50 51 51 52 47 49 46 51 54 53 52 56 50 50 46 44 51 53 45 47 44 48 44 60 134 200 165 148 150 
50 50 49 47 48 46 49 50 49 53 49 52 48 50 50 55 53 50 47 43 47 46 50 47 54 51 49 53 52 49 51 48 51 52 50 47 49 53 54 50 50 51 39 42 98 138 164 162 160 167 193 194 187 180 182 190 196 192 164 97 24 12 31 52 49 48 50 53 47 49 45 51 50 46 41 43 45 50 49 47 45 50 48 48 46 49 48 52 50 50 48 50 48 50 51 49 48 52 53 51 49 51 46 50 49 35 84 188 186 145 155 169 
48 45 51 49 53 50 47 46 45 51 44 49 54 52 51 52 51 55 52 55 49 46 47 52 43 49 50 49 49 50 47 52 47 52 53 56 53 53 47 53 52 46 75 145 164 126 111 124 129 132 129 126 126 135 140 136 141 160 177 189 177 136 75 34 27 44 43 48 48 46 48 42 43 44 48 49 48 45 43 45 44 41 46 44 46 44 43 42 45 48 49 52 50 50 49 51 51 49 48 46 50 52 53 48 44 72 168 202 151 148 158 119 
52 52 49 48 45 51 49 51 49 44 52 47 46 51 54 53 55 51 54 48 54 58 45 34 41 41 38 40 45 51 50 51 49 39 40 43 47 49 50 50 48 56 129 163 129 67 63 83 104 124 143 166 173 176 171 162 149 138 140 149 171 178 170 152 103 40 42 50 43 43 46 43 42 42 41 42 43 41 42 45 44 40 42 45 45 45 47 49 45 47 44 48 46 46 48 48 47 48 47 48 45 49 47 47 49 125 195 181 139 135 105 147 
49 47 52 49 47 50 50 50 52 53 46 54 55 52 38 35 35 31 21 23 35 58 62 80 102 107 114 109 76 51 55 58 67 74 70 51 41 43 46 47 49 57 137 164 144 62 53 98 129 138 141 139 145 154 163 160 172 179 163 154 125 137 174 175 173 150 63 26 48 46 40 43 42 39 42 38 34 39 37 38 39 37 37 41 40 41 39 38 48 45 49 45 49 51 47 49 48 49 48 46 47 47 50 47 84 147 198 165 110 138 193 188 
49 49 48 48 49 49 50 49 43 37 44 36 40 42 43 46 45 56 77 109 107 102 126 130 113 97 77 75 85 73 72 75 75 67 78 89 76 53 51 48 45 39 101 161 188 159 137 152 159 158 166 176 179 182 182 182 173 171 175 176 179 147 141 165 173 167 145 72 18 35 40 37 38 37 37 39 39 41 34 35 36 40 41 38 39 39 42 42 42 41 39 49 43 43 46 43 45 43 46 49 46 48 47 48 118 170 205 170 188 195 184 183 
52 49 53 52 48 52 53 48 56 58 67 69 56 46 48 53 60 62 72 90 110 113 89 72 71 69 68 72 83 100 120 129 123 115 110 95 86 73 61 61 59 65 84 121 102 152 160 148 169 187 185 183 174 166 151 153 151 145 146 148 159 181 160 150 147 151 162 158 102 27 31 37 35 37 35 36 36 34 41 37 38 32 37 39 38 39 37 39 39 39 41 40 41 40 41 45 48 44 45 45 48 51 45 63 136 202 214 194 176 168 172 174 
49 51 46 50 51 42 38 48 63 75 72 71 80 70 60 72 92 102 91 84 89 97 98 105 106 99 95 97 95 88 83 98 107 121 117 106 86 79 63 44 51 62 123 126 106 135 189 173 140 128 159 180 147 142 129 116 112 120 132 166 184 179 189 183 177 178 175 167 154 94 32 40 40 36 35 40 39 38 34 36 37 41 36 36 39 37 35 35 41 41 42 42 40 41 45 45 45 47 43 48 47 45 35 106 176 209 184 171 171 180 179 175 
52 51 55 49 41 37 40 41 36 22 17 32 51 82 88 87 94 105 103 119 140 135 153 148 134 126 125 127 130 128 128 118 111 127 113 101 103 99 99 78 48 79 113 105 89 54 58 71 93 107 124 125 105 97 119 154 170 158 135 149 177 176 174 177 178 175 172 163 154 136 56 43 38 39 39 36 36 38 36 36 36 36 38 38 35 34 40 41 37 37 39 40 41 43 41 42 44 42 43 43 48 46 59 140 160 167 169 176 179 174 168 165 
51 52 47 36 30 32 35 26 28 36 71 79 95 90 95 114 123 120 133 153 151 162 160 150 144 140 146 145 147 144 141 134 142 145 145 153 157 151 148 145 140 163 153 113 78 81 90 99 89 74 58 49 61 101 133 138 134 130 105 101 119 135 146 139 146 144 157 158 140 115 60 32 42 35 39 38 39 38 41 38 38 39 36 34 39 40 37 36 40 40 39 36 35 37 39 42 41 44 43 40 28 38 118 175 180 186 180 175 163 163 183 212 
52 41 31 31 34 40 34 37 53 82 82 90 106 120 126 124 133 151 153 148 153 140 138 140 137 136 134 140 144 143 145 151 151 153 153 149 152 145 156 178 146 104 117 141 151 155 147 140 148 147 149 143 127 82 57 97 123 124 128 109 90 85 91 85 106 116 91 90 100 100 59 37 33 29 30 29 29 35 37 37 37 37 37 40 39 38 37 39 37 41 41 39 39 41 41 39 38 39 28 28 100 173 198 183 178 169 164 172 198 225 233 205 
34 35 26 27 29 28 37 43 58 70 94 103 116 107 107 134 153 153 151 145 144 152 158 157 161 161 151 147 148 145 146 144 144 150 149 152 152 177 175 128 132 131 131 147 155 155 153 150 143 139 141 142 142 146 142 101 85 121 117 117 124 118 113 132 126 113 110 99 94 100 112 116 114 88 69 70 49 38 30 38 38 42 40 38 36 40 37 37 38 36 37 41 37 37 34 38 40 23 61 156 193 186 177 170 158 163 198 223 206 158 134 150 
36 29 23 27 16 20 25 43 70 97 102 112 97 99 139 156 154 154 155 160 160 150 145 151 153 153 155 159 157 158 159 158 155 151 153 154 168 138 124 151 156 153 138 144 155 162 168 165 161 153 149 148 143 142 138 139 133 100 129 132 126 126 129 125 135 136 131 132 136 117 114 104 103 105 94 81 93 84 72 64 51 31 31 32 36 36 42 42 38 42 41 41 38 38 41 33 23 104 184 188 185 165 152 145 190 201 161 115 88 114 134 130 
22 22 13 29 79 90 99 102 108 95 81 95 128 155 150 151 150 154 156 157 164 168 170 170 173 174 174 169 168 167 160 154 156 160 154 156 132 145 162 162 164 169 165 157 176 191 191 189 183 181 168 155 150 136 137 147 143 160 139 142 144 139 132 134 128 130 123 111 104 101 99 103 113 107 98 89 82 77 90 79 63 61 46 43 44 39 34 37 37 38 39 32 36 36 29 33 135 178 168 158 153 156 164 168 133 109 106 121 137 121 120 103 
21 52 97 132 127 118 105 96 82 75 124 154 158 153 155 153 154 158 164 173 176 176 174 174 180 182 178 181 181 176 174 173 168 161 158 137 139 156 158 167 158 165 183 174 172 189 196 189 183 173 167 157 156 166 161 155 161 160 146 150 155 146 149 148 147 136 131 130 140 135 121 121 118 99 101 116 120 104 93 110 122 94 63 51 30 36 43 38 37 39 37 57 38 31 35 143 163 149 141 135 122 110 89 49 51 52 74 62 57 88 108 144 
138 123 112 110 107 110 97 86 92 131 159 162 164 165 166 172 175 179 182 180 182 186 188 187 185 185 185 182 179 185 184 168 161 164 151 131 148 154 150 159 166 163 165 175 174 183 189 182 170 168 171 183 185 173 171 163 158 160 165 136 173 173 168 166 163 154 141 131 132 128 127 111 103 117 124 105 92 105 115 97 94 100 109 96 79 70 46 38 41 30 40 27 40 41 135 135 109 87 65 36 21 16 14 62 112 158 164 152 132 103 70 32 
124 95 93 108 111 95 78 94 128 161 163 165 168 173 176 176 174 181 184 189 188 190 192 192 194 194 191 188 188 180 170 180 178 176 148 143 152 155 151 151 148 158 163 180 174 167 168 164 164 173 179 180 183 184 182 173 170 165 156 141 156 173 165 166 159 151 139 134 154 158 163 160 172 161 157 150 159 129 98 96 87 81 71 82 70 77 83 66 52 47 38 40 41 112 106 76 59 31 30 27 22 42 117 123 101 52 29 13 2 6 2 2 
73 97 105 92 74 72 101 138 168 175 174 171 170 172 178 190 194 193 194 195 194 194 190 194 193 194 195 197 187 177 177 182 177 168 146 136 143 137 132 147 153 165 162 171 167 157 156 158 166 181 190 193 191 184 179 177 178 175 172 155 155 170 170 170 164 152 140 143 149 160 168 152 127 97 91 109 110 103 97 89 95 92 89 90 81 61 42 53 67 65 58 83 94 90 55 35 21 39 24 15 43 63 32 8 6 10 12 17 20 17 35 58 
99 85 58 67 77 93 116 158 176 176 170 169 181 186 190 193 196 193 190 194 198 197 200 200 201 196 198 190 177 166 170 172 164 170 148 152 144 154 164 138 129 154 162 157 160 152 144 153 167 185 191 195 195 191 186 181 169 176 177 155 133 179 178 177 159 143 137 146 158 163 169 168 164 142 140 114 96 100 109 104 106 107 108 101 94 89 82 71 67 73 64 57 64 50 48 46 48 36 40 45 30 20 16 20 23 22 20 19 20 42 50 56 
85 91 99 89 88 110 155 177 176 170 166 175 184 185 191 194 190 189 194 197 195 199 199 199 193 194 194 181 173 183 184 185 175 165 151 155 166 162 102 88 136 146 155 179 177 156 139 149 171 180 186 188 184 189 185 183 185 174 184 175 126 190 170 168 156 139 143 154 168 165 156 150 141 120 106 113 108 86 81 85 87 78 89 90 104 94 95 88 83 70 64 54 46 60 66 64 44 40 31 15 19 13 16 26 19 14 12 14 25 26 30 37 
120 101 86 91 95 121 163 174 177 173 179 188 188 194 196 193 195 197 196 197 199 198 193 191 195 196 186 175 175 178 181 168 150 161 164 180 159 103 111 126 118 138 173 179 173 158 141 154 176 185 190 191 198 194 187 184 177 183 177 180 115 179 177 166 140 133 152 171 168 161 167 174 161 147 153 136 117 116 116 126 125 115 103 93 97 100 101 80 95 109 90 84 70 55 39 42 44 60 60 69 58 40 33 24 17 11 12 22 31 43 46 54 
89 73 70 66 85 137 171 179 179 183 184 185 188 193 194 197 194 192 192 194 199 195 197 198 199 191 181 184 179 185 180 163 162 162 172 173 132 158 152 112 114 132 133 149 149 146 147 151 176 186 190 193 191 191 187 181 182 191 193 186 122 181 175 152 131 150 176 184 184 184 176 160 164 158 159 160 161 141 130 103 83 85 87 95 94 85 84 83 76 57 67 56 51 37 35 36 41 39 46 45 59 88 94 99 89 83 77 66 47 35 32 32 
67 59 55 85 125 168 182 187 184 184 189 191 191 189 192 193 193 194 194 194 195 194 194 199 197 192 187 186 187 187 171 151 155 164 171 152 173 173 118 89 119 159 165 153 149 146 155 164 171 184 183 188 196 194 189 188 191 191 182 187 123 180 178 155 146 168 184 188 186 185 185 171 163 159 165 151 145 134 124 111 105 101 103 104 98 96 90 88 80 89 78 80 53 41 52 53 43 43 41 50 60 47 68 82 97 104 96 94 98 104 108 102 
58 55 78 104 153 178 176 182 184 187 192 190 192 194 193 192 189 188 194 198 195 198 200 200 198 190 194 191 187 181 172 155 170 173 168 159 193 148 96 129 170 156 161 168 155 149 165 174 181 179 183 182 183 184 180 188 193 193 196 190 123 181 164 134 141 181 189 188 182 177 174 170 169 166 169 163 168 156 155 146 113 115 110 94 95 85 91 90 76 61 67 63 58 48 43 45 46 43 43 36 31 26 30 47 73 81 85 98 98 89 85 95 
89 79 83 126 147 162 180 186 188 188 192 196 197 198 197 195 194 194 193 189 188 193 200 202 198 198 197 191 182 164 150 152 180 180 157 156 158 105 70 64 113 161 135 142 154 154 165 178 183 182 180 187 188 187 190 192 192 191 190 185 123 163 137 120 151 180 179 178 177 174 176 172 178 181 178 171 175 163 152 139 143 146 107 101 97 96 90 99 90 72 45 50 54 51 68 56 59 56 43 48 42 50 45 48 46 50 59 64 77 79 94 99 
68 81 121 139 158 177 187 192 193 195 194 193 195 197 196 193 192 195 197 190 190 199 201 199 199 199 198 191 179 155 128 136 177 181 151 179 150 80 57 63 57 120 124 132 156 150 165 184 184 177 177 192 185 185 194 194 192 189 182 174 128 156 111 103 142 178 179 177 176 177 181 182 180 179 174 170 171 160 151 151 152 119 119 129 131 113 89 73 75 59 75 65 56 47 34 46 46 33 40 24 25 26 41 48 47 42 33 26 36 61 89 102 
83 95 103 110 141 178 189 190 193 194 198 195 198 197 194 191 192 195 194 193 201 202 204 201 198 201 193 186 172 145 124 131 179 182 153 193 145 78 56 69 84 106 127 139 155 168 186 190 186 183 188 185 188 192 191 192 187 184 186 173 132 149 90 90 141 176 183 181 178 176 176 171 166 151 140 130 120 126 117 113 115 119 115 125 123 111 90 85 71 63 63 68 57 62 65 50 40 40 40 41 36 34 43 36 40 31 38 38 33 36 31 62 
81 93 101 132 170 186 191 191 193 195 197 199 197 197 193 195 196 197 197 196 198 202 203 203 203 203 202 194 158 121 100 123 179 183 143 165 124 112 41 54 102 139 130 128 148 170 192 194 186 190 190 190 193 190 192 194 191 189 182 158 129 143 77 78 142 179 179 178 176 174 157 137 114 103 119 119 101 108 118 105 106 114 110 100 84 66 78 83 76 59 68 56 61 62 51 42 48 47 43 37 48 38 35 33 42 43 31 33 33 31 32 40 
83 82 116 153 174 187 189 194 195 198 199 200 197 197 196 195 195 196 192 196 201 204 203 203 205 205 198 188 148 123 102 114 168 176 130 146 100 51 72 96 95 128 125 138 150 178 191 195 196 196 192 196 191 193 190 186 186 186 183 137 141 132 75 79 136 166 172 157 150 156 149 135 131 130 108 97 101 85 82 79 59 40 82 110 116 113 91 83 79 88 62 54 47 41 38 41 41 35 39 50 48 47 39 43 33 37 31 26 30 32 41 43 
74 101 127 156 181 191 192 194 195 199 199 199 199 196 196 197 195 197 195 195 202 206 205 203 205 206 202 184 144 122 109 110 137 165 127 142 108 62 73 85 121 143 130 140 153 184 198 203 200 194 197 192 192 190 189 194 192 183 160 108 144 114 68 79 127 152 153 170 179 170 140 129 127 113 107 89 71 58 77 108 131 142 111 124 146 135 119 112 90 83 74 71 63 64 64 58 79 71 64 59 61 62 40 38 37 47 43 31 25 29 35 37 
91 106 133 176 188 192 193 196 199 198 197 196 200 196 194 195 198 197 196 200 200 199 205 205 203 205 197 173 150 136 122 110 129 205 146 141 130 122 160 191 190 153 139 136 151 184 201 200 191 198 199 192 188 181 188 194 189 170 123 116 133 114 72 73 108 158 185 169 164 127 113 107 117 108 90 77 66 110 155 165 160 153 157 162 167 169 151 133 112 117 113 88 75 74 75 69 56 46 24 28 54 49 60 39 42 41 36 27 26 22 27 21 
91 99 132 155 178 193 194 198 199 199 198 199 199 198 198 194 196 198 197 200 198 202 206 207 209 205 195 175 160 151 129 109 109 199 148 135 149 117 144 180 175 146 127 120 148 180 183 190 193 200 193 188 182 187 191 192 172 135 99 135 149 122 73 92 153 175 171 157 126 120 122 130 121 102 84 64 114 162 165 165 172 172 169 158 159 155 147 140 144 141 112 82 76 62 52 48 55 65 90 85 61 51 37 41 40 42 38 32 24 26 23 26 
81 108 139 170 188 191 194 199 201 202 203 204 204 200 197 198 198 198 197 200 201 205 209 204 205 207 202 182 155 156 143 122 101 190 140 116 140 126 105 136 147 154 134 116 144 167 186 190 200 196 189 184 187 197 190 165 140 113 152 171 159 102 79 128 176 189 173 153 151 143 129 112 89 74 63 49 119 165 173 173 174 167 165 162 163 160 157 164 143 136 133 107 105 100 95 76 50 38 34 54 44 38 40 40 26 29 42 35 26 23 29 27 
107 116 127 164 189 195 193 198 198 197 200 203 202 201 199 198 198 198 197 196 197 202 204 207 207 207 205 195 175 159 148 132 112 180 142 117 138 131 106 124 139 150 131 114 133 165 171 190 195 189 181 172 176 177 148 139 102 94 123 125 105 90 125 170 186 179 172 174 140 113 109 125 104 86 66 42 100 154 179 167 169 176 165 159 168 167 164 153 142 141 124 132 110 99 75 64 75 77 71 54 30 30 44 46 29 30 22 27 27 29 36 25 
106 107 115 154 178 189 193 196 201 201 201 203 202 201 202 201 199 200 196 199 201 200 205 207 208 209 206 193 177 174 167 140 117 160 134 126 130 146 131 163 172 168 148 122 136 153 175 190 193 192 178 173 167 145 148 91 90 183 190 157 96 99 142 183 191 180 165 121 103 112 113 97 100 98 67 28 79 140 162 174 144 150 157 149 142 157 153 163 153 153 148 143 123 125 107 79 66 52 40 66 84 56 34 45 47 37 28 22 33 28 32 36 
105 112 137 161 188 193 196 197 198 199 203 203 204 205 203 199 200 201 197 198 203 205 205 206 207 206 209 204 189 175 173 161 133 157 125 118 125 145 165 133 167 186 143 118 137 170 188 193 179 165 170 186 183 153 82 141 207 198 182 153 119 97 92 114 147 144 121 105 92 113 122 132 121 85 58 25 92 157 160 162 162 139 143 143 141 149 159 159 161 174 184 158 127 104 91 81 74 66 68 49 51 58 70 42 30 30 33 34 22 30 21 25 
100 108 123 153 191 207 198 198 201 202 203 207 204 201 199 201 199 201 199 200 203 200 204 208 208 211 210 207 202 197 184 154 139 163 139 127 124 137 187 198 196 185 150 129 152 176 175 162 160 175 192 169 83 81 162 190 182 177 171 138 82 64 71 80 125 122 119 124 132 114 122 113 98 67 44 30 122 166 169 153 166 142 142 157 140 125 132 156 160 168 161 141 121 107 88 84 84 80 92 96 83 78 34 28 33 30 43 35 32 22 34 22 
111 113 129 167 172 180 194 197 201 203 205 205 204 204 205 199 200 204 201 199 198 199 207 209 209 208 204 200 199 201 194 185 167 162 135 132 152 136 146 178 185 169 145 150 169 161 160 165 173 174 110 84 166 199 192 179 162 150 147 108 33 35 44 48 89 133 148 133 118 111 125 139 115 78 30 31 126 151 168 158 154 155 123 117 131 137 141 151 165 160 157 127 121 109 105 98 99 103 63 36 49 48 56 54 34 35 28 32 31 24 23 29 
123 110 129 151 159 183 197 199 199 202 203 205 203 203 200 199 198 201 197 197 198 198 196 202 206 205 204 205 205 201 194 188 187 164 140 125 187 188 174 159 162 148 154 162 163 169 179 159 115 69 133 201 200 202 208 207 185 163 163 153 71 9 23 56 93 107 88 76 90 125 132 124 116 73 21 23 119 155 175 175 138 156 134 135 125 109 115 131 152 172 156 159 131 119 110 98 89 65 78 75 45 41 33 39 49 26 25 30 27 27 23 37 
102 121 152 153 166 191 195 199 201 202 203 206 206 203 205 202 203 205 199 196 196 195 198 199 203 207 203 201 198 197 195 193 187 165 145 86 141 189 194 168 119 134 160 159 155 119 66 43 88 170 201 202 199 196 202 206 198 175 157 164 165 93 50 62 64 106 130 146 120 88 71 100 117 63 23 21 83 158 180 182 156 156 125 103 100 104 119 138 164 162 169 145 135 129 109 101 87 82 79 64 71 46 59 49 43 38 37 31 38 35 29 28 
106 108 135 160 167 172 193 200 200 204 203 207 205 202 203 207 203 204 203 200 201 200 202 204 202 201 203 204 199 198 197 195 194 170 148 79 92 96 116 151 219 203 103 48 36 78 148 183 199 208 211 194 190 189 193 193 190 178 173 162 139 127 89 66 59 87 96 107 93 101 105 134 113 54 25 28 73 149 172 178 164 153 127 87 100 98 103 118 138 167 143 148 158 139 134 128 120 104 80 66 66 65 37 36 32 45 33 31 24 27 26 18 
104 95 137 154 156 173 178 187 199 196 201 201 201 197 198 199 202 203 202 201 200 200 202 205 210 213 211 207 198 192 194 193 201 175 154 120 199 187 135 91 54 201 111 66 161 196 204 203 198 198 191 193 194 198 206 214 206 174 153 145 112 91 95 97 82 67 92 101 101 99 136 160 110 69 33 31 71 145 163 167 155 144 116 87 93 97 112 134 148 141 145 143 125 119 126 128 126 114 102 79 59 35 39 25 41 29 35 36 36 43 45 42 
107 112 132 139 145 154 177 193 196 197 198 199 201 200 201 201 203 203 203 200 198 196 199 200 202 208 209 206 201 198 197 198 199 167 146 141 212 172 120 133 156 164 80 102 202 210 197 198 203 203 204 202 198 196 207 215 202 176 155 136 110 83 66 65 55 63 52 60 82 122 140 177 103 64 28 33 63 147 176 174 159 150 118 72 87 82 85 107 134 144 137 121 114 107 107 118 108 107 88 54 50 58 60 74 35 39 33 32 36 26 37 27 
100 112 123 136 144 143 157 181 196 199 201 203 202 198 196 198 201 202 200 200 197 194 192 195 198 202 206 209 208 211 210 207 208 179 156 136 199 146 110 165 200 171 82 107 185 195 195 201 201 195 191 189 189 189 196 207 198 171 159 139 113 87 65 59 43 38 29 41 98 121 143 172 125 68 35 26 63 140 180 160 157 155 121 93 107 95 97 108 119 121 146 162 174 156 117 105 97 92 76 76 68 46 27 38 34 21 22 23 27 31 37 38 
94 100 116 131 128 125 154 186 193 198 202 201 202 199 202 199 196 198 198 198 201 199 198 199 200 199 202 203 203 200 203 203 202 168 147 127 181 126 98 151 191 171 83 98 164 174 179 179 175 176 168 177 181 184 182 182 182 165 138 129 107 79 79 65 44 34 40 35 39 71 119 179 124 73 36 33 60 133 170 171 173 172 112 88 101 115 122 136 149 145 131 108 106 107 105 104 96 86 87 79 65 57 43 26 23 28 30 29 26 27 41 41 
85 90 99 113 132 141 171 186 198 200 201 203 203 202 200 197 199 197 195 198 198 198 201 203 202 204 201 200 196 185 178 180 186 161 144 131 186 128 87 141 181 143 77 81 159 175 172 177 184 182 179 164 169 173 174 168 170 154 130 116 104 98 85 45 48 60 49 54 79 109 115 152 120 66 28 24 51 137 173 172 162 140 104 71 81 90 101 107 113 119 125 142 145 140 115 97 80 84 82 81 71 56 51 49 40 38 34 30 33 33 36 36 
82 70 83 102 117 139 166 188 196 200 201 203 203 203 203 205 202 203 196 197 204 200 204 207 207 202 199 191 182 176 181 182 180 155 141 106 166 148 116 125 152 145 87 66 118 153 170 178 180 183 175 173 167 165 171 181 183 141 114 107 104 88 47 47 45 61 66 90 104 92 112 112 111 80 36 27 69 150 164 161 150 151 116 95 114 84 111 157 154 135 119 117 108 89 89 93 99 100 87 65 51 50 46 34 26 26 30 32 26 24 27 36 
79 86 88 104 130 169 188 194 203 201 203 202 202 199 201 201 202 200 196 195 198 202 204 205 208 210 210 209 205 194 190 191 194 163 139 83 102 116 116 108 134 123 81 71 73 71 56 47 82 143 187 178 172 167 160 172 161 133 115 102 99 48 45 69 65 49 64 68 95 137 95 124 113 86 32 26 67 154 178 171 148 145 98 57 83 106 121 120 155 152 159 156 147 143 133 117 112 105 72 52 62 53 25 24 31 26 28 27 31 32 37 30 
81 88 95 116 149 173 185 193 197 196 200 201 196 195 198 195 199 202 200 192 195 199 202 208 210 211 212 208 205 203 198 198 193 163 135 80 92 95 99 108 93 89 78 74 72 80 84 74 54 76 136 175 178 177 172 164 159 133 116 108 66 27 37 65 56 51 63 88 105 96 100 98 99 81 34 24 82 159 160 161 147 145 103 95 102 108 115 126 140 159 148 150 148 144 145 113 85 70 77 89 68 35 39 27 22 26 19 31 29 31 36 32 
77 77 99 112 134 161 176 191 197 198 198 199 198 198 195 197 192 195 196 196 195 201 201 203 206 206 206 204 200 198 192 185 179 156 132 112 102 100 109 105 109 106 99 88 82 82 88 101 106 81 50 79 150 169 167 167 165 153 135 111 61 25 35 60 63 61 65 89 104 111 112 112 92 79 36 23 86 152 150 143 136 140 96 84 86 109 123 143 147 161 162 156 162 162 145 151 135 112 79 42 33 33 23 23 29 22 39 35 30 23 29 28 
79 81 98 116 140 166 180 186 189 194 198 197 195 197 199 200 201 199 197 197 198 199 202 205 209 209 204 205 198 181 169 161 137 139 128 99 84 81 109 142 143 131 112 107 105 109 115 108 111 124 128 74 27 69 130 149 158 156 146 117 79 27 37 50 56 57 83 107 115 109 116 125 103 82 46 22 95 143 140 132 140 128 92 85 98 107 123 132 150 146 151 134 116 146 155 110 86 103 101 78 67 59 55 43 40 58 33 24 27 22 24 34 
90 98 104 115 135 162 176 187 191 191 194 196 198 193 197 198 198 199 192 192 191 199 202 203 203 206 205 200 191 179 159 135 114 132 128 86 74 100 146 158 159 136 115 102 114 114 109 111 116 117 126 144 127 52 55 131 156 161 144 120 87 45 40 53 73 85 86 102 95 102 104 103 94 72 55 26 101 152 155 138 150 125 117 119 110 106 107 133 156 144 143 163 142 103 82 104 107 92 79 78 67 55 61 66 67 48 33 24 20 34 30 31 
85 95 111 123 131 163 177 179 186 190 182 189 187 186 186 189 196 190 190 191 199 199 204 203 204 203 202 197 182 159 140 120 96 133 119 85 98 138 138 130 166 166 119 88 97 125 134 121 112 116 113 127 139 143 92 62 138 163 160 135 102 75 49 58 87 110 122 104 97 81 95 94 94 73 57 33 117 150 136 135 139 120 101 89 110 119 120 117 146 139 128 125 119 107 113 98 92 70 52 43 49 51 31 23 15 29 36 27 29 20 17 25 
94 92 104 112 117 158 172 181 183 189 189 188 185 186 186 188 188 187 192 193 196 200 198 202 201 198 189 174 160 143 123 109 96 129 110 90 123 123 104 120 160 147 116 84 91 113 140 152 146 132 134 131 137 141 133 106 50 121 151 152 125 97 43 51 78 100 115 111 113 106 78 72 98 84 56 40 114 144 126 138 128 113 126 117 105 112 116 118 147 169 134 117 99 95 83 94 84 80 80 70 43 25 25 18 22 26 43 24 23 28 32 32 
100 98 96 101 124 162 179 181 180 183 186 187 180 179 181 183 183 183 184 188 193 194 200 201 200 195 181 166 153 137 117 102 92 129 109 114 121 108 116 130 145 148 115 94 101 126 156 164 151 150 142 142 147 152 161 151 111 41 82 99 86 49 42 48 70 116 139 138 125 119 119 109 81 74 50 43 105 131 132 150 130 115 121 119 118 132 138 137 142 146 162 125 123 112 98 73 63 79 73 43 41 31 39 36 26 32 24 24 22 20 24 27 
86 81 95 104 130 156 171 178 182 179 175 181 183 177 180 183 183 181 182 185 187 192 190 199 197 184 164 159 150 118 106 93 80 118 108 119 116 100 143 154 156 146 113 87 115 145 155 168 170 164 163 166 168 163 164 177 172 119 52 34 32 56 48 61 96 128 141 114 87 95 90 89 97 73 63 35 84 124 144 140 114 128 133 133 116 115 130 144 137 129 130 132 116 98 84 85 69 54 29 33 30 31 26 24 31 26 23 21 20 26 24 11 
88 84 96 111 129 159 165 171 175 177 171 177 178 178 179 177 181 175 178 186 192 188 195 186 182 177 160 137 123 109 97 77 86 105 112 132 117 151 188 181 170 151 115 97 115 146 175 183 174 166 167 162 153 158 166 171 176 167 107 89 61 70 118 145 161 174 169 147 119 103 91 105 90 73 51 29 71 139 146 132 131 124 132 133 130 131 140 143 128 118 125 122 78 70 98 86 51 43 48 39 33 22 21 24 22 32 30 27 26 26 23 49 
70 79 93 94 117 144 161 166 172 177 180 179 173 171 171 173 172 174 174 178 185 187 189 191 188 184 159 136 122 104 87 80 120 114 124 119 122 159 191 192 162 129 103 97 117 146 161 167 175 169 166 168 172 167 161 159 164 175 156 94 95 60 105 154 174 178 161 143 128 116 109 89 59 54 54 35 80 140 145 150 147 143 134 127 129 130 128 125 117 111 95 93 104 84 75 50 51 42 36 31 23 26 21 21 22 29 28 24 19 23 33 38 
59 77 83 99 115 131 137 157 174 176 175 175 173 169 167 169 169 168 171 179 187 181 180 182 188 185 161 124 121 102 86 95 160 111 119 94 50 32 63 134 149 120 106 93 117 148 158 171 180 181 174 170 170 171 166 168 167 167 170 115 103 66 73 136 172 176 170 151 137 117 97 115 118 83 61 50 58 125 145 144 137 137 132 121 124 127 114 120 95 92 83 84 69 59 49 51 44 43 49 43 27 15 23 24 31 35 25 19 25 31 35 24 
69 65 74 84 103 114 135 157 166 168 173 173 169 168 169 167 170 167 166 168 174 177 180 179 185 179 159 138 113 93 80 112 189 134 124 67 63 82 71 81 149 119 98 98 112 139 155 163 173 175 171 172 163 163 167 163 164 166 168 146 88 74 60 114 164 171 172 162 129 117 107 94 89 89 84 76 69 99 131 141 145 143 136 120 123 119 119 110 102 89 84 75 67 54 62 46 29 27 30 29 23 28 27 29 15 16 19 28 32 38 32 27 
88 73 80 88 103 110 130 151 165 166 167 170 167 164 164 164 165 166 160 163 176 180 176 175 173 180 168 143 117 98 85 130 194 137 119 118 186 76 51 68 108 102 93 100 119 136 150 157 162 173 175 175 172 171 168 163 161 155 158 159 98 74 60 107 157 174 173 170 164 152 136 105 94 97 96 81 83 108 122 136 146 136 118 120 114 131 133 118 112 88 64 62 63 45 39 40 45 45 28 23 36 27 19 17 23 23 29 27 25 20 16 25 
50 68 74 85 93 106 119 127 149 159 165 167 170 166 164 160 161 161 164 166 170 173 175 169 169 171 168 145 113 100 100 142 193 143 130 83 41 30 64 80 103 106 91 98 116 134 144 158 159 165 169 162 160 168 168 161 162 158 159 159 105 85 63 99 152 167 172 170 171 167 155 131 118 100 99 98 86 91 96 107 116 118 130 134 123 110 95 92 88 72 50 46 36 37 33 35 43 51 36 36 32 19 25 28 25 24 24 24 27 25 38 60 
71 78 81 86 103 108 103 107 135 154 155 159 162 163 162 161 157 157 152 158 161 162 165 164 168 166 158 146 122 113 111 153 188 139 125 104 58 61 76 73 112 112 97 102 112 127 139 155 157 166 164 159 161 164 167 161 163 158 152 153 110 86 70 98 148 167 160 163 167 169 156 153 141 119 95 103 116 119 133 119 130 131 125 125 126 116 109 93 88 95 69 59 55 44 39 27 24 30 42 35 22 32 26 24 25 21 21 30 36 28 55 61 
56 49 59 75 83 91 96 108 131 146 152 156 158 160 157 153 153 157 155 151 156 166 165 154 154 159 158 143 134 121 116 134 163 138 120 112 70 51 53 97 141 118 103 103 107 123 135 155 161 156 162 160 156 161 157 155 161 155 147 137 106 101 92 99 139 155 160 163 162 163 168 155 163 154 135 121 105 101 122 130 120 97 85 75 86 94 90 80 87 56 57 36 33 35 39 39 41 50 43 35 32 27 25 31 30 31 32 37 44 56 66 79 
30 46 60 69 86 99 104 110 126 141 149 152 156 157 154 155 156 152 157 152 151 160 167 159 149 154 152 151 146 134 127 138 150 131 109 126 95 91 110 132 144 116 113 109 107 117 133 150 160 160 162 162 156 153 158 161 165 164 154 149 111 120 112 107 130 158 161 160 155 155 156 149 150 158 154 148 150 147 130 138 127 127 113 92 76 61 48 43 39 50 62 69 51 51 48 55 48 30 31 29 27 28 26 27 34 31 32 39 54 74 81 81 
52 67 65 65 61 69 94 106 119 131 142 150 153 155 157 153 156 155 159 152 143 147 162 160 154 152 151 145 151 141 137 144 151 131 100 127 109 85 105 124 138 132 121 114 109 112 127 137 151 165 163 159 162 157 162 168 161 161 157 158 116 132 118 114 129 147 159 161 160 157 154 150 150 149 156 152 146 137 137 136 124 124 117 112 97 85 73 72 69 62 52 47 46 38 30 34 41 56 39 32 34 35 28 27 27 24 28 51 66 83 83 79 
45 44 57 66 83 94 100 101 108 126 139 144 147 144 147 150 151 148 150 154 153 150 150 155 146 149 149 147 145 146 142 147 144 137 107 118 124 87 93 115 132 141 130 118 104 101 118 137 151 160 162 160 157 155 159 164 163 161 162 164 110 133 125 111 115 134 152 153 154 161 157 152 139 140 133 139 134 141 146 143 125 118 104 97 79 65 56 58 42 37 36 40 37 37 28 39 39 39 43 28 26 25 33 29 29 34 52 77 82 78 79 79 
61 64 59 61 74 79 90 100 116 128 133 139 145 150 148 148 149 149 152 157 153 157 153 152 149 137 137 141 143 144 126 140 149 131 108 112 113 91 73 88 119 116 121 120 104 95 107 136 152 159 166 168 165 161 158 162 167 169 164 156 103 139 134 115 110 120 135 150 150 147 150 143 143 135 131 126 115 110 110 106 105 105 97 73 61 61 65 58 62 64 57 44 36 43 49 46 36 28 28 32 25 31 29 34 43 53 63 77 80 79 75 76 
50 48 49 53 54 75 89 106 120 125 131 138 139 143 144 142 150 149 150 153 156 148 150 152 151 139 140 147 143 135 129 135 136 129 107 121 89 88 80 79 88 108 127 123 100 89 106 132 149 161 160 168 169 158 145 153 159 159 161 149 102 141 137 123 114 112 125 129 134 142 146 142 141 136 127 117 115 111 100 97 95 91 84 79 66 54 69 66 62 64 54 70 63 58 53 52 41 32 36 41 39 31 53 47 48 61 78 84 77 73 82 82 
53 63 69 79 79 75 83 96 114 122 123 128 132 139 142 140 140 144 149 153 156 153 154 152 149 145 135 134 139 135 134 120 123 129 101 113 110 70 88 110 110 118 122 117 100 87 105 122 132 151 159 166 166 162 152 149 146 149 148 130 112 148 133 119 103 103 109 122 127 132 128 118 117 117 128 132 125 114 97 91 88 98 84 66 76 71 53 64 62 54 50 43 49 33 26 33 40 36 38 41 43 44 47 74 77 73 83 72 76 82 77 79 
47 43 35 34 42 44 54 92 110 111 118 119 124 132 142 144 140 142 143 144 146 153 150 144 143 147 144 127 141 144 141 138 126 117 97 97 119 107 93 115 125 123 122 107 91 91 106 125 144 155 164 164 166 155 138 144 153 157 146 123 116 138 144 137 112 109 113 114 138 144 131 128 116 116 96 83 79 79 71 60 53 55 68 92 80 64 68 53 46 57 74 40 36 43 56 41 44 42 44 56 58 67 74 84 90 76 74 80 77 80 79 65 
45 58 68 63 54 53 46 68 97 109 117 116 121 121 124 132 140 141 144 147 146 141 138 141 140 132 130 137 124 122 123 132 121 124 119 91 106 121 113 114 116 122 124 111 97 102 115 124 139 149 162 161 164 157 153 150 147 147 137 106 134 141 149 145 118 104 99 98 111 135 144 136 130 122 106 101 101 91 87 93 89 80 75 59 70 69 63 75 76 61 50 66 40 41 35 39 41 36 51 64 76 82 75 77 75 84 88 86 77 55 28 14 
68 65 67 69 69 63 51 39 77 105 115 118 120 115 119 116 120 126 129 136 133 135 135 133 139 138 128 118 124 119 114 122 129 119 108 93 94 112 115 105 115 126 115 99 100 113 115 123 134 146 160 171 164 162 163 144 128 133 122 115 133 136 139 144 126 106 98 104 106 104 113 118 117 128 121 109 96 99 91 80 79 73 67 76 73 83 79 60 53 61 60 56 64 44 49 52 51 63 83 90 103 100 97 87 73 59 38 22 10 10 8 7 
51 65 70 78 70 57 52 56 63 99 99 110 109 113 113 117 119 121 127 122 126 130 126 130 133 135 136 135 121 112 110 112 111 113 109 107 90 101 103 104 112 123 116 114 126 132 130 123 129 135 144 150 143 139 125 118 122 128 120 125 126 134 137 143 140 119 102 95 97 101 98 89 103 98 100 107 118 96 98 95 86 82 75 66 84 74 57 62 44 36 56 65 54 51 49 53 78 85 72 56 36 25 14 10 10 5 7 8 10 13 21 27 
44 47 44 57 63 63 61 56 48 39 84 97 97 103 103 102 105 105 108 127 123 129 128 127 123 121 119 117 120 124 118 105 99 102 104 107 104 91 114 113 128 132 131 133 145 145 138 129 129 130 135 133 132 131 123 123 138 158 117 125 123 127 117 122 124 114 104 89 80 82 88 98 82 81 91 81 81 84 91 79 60 56 70 64 45 34 50 33 45 43 38 54 52 61 66 85 41 20 21 7 7 16 13 14 17 25 28 28 36 37 44 48 
26 35 45 51 53 59 60 58 57 49 45 72 102 103 99 102 103 107 105 101 105 104 104 110 115 121 118 117 114 111 111 108 106 99 97 105 109 114 90 112 130 128 120 138 150 143 135 128 126 131 129 125 128 127 130 126 111 96 109 111 108 110 111 105 103 106 100 99 106 76 79 88 86 78 68 67 79 81 78 83 73 70 65 59 63 56 65 59 44 56 62 39 32 24 21 61 92 53 33 43 39 22 21 28 32 35 34 37 39 40 37 35 
32 25 27 40 71 79 77 63 58 54 44 35 53 95 111 109 103 99 101 100 99 99 102 99 100 97 104 103 101 109 104 102 102 106 105 100 99 101 124 115 94 107 124 140 150 146 140 132 126 124 123 130 129 118 93 82 97 107 106 104 105 101 106 107 104 105 99 95 95 82 63 53 62 79 75 68 71 76 66 61 50 43 37 56 46 54 48 55 46 25 19 29 16 18 21 12 54 104 78 47 50 66 58 39 28 36 53 50 47 42 46 54 
32 29 23 24 20 33 48 70 72 66 58 48 33 36 63 91 102 104 102 103 103 98 93 99 101 98 93 95 101 99 103 105 102 100 100 104 106 106 103 112 120 82 68 112 121 131 127 119 114 110 100 81 67 69 88 102 103 102 100 100 99 99 96 100 104 100 105 95 83 77 71 61 56 65 71 77 78 71 62 53 44 52 59 51 30 22 17 29 22 22 19 18 21 21 19 19 14 30 95 111 80 69 71 84 82 58 34 54 69 88 106 103 
40 29 31 28 27 27 28 36 40 51 63 56 50 33 25 45 65 74 93 100 97 90 99 98 104 104 109 106 103 106 104 102 102 103 103 99 104 107 107 107 81 84 108 82 45 37 43 58 57 63 71 86 99 107 102 102 104 102 101 99 102 98 91 87 80 89 79 74 65 65 78 92 79 65 77 87 80 75 72 72 63 55 39 20 21 20 21 19 19 19 22 20 19 20 20 21 20 13 15 54 109 108 88 81 92 108 108 82 66 63 83 99 
39 39 29 26 32 35 33 30 36 43 47 58 62 61 45 32 48 48 66 71 91 120 107 99 105 116 111 99 88 91 93 97 102 99 96 101 97 101 102 78 70 102 90 70 55 63 106 117 117 117 117 109 109 109 110 105 101 101 98 90 75 72 78 71 60 59 62 68 74 75 73 71 72 72 67 70 67 43 36 26 33 28 16 24 23 24 22 19 23 23 21 24 22 18 23 22 21 23 18 10 28 98 118 111 94 80 95 118 136 127 102 85 
42 40 43 41 34 30 35 47 41 34 43 50 65 76 77 65 43 38 41 55 65 79 89 89 85 71 75 77 80 73 68 77 82 90 87 88 81 73 50 43 71 77 81 114 95 81 93 97 98 101 102 98 86 80 78 75 72 75 67 67 80 74 70 70 72 71 71 70 52 43 39 49 33 23 17 22 27 22 22 23 18 21 23 19 22 21 22 24 23 20 23 25 22 23 19 20 21 19 19 18 16 55 72 89 117 111 102 99 102 111 138 175 
42 39 42 40 36 37 29 29 47 58 49 51 58 65 68 73 63 47 38 34 31 59 78 66 69 76 75 76 69 57 61 56 55 52 55 58 62 54 33 38 37 35 40 44 41 43 46 56 68 76 77 75 82 83 80 93 104 100 104 107 106 103 108 107 110 106 90 74 39 20 16 21 22 21 24 22 21 28 24 21 24 24 23 26 22 23 21 19 22 25 23 24 26 21 26 25 25 22 24 23 23 30 83 53 57 94 119 128 123 124 131 141 
41 41 39 40 40 36 40 38 28 34 45 49 43 52 68 68 70 73 64 55 53 26 21 34 42 48 51 56 61 56 43 48 44 38 34 28 31 28 36 39 43 70 85 96 98 100 94 91 103 103 80 64 72 95 116 119 89 80 96 120 110 103 102 97 99 110 104 94 57 23 25 22 23 21 24 20 22 20 26 23 22 21 23 20 22 19 21 23 21 21 22 24 20 26 23 23 22 21 21 23 22 18 47 80 85 75 60 77 116 142 149 153 
41 43 39 39 38 39 36 34 36 33 32 33 37 43 42 47 57 72 81 81 76 78 71 61 49 37 36 40 40 41 48 44 41 36 36 38 44 48 41 35 35 62 94 113 116 117 121 118 112 114 100 82 58 40 33 30 39 78 105 115 114 111 109 107 105 110 107 87 35 25 23 23 23 23 19 23 23 23 21 23 23 21 17 22 21 22 21 22 23 25 22 22 20 22 22 21 23 23 25 22 22 25 18 82 113 122 67 30 25 39 68 99 
42 41 39 38 36 32 32 32 34 32 30 30 34 36 31 35 43 49 60 71 80 84 89 79 72 66 62 55 51 48 41 40 43 46 48 50 44 39 37 45 52 83 105 110 110 118 119 119 116 118 112 97 84 70 60 55 57 75 110 118 109 107 105 106 106 105 87 33 19 23 21 23 24 21 25 22 22 20 25 25 19 24 24 22 22 24 27 22 21 18 20 20 22 20 19 19 22 24 23 19 22 21 21 90 102 132 104 63 49 46 34 50 
38 46 39 42 42 40 35 35 30 29 34 29 32 29 29 26 31 35 37 40 46 39 46 53 60 64 61 57 57 54 53 48 41 40 41 37 33 25 20 29 77 105 112 66 48 73 91 98 103 108 116 120 115 111 103 97 99 109 112 107 104 98 98 101 105 74 25 20 22 19 25 21 17 23 21 20 19 23 22 21 26 23 22 24 22 21 20 22 16 19 18 19 19 19 24 20 19 18 19 23 23 26 23 89 101 92 119 87 82 73 58 90 
44 38 39 41 35 38 36 33 36 34 30 29 26 29 30 31 27 27 31 34 30 31 24 26 31 34 33 37 39 33 36 30 30 27 23 24 21 23 26 33 79 106 92 48 32 20 21 26 37 52 65 71 82 87 93 95 101 94 89 90 93 103 111 102 49 13 20 20 23 26 18 25 26 22 19 22 22 19 21 24 21 21 19 20 21 23 21 19 21 20 19 20 18 20 16 19 20 20 19 19 19 19 18 92 104 81 104 104 84 95 108 133 
38 40 40 35 36 37 39 37 33 32 34 29 31 29 30 27 29 28 31 29 27 25 24 26 22 23 27 31 62 81 56 30 24 21 21 21 24 24 21 24 61 102 106 89 69 60 53 52 49 46 41 41 44 58 65 78 86 97 107 107 108 93 56 22 13 19 19 22 20 19 22 20 18 21 24 22 23 23 21 19 19 20 20 21 21 18 21 25 23 23 25 25 22 20 21 21 21 20 20 21 20 22 28 87 111 86 83 109 98 109 113 163 
41 39 37 40 39 35 35 38 35 34 32 33 31 30 29 30 25 27 23 24 25 28 27 27 28 29 29 26 16 14 20 24 27 25 26 26 25 26 28 23 17 43 85 98 106 110 112 111 114 108 108 111 117 115 112 109 102 82 58 38 23 12 11 17 22 23 25 23 23 25 24 22 24 20 21 24 20 20 24 24 25 21 24 18 22 22 26 22 26 26 24 22 23 23 21 23 21 24 20 21 24 23 17 81 107 89 86 114 101 118 120 159 
42 39 42 39 40 39 38 35 39 35 33 33 27 31 29 26 27 27 27 26 29 25 29 27 23 25 25 25 29 26 23 26 23 26 25 22 25 25 25 23 22 22 14 14 18 27 36 48 64 76 82 60 43 35 24 15 10 8 12 17 20 17 20 20 22 25 21 22 23 20 19 20 19 24 21 21 24 22 19 19 14 24 21 20 18 21 19 21 21 21 21 22 24 27 24 20 24 20 24 19 21 22 21 76 114 86 94 131 106 114 118 111 
