10 44 43 42 41 41 35 37 37 36 37 33 35 33 31 33 32 33 27 34 28 27 26 30 28 28 26 28 24 26 27 29 26 27 25 27 28 22 27 23 22 23 23 26 26 26 22 20 23 19 16 19 23 20 19 17 27 26 21 17 27 26 27 23 26 23 21 22 20 22 22 26 26 20 19 20 23 23 24 22 21 15 16 20 23 21 23 23 21 23 22 19 23 17 26 20 21 21 21 21 23 23 29 31 89 92 83 114 165 140 104 103 
44 51 48 46 46 55 50 45 47 51 48 47 53 47 49 55 50 50 50 49 45 49 53 55 49 47 49 51 54 55 52 54 55 53 51 46 49 54 52 48 50 52 57 58 60 51 47 47 38 29 8 14 56 57 78 58 18 30 49 51 57 52 52 54 54 52 46 47 48 52 45 47 49 54 49 50 51 47 55 49 52 51 51 47 51 50 49 49 48 46 51 51 50 51 53 51 49 50 45 50 49 49 45 48 45 35 101 194 169 145 151 150 
50 46 46 51 53 45 45 48 46 49 48 51 48 49 51 47 51 47 49 46 52 53 49 46 49 54 52 51 49 49 51 49 50 50 51 55 50 52 53 53 54 54 48 34 15 32 42 39 72 127 170 204 200 201 199 204 186 135 47 19 32 54 57 48 47 51 51 55 47 42 48 49 49 40 43 43 45 49 43 47 46 48 50 51 46 47 49 49 45 51 47 51 48 48 50 49 51 52 56 52 52 46 44 48 39 69 176 187 139 148 167 155 
46 48 48 48 48 50 53 54 53 49 49 46 48 50 52 51 52 55 51 53 50 49 52 49 51 49 52 51 47 50 47 53 52 53 59 53 51 50 50 47 53 47 36 86 143 168 174 174 171 170 153 137 135 140 144 152 169 184 194 158 77 32 20 47 52 48 47 44 50 50 47 47 45 50 47 49 54 46 48 47 47 41 42 46 45 46 45 47 52 47 49 47 51 49 47 50 48 50 45 46 51 52 53 51 62 149 202 155 150 144 100 138 
48 50 53 51 51 51 50 50 49 47 47 46 46 47 49 54 46 49 51 51 53 54 55 52 51 50 51 49 53 51 54 52 54 52 47 49 49 52 51 55 49 51 123 168 143 112 118 121 125 130 138 153 167 169 159 150 149 160 174 177 176 164 117 58 33 42 45 50 48 46 49 46 46 43 43 41 40 44 42 44 42 41 40 40 43 49 45 42 40 48 43 49 43 49 48 48 44 50 47 46 44 50 48 42 95 173 191 131 121 120 179 189 
50 47 48 48 48 49 44 48 51 52 48 53 51 48 48 47 50 51 48 49 52 49 49 51 47 50 53 50 51 53 51 48 54 50 55 50 51 52 49 49 49 99 156 147 81 72 93 107 131 158 175 169 163 153 155 158 148 133 128 142 171 169 174 165 100 30 47 46 43 45 42 43 41 38 41 41 42 36 38 40 43 41 41 44 42 39 40 43 45 41 47 46 47 45 47 50 49 46 51 49 46 49 50 62 133 185 189 123 156 194 177 189 
50 48 49 47 49 50 50 47 50 51 50 49 49 51 53 57 51 51 54 53 51 57 54 53 46 40 36 43 51 51 49 50 40 48 47 51 49 48 47 50 52 117 163 151 66 57 111 139 144 135 133 152 167 175 178 175 191 185 182 151 130 168 176 177 173 110 38 44 41 42 42 39 39 43 37 40 39 38 40 36 36 35 34 38 37 41 43 41 40 43 45 47 41 42 45 42 45 45 47 48 50 48 43 84 149 204 190 190 186 166 174 171 
49 52 49 51 55 52 49 51 50 47 51 51 54 54 52 48 55 51 45 41 60 50 51 41 48 49 61 43 35 40 47 58 75 61 52 49 41 48 51 52 51 103 156 172 125 126 166 174 170 176 185 182 181 182 178 170 158 164 166 176 176 153 162 171 164 151 85 31 38 39 37 38 36 36 38 35 35 43 39 37 35 38 42 39 39 39 37 41 43 43 37 39 44 44 44 49 49 46 43 47 47 48 45 115 189 214 195 172 172 175 175 174 
50 49 51 50 45 49 54 50 50 52 50 51 52 48 40 38 37 28 24 30 32 36 33 63 77 100 110 102 78 73 78 77 83 99 113 105 80 55 51 51 52 68 142 176 181 152 157 190 197 185 185 181 173 157 153 144 143 137 145 166 177 170 162 156 164 172 161 97 28 38 40 43 38 36 36 38 35 35 35 37 38 37 31 34 35 40 39 37 39 38 44 44 42 42 41 42 43 44 47 48 48 44 71 145 186 173 167 173 176 175 169 166 
48 49 49 51 53 53 51 53 51 43 45 45 34 29 25 33 30 41 46 56 66 93 113 121 117 101 94 91 84 84 82 87 73 61 48 35 48 56 57 56 49 46 116 166 187 179 138 109 131 166 188 167 157 147 139 131 138 140 168 187 188 194 190 187 183 185 175 155 79 35 38 34 38 36 37 37 39 37 37 36 36 36 40 40 38 32 36 38 36 35 40 38 39 38 47 47 49 45 43 48 35 32 119 160 168 170 176 171 167 163 178 203 
47 50 51 54 53 49 53 51 45 47 45 40 42 43 46 45 55 70 95 101 93 108 107 90 73 67 65 70 81 95 106 110 119 120 108 106 69 59 48 28 35 53 134 176 192 199 193 170 128 150 175 129 104 111 129 145 136 144 173 191 188 188 179 183 181 179 174 166 125 46 43 39 38 38 39 38 36 40 36 40 38 44 36 37 37 40 38 40 40 41 37 40 42 43 38 40 40 45 38 24 61 150 184 185 184 178 163 165 186 212 226 210 
52 51 50 51 49 49 51 40 34 28 39 45 50 46 48 53 57 54 80 106 121 105 90 104 106 95 96 115 114 107 116 122 133 121 117 95 90 69 59 62 83 89 114 133 152 165 169 163 158 134 97 84 135 176 199 196 189 155 131 177 194 193 192 188 184 184 176 163 129 64 41 38 40 40 37 37 38 37 45 39 41 35 38 37 35 36 35 39 42 40 41 37 33 36 41 40 42 26 39 127 185 191 178 168 155 166 198 229 229 197 170 177 
45 51 50 48 50 48 38 49 71 82 77 66 50 45 60 80 91 92 75 80 105 117 125 116 108 109 112 113 107 104 106 119 120 128 101 97 101 103 71 85 64 64 50 39 31 39 60 92 112 115 117 119 114 123 143 156 152 149 153 159 161 156 155 168 181 190 174 151 107 42 44 40 40 41 38 39 36 32 30 38 38 37 36 40 40 33 40 37 37 38 40 42 40 36 36 37 18 77 168 191 182 172 155 158 191 212 189 143 110 116 147 150 
48 45 47 46 40 26 38 45 39 32 27 36 61 78 74 83 97 105 94 123 131 142 154 153 149 144 145 151 149 154 143 127 143 121 138 156 146 135 118 68 90 86 133 146 143 134 139 131 135 133 131 126 121 121 126 122 115 106 98 86 95 114 116 118 110 124 126 105 72 50 43 28 20 21 21 22 32 44 30 34 37 37 37 32 34 38 40 37 37 37 38 36 40 37 34 26 115 187 184 169 160 150 161 185 157 116 108 117 130 138 126 127 
49 50 49 44 35 39 34 29 24 17 32 64 93 82 88 112 115 123 140 144 146 162 155 144 140 151 152 152 147 146 149 150 151 165 160 155 154 158 150 182 185 146 136 151 152 146 143 143 137 135 145 146 140 136 128 133 138 129 129 126 120 115 116 138 107 95 96 105 112 98 101 107 105 87 69 55 43 32 44 37 38 41 40 41 40 38 41 38 38 40 37 39 36 35 32 146 183 169 155 164 156 158 128 113 97 86 83 98 98 97 104 113 
49 49 36 23 28 39 29 30 42 76 92 95 86 100 122 126 130 140 146 151 158 149 150 151 151 155 150 148 154 157 158 159 156 158 154 159 158 158 162 137 106 107 146 200 201 190 186 181 176 162 143 130 131 131 134 128 129 129 142 143 137 146 138 126 126 120 115 114 110 120 128 100 98 109 93 104 112 93 59 35 33 30 28 33 33 38 37 42 40 38 38 40 31 26 142 174 150 139 124 81 65 39 23 19 71 132 129 119 148 153 143 141 
39 25 24 26 33 27 31 42 68 76 77 86 109 120 119 130 155 162 161 159 144 145 144 144 143 139 154 156 152 148 151 157 163 160 165 163 165 167 174 169 131 87 24 31 40 43 44 41 41 59 98 142 147 126 131 136 136 131 128 134 132 142 154 153 136 140 139 132 124 121 109 106 85 68 93 86 77 89 83 61 45 47 46 39 38 31 35 35 40 30 32 30 27 144 159 130 110 62 35 34 16 59 136 186 185 150 119 81 47 17 1 0 
31 32 31 29 23 30 37 46 44 65 94 110 118 109 132 158 156 153 147 148 163 170 166 170 170 162 161 162 163 161 158 158 158 160 157 161 161 185 163 123 125 136 161 176 182 183 176 166 163 142 107 64 71 141 138 139 145 148 144 143 149 140 135 131 136 130 121 112 117 126 128 122 113 116 101 93 105 89 89 100 80 60 43 38 45 45 40 32 34 54 37 28 122 139 116 94 46 41 30 22 96 150 119 68 34 9 9 8 4 9 26 51 
29 25 21 28 28 23 22 39 79 98 107 110 98 132 158 158 158 154 161 163 149 151 161 158 161 166 166 167 169 170 173 169 163 166 171 184 182 122 124 155 158 168 186 187 192 192 188 183 165 155 146 149 135 80 138 146 143 142 150 148 140 146 149 152 143 136 142 144 136 127 114 104 115 124 119 97 98 126 135 110 84 101 96 80 65 46 33 39 38 43 33 87 129 90 60 32 36 31 30 58 101 55 15 12 24 17 16 13 31 64 82 83 
22 23 25 17 30 52 74 98 95 91 86 110 149 157 152 154 157 166 162 162 169 170 172 176 179 179 178 174 172 170 161 163 165 169 172 146 121 166 179 179 177 170 187 198 200 195 191 186 182 162 153 143 144 149 104 153 158 155 144 137 146 146 147 143 150 153 162 153 138 138 147 132 115 117 109 117 111 98 90 98 107 83 78 71 62 60 68 48 30 31 69 117 71 41 32 38 29 27 27 48 38 18 19 24 20 23 19 33 65 68 71 73 
35 19 29 72 98 104 99 97 85 82 120 150 154 154 160 158 158 158 170 179 178 182 183 185 186 184 184 186 180 174 177 178 171 167 137 133 166 178 168 167 179 174 180 191 192 191 187 183 173 163 161 168 170 163 166 130 179 184 177 171 152 149 148 154 156 157 155 140 136 121 114 126 124 114 110 109 117 108 103 88 83 92 76 72 79 61 58 61 62 58 85 70 24 9 24 24 21 25 22 22 16 19 22 19 18 11 15 38 42 46 56 66 
24 77 112 124 118 103 98 85 91 135 160 163 165 165 160 161 169 182 183 183 186 184 183 187 187 190 186 184 189 189 172 162 155 145 147 170 162 165 174 169 169 171 180 189 193 181 173 164 160 173 184 181 181 183 178 157 145 176 175 179 169 150 143 148 159 169 172 176 174 167 167 162 155 152 158 117 101 100 101 95 99 99 86 82 70 69 74 78 64 70 64 63 77 97 70 46 33 28 24 23 25 28 27 23 20 24 41 51 60 65 67 75 
128 123 117 108 115 111 100 113 138 158 162 163 167 167 175 178 181 181 185 186 191 191 192 193 194 189 187 188 185 172 171 177 172 140 156 163 160 165 162 165 171 176 175 178 176 171 164 170 183 190 191 191 187 179 179 184 152 174 177 178 171 163 146 145 157 164 175 169 164 161 157 133 129 136 130 109 108 101 98 102 95 87 79 63 74 83 80 67 70 69 69 61 63 67 91 102 105 103 98 101 100 102 104 107 107 94 82 74 67 67 70 70 
122 96 94 113 116 98 96 120 154 165 167 169 174 174 180 184 183 187 189 192 196 194 196 195 196 193 190 185 178 175 184 181 154 149 156 162 154 152 160 172 164 171 167 171 170 161 165 181 189 193 195 188 190 187 186 184 180 162 183 182 178 158 139 149 166 176 169 169 168 160 138 129 121 117 113 117 120 113 116 105 110 110 110 107 81 80 75 76 75 62 52 53 41 44 45 60 77 92 95 94 95 92 96 98 97 104 110 112 109 112 108 99 
89 92 101 97 83 91 122 156 170 171 170 171 173 176 186 189 190 191 193 195 194 193 194 198 194 196 197 184 178 187 184 174 153 148 150 144 145 160 149 162 170 164 151 151 153 156 175 190 192 196 196 194 191 188 179 184 202 157 184 185 182 163 144 149 164 176 180 179 180 172 159 143 140 122 103 91 87 95 106 104 95 94 99 110 113 98 94 91 85 78 68 63 55 46 44 38 47 67 94 109 104 99 99 93 94 99 99 101 107 109 115 118 
72 83 76 77 84 103 140 166 174 171 168 176 180 184 193 195 193 193 193 194 194 198 200 196 197 196 183 173 177 179 180 174 153 157 153 165 172 136 129 156 156 162 161 147 151 167 186 185 188 190 186 189 191 190 191 186 188 169 189 186 170 154 141 153 172 176 178 172 167 163 156 127 125 133 114 119 132 117 105 106 110 115 108 113 93 85 98 86 71 67 61 44 40 42 37 51 41 35 37 57 90 95 95 97 92 96 96 97 100 103 103 112 
88 70 81 87 95 131 164 176 173 168 170 179 183 189 191 187 186 195 196 198 198 196 194 194 195 191 174 172 178 179 173 174 163 164 171 182 140 107 142 146 161 172 164 146 154 178 189 193 189 189 196 195 191 188 185 187 183 149 178 184 177 149 139 162 178 182 177 174 182 175 163 155 157 152 146 136 120 128 136 110 105 100 102 94 90 86 71 75 80 68 40 47 40 45 45 44 47 57 49 39 40 59 91 96 103 103 107 99 93 98 104 108 
85 89 88 84 101 144 169 171 170 171 177 184 187 189 191 192 193 191 195 193 195 196 193 194 194 182 171 179 183 183 163 178 172 180 190 153 118 140 122 128 146 161 150 140 159 173 187 192 198 198 196 194 189 185 188 193 196 156 170 187 168 140 147 176 186 190 192 189 180 176 169 176 168 166 158 141 128 99 74 89 110 107 104 108 106 94 86 87 79 64 61 43 47 59 42 39 44 40 33 36 39 38 56 67 58 70 80 84 96 108 105 104 
116 93 91 95 105 147 171 178 173 173 182 184 186 191 191 191 189 191 197 198 192 192 196 196 186 180 176 179 184 173 156 178 176 193 171 151 179 145 103 122 144 139 145 146 165 180 186 192 192 195 196 197 192 187 192 193 191 179 170 191 168 144 161 184 191 192 193 191 186 173 171 172 170 163 156 147 139 122 128 126 111 111 98 87 94 93 68 53 59 62 56 53 62 41 58 47 43 38 38 34 42 53 43 33 44 47 52 83 107 102 106 102 
72 63 61 79 125 166 174 175 180 184 184 186 190 193 192 192 192 189 193 194 192 196 196 193 181 179 180 187 178 157 150 177 181 181 159 193 183 125 99 127 151 159 161 152 174 188 190 186 186 188 193 189 182 191 196 191 190 181 157 182 150 138 176 193 194 192 186 185 183 183 179 182 179 174 180 159 162 143 141 128 97 90 106 110 103 101 97 79 52 65 59 65 51 62 45 42 41 34 32 36 43 52 44 40 28 26 33 46 72 96 103 108 
53 45 79 108 148 175 186 182 183 183 185 183 186 188 191 190 189 191 191 194 196 195 198 193 186 179 183 185 177 157 160 176 184 172 168 193 159 100 138 139 125 142 160 161 170 185 192 192 192 192 189 187 188 191 195 197 198 174 152 173 131 136 177 185 185 187 187 184 181 183 190 190 184 183 186 167 153 148 138 127 129 127 118 97 85 80 72 68 81 68 53 30 48 42 29 40 33 33 28 35 40 39 35 34 47 49 33 27 30 51 90 101 
60 78 85 124 168 171 171 179 183 189 187 190 192 192 188 184 186 191 195 192 195 198 199 189 190 191 185 182 171 158 163 182 197 172 172 172 115 58 58 114 124 137 170 170 171 184 192 195 190 198 195 192 193 193 192 192 192 175 157 163 118 131 177 188 183 180 184 187 189 186 185 184 183 176 165 155 145 148 143 121 130 146 135 124 96 78 68 73 74 69 72 91 60 46 58 47 45 35 36 45 36 34 41 41 32 25 35 34 35 52 91 98 
83 77 100 136 148 170 183 186 187 187 190 192 194 195 193 192 193 189 183 188 194 199 198 196 194 191 187 168 152 147 164 189 193 167 188 184 112 73 55 65 114 121 168 168 173 188 192 189 196 196 191 193 198 194 191 198 192 172 155 150 103 124 175 190 189 187 188 183 188 193 182 167 146 134 144 136 125 118 137 124 98 105 82 70 82 96 82 66 65 67 66 45 43 58 41 34 26 51 50 36 47 39 31 33 23 33 30 28 48 49 66 91 
65 82 116 140 160 179 184 186 190 193 191 191 192 192 191 189 190 194 189 194 198 197 196 196 197 192 185 168 137 123 139 192 194 170 205 172 77 42 59 67 109 138 179 183 192 193 190 196 201 198 195 195 194 196 196 190 187 158 157 128 89 120 173 187 192 186 187 184 170 131 106 110 127 112 108 123 133 111 69 95 125 105 105 100 89 88 92 92 73 59 49 46 49 31 41 50 57 63 67 49 27 32 39 41 42 26 29 35 29 38 74 95 
67 99 106 116 155 183 185 188 191 193 192 194 195 192 188 190 192 188 191 197 201 201 197 197 196 191 185 152 127 120 138 204 189 157 173 136 63 34 73 96 118 132 167 181 195 200 200 201 202 199 198 194 193 197 196 193 193 144 155 120 77 113 173 185 178 172 170 168 148 146 138 129 113 112 107 90 80 72 85 74 66 112 133 123 110 97 83 83 72 67 68 74 75 84 88 65 47 40 60 53 50 41 37 36 34 30 23 25 26 22 39 75 
100 96 99 136 172 185 186 188 189 193 195 194 193 191 191 190 195 193 193 195 199 200 200 201 201 197 178 138 115 116 137 205 187 151 160 124 66 61 76 74 109 135 178 194 197 197 201 198 196 196 192 196 198 194 190 187 175 132 152 111 72 107 157 164 168 169 176 165 138 134 133 128 113 114 96 98 130 149 151 160 158 162 165 163 152 143 122 125 109 90 74 84 70 67 63 51 35 37 56 58 55 37 39 41 44 31 26 25 27 33 31 43 
86 85 118 157 174 185 186 191 196 195 195 194 197 192 192 195 193 191 193 198 201 201 203 204 201 195 163 133 116 110 120 205 181 139 154 124 56 61 75 108 114 149 173 193 202 203 201 197 200 200 199 195 196 200 196 179 150 121 141 104 71 95 145 170 181 184 172 138 129 124 122 113 111 102 120 146 172 175 170 169 159 159 164 163 142 127 139 146 122 95 84 58 56 56 53 67 84 76 48 35 31 31 32 33 29 28 27 23 28 22 31 47 
79 95 131 155 178 187 188 188 192 197 198 197 196 193 190 190 193 190 194 200 202 201 203 208 207 197 162 131 121 115 120 207 180 130 152 131 98 128 156 142 116 139 169 188 196 193 187 194 201 197 192 190 197 201 186 162 122 124 135 111 72 106 151 184 180 162 134 115 111 129 135 123 98 84 139 176 176 169 182 174 172 159 157 160 161 175 162 137 122 117 114 113 98 77 57 46 43 49 47 43 51 32 25 33 35 32 30 33 34 22 26 50 
82 113 137 173 184 189 186 191 196 193 192 194 194 190 191 192 195 193 196 196 202 202 200 202 206 189 163 148 136 128 115 200 175 127 142 146 104 122 157 135 117 120 148 181 183 185 189 199 194 192 192 197 198 187 163 131 111 151 162 119 87 137 186 183 174 149 127 134 136 127 111 109 96 84 144 179 185 184 183 171 170 163 160 158 162 160 144 155 139 127 110 103 91 63 66 68 65 52 32 37 42 54 33 25 18 27 30 26 34 41 27 33 
101 104 128 149 176 186 188 194 196 195 194 196 194 193 191 191 194 193 194 194 196 200 206 208 206 189 167 160 145 135 114 168 152 126 126 140 126 88 109 120 111 115 145 175 181 185 198 195 190 188 193 201 186 158 132 122 167 185 155 95 99 167 197 192 174 165 150 127 120 123 122 113 87 68 135 164 186 175 174 175 164 156 163 165 163 156 149 144 143 156 117 115 103 86 79 68 58 51 53 52 38 34 42 36 30 20 27 26 28 22 27 29 
93 104 135 167 181 188 189 195 197 198 198 200 196 193 188 187 191 189 192 198 199 203 199 206 204 193 166 160 154 139 121 158 141 141 129 137 125 100 108 116 116 114 137 166 173 186 192 186 183 180 187 180 147 133 121 102 127 137 113 92 141 187 194 188 169 144 125 115 124 125 135 114 79 45 109 148 172 177 165 173 170 158 142 152 154 164 170 176 174 150 155 129 97 74 63 48 53 76 69 42 43 47 36 37 32 33 27 26 24 26 24 32 
90 103 129 157 184 186 188 194 193 194 199 200 197 193 194 195 198 194 194 191 201 202 200 204 206 199 181 164 159 152 134 154 138 146 138 134 140 114 146 147 136 122 139 161 178 187 184 187 181 181 174 149 136 116 74 145 171 123 82 106 167 197 195 180 145 104 92 102 109 128 126 97 65 42 108 154 163 173 160 147 151 146 145 146 152 161 160 177 183 167 118 105 97 90 91 93 83 43 52 63 47 31 31 27 35 34 28 26 28 26 29 31 
109 109 117 151 175 185 189 191 195 196 196 200 198 199 194 191 192 188 189 191 193 202 204 204 206 203 189 180 173 157 140 143 131 136 133 130 143 163 140 155 142 118 148 182 189 189 185 175 170 176 174 153 117 101 185 205 189 159 111 85 114 170 162 134 111 100 108 122 137 144 117 78 60 66 135 161 163 156 167 153 150 153 141 148 150 166 170 175 167 138 126 112 97 97 91 84 97 109 88 66 46 38 32 35 28 28 26 29 21 33 29 38 
111 105 122 149 175 187 186 188 193 196 200 200 198 197 195 194 195 188 191 196 197 199 199 203 207 207 195 179 178 180 165 142 127 131 134 134 153 193 191 183 151 125 137 167 180 179 173 170 184 188 161 106 96 187 202 197 179 137 88 79 84 133 157 130 126 132 121 118 135 125 102 66 32 44 147 160 169 145 157 157 145 154 147 116 125 151 172 174 164 147 139 129 103 82 92 81 48 40 54 46 35 39 35 25 28 30 27 27 31 34 31 35 
108 110 128 149 177 194 190 193 196 196 199 200 199 197 192 191 196 189 191 194 192 201 205 204 206 207 207 200 189 170 158 137 131 137 151 137 130 160 178 162 138 125 162 180 179 173 167 174 164 138 82 113 189 194 189 188 172 117 49 40 52 90 119 149 131 108 107 126 151 145 111 65 19 20 131 156 161 160 141 165 138 116 125 129 130 138 161 169 150 154 126 110 109 114 103 99 96 80 43 42 47 47 47 39 22 19 36 36 27 26 25 27 
125 121 129 155 175 182 186 189 195 196 197 202 194 194 195 193 197 196 192 193 193 195 200 203 204 203 200 202 201 196 182 154 136 135 169 171 166 155 154 138 131 159 169 168 172 164 156 150 113 102 173 202 194 186 175 166 153 82 26 41 51 92 105 96 82 94 123 137 128 134 105 50 31 24 107 154 162 158 145 155 145 135 132 108 114 138 169 178 175 154 130 115 104 93 90 92 80 65 60 45 51 35 34 31 47 43 29 31 30 23 28 24 
120 121 126 152 155 173 186 192 193 198 200 201 197 197 195 190 190 187 188 187 191 194 200 200 200 198 200 199 198 189 187 161 137 117 172 190 192 184 154 142 165 168 169 165 152 150 128 89 135 191 199 199 206 199 181 174 168 142 29 28 49 68 85 115 134 133 105 80 101 130 105 40 30 35 72 146 183 204 155 151 148 103 104 108 107 109 135 146 148 137 169 178 148 134 101 96 73 72 74 72 43 40 30 39 33 31 28 34 39 39 38 51 
109 97 125 152 149 182 188 189 191 194 197 202 201 198 194 191 190 189 187 188 182 185 190 198 202 202 202 199 194 193 193 165 141 99 178 204 200 179 155 172 176 177 168 160 122 58 74 161 207 214 202 202 202 205 192 174 173 178 160 55 61 68 122 133 106 101 102 99 125 125 93 51 34 57 112 148 145 160 154 150 147 103 89 94 114 137 137 145 149 159 125 107 115 132 143 129 113 74 34 25 35 27 50 38 33 35 36 28 40 31 21 24 
91 100 132 145 165 170 182 192 193 193 194 203 198 194 200 196 195 195 188 188 191 190 194 196 194 195 194 193 196 194 192 169 139 88 86 132 139 133 142 159 135 99 79 48 81 160 198 215 211 193 191 187 192 197 191 183 179 160 147 130 96 100 96 113 132 115 102 109 145 135 94 55 40 40 79 125 167 172 172 150 141 92 88 87 84 113 145 154 143 126 127 119 119 121 121 119 74 70 78 64 68 78 32 25 21 27 30 29 20 43 27 29 
107 86 111 145 148 161 179 183 188 193 194 197 194 191 189 193 192 195 192 191 193 195 200 202 207 210 209 202 197 197 197 182 150 94 108 122 137 141 170 212 157 53 82 170 205 204 206 204 191 188 192 199 207 212 198 171 166 142 110 96 92 62 67 106 100 91 91 114 142 159 92 54 37 42 106 141 152 161 144 138 144 92 75 84 83 89 99 123 130 141 147 136 118 110 95 99 80 66 54 42 25 28 25 31 25 23 25 25 45 43 42 42 
83 82 122 151 145 158 165 176 190 183 187 187 187 184 189 192 194 192 191 191 189 191 194 197 202 205 203 194 191 192 194 184 148 102 188 195 130 98 61 109 115 70 171 210 209 204 200 196 191 192 190 191 211 216 198 160 150 131 108 86 71 61 45 42 52 89 127 143 151 163 108 67 40 41 68 112 159 156 145 145 152 98 96 122 91 107 126 124 123 139 146 145 113 109 101 97 89 84 71 65 47 31 26 25 39 40 34 32 25 36 41 33 
95 87 114 122 130 148 169 179 184 189 189 195 191 191 191 190 190 191 191 191 186 180 186 188 193 196 200 205 208 207 208 195 149 108 189 176 113 111 165 160 104 75 156 176 180 193 199 197 192 190 185 186 189 201 185 174 151 131 110 82 68 60 42 34 41 62 86 92 141 178 107 52 20 41 81 120 156 165 156 163 148 92 84 96 117 121 118 129 126 107 113 123 112 101 84 85 83 77 73 64 52 47 45 38 25 26 32 28 35 41 36 23 
78 88 101 121 128 125 131 164 185 188 193 196 197 188 188 187 192 191 188 189 190 187 184 188 190 196 201 203 205 204 204 193 152 105 169 157 102 125 182 178 112 77 145 167 175 179 176 172 169 177 181 179 184 179 173 160 152 131 104 77 82 55 46 42 41 66 96 120 122 154 110 62 35 33 92 135 148 157 158 146 138 85 67 74 77 99 116 126 124 130 127 112 97 84 90 89 81 70 46 44 50 35 29 27 35 35 31 29 26 23 33 32 
70 83 94 107 110 118 142 172 184 188 190 189 192 192 191 187 183 184 186 190 190 191 192 192 193 193 194 191 181 179 180 177 138 103 155 154 95 111 174 177 114 68 137 169 166 168 176 176 170 165 170 173 171 169 172 147 119 111 95 93 67 44 48 63 61 94 107 108 115 124 111 79 36 35 55 124 162 154 140 145 141 96 104 106 93 134 143 138 123 135 131 108 113 113 106 111 72 55 61 59 25 24 30 32 25 29 30 25 30 37 40 34 
68 78 72 82 106 120 144 166 181 187 190 195 196 191 187 189 192 187 186 192 190 193 199 198 196 193 187 182 174 169 174 169 138 102 151 177 121 86 116 119 95 54 109 154 179 193 187 184 176 162 159 158 165 172 177 137 111 101 99 76 41 66 69 55 72 74 114 124 103 133 112 76 38 35 67 136 164 166 159 139 135 81 60 82 104 120 127 146 149 151 151 162 157 133 107 78 82 87 61 31 37 26 23 20 23 28 27 23 30 33 44 28 
59 61 63 88 101 120 153 175 186 189 191 192 191 189 192 193 190 188 182 187 195 195 201 202 202 201 200 195 184 182 184 181 137 102 96 146 142 133 160 163 110 66 71 76 68 56 56 108 158 170 166 156 155 168 156 114 101 92 91 38 34 53 59 50 56 73 94 105 105 110 104 81 36 29 65 149 154 146 145 145 130 93 98 101 105 112 128 145 151 158 157 142 129 129 112 97 64 41 37 38 27 24 26 39 39 30 30 26 25 30 37 39 
57 68 78 84 104 142 170 180 186 190 192 190 189 186 186 185 193 193 184 181 184 189 195 201 204 211 210 207 203 198 197 188 141 102 87 100 105 104 83 93 97 85 83 95 96 87 63 35 78 146 167 165 153 150 140 116 105 101 62 22 30 48 65 55 48 63 81 90 96 108 97 82 47 22 68 138 148 141 137 132 125 87 75 80 105 121 128 135 152 153 131 137 153 140 113 121 120 100 83 59 51 50 45 47 30 25 27 28 27 29 19 26 
64 78 74 88 114 147 161 175 182 183 186 191 187 187 186 188 182 187 185 184 187 190 194 200 205 206 204 201 196 188 183 181 136 101 73 99 94 79 80 88 94 95 81 69 78 90 101 99 70 46 88 141 161 156 146 136 124 108 74 25 33 46 60 59 58 83 109 107 111 123 111 87 68 22 88 141 144 139 127 142 116 91 85 92 104 112 129 145 141 139 136 124 100 97 87 73 37 35 45 61 65 65 59 51 32 26 25 27 21 26 24 26 
62 72 75 93 109 130 156 169 179 183 183 184 186 185 184 188 186 185 186 186 182 190 191 200 201 198 200 196 189 177 167 149 124 98 95 88 80 73 114 131 120 105 106 96 76 79 89 103 120 115 69 30 60 125 149 143 136 111 88 49 31 46 69 71 69 85 89 96 102 105 100 84 69 67 125 141 149 142 134 137 112 113 108 105 101 105 113 132 120 128 133 106 107 96 104 90 94 88 83 48 32 19 13 19 38 28 29 21 28 28 22 29 
65 73 75 88 104 130 159 172 179 179 183 189 185 183 183 186 189 190 185 181 184 190 196 199 206 203 200 190 175 159 144 121 108 96 75 61 74 119 109 116 129 106 83 99 99 86 81 85 88 100 121 122 68 51 131 157 139 125 100 70 56 50 81 103 114 94 94 82 86 86 98 88 68 55 117 151 143 130 136 127 112 98 88 94 103 109 117 146 140 109 97 97 82 79 86 76 60 53 37 34 30 21 20 26 39 25 19 23 26 24 25 26 
83 79 81 95 106 129 155 163 175 178 175 176 179 176 178 184 184 180 175 182 184 190 194 193 193 193 196 193 176 147 127 104 101 95 79 84 114 116 97 108 125 100 71 71 93 108 107 103 98 101 105 119 130 104 41 116 151 139 116 102 70 42 65 87 90 94 96 110 86 77 103 111 60 50 97 135 129 124 143 117 113 116 114 102 113 114 123 141 150 147 117 108 102 82 57 63 76 63 42 32 39 41 36 27 18 16 17 22 20 26 25 26 
73 68 81 95 109 121 154 167 169 174 176 175 177 176 171 174 179 173 180 177 184 185 192 194 197 197 183 167 151 131 118 101 101 98 94 107 122 100 95 112 117 96 74 79 91 114 130 130 131 127 124 128 144 135 125 40 71 129 127 101 69 50 50 78 108 115 107 100 102 108 92 91 84 56 70 127 122 142 132 114 118 119 116 109 119 143 138 126 134 121 122 98 76 94 74 66 34 27 27 24 19 23 22 28 25 26 30 29 24 37 30 22 
58 77 83 88 98 116 154 165 168 170 172 176 174 166 170 171 169 172 177 178 181 189 186 191 191 182 171 157 141 125 107 98 99 102 105 126 123 104 142 146 129 103 69 87 121 139 151 154 153 149 155 157 154 159 161 149 66 20 28 57 59 37 53 85 118 124 100 98 98 89 95 87 78 59 39 113 139 139 123 115 122 123 121 115 126 135 134 131 110 126 105 73 93 95 55 45 57 39 34 22 20 18 24 26 32 28 20 17 39 38 21 47 
63 79 79 86 91 112 144 162 167 168 167 167 172 166 165 168 174 165 168 170 177 179 183 189 186 175 159 154 139 110 102 92 95 104 118 135 120 128 179 167 145 110 89 99 129 162 172 167 155 154 149 144 148 159 161 167 154 81 56 40 61 65 74 110 142 149 138 113 98 101 101 78 79 74 54 119 157 144 141 138 126 132 123 129 133 127 115 110 105 95 85 86 65 58 52 35 33 33 28 29 31 22 16 37 21 20 25 39 31 19 42 75 
64 73 74 82 104 120 141 154 162 164 162 160 167 168 170 168 168 171 168 170 179 176 180 180 182 171 155 137 120 104 93 77 88 98 120 138 114 142 177 178 139 101 92 109 137 160 164 165 159 151 156 152 159 153 157 160 167 141 84 72 72 117 137 149 164 157 126 112 107 96 93 84 75 94 88 88 140 151 148 132 127 118 116 133 130 119 119 101 82 80 81 65 49 47 45 41 52 40 30 24 17 27 31 23 24 26 22 25 20 46 62 64 
60 65 69 97 95 104 134 151 157 164 164 164 164 161 158 159 161 161 161 169 173 176 181 175 171 171 147 130 115 102 85 89 87 94 132 130 63 29 57 119 127 101 95 114 138 157 160 170 166 162 158 159 159 161 160 164 161 163 103 84 71 101 144 166 170 169 156 130 110 99 106 99 90 92 105 106 107 118 122 120 115 112 121 123 120 109 105 89 95 82 63 57 61 51 33 29 18 26 23 26 28 22 15 21 24 23 26 29 33 55 62 73 
53 49 73 81 85 101 120 133 146 159 163 167 165 161 157 157 157 160 158 162 170 172 170 176 179 176 144 119 113 94 84 96 101 90 141 123 77 81 64 80 124 94 94 110 132 158 162 160 161 159 160 156 146 153 158 160 159 164 142 87 70 73 128 162 168 172 164 137 122 104 95 99 100 90 105 129 141 122 125 136 138 131 135 125 132 124 104 87 63 54 54 48 27 35 36 52 40 30 32 25 22 24 22 22 21 22 30 32 61 74 76 82 
45 52 67 70 78 92 108 116 139 153 161 158 160 158 155 152 156 158 153 156 163 165 167 170 175 171 148 127 112 93 79 112 125 99 152 142 169 67 48 54 75 89 97 119 137 151 153 148 154 163 163 156 158 156 149 161 153 154 153 102 79 65 110 152 166 170 171 172 159 139 111 94 103 111 103 107 108 119 128 128 118 128 131 115 105 85 91 83 56 49 43 38 42 26 37 39 41 35 29 22 27 20 26 25 27 28 36 58 73 81 73 67 
58 76 67 72 79 88 96 109 129 149 153 156 156 155 153 154 152 152 149 150 158 165 169 163 164 170 157 133 108 96 89 124 151 101 133 129 42 21 49 69 82 88 88 113 137 151 150 153 148 152 150 146 150 152 150 151 152 159 159 117 91 61 93 144 163 161 159 163 166 160 143 124 102 89 108 112 128 126 116 127 124 125 117 104 91 88 83 68 61 50 58 48 37 35 31 32 33 35 24 29 23 26 30 32 27 36 70 71 71 67 73 72 
63 61 69 66 70 85 95 106 117 132 147 152 155 158 155 152 148 151 148 150 155 164 163 160 158 165 162 137 109 97 96 133 160 105 120 140 81 54 65 67 84 97 100 117 128 142 147 149 149 150 150 148 149 151 140 145 151 148 149 126 87 73 94 138 157 156 158 164 162 165 159 159 145 115 107 114 105 128 128 114 100 87 79 88 93 89 74 78 50 47 35 40 33 40 31 38 46 40 34 25 27 26 32 31 31 47 60 74 75 72 72 78 
51 36 58 68 74 85 97 101 102 118 135 145 147 152 151 150 150 143 147 142 145 145 151 151 157 163 151 140 117 107 107 137 155 107 130 139 100 47 39 70 113 104 98 114 121 136 141 149 147 140 147 146 145 149 141 139 139 141 137 121 89 95 99 128 153 157 157 155 153 158 151 152 160 158 141 139 132 126 130 128 125 110 88 68 65 56 52 48 48 63 62 46 50 42 46 41 42 37 33 29 28 27 27 34 40 60 73 72 69 76 79 80 
51 61 54 51 58 71 80 86 92 107 130 137 143 144 148 144 144 141 147 141 139 146 152 148 145 153 153 140 129 118 110 124 141 102 125 125 114 74 83 108 121 107 108 116 122 132 141 144 144 146 154 154 149 147 151 151 142 133 123 116 101 118 115 120 142 151 156 155 153 156 151 147 151 156 157 151 146 130 132 115 108 101 93 77 63 45 46 43 40 44 41 36 34 38 43 43 37 30 31 31 35 29 28 48 63 70 71 72 80 77 77 62 
50 31 30 45 53 68 83 102 106 113 123 132 137 143 142 143 144 145 142 144 136 135 152 149 137 140 145 141 141 133 122 128 142 105 131 125 137 95 70 110 120 120 117 117 120 120 126 131 138 147 155 154 160 152 158 157 151 143 138 129 105 127 111 112 119 141 141 145 152 153 151 142 138 129 136 133 129 132 134 121 118 109 98 77 60 69 65 62 43 40 41 43 37 33 36 29 36 37 31 30 29 50 59 74 75 76 83 85 77 59 30 17 
44 43 47 52 49 49 53 69 93 105 112 121 132 139 141 145 140 139 141 147 141 131 135 151 146 138 140 137 140 131 133 137 145 108 139 124 132 118 74 74 97 119 119 118 120 114 119 125 131 138 149 157 155 157 158 162 156 157 146 130 107 133 121 112 111 119 134 137 137 140 138 134 135 132 122 111 103 100 101 98 98 94 75 50 54 64 60 61 71 60 48 46 51 56 44 35 35 34 28 41 66 76 85 80 81 78 61 37 17 10 11 11 
32 38 37 47 57 49 70 78 83 83 100 117 125 133 137 136 138 140 139 140 144 143 141 137 140 136 137 136 133 139 132 135 142 115 126 138 103 112 86 68 83 95 106 118 112 109 106 120 128 143 151 164 168 162 151 152 160 151 152 122 110 128 125 114 109 112 118 120 123 132 129 125 123 122 122 113 107 97 91 93 109 89 79 66 53 47 60 60 53 51 50 58 43 23 32 42 42 55 80 81 80 66 58 46 26 9 5 8 10 11 18 27 
50 46 53 47 41 49 48 61 75 84 99 114 123 124 130 135 135 138 141 139 146 146 140 141 140 130 125 132 137 139 124 124 140 124 102 131 114 76 88 76 77 90 107 113 109 96 95 105 126 143 151 162 164 159 143 150 142 144 140 108 113 131 123 115 102 101 112 118 121 125 111 110 100 104 104 101 100 88 75 66 57 72 79 74 75 59 55 53 58 56 38 36 44 53 39 33 27 45 37 22 10 8 8 12 18 16 17 24 27 35 36 34 
39 42 47 49 55 61 64 59 61 85 102 111 116 124 126 128 127 132 136 136 141 148 143 143 139 141 128 131 137 129 128 117 121 114 98 114 118 98 65 90 103 102 106 106 103 89 84 105 130 143 151 157 163 160 145 138 142 147 137 102 111 124 132 132 114 111 102 110 140 149 139 128 119 108 86 81 81 72 63 74 73 59 62 67 64 62 68 65 54 43 72 49 37 40 52 69 58 32 35 31 17 8 14 20 20 34 36 39 36 36 38 38 
45 46 43 44 43 44 43 47 44 69 90 98 103 107 116 128 133 128 127 136 134 132 143 141 136 136 134 125 122 134 127 130 120 119 93 100 103 116 103 97 107 115 115 112 97 79 84 116 137 147 158 160 161 151 139 142 142 139 130 96 124 131 135 133 119 99 97 101 95 105 117 114 114 124 121 112 97 107 87 77 74 66 68 65 70 70 66 62 54 62 44 62 45 40 29 36 88 86 37 38 59 54 39 29 39 36 34 27 34 36 41 42 
48 38 36 43 56 56 51 47 41 35 66 91 101 106 103 109 119 127 129 127 129 136 133 136 130 127 124 124 117 120 123 130 128 116 98 90 92 100 111 108 106 109 117 105 86 71 88 112 129 142 150 158 152 146 152 144 118 128 114 99 118 119 124 133 129 117 102 99 103 100 94 92 104 98 87 100 113 88 99 79 75 83 63 64 69 49 34 34 42 45 66 65 50 35 32 18 12 77 111 75 51 63 71 67 39 30 50 69 71 73 77 94 
52 58 63 58 67 69 68 65 53 40 39 73 100 104 107 106 105 106 115 120 123 125 125 122 122 123 124 118 115 109 111 107 118 119 110 79 96 103 104 103 95 106 116 113 96 92 105 117 127 136 137 137 138 134 124 110 112 118 103 112 115 119 116 119 121 115 102 89 77 81 87 85 75 72 85 72 74 70 70 80 70 64 73 61 55 52 66 40 24 29 30 18 21 24 22 21 19 9 44 102 111 88 72 81 100 92 53 38 49 95 103 77 
48 49 55 64 67 69 75 70 59 57 50 37 57 88 94 95 99 100 101 105 113 115 114 113 115 117 118 117 115 112 110 104 107 106 109 96 96 98 102 103 103 115 128 122 113 118 121 122 125 123 127 131 122 118 113 110 107 110 97 107 104 109 102 100 100 99 99 91 95 78 72 76 82 73 58 66 76 77 67 54 50 46 41 52 44 40 39 43 30 18 20 25 18 20 20 19 20 16 9 18 71 112 106 87 80 89 113 129 112 63 28 32 
41 44 37 38 42 46 52 57 54 54 51 44 24 31 63 92 92 95 94 96 97 102 112 110 111 110 108 107 105 105 104 103 98 92 94 101 79 99 101 104 109 116 122 116 111 124 127 122 119 125 127 123 120 119 116 108 129 109 93 100 97 97 99 101 99 98 98 89 89 84 59 50 46 59 71 55 58 64 62 55 39 44 43 33 24 19 17 32 26 24 23 21 22 21 21 22 22 23 23 18 24 71 94 115 102 91 87 92 98 103 109 133 
43 45 44 39 37 44 51 58 66 69 63 61 59 40 27 31 70 91 96 96 94 94 91 94 91 96 99 99 100 103 100 100 97 99 96 93 111 90 99 101 102 113 114 96 106 123 120 114 113 112 116 113 112 107 111 127 119 94 99 93 97 101 99 94 92 85 90 84 66 60 76 78 70 59 65 78 79 71 60 54 51 59 37 23 24 27 25 24 23 21 23 19 23 23 21 22 20 20 19 23 22 58 63 51 93 115 110 94 88 93 108 122 
40 43 46 40 38 32 35 44 56 62 68 70 60 59 47 35 20 33 69 80 87 96 97 91 96 92 93 91 93 95 99 100 100 100 97 96 96 128 111 93 100 101 84 85 103 112 108 105 103 101 99 102 107 111 104 88 91 98 95 98 89 80 68 66 62 52 50 48 56 54 53 62 72 69 70 59 66 42 35 31 30 26 25 24 24 20 20 22 22 22 22 27 20 24 24 23 25 24 24 23 24 27 71 68 66 71 86 115 124 119 119 114 
43 39 38 42 44 37 30 25 23 29 36 38 46 57 60 60 43 26 25 47 54 80 83 89 85 90 92 102 106 96 83 83 82 83 96 92 90 88 106 107 83 76 66 86 108 113 116 115 112 107 102 95 85 80 86 92 89 85 84 68 66 64 72 71 76 73 73 85 82 76 50 30 30 35 24 19 29 26 20 23 21 22 22 19 21 23 22 18 22 24 25 18 24 21 20 21 22 21 17 21 19 18 39 88 114 85 38 31 55 83 111 132 
41 43 43 41 36 40 35 36 32 29 30 34 34 36 46 61 65 66 49 28 31 44 58 88 113 101 88 76 77 84 78 64 57 60 65 71 73 69 62 66 83 80 74 97 84 77 68 67 64 63 65 72 83 83 71 56 62 78 68 70 92 111 108 102 103 106 109 111 105 90 36 21 20 22 20 18 21 26 27 24 22 19 21 25 21 22 23 25 21 19 18 20 19 21 23 22 21 21 24 22 23 21 42 101 115 124 66 47 39 34 39 60 
42 40 40 38 44 38 38 37 35 33 31 35 35 35 36 48 68 70 76 63 41 30 25 27 57 63 51 57 59 61 65 63 57 51 45 42 37 36 41 45 23 32 63 80 62 48 61 85 92 101 111 116 115 105 96 83 67 58 54 67 100 119 120 110 106 106 101 108 94 41 19 18 21 21 23 25 23 22 23 22 25 23 22 24 24 21 23 23 21 19 20 22 21 21 17 22 18 23 19 22 23 24 40 103 90 119 93 70 67 47 52 56 
44 46 41 42 37 39 38 36 34 33 33 32 32 42 45 40 41 59 70 75 78 64 57 49 29 23 30 35 33 36 39 42 37 38 39 42 34 33 39 46 42 39 39 79 86 74 78 72 86 97 99 102 110 112 117 114 112 103 95 100 107 107 96 98 99 96 102 78 32 15 18 19 21 23 21 17 22 22 24 23 22 21 21 19 20 22 20 18 19 18 17 19 20 19 19 20 17 17 21 19 19 21 39 102 91 83 113 80 78 80 105 58 
43 40 40 41 42 36 35 36 33 33 35 33 30 32 31 40 44 40 46 52 66 79 82 75 75 81 73 56 43 40 42 44 49 43 40 41 44 39 41 31 24 20 27 77 86 75 46 29 22 23 30 31 38 53 59 65 75 85 88 90 90 86 96 104 106 101 56 20 17 23 23 25 23 21 18 25 20 21 22 19 18 19 19 24 23 20 19 22 21 25 21 20 18 18 18 18 20 22 18 19 19 19 41 103 96 74 100 89 93 87 122 77 
40 43 45 40 35 44 40 34 38 34 30 31 30 31 29 33 24 31 26 33 42 50 59 65 65 71 65 70 83 73 62 58 52 55 44 34 31 26 25 23 27 24 27 58 92 100 74 60 57 54 53 57 56 55 57 66 80 91 96 104 102 101 89 71 42 15 13 20 19 21 20 20 19 21 23 20 22 18 21 23 20 24 21 19 20 25 25 20 23 20 21 24 23 21 23 23 19 17 17 23 23 21 35 101 100 76 97 93 98 105 123 129 
44 39 38 39 44 39 38 40 37 39 38 33 30 28 31 31 32 30 32 29 30 31 31 30 33 28 31 32 35 34 28 35 54 52 38 26 22 27 22 23 23 25 23 18 65 95 108 100 102 102 105 106 115 112 115 107 102 81 73 52 32 15 10 6 13 18 22 23 25 25 19 21 21 24 25 24 23 26 23 21 21 20 19 18 15 17 19 24 22 26 29 23 23 24 22 21 20 23 22 20 20 21 33 100 96 79 104 96 95 106 100 140 
41 41 37 37 38 41 36 37 39 34 32 34 33 33 29 27 22 33 26 29 26 25 27 29 29 29 24 26 23 27 28 26 24 35 24 24 27 23 28 27 27 29 21 24 17 13 21 25 20 29 34 45 43 45 35 18 10 12 15 10 16 20 23 23 26 24 22 22 21 22 24 22 23 20 22 20 18 21 19 19 26 23 20 25 24 22 22 17 23 18 20 18 21 21 23 22 24 23 20 19 20 19 26 94 100 79 121 123 93 102 105 104 
