10 118 119 123 119 118 117 119 117 120 116 116 117 117 122 112 78 62 70 83 97 97 97 81 64 74 63 72 77 79 106 108 109 110 109 110 111 112 111 111 108 112 109 106 108 111 110 112 110 112 115 114 112 108 110 110 107 111 109 103 104 103 105 103 101 99 98 98 93 94 90 92 93 91 89 90 90 89 88 88 85 88 91 86 86 88 84 90 84 86 86 85 87 88 87 84 81 83 83 83 85 81 79 82 83 76 80 78 76 82 80 77 
121 120 119 118 118 121 115 121 118 122 122 116 116 118 116 117 118 117 115 113 112 117 113 115 109 105 105 100 99 94 95 97 91 88 88 82 71 71 67 51 59 86 85 99 99 106 109 95 79 90 90 86 82 87 102 93 101 76 74 82 91 87 77 61 53 44 55 65 67 75 72 71 73 74 68 68 68 71 73 73 71 71 72 69 69 71 70 71 70 76 74 72 74 73 74 76 77 73 73 75 82 79 77 77 77 78 73 100 192 199 179 181 
120 120 119 119 119 116 118 119 119 118 120 117 119 118 117 119 117 119 118 117 118 120 122 112 105 102 103 101 89 90 95 81 79 61 46 40 48 67 69 62 72 70 81 76 72 68 87 95 74 67 76 91 94 78 105 108 106 91 83 103 112 124 126 126 124 107 84 63 50 52 51 49 63 67 73 72 72 67 61 69 73 67 68 69 71 73 74 69 73 75 72 74 73 72 74 74 70 74 75 74 73 78 77 73 72 70 73 138 201 179 119 136 
120 120 121 118 122 121 119 119 118 120 116 121 117 118 119 115 116 116 117 119 123 119 105 118 122 117 101 90 95 83 63 44 39 52 43 37 45 56 53 62 47 61 74 59 56 71 88 91 73 67 71 69 94 87 102 99 108 83 67 57 66 62 71 83 101 121 130 123 114 92 91 91 66 55 49 63 67 69 74 72 66 71 71 71 68 70 67 68 67 65 70 67 67 71 69 73 73 73 72 74 73 70 71 72 75 72 88 176 201 184 119 95 
120 120 118 120 119 118 117 118 118 115 119 114 117 117 118 117 120 120 116 124 109 104 111 104 110 121 124 103 73 58 50 46 49 45 50 70 67 58 66 65 61 67 56 43 57 78 89 90 84 73 68 76 94 97 95 85 111 96 90 89 84 83 83 83 91 109 120 134 139 141 119 119 136 113 84 55 56 71 70 66 70 68 68 69 66 69 69 69 69 66 65 73 71 70 69 69 73 69 71 68 72 72 71 70 72 65 122 195 199 191 93 99 
120 120 121 119 122 121 121 118 118 118 120 121 120 118 117 127 123 116 119 108 107 104 95 107 106 102 99 112 120 103 84 76 66 66 71 57 62 60 60 74 81 64 61 74 94 99 96 95 85 76 78 74 98 100 89 90 103 90 101 101 109 112 109 102 95 79 84 100 105 114 123 101 91 120 124 110 84 59 62 70 69 67 69 68 71 68 67 69 69 68 72 67 64 69 69 71 68 71 69 75 71 71 70 71 74 75 170 199 196 194 160 166 
119 120 119 117 114 117 121 122 119 121 121 119 118 116 129 128 121 114 118 115 113 113 115 109 112 115 117 112 116 132 129 117 108 93 95 96 89 91 87 85 76 79 95 100 96 96 96 88 79 75 76 83 86 97 95 101 103 99 99 110 110 102 92 86 78 68 65 62 52 76 109 134 124 106 103 111 109 96 81 65 67 74 71 68 67 69 68 72 69 69 66 67 67 67 63 67 71 66 69 67 68 69 73 70 53 81 187 194 187 186 197 203 
124 121 122 121 124 121 118 118 122 121 119 120 119 122 121 112 114 124 125 121 131 115 107 101 107 117 128 146 149 143 144 137 129 123 115 110 106 111 114 107 105 106 102 97 96 94 90 80 72 68 70 84 92 98 107 113 109 113 111 106 88 78 83 95 86 74 62 65 83 82 94 121 143 126 106 105 109 112 103 78 70 65 66 70 68 68 67 64 68 68 70 68 65 67 69 66 65 71 67 67 69 62 42 36 66 119 172 181 191 195 201 204 
119 121 120 119 120 119 120 119 118 119 119 117 117 112 102 107 110 109 115 137 124 116 110 117 137 143 140 130 116 115 115 117 125 115 107 109 112 114 111 110 112 100 101 97 87 88 83 88 76 75 81 91 114 112 119 116 111 111 107 99 101 90 91 86 91 91 91 94 95 91 89 88 99 105 104 92 100 108 101 88 64 65 66 67 69 71 68 68 67 66 63 64 68 66 67 70 67 65 67 65 52 35 75 131 176 197 199 204 207 210 211 210 
122 118 119 120 118 121 118 116 119 118 120 115 111 98 92 84 89 109 117 122 129 132 143 142 139 119 105 78 76 98 99 94 89 100 109 111 112 109 117 119 116 120 112 95 88 79 80 73 77 85 100 121 111 117 118 122 120 117 115 113 109 111 108 105 106 105 105 105 106 105 101 99 95 90 90 94 96 97 99 90 88 63 62 64 61 65 66 67 71 66 71 68 67 68 67 64 65 64 59 45 72 149 194 217 224 223 218 215 211 208 204 204 
120 124 120 121 121 119 118 118 117 119 118 113 96 85 81 87 88 100 113 115 127 137 140 122 113 112 102 74 89 118 107 103 98 101 108 108 113 120 124 119 116 111 101 90 81 78 73 77 92 105 117 120 121 121 119 120 120 121 117 113 118 115 116 116 107 108 106 105 111 110 111 108 105 103 100 101 94 96 102 104 102 100 94 84 78 62 61 62 61 69 64 68 70 62 66 68 66 51 56 117 180 212 220 220 220 218 222 224 233 233 235 225 
119 117 120 120 121 121 119 118 120 114 115 98 86 81 84 88 95 109 111 124 139 134 125 113 113 102 99 94 128 115 114 110 122 119 121 120 123 128 125 117 114 99 99 96 91 99 105 110 118 120 124 124 123 125 125 128 129 124 127 130 124 125 121 115 120 118 120 118 115 118 116 122 124 118 118 111 106 101 96 99 103 100 102 102 100 101 86 75 65 58 62 62 60 66 58 54 64 87 159 200 195 170 127 98 82 75 83 87 85 85 98 112 
125 121 121 120 119 122 120 120 121 118 109 96 81 83 78 95 100 101 116 127 120 115 112 102 101 100 95 114 130 122 133 132 131 129 128 127 128 124 120 123 123 118 118 116 119 123 125 126 125 121 120 125 123 124 124 129 137 140 142 144 142 139 138 134 129 128 127 122 120 125 124 124 126 126 124 119 116 118 114 112 113 108 109 106 104 100 95 98 94 82 71 68 64 64 66 69 78 131 170 155 125 93 85 87 92 97 101 107 99 93 85 78 
118 122 118 120 123 120 119 121 115 108 96 92 107 98 95 97 109 110 124 109 95 98 95 99 100 123 124 141 152 149 140 133 126 127 124 124 131 125 121 124 125 123 121 117 120 116 117 121 120 118 117 116 123 125 137 148 153 156 151 147 145 143 142 137 135 134 138 137 137 131 130 130 127 128 133 133 129 129 126 124 122 122 119 118 117 108 103 95 91 95 93 86 98 104 106 108 104 100 86 88 93 105 109 110 111 117 117 121 132 134 142 145 
122 122 119 120 121 118 121 117 110 103 86 89 97 104 100 99 105 116 116 93 86 98 98 111 128 149 151 153 147 145 140 134 132 134 134 134 129 131 129 127 127 125 123 124 123 121 117 114 118 119 120 120 122 139 152 164 166 155 151 147 141 142 141 141 138 136 138 141 138 132 127 126 129 125 128 133 134 136 135 134 130 118 116 118 123 126 118 111 109 97 96 94 88 88 91 98 102 99 98 100 99 102 106 109 115 113 115 120 127 130 134 136 
119 119 120 121 119 123 115 110 113 97 80 91 112 122 115 120 111 110 111 102 99 120 125 142 147 149 151 148 149 141 141 145 144 139 140 135 133 125 128 128 127 122 119 118 120 121 117 109 102 100 111 114 123 128 144 161 165 165 163 161 156 146 144 143 142 143 145 138 138 136 137 130 126 134 129 127 129 135 140 139 131 133 130 127 127 124 129 123 116 119 109 103 100 94 91 89 86 91 95 104 105 102 102 103 104 112 111 113 121 125 128 132 
122 121 119 118 123 122 111 117 110 95 86 97 114 121 121 132 112 105 91 88 97 123 131 135 141 146 145 145 144 145 145 146 143 144 142 144 139 136 134 135 131 129 128 133 128 121 110 100 92 92 100 109 121 130 123 150 167 165 168 165 160 160 156 151 143 140 138 138 136 131 130 135 133 125 123 125 128 132 139 141 141 138 131 138 135 132 133 131 127 118 117 115 114 112 105 96 94 94 87 88 99 99 104 105 104 104 110 110 113 119 124 126 
121 124 122 121 119 114 114 110 98 95 94 104 116 131 118 128 109 97 93 100 116 128 134 140 144 145 146 145 145 151 148 149 147 151 147 146 145 145 143 135 136 137 147 144 127 103 93 92 96 101 104 111 117 117 116 153 172 167 170 168 151 149 154 148 152 147 144 140 142 140 131 131 131 129 126 126 123 126 125 135 138 146 150 143 144 140 140 143 143 130 125 123 118 116 112 110 103 99 101 98 93 94 97 102 106 103 99 105 112 112 115 122 
122 120 119 117 117 117 112 109 107 113 120 114 130 135 129 130 123 108 94 111 128 132 142 148 146 145 148 144 150 147 148 147 152 149 148 147 152 148 147 146 144 151 145 137 111 97 94 90 99 109 113 119 120 100 119 163 171 173 173 172 167 158 157 153 150 153 153 148 142 142 141 133 135 132 126 126 124 121 123 129 129 135 142 145 144 147 144 140 140 141 136 132 123 117 114 114 108 109 103 103 101 98 95 100 98 102 106 100 105 111 115 115 
120 123 120 122 116 119 117 121 122 114 108 109 133 127 119 132 138 126 102 121 128 142 153 147 150 154 150 149 149 153 153 160 157 158 156 159 156 156 158 155 158 151 137 123 107 97 93 92 99 105 117 118 105 97 140 171 172 168 174 173 168 163 159 154 147 145 150 155 151 146 142 139 132 131 131 130 126 126 122 125 132 132 137 142 143 140 142 143 139 142 141 136 134 130 126 120 121 116 109 105 104 100 92 94 99 99 103 102 103 101 109 112 
121 121 120 117 114 120 116 116 100 94 96 99 124 129 118 122 106 108 129 146 144 154 150 151 158 154 155 162 163 163 161 166 168 161 161 156 160 162 160 159 153 140 127 108 102 90 79 84 103 112 115 103 84 92 144 170 175 174 173 173 170 168 167 159 162 152 145 151 151 151 145 143 144 136 135 131 132 127 129 131 133 136 135 141 144 143 143 143 148 142 139 143 137 136 131 123 121 121 119 110 106 105 103 98 92 101 99 100 101 104 110 112 
119 119 119 120 117 120 118 108 98 86 77 92 109 110 119 120 107 124 147 146 160 158 157 157 158 158 155 164 166 166 164 163 164 164 161 161 163 163 167 165 154 145 124 113 103 86 75 86 102 108 103 75 60 75 130 161 174 172 174 175 175 173 170 167 159 156 160 156 159 153 150 149 146 142 141 135 132 132 130 130 131 140 143 142 145 144 151 149 145 148 142 141 135 135 134 123 122 123 123 116 106 102 102 102 95 90 95 97 103 103 101 104 
119 120 121 119 113 122 116 106 85 76 82 89 104 105 119 116 130 147 152 153 158 156 158 156 155 155 153 165 165 168 172 172 172 167 165 165 166 166 166 163 159 153 134 119 110 92 75 88 102 110 85 61 52 77 126 152 165 168 175 177 177 175 174 169 166 154 157 156 150 159 155 152 150 143 141 138 136 131 137 136 136 143 142 143 149 152 154 155 147 145 143 141 137 129 130 130 130 121 119 119 113 110 102 103 102 98 93 90 90 96 101 107 
121 122 120 121 114 117 114 108 117 97 95 95 110 113 116 121 135 150 147 147 150 154 162 160 165 163 166 167 165 165 170 172 173 173 168 166 170 166 167 165 166 157 141 116 104 83 86 103 118 108 67 38 64 103 136 148 159 165 172 173 178 180 177 173 175 173 165 162 162 158 154 151 154 152 145 141 143 135 130 143 157 150 152 147 149 155 154 163 159 152 147 146 142 135 131 129 126 122 117 117 114 108 107 98 94 98 98 90 93 98 94 101 
120 118 118 118 109 103 97 96 100 116 104 94 98 115 129 127 145 155 155 149 152 154 160 167 167 171 173 170 172 171 170 174 173 172 170 173 174 174 171 172 175 166 144 117 99 79 91 119 124 96 68 87 96 111 140 154 152 162 176 174 179 181 180 181 172 172 167 169 161 160 155 150 151 152 150 146 145 140 130 142 152 151 142 146 152 151 158 157 160 155 155 149 141 136 134 127 125 119 111 109 117 111 107 106 100 94 95 95 90 90 94 94 
119 117 116 116 101 96 96 68 92 90 107 97 104 115 130 140 152 158 154 150 151 161 167 162 167 177 173 177 174 169 172 174 171 175 174 175 173 173 170 172 177 173 145 114 90 79 99 127 122 86 62 101 126 124 133 154 148 161 169 181 183 185 182 177 173 169 165 168 166 167 164 159 152 148 146 142 144 144 146 141 140 137 139 135 138 143 147 148 154 156 157 151 144 133 136 131 121 118 110 107 102 103 105 107 100 97 95 93 96 92 91 92 
121 118 118 116 103 92 94 54 64 72 98 89 87 101 109 115 136 153 154 143 151 161 166 161 163 171 173 176 183 179 176 174 176 176 175 172 174 173 175 174 178 172 147 109 81 81 108 131 122 71 64 67 81 113 143 156 136 155 172 175 186 184 182 184 177 174 168 164 169 168 164 163 157 146 143 141 146 148 147 141 135 135 129 129 130 130 139 148 153 161 163 156 151 148 133 126 123 120 113 107 98 101 102 102 102 89 94 93 91 96 90 91 
121 112 117 120 98 89 99 63 63 69 79 86 66 89 100 111 116 126 140 145 140 142 151 160 166 174 171 171 178 185 182 179 174 178 178 178 179 179 177 179 181 176 151 102 76 81 110 135 121 66 30 63 81 121 143 158 143 165 174 174 173 180 174 179 176 175 172 168 165 163 162 160 151 150 147 147 148 153 145 144 138 125 126 123 129 123 131 145 154 156 155 152 152 153 154 147 136 134 124 121 116 100 98 96 99 98 93 90 88 91 91 93 
117 119 120 115 97 89 88 87 57 61 75 79 68 77 92 105 122 117 118 138 143 135 143 162 172 179 177 173 172 180 182 182 185 181 180 179 176 176 177 180 178 176 159 112 79 81 110 128 107 65 60 46 68 121 151 156 144 166 176 177 178 182 179 173 169 170 170 168 163 157 153 146 148 148 151 153 154 146 143 132 124 127 124 125 119 113 132 140 150 148 144 143 144 143 149 153 149 136 136 126 119 114 103 97 94 97 91 85 86 92 91 90 
119 115 109 96 86 84 78 92 63 68 85 81 59 58 80 92 103 118 117 123 145 138 132 153 164 176 181 182 178 179 182 186 185 188 186 179 183 181 188 185 183 179 156 108 69 77 100 123 104 61 108 66 82 126 142 146 151 167 181 179 183 186 184 175 172 165 163 162 159 150 146 147 145 155 161 160 152 145 136 139 131 133 135 123 101 105 133 148 146 148 141 137 142 146 143 141 145 142 142 136 122 113 108 99 95 87 91 92 89 85 90 89 
118 115 105 104 98 80 65 93 65 69 84 82 62 56 63 78 84 95 111 114 126 142 138 140 167 180 183 183 182 184 186 188 189 187 188 187 188 189 190 189 186 186 157 105 89 84 103 110 92 54 35 63 82 118 142 138 158 173 179 177 181 183 175 175 173 169 160 159 150 150 146 149 159 162 166 163 157 147 141 131 128 133 139 117 75 114 144 147 148 146 141 140 137 143 144 142 140 142 139 134 134 122 112 106 98 96 86 91 89 87 84 95 
116 111 112 103 97 85 58 76 66 74 78 59 46 51 57 66 82 82 94 98 114 135 134 141 164 181 182 182 185 184 190 190 189 184 183 187 190 187 188 188 188 186 165 109 87 89 100 102 85 70 98 117 130 129 137 143 160 168 174 174 175 180 174 166 167 166 171 163 156 150 158 157 157 158 156 156 155 145 140 137 125 130 129 103 62 109 151 146 144 138 138 140 139 143 149 148 145 139 143 145 139 134 128 111 99 93 90 85 90 92 92 94 
116 109 106 95 88 82 56 74 72 87 68 47 47 51 60 63 75 88 88 92 105 124 141 137 157 182 186 186 187 190 194 192 190 187 188 188 184 188 187 184 187 184 165 132 102 91 102 95 80 76 117 160 147 127 143 148 167 169 169 168 171 171 174 166 161 160 153 152 138 134 125 142 158 161 156 153 148 144 142 132 128 123 122 93 58 101 137 141 135 132 140 149 148 144 147 151 150 151 142 141 142 130 126 118 107 96 92 90 88 86 92 89 
109 111 90 81 89 71 64 83 71 61 50 48 37 39 55 69 77 80 90 93 98 114 140 135 148 180 195 193 193 193 195 194 193 189 187 190 184 184 192 191 185 182 159 128 112 105 103 97 90 73 84 114 123 118 135 148 162 164 162 166 169 168 160 158 153 148 132 128 120 117 106 107 133 152 149 149 152 145 141 133 128 127 127 96 70 97 127 144 139 132 133 137 141 149 151 153 152 155 155 148 136 114 116 121 108 102 87 91 88 88 91 92 
112 116 100 73 80 70 65 81 68 52 50 46 32 39 54 55 66 80 86 93 93 103 123 137 133 168 188 192 192 192 195 195 193 187 184 184 183 186 191 194 190 184 172 138 110 104 108 98 96 89 72 87 108 120 143 155 158 159 162 159 157 161 158 153 146 137 139 142 144 133 125 105 88 117 139 137 140 146 137 134 131 129 125 88 67 107 120 135 140 129 125 140 147 145 149 157 159 156 159 161 155 135 120 114 110 102 95 90 85 92 86 85 
108 111 112 87 78 59 72 76 68 55 47 39 38 40 54 56 71 77 84 87 93 105 114 132 137 154 178 187 189 193 193 198 196 192 188 185 183 182 188 189 188 183 182 155 130 116 109 105 89 97 89 79 86 127 147 150 151 154 155 152 148 151 154 151 138 140 147 154 154 143 127 101 82 98 130 147 142 139 142 142 138 131 123 97 67 116 126 136 142 136 128 137 146 145 144 153 156 160 160 159 155 143 127 119 111 107 96 92 86 81 92 93 
109 103 96 94 79 68 73 79 77 55 50 38 39 47 56 71 68 82 91 84 78 103 111 121 132 147 160 187 192 189 191 193 193 194 192 188 181 185 186 192 190 190 178 164 133 120 126 115 93 84 92 98 116 129 145 146 156 153 150 145 147 149 147 143 136 137 142 151 155 148 124 84 88 95 119 138 140 132 132 143 146 142 119 89 77 120 125 128 139 139 131 131 141 143 146 148 153 167 162 162 154 141 138 124 117 105 93 89 83 83 88 93 
114 103 94 96 75 78 85 85 75 60 53 56 52 51 54 54 59 78 96 92 82 101 113 120 133 144 159 169 188 193 192 192 192 188 189 189 188 186 187 191 193 188 180 164 147 130 127 127 112 89 91 98 108 121 145 156 150 151 145 144 148 147 143 136 131 130 126 125 127 127 96 65 92 96 118 144 146 141 140 142 143 138 113 84 77 129 124 127 144 136 129 137 141 147 151 151 162 168 168 160 155 142 130 123 112 108 99 95 89 86 89 93 
117 108 87 70 67 87 90 69 66 66 61 54 46 54 62 63 65 70 89 87 78 96 113 125 134 140 157 163 179 189 189 189 190 188 186 188 189 186 190 193 192 192 184 173 157 144 133 126 131 123 102 109 128 136 139 145 149 148 146 144 139 138 140 138 140 138 138 121 103 90 55 30 69 89 115 137 148 145 143 140 141 136 106 83 68 125 134 133 143 141 131 130 144 145 153 154 157 169 164 159 155 146 134 120 115 107 100 97 90 76 88 94 
117 109 79 61 76 92 89 73 74 79 62 65 65 52 48 65 77 78 87 92 87 87 109 121 135 141 156 167 174 188 191 190 190 188 185 187 189 187 191 194 192 186 183 170 163 159 159 149 154 154 146 135 129 130 135 137 138 137 129 128 129 136 138 142 148 150 153 149 142 121 99 62 46 69 106 139 149 140 137 136 132 130 103 87 84 128 145 134 145 131 121 126 135 143 149 155 160 168 165 155 154 149 140 127 113 109 103 96 87 90 86 86 
110 93 77 74 79 95 77 82 79 76 64 54 59 76 71 66 85 79 93 96 92 107 116 116 126 137 153 170 174 184 187 188 191 189 186 183 184 189 186 191 195 192 183 174 171 162 158 160 165 163 167 162 156 152 144 133 127 124 129 132 145 151 152 156 157 160 161 163 161 151 133 104 69 58 89 126 143 150 148 150 152 147 111 81 79 138 148 133 139 126 115 117 133 140 148 157 163 173 169 162 150 147 141 130 116 114 104 100 92 88 89 94 
102 93 84 82 82 80 71 85 81 81 76 71 49 58 69 78 89 86 95 105 89 105 106 118 129 131 144 157 166 175 184 185 189 191 188 188 186 186 188 188 190 189 177 172 169 169 163 168 166 172 180 178 174 167 161 154 154 156 153 157 166 176 187 188 187 181 196 180 173 159 134 107 89 69 91 122 127 131 140 158 164 157 125 81 74 121 147 131 138 125 114 117 124 130 146 162 166 173 166 165 159 154 146 132 121 114 104 96 94 87 89 93 
107 88 73 70 73 79 81 71 76 92 77 82 75 66 57 65 79 81 97 113 105 107 89 108 116 142 141 154 161 171 184 188 184 186 189 186 186 188 187 188 187 188 188 180 175 171 165 168 175 183 190 191 191 190 187 191 199 188 185 187 187 185 181 185 189 179 177 179 175 158 137 111 84 69 89 127 125 126 134 142 155 160 143 100 84 92 130 138 142 129 111 117 118 127 146 164 167 175 172 164 157 147 143 141 128 116 105 97 90 88 86 91 
116 105 68 70 65 69 79 79 81 96 77 82 71 78 79 80 83 83 94 113 118 122 97 94 105 122 142 155 160 164 179 191 189 187 186 188 186 188 189 188 189 191 192 194 182 173 171 174 179 185 191 194 192 188 182 175 173 174 172 172 172 172 170 168 173 170 168 176 171 154 134 114 92 74 100 129 128 110 114 136 153 157 138 99 85 112 133 136 149 135 109 107 113 128 146 166 166 169 171 163 158 152 137 131 119 119 105 101 94 93 89 85 
115 96 63 56 72 75 78 77 83 96 89 87 82 71 70 75 73 87 96 112 114 140 106 96 107 111 131 155 162 164 171 184 190 189 191 186 186 184 186 189 190 191 189 186 187 179 174 174 178 180 182 182 186 182 179 184 182 170 169 174 179 177 180 174 172 176 176 170 156 143 133 108 77 78 114 126 127 129 126 132 148 149 114 100 89 125 150 143 141 127 114 115 116 123 140 163 168 174 172 172 167 155 145 133 122 113 104 103 97 83 87 91 
115 96 73 55 63 74 73 78 80 96 96 92 81 74 79 81 72 82 90 112 108 126 96 102 108 115 114 141 157 166 168 179 180 187 187 187 185 185 184 186 185 185 186 184 182 174 168 160 169 168 174 174 172 166 159 154 155 146 139 143 149 152 155 154 154 162 164 156 145 130 115 89 73 103 119 129 134 135 134 136 147 137 106 83 74 124 144 142 140 127 116 114 125 134 149 161 165 167 168 169 158 144 143 133 117 110 104 98 93 89 85 91 
118 100 67 53 63 84 79 64 80 88 96 81 80 69 67 84 71 92 84 99 99 116 112 102 107 114 124 135 139 155 162 176 184 183 185 186 184 183 188 190 190 189 186 179 172 165 161 158 155 153 151 144 139 136 133 125 113 113 115 115 121 129 134 139 137 138 143 133 116 101 85 55 96 110 113 127 138 138 134 130 129 118 93 82 80 127 137 134 141 122 116 111 124 135 143 157 167 170 165 162 155 153 142 127 120 115 104 95 88 82 80 86 
115 98 77 58 53 83 83 67 68 80 94 89 75 74 65 89 77 91 88 85 101 117 105 105 114 112 115 137 143 152 162 177 182 185 189 187 189 187 191 191 190 191 186 181 180 170 160 151 146 144 139 136 119 114 118 114 119 123 130 127 123 131 133 131 127 124 125 123 115 111 98 57 93 108 119 124 128 129 128 127 131 118 95 82 76 127 131 133 141 126 110 120 134 143 144 156 167 174 165 160 154 145 131 123 123 110 104 97 89 86 84 92 
116 105 78 60 48 52 88 88 70 70 81 86 77 75 68 69 76 72 90 93 92 113 119 101 100 111 121 126 137 147 154 172 182 186 182 182 188 190 191 194 193 191 188 175 172 166 153 141 124 125 122 112 114 113 112 121 122 130 131 135 141 138 143 140 133 127 132 134 141 141 122 78 79 108 119 130 126 124 120 119 125 126 104 84 73 118 131 138 143 124 120 125 140 145 146 150 160 169 168 164 154 140 126 120 116 107 99 93 84 83 87 92 
118 102 84 70 54 46 50 80 88 82 86 93 85 77 78 77 76 77 76 90 94 98 106 108 94 102 110 124 136 147 149 164 176 182 188 186 184 185 186 188 192 191 185 175 164 157 137 133 119 113 110 102 97 99 104 114 132 136 133 132 136 143 145 144 137 140 156 162 158 143 127 101 78 102 123 122 117 123 126 127 130 124 98 76 72 120 126 134 132 125 122 125 140 142 146 150 159 169 163 158 147 143 127 118 105 106 95 90 84 81 87 89 
118 116 80 69 64 52 57 53 81 87 83 80 95 69 65 80 81 85 87 79 85 94 95 108 116 99 87 105 113 126 143 156 169 177 184 186 186 189 186 182 189 192 184 178 167 144 128 125 121 105 99 102 116 146 157 132 126 141 145 141 140 138 146 151 134 124 137 159 162 142 125 106 84 113 120 118 131 133 128 127 130 121 105 77 69 114 125 147 140 124 128 138 139 146 145 147 157 160 159 155 150 136 118 111 106 101 101 89 82 81 91 92 
117 110 91 81 74 60 56 64 61 76 91 87 90 90 64 66 84 99 101 90 78 65 85 99 107 128 119 86 97 114 118 138 155 175 183 184 183 187 186 184 188 192 188 179 167 135 115 114 106 99 103 107 116 103 120 147 130 137 145 149 146 148 148 152 149 129 124 131 131 129 115 100 110 122 125 127 129 132 132 122 124 119 105 72 67 100 120 136 132 120 130 139 143 145 144 147 157 163 159 154 145 132 124 118 109 106 95 84 78 79 83 89 
118 118 92 79 79 75 52 56 54 67 78 88 85 96 106 85 59 60 81 91 92 99 86 87 100 94 121 132 113 98 95 99 126 145 173 182 184 185 187 188 192 192 187 176 157 131 106 107 104 102 103 90 81 109 112 133 142 142 151 161 151 141 150 153 149 150 136 122 112 99 106 123 127 129 128 130 130 127 129 120 120 125 112 71 65 101 131 132 119 121 133 140 142 142 141 152 164 165 161 150 135 125 121 118 110 102 93 85 81 85 87 84 
118 114 97 82 75 85 73 54 55 68 79 77 84 86 83 90 95 90 82 83 94 97 102 87 80 81 90 110 122 119 109 96 104 126 153 175 179 184 187 186 187 194 188 177 148 108 103 106 103 103 92 79 74 95 115 130 141 149 148 152 154 155 157 161 159 164 162 147 138 133 138 137 133 126 126 129 126 130 132 122 116 120 113 73 70 112 127 124 128 138 145 148 149 154 148 153 161 162 157 144 131 121 122 109 104 99 92 80 81 85 83 88 
115 125 102 86 67 81 82 83 57 70 86 90 76 94 85 60 87 84 84 90 82 98 101 97 87 82 76 81 95 97 102 106 103 102 115 143 162 180 187 185 185 187 186 181 147 106 91 89 94 103 87 90 137 160 126 130 134 145 150 160 163 165 166 167 167 166 163 166 157 152 149 150 146 142 144 137 132 130 136 135 129 126 113 71 74 124 137 139 145 151 151 156 157 147 148 154 152 149 142 133 124 121 111 101 99 91 89 87 83 77 83 90 
119 114 111 95 77 81 80 74 68 53 78 82 80 85 106 85 74 86 91 105 93 98 108 95 93 85 90 87 85 99 103 111 116 111 114 119 129 167 184 187 185 183 185 175 141 102 84 86 99 103 82 86 127 138 133 124 131 136 151 158 162 163 165 170 169 168 163 169 162 153 147 142 147 147 148 146 138 133 138 134 128 126 109 76 94 131 144 150 153 152 151 150 147 147 144 147 140 136 136 129 123 122 105 102 97 90 82 80 82 84 88 94 
119 117 115 94 70 73 89 80 87 63 71 83 77 89 94 101 91 81 85 99 106 102 110 105 100 107 90 102 92 89 94 105 124 126 120 120 126 147 170 182 187 188 189 179 152 103 77 76 99 105 71 44 68 73 100 139 139 132 149 157 163 162 167 170 172 171 173 174 172 163 155 146 139 142 140 143 145 141 138 138 129 125 121 103 88 125 142 148 145 145 144 139 143 142 140 134 137 141 136 128 115 105 101 95 92 91 86 87 84 86 85 90 
119 121 116 110 78 66 81 80 81 76 68 74 77 85 80 87 106 103 84 92 108 118 109 105 101 112 111 91 94 78 91 103 119 148 141 146 141 151 162 173 178 182 186 187 159 97 76 85 106 119 86 59 67 60 84 127 149 138 147 159 162 165 173 173 170 175 175 174 171 167 159 154 150 142 146 148 141 145 138 128 130 131 127 122 108 106 124 142 147 141 143 142 141 142 135 142 142 139 133 119 113 109 101 98 94 85 84 83 77 78 90 89 
123 121 120 118 99 69 80 82 73 81 66 71 75 79 88 85 83 103 109 107 95 96 104 114 108 104 100 94 71 84 75 77 76 100 138 157 153 145 162 162 171 174 177 175 141 99 71 84 111 124 104 62 147 65 83 128 137 136 142 156 160 166 171 172 178 178 173 176 179 176 172 161 152 150 146 139 140 137 142 134 128 128 137 141 132 121 114 137 144 141 136 137 141 148 140 138 142 135 123 109 101 101 94 96 94 92 87 85 85 91 90 89 
115 121 128 117 111 71 66 85 75 80 77 77 68 75 87 85 88 89 91 95 103 98 99 106 107 101 87 87 85 80 84 91 92 83 81 143 168 163 148 168 174 178 176 171 135 93 74 79 111 124 109 58 48 60 76 121 154 149 138 155 164 164 170 168 175 176 175 176 175 178 171 168 161 152 146 142 139 136 136 138 141 133 130 136 129 122 119 136 142 146 139 135 144 140 133 130 122 116 113 106 103 102 100 95 89 85 86 85 86 90 88 93 
122 124 124 124 122 99 64 86 89 98 84 81 86 69 85 79 70 79 100 94 84 94 98 93 99 102 102 96 86 66 72 83 92 118 113 86 149 171 167 155 169 176 175 170 147 110 82 76 110 131 121 74 28 48 79 109 145 144 143 158 173 165 166 172 172 170 173 171 168 166 170 163 154 156 149 148 140 137 139 145 144 140 137 125 123 121 139 151 145 145 149 141 137 129 119 117 113 105 103 101 98 100 96 96 96 90 83 87 87 90 91 91 
118 120 116 116 118 117 82 70 84 95 85 81 83 74 80 85 82 69 69 104 105 98 98 103 107 109 106 95 91 79 67 71 83 102 132 118 105 164 169 165 155 166 175 170 147 108 87 81 98 126 123 91 61 85 113 119 138 145 144 154 173 169 169 169 171 169 174 169 168 167 170 161 152 150 153 148 140 138 135 136 143 148 148 138 142 153 161 162 157 148 144 137 131 124 123 120 113 107 106 105 101 98 97 95 93 88 86 86 89 89 94 94 
123 122 124 119 118 119 119 83 84 86 92 90 86 92 73 83 88 90 75 78 101 101 93 96 97 99 92 84 75 80 72 64 71 81 104 134 121 119 157 166 156 162 166 173 151 120 94 78 93 115 130 113 68 66 91 113 138 135 150 155 170 173 170 170 172 168 164 158 160 159 160 163 155 153 149 138 139 139 141 145 141 146 150 154 156 156 159 159 156 154 148 136 131 124 119 122 119 109 105 105 107 103 99 95 92 87 84 85 92 95 95 95 
118 117 120 123 120 120 117 106 92 89 80 86 88 88 80 79 86 96 90 78 91 90 90 87 96 107 86 84 91 76 72 67 70 92 94 104 128 114 140 162 160 159 169 167 153 118 89 77 85 104 118 118 75 53 50 85 130 137 147 150 167 173 173 170 165 163 162 165 163 165 161 157 149 147 146 144 140 139 133 140 141 144 151 150 149 146 151 152 149 148 143 134 119 117 115 119 121 117 112 111 108 105 99 93 87 86 89 96 93 96 96 101 
119 120 121 117 120 120 117 117 102 94 79 87 90 80 90 82 85 90 99 85 80 104 103 95 101 113 102 81 94 88 72 69 72 78 99 97 115 128 114 147 156 154 169 170 145 125 95 85 86 92 112 120 103 55 53 68 109 133 154 158 175 176 174 178 169 168 166 162 159 156 156 154 146 142 142 142 135 134 135 136 137 140 139 134 143 143 141 141 141 136 131 129 125 118 117 114 113 108 109 109 105 97 90 86 88 92 93 92 93 92 94 97 
119 119 121 122 117 119 118 118 114 93 76 88 92 81 83 84 87 97 92 99 96 81 93 99 96 98 101 86 94 96 81 69 75 88 90 104 111 126 113 134 155 150 164 160 148 127 101 95 91 95 99 119 111 88 53 78 112 134 152 160 171 176 172 172 171 171 166 160 156 150 151 154 149 144 143 137 134 131 129 130 133 134 137 136 138 142 137 135 132 133 128 125 121 119 120 123 117 111 106 103 101 96 92 92 92 94 94 96 99 101 101 104 
121 118 119 116 119 120 117 117 118 105 78 84 95 89 79 85 95 83 108 95 102 104 94 94 96 91 93 74 90 103 86 70 74 100 96 100 112 126 120 114 138 144 155 149 137 128 117 91 87 96 93 109 118 113 84 63 106 139 158 155 168 169 170 159 159 162 156 152 155 150 145 146 143 144 137 129 123 127 129 127 128 129 133 137 137 134 137 135 134 134 126 121 119 118 112 107 109 108 104 106 97 94 89 88 91 96 98 100 96 93 100 103 
123 121 120 120 118 117 119 116 117 114 87 74 94 92 80 89 99 90 97 101 87 93 100 96 91 86 95 83 96 101 86 67 84 94 103 107 118 127 124 108 127 143 151 152 143 118 115 92 72 84 79 94 114 115 114 92 90 136 159 159 167 172 174 168 153 149 150 145 147 146 143 138 141 137 134 130 126 123 121 127 126 128 136 130 124 125 130 128 132 126 125 123 118 112 108 107 107 103 105 100 94 89 90 96 97 93 96 96 100 104 108 110 
119 119 118 120 121 123 120 120 115 116 110 75 81 91 78 67 73 94 91 98 102 90 82 80 93 93 86 81 85 94 79 67 88 98 103 105 114 124 119 110 120 139 137 144 156 139 107 108 77 83 83 89 104 111 117 115 81 111 160 164 169 169 167 163 157 150 144 144 143 140 139 141 138 134 127 120 117 117 115 115 120 123 128 127 126 124 121 127 123 126 116 114 110 107 103 107 102 107 100 85 83 90 89 94 97 97 101 100 102 109 113 117 
120 116 120 118 123 122 121 118 120 114 116 96 78 87 89 69 61 77 95 103 106 110 106 101 88 88 82 81 71 85 73 80 96 95 106 108 101 121 111 107 112 130 138 141 143 145 122 107 94 80 82 91 109 109 112 117 110 104 154 157 159 162 159 156 146 152 153 156 149 140 138 135 133 129 125 117 113 112 113 114 118 123 128 127 124 121 123 122 119 112 110 106 99 101 98 98 101 97 88 88 91 94 99 94 95 101 98 106 110 115 113 117 
122 120 118 116 118 118 116 115 119 122 116 106 82 85 86 68 62 60 79 92 94 95 111 95 87 88 79 69 65 72 71 86 103 104 104 114 108 111 112 106 116 136 140 136 134 137 140 124 106 93 75 81 96 98 112 113 114 108 134 152 153 155 161 158 151 147 151 145 141 132 129 127 122 119 114 117 112 113 115 123 123 129 126 126 124 122 124 114 117 113 103 101 99 100 100 94 90 83 86 90 93 95 98 102 102 102 111 110 115 116 118 120 
118 120 120 119 114 117 120 121 119 115 121 114 100 87 82 79 67 62 62 79 86 90 93 107 91 83 87 82 75 64 74 82 98 117 103 106 105 107 99 100 110 129 135 134 132 131 125 128 117 105 95 82 86 99 103 113 119 121 133 147 155 150 149 150 147 140 135 135 135 128 130 127 120 114 118 119 117 118 118 123 124 123 124 118 120 119 111 114 108 98 95 96 98 103 103 100 71 76 86 90 96 96 98 94 105 111 107 111 116 117 117 124 
120 120 120 119 119 120 117 117 118 118 115 119 107 84 80 76 67 67 64 74 75 82 79 93 100 83 80 73 75 71 69 81 96 100 111 104 101 106 112 110 111 115 118 122 122 117 123 125 123 121 111 107 102 104 110 112 126 129 140 144 149 149 146 145 143 137 133 134 135 137 131 126 124 123 120 121 115 122 121 125 123 116 119 115 114 116 109 97 96 93 94 101 99 83 54 62 120 87 74 78 92 103 103 107 95 96 108 119 119 121 124 128 
120 119 119 117 115 119 121 119 117 115 117 113 115 99 83 73 64 66 61 61 74 74 77 71 78 74 62 57 67 76 64 75 89 92 100 104 101 108 104 119 128 129 127 117 110 115 113 117 117 121 121 118 113 115 121 122 130 135 146 137 143 140 139 144 137 136 134 128 131 128 128 120 121 127 125 117 116 114 116 109 108 108 109 106 108 99 97 98 95 104 103 86 60 39 38 37 87 161 124 108 93 83 100 116 126 105 81 82 101 103 106 105 
119 119 118 121 121 118 119 120 122 120 117 119 111 107 81 77 71 61 59 53 63 58 72 57 68 73 70 54 51 66 81 78 80 90 100 103 102 107 109 118 116 117 123 126 123 118 117 114 115 114 117 117 116 115 115 123 132 127 134 137 135 134 133 128 135 130 123 124 121 119 117 115 116 112 110 115 113 110 105 103 101 104 104 101 95 100 98 102 103 81 62 40 36 36 43 43 47 116 179 133 114 108 96 113 137 154 132 92 71 81 90 95 
120 120 117 118 118 121 119 115 118 117 117 117 116 113 87 76 78 60 58 50 46 67 66 70 71 74 82 83 70 75 75 89 92 97 100 107 110 110 116 121 117 112 110 117 114 115 115 113 113 113 114 116 113 120 113 116 116 118 119 124 127 125 122 119 117 117 119 117 117 113 115 116 113 113 112 112 111 106 102 103 103 102 106 101 102 103 98 77 60 40 34 39 45 48 43 47 46 41 115 191 145 115 100 85 92 122 164 166 127 67 51 59 
121 117 119 119 117 119 118 119 122 121 122 119 118 113 97 69 73 69 58 47 46 53 69 71 65 71 69 79 91 95 95 86 92 94 107 120 118 117 115 111 112 110 115 111 112 108 109 109 104 106 109 107 114 113 116 115 118 119 113 115 109 112 110 110 107 111 110 111 109 105 104 109 110 108 107 107 104 101 101 97 94 86 89 84 81 63 49 44 40 44 47 47 48 49 51 47 51 45 49 116 193 167 127 103 78 69 75 95 111 112 111 130 
121 124 119 119 120 118 122 118 117 122 119 118 115 115 103 69 68 65 56 53 39 44 60 69 68 74 67 77 84 91 98 97 92 93 92 116 120 118 117 112 105 103 106 114 107 105 103 100 105 103 108 109 105 107 108 111 113 110 112 111 113 114 112 110 113 110 104 105 106 104 103 98 98 97 96 87 89 82 81 80 84 91 92 88 52 39 41 44 45 48 50 52 50 49 47 53 55 60 58 48 100 187 210 190 166 149 139 132 140 156 161 162 
118 114 119 117 118 118 118 116 121 119 115 116 120 114 103 78 77 78 60 48 50 36 57 74 72 84 75 68 80 86 84 89 93 96 90 108 117 113 102 117 113 106 104 106 102 99 85 87 84 80 79 86 89 90 89 95 96 98 96 101 107 103 97 93 81 73 72 74 80 89 94 99 96 94 85 91 89 102 101 114 129 126 116 104 77 46 48 49 52 49 47 51 55 57 59 60 65 72 72 69 63 70 136 197 206 205 192 195 187 181 180 177 
118 123 117 116 118 118 119 119 117 120 120 118 117 118 109 75 83 78 77 57 53 58 43 71 66 89 96 98 87 83 83 86 93 87 94 88 100 109 101 100 112 106 98 100 95 85 89 75 70 66 59 59 66 73 75 66 60 71 83 73 78 86 74 69 74 72 77 85 88 75 76 82 88 105 129 135 138 134 130 130 130 124 120 99 58 52 49 50 51 55 58 58 59 64 69 71 72 72 74 74 74 68 52 86 160 201 207 198 195 196 196 195 
120 116 121 118 122 119 120 118 118 118 120 117 118 117 112 78 83 72 76 67 58 59 48 64 62 65 85 92 96 91 95 97 94 88 89 105 82 86 99 89 97 96 96 93 104 92 90 91 89 87 78 70 58 57 54 65 65 59 62 69 68 76 89 92 99 100 100 99 82 67 57 56 75 103 132 139 131 120 117 123 128 119 104 64 56 52 54 59 61 69 70 71 74 74 76 75 75 73 75 77 82 78 75 62 69 111 179 205 205 198 198 194 
120 123 120 120 117 119 120 120 121 121 119 118 118 118 117 89 85 81 68 66 58 59 70 54 58 58 53 82 67 75 91 105 112 98 88 100 113 89 88 99 81 89 91 92 92 105 100 96 86 93 83 84 83 77 68 56 62 60 64 66 77 82 92 95 90 88 89 84 80 90 102 104 103 119 122 103 100 120 118 106 98 83 59 49 52 62 67 72 75 74 74 76 75 77 74 75 77 76 78 77 76 77 76 82 69 59 61 108 172 202 214 203 
121 120 119 118 120 119 116 118 119 118 118 121 119 119 113 88 93 84 74 68 59 55 54 54 58 59 58 80 87 97 101 101 99 102 114 116 115 127 119 118 120 114 110 109 96 91 102 103 98 82 71 66 60 77 84 84 64 66 56 53 65 81 89 83 95 95 91 101 114 122 124 121 125 122 118 106 116 114 86 54 51 47 59 67 73 74 75 79 78 77 77 76 78 77 75 78 75 79 77 78 80 82 80 78 82 76 73 60 63 86 145 186 
118 120 115 116 117 119 118 120 119 118 119 117 118 116 115 101 94 84 68 72 64 65 53 55 62 50 64 78 87 90 87 56 50 56 78 103 107 108 113 115 111 120 117 109 115 118 108 96 89 97 84 66 76 74 76 83 85 73 71 62 51 51 62 81 77 77 93 103 113 122 130 129 119 121 107 104 88 63 56 67 70 80 78 81 78 75 77 74 76 82 81 78 76 78 81 79 85 78 81 79 79 83 80 81 80 83 77 83 77 62 57 97 
120 121 118 121 121 118 117 117 118 119 120 119 119 119 118 108 100 82 72 70 57 72 62 49 58 52 65 75 76 52 44 53 57 46 46 47 59 61 62 88 87 83 94 89 79 82 98 111 99 97 103 88 65 72 88 87 87 84 83 72 55 58 68 68 65 57 82 97 103 121 116 104 94 65 58 59 55 63 71 77 82 77 79 80 81 86 80 83 85 82 79 81 79 80 80 79 79 85 83 86 81 79 81 82 79 79 79 76 79 82 74 73 
119 117 119 118 117 118 117 119 121 117 118 120 118 118 116 111 99 89 72 75 68 64 85 76 66 77 51 61 45 36 42 35 33 38 44 40 52 49 39 42 61 65 57 69 68 64 60 83 109 101 102 102 85 67 69 82 79 87 81 79 73 71 67 76 86 101 116 126 120 102 82 63 51 63 70 67 78 79 79 79 76 82 83 82 82 80 80 81 82 81 85 84 84 84 83 82 82 78 82 79 79 82 82 77 82 82 78 80 81 77 82 76 
118 118 121 116 118 117 121 120 117 120 117 119 118 117 118 109 94 85 77 75 68 66 76 79 67 62 58 54 60 52 43 48 41 42 43 45 39 61 70 85 90 91 91 79 77 75 66 68 83 100 101 104 99 84 85 80 83 85 76 80 85 82 78 80 76 85 81 76 70 62 68 74 78 81 81 82 83 79 82 84 82 83 80 86 86 84 84 87 84 79 80 82 84 80 81 81 84 89 84 79 83 83 81 82 79 77 78 79 81 80 77 77 
120 117 118 118 117 120 114 118 117 119 119 118 117 118 117 109 102 86 82 79 76 66 69 75 70 82 80 57 53 77 80 67 58 48 63 55 61 68 81 83 80 76 66 61 61 67 68 61 61 72 94 100 106 86 84 94 94 94 91 96 82 77 71 71 68 67 74 75 81 85 81 83 86 84 85 85 82 86 85 84 88 84 86 81 84 86 85 84 84 86 89 87 84 87 86 82 80 79 80 78 80 82 82 82 83 86 83 83 80 76 77 77 
117 119 119 117 119 119 117 119 118 118 118 117 120 120 114 108 102 92 83 82 82 82 77 71 72 79 75 65 52 67 85 83 77 62 64 82 85 79 69 68 50 54 66 51 57 67 69 79 74 67 74 85 96 94 100 98 89 98 96 89 91 86 93 86 88 89 90 86 82 84 87 84 83 82 86 86 83 84 85 85 86 87 85 88 85 84 83 87 86 86 83 81 84 84 82 85 86 85 80 84 82 81 81 82 79 79 80 78 78 79 77 80 
118 118 117 117 117 116 118 117 120 118 119 117 117 117 117 114 100 96 73 79 87 73 61 78 66 78 74 78 72 59 72 94 96 81 76 86 94 72 59 44 51 48 49 51 48 54 59 74 85 78 75 91 93 94 100 101 107 102 94 95 95 98 91 93 91 88 88 88 89 87 86 84 88 89 86 84 87 88 88 91 90 86 88 84 87 88 87 81 84 88 84 87 84 82 86 81 82 83 84 83 84 80 80 76 80 82 79 82 79 79 79 74 
117 116 119 119 119 121 121 118 118 119 117 117 116 118 123 114 90 76 73 87 94 76 58 75 71 79 75 75 76 70 83 91 93 90 90 89 88 79 85 89 81 81 90 86 84 80 71 70 66 75 91 100 112 117 103 105 102 104 104 102 98 96 96 96 96 93 96 89 91 88 86 88 89 86 87 88 90 90 90 82 82 88 88 89 85 85 86 88 87 82 87 85 84 82 81 82 81 83 83 82 82 82 84 82 78 81 81 77 81 80 80 79 
116 122 116 117 119 120 114 118 118 121 118 119 120 113 106 84 79 73 87 94 87 74 78 65 68 72 70 85 70 86 103 107 108 107 109 109 104 105 105 112 116 112 110 111 103 106 104 99 99 102 105 112 107 105 110 108 105 99 105 103 105 101 100 98 96 94 92 96 94 94 90 92 90 88 92 87 88 87 87 92 94 86 87 86 87 89 84 87 86 85 85 84 84 83 84 86 85 81 80 79 84 84 78 78 84 80 78 82 74 74 79 76 
