10 36 39 36 35 38 38 41 36 35 40 44 41 38 43 48 46 52 48 45 63 80 63 55 70 74 69 52 66 72 69 86 99 81 88 83 79 101 112 125 111 145 120 104 100 109 100 73 72 80 86 110 136 105 87 75 79 95 83 83 82 73 76 70 50 56 75 88 109 81 25 21 27 34 39 37 33 47 44 41 34 32 33 36 30 30 30 26 31 37 35 31 31 31 29 33 32 34 32 32 32 34 33 32 33 38 35 34 37 35 36 37 
38 37 37 43 43 35 37 41 47 42 45 46 39 42 43 38 41 50 48 33 34 43 40 38 44 47 50 43 42 38 51 61 61 54 51 57 66 43 38 69 74 68 97 107 106 101 87 86 101 106 108 96 92 79 67 37 22 20 14 8 12 2 11 39 34 49 62 52 47 35 33 41 45 34 36 37 41 39 40 38 41 38 36 32 33 35 34 41 33 34 34 36 37 35 38 36 39 35 34 30 32 34 34 37 32 46 176 195 197 192 184 190 
35 41 40 39 36 40 39 34 33 34 36 41 39 48 44 44 48 40 29 37 47 52 45 41 43 38 46 43 28 53 55 34 46 56 68 60 54 58 55 68 82 64 70 96 94 91 94 100 101 109 110 117 112 102 101 112 118 122 137 156 164 163 139 102 54 17 10 24 43 49 48 46 39 50 36 37 36 36 41 36 34 37 36 39 38 38 37 33 36 35 36 37 33 36 35 34 35 33 36 40 33 32 34 34 34 49 184 197 202 197 193 202 
40 37 39 37 42 36 41 48 46 45 42 41 46 40 47 54 42 42 45 36 30 35 47 52 48 57 74 86 98 74 64 54 68 71 71 76 66 72 65 78 67 48 77 78 86 107 107 105 92 102 98 88 101 114 110 106 101 96 87 76 85 95 112 137 150 143 98 50 33 19 11 25 53 52 44 33 36 38 36 39 41 35 36 37 37 36 37 38 35 38 36 32 35 40 39 39 36 38 38 32 38 37 37 34 30 79 191 196 197 198 204 208 
37 38 39 37 40 42 38 39 36 39 38 43 40 44 36 39 53 51 51 86 101 85 74 78 84 95 82 74 66 65 59 90 93 85 86 79 60 68 91 80 57 63 75 78 85 102 103 108 102 103 94 83 97 119 114 98 100 92 96 86 74 72 91 123 139 148 151 150 140 134 113 82 36 32 45 41 38 36 41 41 34 36 37 35 36 36 35 33 39 35 33 36 37 34 35 37 36 34 35 36 36 34 32 40 26 125 186 190 198 207 211 211 
40 43 40 43 38 38 37 44 39 39 42 41 44 43 51 64 58 54 53 52 70 82 91 93 88 73 81 78 76 58 66 70 96 94 65 69 63 59 58 59 51 79 103 107 95 117 118 113 110 96 79 80 106 110 102 108 114 112 107 108 124 146 165 160 142 127 131 146 147 134 151 155 146 105 45 32 41 44 37 37 40 36 38 37 36 37 37 35 35 34 37 37 33 36 35 36 35 31 32 37 36 34 28 14 46 174 202 207 210 210 211 213 
37 37 40 39 39 42 41 37 40 41 41 39 40 43 72 85 81 51 51 82 71 60 65 77 78 70 67 68 66 72 79 100 99 78 73 81 61 64 58 66 86 86 81 77 123 122 114 116 108 89 82 92 89 106 136 107 111 106 100 113 115 118 125 117 121 122 113 115 131 144 121 133 141 139 132 69 15 20 33 37 35 40 35 38 44 34 38 36 33 35 36 39 40 38 36 35 32 37 33 36 31 18 52 151 219 218 209 215 218 214 206 191 
41 40 40 38 40 39 40 37 39 39 43 46 46 67 84 66 44 75 97 67 59 82 103 78 52 67 70 73 83 84 90 73 56 85 79 77 56 45 52 71 73 73 94 144 134 126 119 131 88 67 77 78 83 110 133 117 107 108 103 100 93 101 108 111 110 114 105 106 124 129 135 135 131 127 130 138 128 59 24 32 40 39 36 34 32 36 38 38 36 39 36 30 33 31 34 32 33 33 37 24 15 104 218 230 226 214 208 185 172 173 167 183 
40 39 36 37 42 40 38 41 43 43 41 40 58 91 55 27 58 96 72 65 96 98 66 68 117 141 131 110 99 82 73 77 77 86 108 89 60 44 65 84 101 137 181 165 134 132 136 99 76 88 87 77 95 111 118 117 106 97 106 107 90 72 66 70 78 78 80 97 136 166 167 140 141 150 158 151 137 127 67 42 47 38 43 41 37 34 32 40 37 30 33 39 38 36 36 37 39 35 29 25 146 225 200 175 166 184 185 188 190 160 173 170 
42 43 40 41 37 38 43 42 40 37 37 59 76 55 44 65 95 79 52 62 98 98 122 139 130 124 118 112 88 70 74 80 79 116 105 63 49 89 126 145 175 182 162 118 133 147 115 68 72 73 68 91 118 107 114 106 106 104 113 118 126 125 113 104 103 133 148 130 105 136 149 151 137 147 159 161 141 124 102 41 49 49 45 39 39 40 40 34 36 40 36 34 39 36 33 35 34 33 22 144 194 154 136 136 138 149 164 167 171 185 164 172 
41 37 40 37 40 39 40 38 40 41 60 77 59 40 62 86 69 56 59 122 109 127 159 159 162 117 101 94 108 106 85 70 110 102 61 73 136 165 168 170 149 149 135 156 152 115 81 80 102 111 119 122 122 122 111 104 87 86 103 117 94 87 101 98 95 106 135 153 137 124 154 155 135 133 143 144 138 120 108 62 40 46 51 46 43 40 48 41 30 34 43 37 30 32 33 29 32 26 89 144 95 86 87 90 104 112 124 144 176 199 200 167 
38 41 37 41 44 42 38 40 40 43 63 60 41 66 90 77 62 60 123 138 165 173 146 124 105 99 120 122 105 92 75 97 96 94 115 175 191 163 143 133 130 119 144 141 121 91 90 111 129 127 116 115 141 127 117 108 100 93 96 101 118 111 103 111 112 112 113 119 129 130 126 123 118 126 143 146 140 119 96 54 45 46 58 55 36 54 29 38 41 41 20 19 23 29 24 31 29 41 129 72 44 27 28 29 22 23 22 27 48 106 174 208 
39 46 43 44 40 40 43 40 46 60 61 51 59 97 97 75 66 133 155 148 123 106 96 80 79 108 103 80 83 81 98 110 138 153 170 161 152 145 137 134 133 148 134 107 81 88 98 103 106 116 124 140 136 133 140 140 140 137 140 142 138 139 139 135 131 130 123 119 117 118 113 116 116 110 108 113 120 113 100 61 38 28 31 27 24 19 44 49 69 72 84 98 109 115 121 122 117 120 97 106 114 119 118 120 120 122 117 93 61 32 31 85 
41 38 39 38 41 40 39 43 46 65 53 51 60 82 70 58 91 116 126 109 104 103 88 94 112 106 92 78 80 122 157 156 130 152 152 130 118 129 145 149 149 122 101 90 98 99 110 130 147 155 152 153 153 152 149 150 146 146 146 145 144 146 142 143 142 141 141 135 134 136 138 139 134 140 133 131 122 126 131 138 132 125 109 106 107 115 116 115 115 116 119 115 113 115 114 115 120 117 121 117 116 116 115 116 113 115 115 122 127 115 83 39 
43 41 41 36 40 48 45 42 53 45 46 58 75 66 54 76 96 97 73 61 61 66 115 132 126 99 114 141 161 144 124 120 145 138 146 158 169 162 158 139 112 103 99 101 115 132 151 155 156 154 154 151 149 149 150 147 142 138 135 136 136 138 140 141 141 141 141 140 143 140 139 138 143 141 143 138 138 134 131 133 131 130 129 129 125 122 115 115 113 117 117 119 116 115 117 117 118 121 120 119 122 122 122 116 119 118 124 124 123 127 133 131 
39 43 43 48 43 41 42 48 47 43 42 56 65 77 110 120 96 74 74 77 84 118 127 111 109 134 146 146 135 148 154 162 157 163 159 148 125 114 104 104 100 108 126 144 153 157 158 159 160 159 154 154 155 156 149 151 151 151 147 147 149 143 146 147 148 149 147 147 147 147 141 145 135 141 140 143 145 137 135 137 135 136 133 129 129 127 126 121 122 119 118 114 116 118 120 120 118 124 122 125 126 129 128 129 122 122 123 126 128 129 126 130 
42 40 40 38 41 40 52 50 44 53 66 87 94 101 94 85 82 91 90 92 97 93 90 111 129 128 117 118 121 122 129 133 121 105 96 79 77 92 103 120 141 155 159 163 163 166 162 161 160 157 164 164 166 159 158 152 155 151 153 153 152 156 157 153 155 161 157 158 160 150 148 145 147 147 148 145 142 148 144 140 139 133 128 127 129 124 122 126 122 117 118 122 119 119 120 123 123 122 123 122 126 129 124 122 126 124 122 122 127 129 131 129 
41 40 42 41 39 43 42 45 59 69 97 89 72 71 81 80 71 62 70 75 85 121 136 125 115 113 126 129 128 129 119 116 110 103 104 117 133 146 159 160 158 161 165 161 163 163 167 165 166 170 172 172 167 163 160 157 156 165 158 156 157 155 162 164 160 163 168 165 164 161 141 152 149 151 152 149 149 147 149 142 133 134 132 131 131 131 122 124 135 136 135 128 125 126 126 125 124 124 125 127 125 124 125 127 125 128 124 124 127 127 132 131 
41 45 43 44 43 47 47 64 65 81 103 86 69 62 62 64 70 91 104 118 108 91 85 99 109 122 126 136 133 128 135 135 133 146 155 164 165 160 158 161 159 162 160 157 157 166 171 177 180 184 184 177 172 167 166 167 160 163 165 167 167 168 169 167 165 162 163 164 164 165 165 160 158 156 156 152 151 152 153 150 150 145 142 146 137 131 133 137 132 131 134 130 132 130 123 124 124 122 119 124 123 120 122 123 126 122 127 127 127 125 125 125 
39 41 41 41 45 57 62 62 74 111 95 72 67 50 46 58 80 97 102 92 98 132 139 125 132 139 146 147 140 139 145 155 166 167 170 163 155 155 152 155 158 160 155 159 169 179 187 188 188 185 178 174 173 176 171 172 175 172 165 173 169 168 169 169 167 167 169 168 172 171 167 165 166 160 154 147 143 139 145 148 147 150 146 140 144 144 139 136 140 134 138 140 134 133 133 124 123 122 121 118 120 121 119 120 114 121 124 127 125 125 127 123 
44 45 44 43 57 56 50 62 98 89 77 71 49 83 116 99 95 97 101 119 135 138 136 130 133 138 134 134 149 159 159 165 167 167 161 158 156 154 157 159 147 149 157 161 176 192 189 192 189 186 180 178 184 180 179 175 172 176 179 175 179 170 170 168 172 164 167 167 165 159 163 163 160 161 160 156 154 153 150 145 148 148 140 143 139 142 144 142 139 140 134 127 132 133 128 135 127 128 124 124 118 114 112 115 122 118 116 118 121 125 126 129 
44 37 35 52 56 48 60 78 88 88 82 86 176 154 79 87 98 102 112 131 127 125 117 125 126 144 164 164 162 160 162 160 157 151 156 155 154 157 155 146 145 156 168 160 166 177 180 177 181 179 181 181 182 188 182 175 171 174 173 173 169 172 168 171 166 171 170 174 176 172 168 165 169 166 162 163 157 152 149 151 146 148 155 152 144 139 140 143 144 135 132 138 132 137 131 127 130 131 127 126 127 116 113 114 116 118 121 121 122 121 122 119 
32 42 51 55 56 53 64 89 81 62 68 114 89 55 80 97 108 121 127 125 137 130 130 146 162 166 164 159 176 176 164 161 156 153 153 162 164 152 142 142 144 148 158 168 172 167 163 173 173 173 182 186 195 198 196 188 178 175 180 177 179 178 176 174 179 173 171 163 159 163 163 166 163 167 167 165 158 155 156 151 155 151 150 151 148 150 146 134 132 136 134 133 137 132 127 128 133 126 127 120 120 124 116 113 113 108 114 118 117 115 117 123 
40 42 55 68 57 42 68 69 61 70 86 64 51 70 92 93 74 65 66 74 90 115 128 141 146 152 157 164 168 171 164 157 156 162 171 166 139 124 127 128 137 151 161 159 157 141 161 174 178 179 178 178 168 185 192 184 177 177 175 176 171 180 180 178 181 173 173 172 168 172 166 162 157 159 155 155 151 154 156 153 151 155 158 154 150 147 142 149 143 143 142 139 132 134 131 127 127 127 123 125 124 121 123 114 117 118 113 117 114 115 117 114 
47 37 34 41 60 89 103 99 102 105 96 102 120 114 101 100 110 122 126 130 120 112 103 123 147 165 164 162 157 157 157 163 172 178 167 146 128 121 126 133 137 150 168 163 128 127 172 181 179 172 173 174 177 185 193 193 178 182 183 182 184 185 183 181 176 172 172 169 172 167 164 168 162 160 159 158 158 158 158 159 152 153 155 153 151 151 145 143 142 139 136 136 133 134 138 133 127 128 119 115 122 119 117 118 108 105 110 109 116 114 111 112 
51 44 52 51 44 61 63 81 81 79 81 82 98 94 101 108 110 114 121 129 123 134 129 136 158 167 167 163 159 156 163 172 181 179 147 122 120 122 128 138 157 163 161 131 99 135 175 177 180 177 181 178 183 184 189 188 181 177 180 190 179 174 180 180 175 169 178 176 167 167 163 166 161 163 168 168 162 157 157 160 154 161 156 157 159 153 148 141 142 143 143 136 135 123 128 129 124 118 126 126 121 116 111 113 118 112 115 116 112 105 100 103 
44 51 68 62 61 68 75 83 56 59 82 82 78 88 97 110 116 111 125 139 140 144 137 131 154 161 160 159 163 161 163 173 163 158 126 126 124 117 123 136 161 151 134 79 84 142 166 174 178 180 179 177 176 186 188 190 187 183 182 176 182 179 183 184 181 179 179 171 170 168 173 169 169 167 170 166 155 153 152 156 162 159 153 152 158 149 148 144 137 139 138 129 139 137 127 123 131 122 112 115 116 117 121 115 110 108 105 108 113 114 111 105 
45 54 60 56 56 53 59 43 62 68 58 64 81 94 106 119 123 144 139 123 142 151 145 152 145 160 166 168 164 168 178 167 160 151 120 122 116 104 125 140 150 132 84 53 103 147 161 168 180 182 173 174 175 169 179 182 184 181 175 182 184 189 187 175 175 178 175 182 173 173 171 170 163 169 160 155 159 160 157 161 157 156 162 155 148 147 143 143 142 138 134 135 135 124 125 126 128 133 119 116 124 119 115 115 116 113 105 106 105 104 107 105 
43 67 64 47 45 48 47 37 37 46 61 69 77 93 96 110 130 130 127 131 135 135 142 159 158 157 159 162 164 164 155 148 152 139 126 106 104 124 141 160 154 114 60 49 110 147 167 179 179 170 168 169 172 179 176 179 185 185 187 188 191 187 184 180 184 174 173 177 168 168 167 168 168 156 142 161 158 159 156 156 157 155 155 156 148 149 143 139 137 136 139 142 134 133 133 122 120 118 108 118 120 115 115 107 111 106 105 105 105 101 101 104 
56 62 47 40 44 47 40 44 54 67 68 77 82 83 101 115 120 117 126 137 121 125 148 152 153 163 172 162 164 159 149 160 159 135 116 88 104 122 143 158 134 82 51 93 135 154 165 180 180 174 170 168 168 170 177 180 180 181 167 172 178 171 177 173 177 172 175 173 172 170 157 154 142 134 167 170 166 159 155 157 152 154 150 141 138 140 134 136 135 130 134 138 135 130 127 131 128 122 122 116 110 117 117 111 110 103 108 102 106 109 109 105 
66 34 32 43 57 51 50 52 58 59 71 80 95 98 103 98 105 115 122 115 115 128 132 132 143 155 171 171 165 161 167 172 147 134 106 99 111 132 144 150 115 58 41 90 149 169 163 175 180 174 171 171 172 169 170 170 173 180 180 182 175 175 181 177 169 172 170 171 161 153 148 139 124 160 175 164 154 148 148 135 120 126 117 122 129 131 138 136 134 133 147 144 139 133 127 127 123 120 116 116 109 108 109 111 108 99 95 101 106 107 103 101 
47 39 48 51 59 57 45 36 31 39 42 47 54 74 85 104 107 104 96 97 110 111 124 132 137 154 164 166 164 159 168 185 150 114 108 88 94 124 137 139 94 57 104 132 135 158 165 176 180 183 173 161 160 167 172 170 171 172 171 169 173 176 176 172 172 174 167 160 154 155 158 158 169 171 155 146 129 129 142 130 126 121 128 132 136 140 142 136 137 143 133 143 137 125 133 129 131 124 122 116 112 109 118 110 105 103 105 102 94 100 107 104 
47 44 45 61 48 51 56 52 46 47 53 69 77 67 70 68 82 98 104 98 107 109 109 115 128 148 161 168 170 165 162 162 137 113 95 82 103 131 143 130 73 48 101 164 161 159 159 179 176 170 167 168 166 169 171 167 170 176 171 174 174 165 170 174 176 168 164 161 153 154 158 160 160 149 150 144 149 145 145 134 118 119 133 143 143 150 142 137 133 138 147 145 147 144 145 135 140 137 129 119 106 104 106 111 108 102 95 100 103 103 103 96 
33 38 51 51 69 59 46 63 83 87 86 84 93 106 106 104 99 106 109 108 104 99 103 121 139 150 158 169 168 167 175 172 140 96 80 75 102 132 142 125 70 60 50 52 119 140 151 166 173 169 158 157 166 165 171 171 171 173 170 173 172 174 169 167 166 159 154 152 157 162 163 163 154 151 144 148 142 139 138 118 116 137 147 156 160 145 141 136 141 145 141 158 157 151 151 148 137 131 127 118 116 106 103 98 100 99 100 97 96 93 98 101 
47 47 60 58 65 61 52 62 77 99 109 106 100 103 106 112 122 107 95 96 85 100 109 122 141 147 154 162 169 174 176 174 142 113 85 72 98 126 138 111 52 38 63 76 101 128 148 165 165 167 160 162 165 168 176 169 169 168 173 166 170 170 170 167 167 161 155 157 159 161 169 173 164 153 141 142 148 143 123 101 120 148 161 166 156 155 145 146 141 137 139 150 151 153 144 144 136 132 124 125 115 105 98 90 90 99 99 89 91 92 93 91 
54 45 54 64 58 57 67 69 72 74 93 110 106 109 113 117 116 118 106 95 87 93 101 127 150 158 166 171 170 170 169 175 144 96 71 62 96 132 135 102 50 29 22 56 90 126 148 162 164 163 166 165 157 162 168 171 170 169 175 176 173 173 170 165 158 156 154 161 168 176 175 166 151 140 141 147 152 136 102 74 132 161 165 163 161 157 149 144 142 144 148 147 148 156 150 148 143 139 133 129 124 116 104 93 84 86 91 91 90 88 93 88 
45 47 53 48 44 49 58 77 83 87 94 100 98 106 111 110 112 120 122 122 84 92 99 129 153 155 160 173 180 177 181 182 146 106 70 64 95 122 130 90 80 52 39 69 113 130 141 154 158 161 162 166 164 168 168 169 174 175 169 172 169 170 165 162 160 159 170 175 178 178 172 163 160 158 156 156 154 133 89 58 142 168 165 166 162 154 148 147 146 145 150 153 152 149 148 151 150 142 135 126 118 114 111 106 98 82 85 86 86 91 90 90 
43 41 40 39 44 49 61 64 76 94 97 103 115 109 106 107 104 113 108 115 96 81 97 134 151 154 164 165 166 179 179 180 146 105 74 69 90 116 124 83 27 42 72 72 99 127 133 150 160 164 165 165 167 174 178 179 175 175 178 176 173 164 165 161 166 177 176 180 183 181 170 163 162 158 162 168 159 120 68 29 105 156 166 162 155 143 147 151 153 150 149 147 153 162 155 150 150 152 133 131 126 120 111 103 94 85 84 87 89 81 86 87 
36 48 48 51 51 58 63 76 71 70 99 100 101 112 109 114 113 111 113 120 107 90 98 130 152 152 152 166 173 180 183 180 139 82 63 63 78 106 116 81 55 60 75 102 128 124 130 141 153 157 166 171 166 180 187 186 184 181 179 175 168 167 167 169 174 179 176 173 178 181 169 170 170 164 169 171 134 89 57 25 94 130 155 158 157 145 142 144 146 144 152 155 155 156 157 155 154 143 120 117 124 116 106 98 91 81 77 74 76 76 85 84 
23 26 48 76 71 71 91 85 111 119 100 102 102 109 113 109 112 127 125 108 108 92 100 131 148 153 159 167 167 173 179 170 141 86 75 77 75 88 102 72 72 128 147 148 139 131 136 156 161 165 169 175 183 175 178 182 185 180 174 168 164 168 174 181 179 179 186 183 178 175 171 167 162 173 171 150 101 71 54 19 95 132 147 160 155 147 144 143 145 146 146 149 156 154 156 161 165 147 137 123 114 106 105 100 89 85 78 75 74 78 79 81 
30 44 55 61 68 77 77 112 131 122 112 96 112 116 109 112 120 126 119 120 86 79 89 126 143 151 165 177 179 176 177 176 132 98 69 78 87 87 89 60 63 63 104 103 114 132 140 148 159 169 173 170 176 191 185 177 176 177 172 178 184 183 179 172 171 178 185 180 174 173 170 160 154 166 169 133 85 68 50 13 85 133 132 148 145 134 126 140 144 141 137 141 154 154 164 164 155 154 142 142 122 113 106 96 92 83 77 70 70 74 83 79 
33 35 51 50 61 71 82 94 91 93 98 91 95 101 103 82 80 93 93 65 71 78 97 130 145 153 167 174 174 181 181 170 141 96 105 97 91 81 85 83 56 61 70 109 118 131 143 159 165 171 181 187 187 184 189 193 192 183 171 163 154 144 137 130 132 142 173 176 166 163 155 152 165 182 170 116 73 43 19 20 84 136 140 142 146 139 132 133 141 144 144 150 144 156 164 168 158 145 143 141 129 112 104 93 82 80 79 79 73 73 79 77 
33 51 66 79 79 75 89 93 92 97 105 95 102 113 112 109 89 68 73 94 109 105 112 135 152 153 155 162 172 175 177 170 144 130 109 96 96 83 81 91 75 62 49 87 116 140 154 163 165 167 174 174 177 176 172 175 175 162 157 157 150 142 134 125 110 123 169 171 173 166 158 158 173 183 151 103 64 41 35 29 116 142 133 140 154 134 126 126 129 134 134 135 142 160 168 161 160 155 137 127 122 118 107 95 86 83 78 70 69 73 74 79 
44 44 68 79 82 82 85 86 103 117 107 88 102 106 110 112 115 117 119 130 126 119 123 139 147 149 155 160 171 180 181 168 138 107 110 105 105 96 88 95 100 98 89 76 130 156 157 160 164 164 164 167 173 174 180 174 161 153 160 172 161 138 118 105 94 98 169 176 170 164 163 176 177 170 124 87 59 45 42 29 93 150 139 130 146 132 118 115 116 128 133 141 144 163 168 168 159 155 134 125 119 108 101 93 85 81 78 77 72 69 70 78 
39 49 62 87 91 91 85 79 83 93 90 107 106 112 107 114 119 126 142 151 140 134 136 140 148 144 147 157 171 179 183 179 163 129 112 105 101 103 97 107 117 118 143 167 172 164 164 164 166 167 164 169 170 170 163 156 150 162 179 182 155 123 74 52 84 93 168 170 169 167 161 162 167 163 110 74 45 36 43 30 84 133 137 130 138 124 105 96 111 118 128 134 142 160 167 164 157 149 136 132 117 106 98 89 81 81 76 78 75 73 72 74 
35 64 71 93 103 93 91 86 80 91 111 125 127 133 137 140 144 143 151 163 148 140 139 142 144 152 147 154 169 183 183 176 162 140 115 103 103 119 122 123 145 150 136 143 153 159 163 166 163 162 174 168 166 164 164 161 168 176 182 165 138 74 25 58 102 122 165 170 161 161 161 162 159 149 113 76 46 46 56 38 73 142 131 122 136 127 100 90 100 117 121 138 150 160 163 162 157 147 136 123 118 109 99 89 84 77 78 79 71 68 76 75 
45 66 86 108 100 85 84 83 98 117 113 116 125 136 130 133 139 148 149 155 150 139 135 138 146 155 143 151 167 177 181 183 159 152 126 112 116 131 143 150 146 162 162 156 160 169 163 158 168 176 164 163 161 156 160 163 158 160 159 140 104 24 17 76 141 176 167 173 171 168 161 164 150 155 111 84 57 52 67 54 50 130 136 128 133 125 88 66 89 106 124 138 141 159 162 164 160 143 134 123 111 97 89 89 76 75 80 76 73 72 67 70 
54 78 89 82 77 75 79 93 103 96 112 112 112 116 125 128 139 145 154 154 157 140 134 137 143 147 152 152 154 178 186 182 167 140 126 119 120 139 164 171 168 161 163 168 162 157 156 167 170 163 158 160 158 159 154 156 148 137 134 128 64 12 43 94 147 163 154 148 157 149 146 146 147 159 118 80 56 55 65 60 52 130 135 126 125 123 83 64 78 103 114 144 152 160 162 152 152 143 126 125 111 105 96 82 77 78 75 74 76 76 70 74 
62 81 94 93 84 89 97 95 91 100 106 122 116 108 113 123 125 136 142 142 147 140 141 142 141 152 149 154 163 170 180 178 162 143 138 135 147 158 178 187 180 169 167 163 161 157 158 157 152 146 152 156 159 159 160 165 190 181 147 137 133 55 65 108 107 129 139 151 149 133 126 129 137 155 132 83 58 44 66 62 36 111 127 131 136 122 93 62 67 90 114 147 152 153 158 158 150 139 127 114 108 98 94 87 78 77 77 79 74 68 73 75 
79 92 83 69 65 85 84 96 93 102 95 89 100 102 106 115 121 125 129 121 128 138 137 139 142 144 152 152 161 175 182 181 167 157 153 149 161 179 191 193 194 187 174 166 160 157 155 156 155 159 161 160 172 166 159 160 179 189 162 133 123 118 122 120 100 109 132 136 125 114 112 120 130 143 137 93 63 44 39 43 29 105 126 119 130 134 104 68 64 91 110 143 147 155 160 159 149 137 129 117 108 94 91 91 76 70 75 76 78 72 71 69 
63 74 69 69 67 80 90 91 85 91 91 102 102 95 96 99 118 128 135 145 141 140 138 145 146 146 147 147 154 170 184 169 156 162 162 162 173 179 181 190 192 187 188 184 173 165 168 163 159 158 164 167 165 162 156 158 159 161 149 130 107 92 89 89 72 82 120 130 113 111 120 141 144 156 143 101 63 46 52 32 30 107 135 133 131 127 92 67 72 81 103 140 149 153 157 160 153 143 127 114 109 101 92 82 76 76 74 74 70 68 65 69 
62 67 62 50 58 82 79 94 105 102 113 124 124 125 114 124 132 137 142 143 142 148 140 144 148 146 147 144 144 155 169 173 174 167 171 171 172 174 171 178 172 171 166 165 162 160 164 162 161 154 153 159 162 160 158 166 187 179 145 125 106 86 75 69 62 66 100 122 131 150 154 151 153 154 135 96 73 47 57 45 33 109 139 139 126 122 99 76 79 92 104 135 143 157 160 156 153 137 123 118 109 96 87 84 80 73 72 69 76 74 74 74 
52 62 64 57 88 93 72 65 97 99 117 129 129 130 128 130 127 132 141 148 145 145 139 142 144 144 149 150 157 163 175 180 182 180 174 168 169 170 176 185 182 174 169 162 154 152 149 151 150 150 150 148 145 148 142 150 158 146 138 121 107 92 85 95 89 77 94 122 143 157 162 175 176 162 136 90 60 42 51 52 33 104 129 119 120 118 99 82 78 89 107 117 137 155 157 152 145 139 126 111 112 96 88 84 79 76 77 73 72 73 73 74 
57 56 49 49 71 72 60 74 95 120 120 131 130 133 134 129 128 133 141 138 134 147 147 147 148 148 147 151 155 164 173 180 189 188 179 173 170 173 170 171 161 155 145 141 140 134 127 127 127 138 140 142 139 136 139 141 139 136 130 124 117 103 108 119 105 100 100 134 147 153 149 153 158 156 125 91 67 44 51 50 35 108 135 121 121 125 105 88 85 106 110 118 130 147 155 146 132 128 119 119 104 107 98 89 79 73 74 76 67 72 72 77 
58 63 61 66 68 60 68 69 96 110 113 124 141 127 128 126 124 128 127 132 137 146 145 146 147 147 153 147 152 157 171 173 164 161 160 157 155 154 156 149 144 141 147 140 136 144 149 142 140 136 137 134 140 138 138 138 142 154 159 143 122 107 33 45 118 130 133 141 137 135 134 142 143 145 126 90 65 41 37 35 34 94 123 124 115 125 116 99 96 105 115 121 126 138 149 149 148 143 132 110 108 101 97 87 87 81 74 73 78 77 81 81 
56 55 66 66 54 48 60 83 93 104 112 121 125 124 135 131 125 127 130 134 133 142 144 147 154 158 153 153 152 157 164 167 160 157 150 147 148 141 145 148 156 158 154 151 144 136 131 130 124 124 126 128 129 130 133 131 137 158 155 125 118 63 9 9 43 101 124 140 139 135 130 135 143 146 144 103 78 52 40 30 29 75 124 118 125 134 118 108 106 113 116 124 127 137 146 144 141 136 123 118 111 107 99 93 82 72 74 70 72 75 82 88 
43 54 64 59 59 52 50 64 90 102 120 126 124 137 146 142 130 131 134 136 136 142 148 145 150 154 155 156 156 157 172 182 174 152 143 141 141 145 148 156 162 160 150 137 129 128 123 126 127 132 127 124 128 129 126 129 129 127 122 128 114 94 38 16 46 88 91 132 141 133 130 133 136 149 154 127 83 49 37 30 27 95 128 121 120 126 122 113 113 118 121 124 127 140 145 144 143 138 133 121 112 107 102 95 86 79 75 73 74 77 78 79 
38 42 61 57 59 50 54 48 69 94 102 119 116 131 135 133 131 134 129 131 136 144 152 148 147 152 154 154 161 166 164 171 163 156 157 150 137 137 145 152 155 149 134 127 127 128 134 134 136 134 140 142 137 135 133 126 125 131 139 146 141 122 100 72 83 93 89 132 143 147 143 133 135 146 154 146 103 71 48 24 18 56 119 126 128 137 127 113 115 123 122 122 127 131 143 145 147 141 128 125 119 111 100 94 88 84 76 77 77 79 83 86 
37 45 62 74 57 59 42 45 64 83 90 98 107 130 136 134 134 126 128 124 127 133 144 146 148 151 155 155 165 175 179 182 186 172 155 142 131 129 128 131 138 132 119 104 98 108 120 133 140 140 133 136 144 145 140 142 138 129 123 142 165 154 129 115 103 104 101 127 151 146 145 145 135 138 152 155 129 87 62 41 17 43 112 118 124 132 123 120 127 124 127 122 125 136 142 143 141 139 131 120 115 108 105 98 93 86 78 76 78 82 88 89 
34 42 58 66 73 63 63 61 53 74 86 102 101 115 120 119 106 114 107 107 120 135 150 147 149 150 148 154 152 164 184 192 182 164 152 144 130 116 113 123 115 107 84 78 102 152 173 139 134 135 145 137 138 140 147 147 150 150 141 127 130 155 142 117 113 95 84 125 146 149 149 145 135 128 141 154 149 118 83 57 31 38 100 111 130 133 128 131 135 138 134 134 136 137 148 143 145 145 140 129 119 113 108 97 95 88 84 78 83 90 94 91 
42 45 53 67 71 71 80 79 89 77 84 93 96 95 86 66 61 64 73 81 112 130 148 147 148 149 150 153 157 158 179 182 173 159 150 140 113 98 105 104 96 73 74 97 125 91 65 129 127 129 133 141 143 146 142 150 150 161 164 151 137 127 129 135 127 119 135 149 149 150 146 144 149 139 140 153 164 145 107 72 49 46 98 116 134 134 125 132 133 135 138 134 135 140 143 147 146 142 128 136 122 108 99 99 95 93 86 87 89 88 91 95 
39 37 42 56 72 71 70 80 71 74 81 82 85 104 96 100 95 88 82 95 120 131 147 146 150 148 151 147 151 155 158 170 174 158 150 132 113 102 96 92 76 74 88 91 60 37 104 104 117 120 131 137 139 139 144 146 151 152 156 151 148 145 137 140 146 153 149 151 147 153 152 148 146 140 142 147 146 150 133 95 53 51 104 133 145 135 133 138 135 138 142 143 131 135 146 142 145 141 138 125 124 117 108 103 99 92 84 89 90 91 100 102 
39 50 50 50 56 75 76 80 78 82 87 96 96 88 94 95 94 90 89 87 108 124 136 137 135 138 142 152 153 150 158 167 171 160 154 132 101 93 87 80 69 84 94 70 60 84 119 115 117 124 128 127 136 139 144 148 150 154 148 145 150 151 149 151 146 138 143 143 148 149 153 152 151 145 145 140 137 138 131 111 79 68 122 145 147 147 143 137 140 132 129 136 137 138 134 135 139 141 135 124 114 109 106 101 96 93 95 91 92 96 95 97 
51 39 47 57 51 53 60 61 66 78 82 81 85 97 100 121 135 143 143 137 133 122 108 107 118 131 136 135 141 143 151 165 168 159 150 129 102 87 75 69 65 88 84 75 93 152 164 144 125 114 125 130 138 143 145 142 144 148 150 147 147 144 146 150 150 151 139 136 137 144 138 150 154 152 147 143 151 153 142 127 105 92 108 138 145 147 144 142 140 136 131 134 138 134 137 136 140 143 140 129 118 110 101 101 92 96 93 90 93 94 100 102 
55 64 57 44 46 36 44 59 63 59 51 61 76 89 107 118 133 139 127 114 99 97 107 119 119 114 113 113 121 133 143 160 166 163 162 132 89 76 72 66 66 101 85 82 89 99 96 112 118 111 124 128 130 137 138 142 143 146 145 146 144 145 147 151 147 142 146 148 145 136 140 144 142 144 143 143 141 132 133 130 123 107 105 118 141 144 145 148 140 139 136 137 137 135 142 143 137 136 127 117 111 104 103 103 99 95 100 97 93 97 100 99 
55 56 52 68 71 70 54 55 61 69 79 84 78 85 91 93 98 99 102 118 122 119 118 108 107 108 111 114 121 130 141 148 152 151 150 130 97 69 59 65 71 99 92 79 42 37 68 73 122 130 117 124 135 136 139 141 141 142 142 143 144 142 145 144 144 151 155 148 143 140 141 141 142 142 139 132 132 132 139 141 127 123 109 105 114 138 147 139 138 137 139 136 142 139 140 143 139 133 124 116 108 105 105 100 95 95 94 97 101 100 104 109 
60 48 37 47 50 64 86 70 67 61 62 70 81 84 94 106 102 101 101 88 86 88 81 90 92 103 120 126 134 140 144 149 152 153 149 139 100 73 61 55 70 111 109 82 77 77 37 67 108 123 124 132 140 133 134 132 137 141 144 155 153 149 146 149 152 155 154 157 146 141 142 139 138 137 142 140 140 138 139 135 139 138 128 112 117 119 128 138 135 130 135 143 143 135 135 129 122 121 120 106 108 104 97 97 101 100 105 106 106 106 106 104 
56 50 66 56 59 54 53 71 69 68 66 79 90 92 89 87 103 120 132 134 128 124 131 128 123 118 118 133 138 144 148 151 150 150 153 146 113 73 50 60 77 118 120 93 103 86 25 44 83 109 119 128 142 142 138 133 135 133 139 145 147 150 153 147 150 147 152 146 152 155 145 141 141 141 138 141 141 134 131 132 122 120 125 124 124 117 121 122 133 143 142 143 141 137 134 127 123 116 108 108 107 103 106 104 102 108 100 105 110 106 103 111 
49 75 62 56 57 48 45 57 66 74 77 76 85 103 108 110 102 82 85 104 125 134 136 142 140 137 137 129 133 141 146 149 150 148 149 139 114 83 63 60 79 116 131 102 45 22 43 67 82 112 123 126 137 143 142 136 135 138 147 145 148 153 147 150 150 157 153 150 150 141 148 142 138 143 141 138 139 142 140 139 135 134 134 138 138 137 134 127 120 120 129 132 138 134 130 128 113 111 112 112 109 111 110 102 101 105 110 105 106 112 114 114 
50 72 58 51 63 76 81 61 72 75 77 86 93 100 114 90 58 66 62 51 53 88 124 136 138 129 135 136 138 141 141 142 148 147 144 145 121 78 59 62 82 112 125 115 71 35 31 39 85 118 133 137 145 152 153 140 135 135 141 146 142 144 149 145 148 144 152 148 152 157 155 148 144 143 142 147 147 141 144 145 147 145 146 146 147 145 144 139 137 133 125 133 130 134 130 134 129 121 121 114 114 114 109 110 111 110 108 113 114 114 113 113 
73 67 65 64 78 63 46 60 64 57 77 90 94 88 73 59 76 76 66 82 86 66 71 115 139 140 131 134 135 138 142 145 148 149 145 143 124 90 63 60 77 109 125 123 91 57 128 133 129 125 131 137 147 151 157 148 142 139 141 145 141 141 145 147 154 153 153 160 156 154 154 150 152 149 145 142 142 142 139 148 152 151 148 147 147 140 142 141 144 147 138 125 129 129 130 129 121 121 114 119 115 108 106 109 110 115 118 117 118 116 117 116 
65 65 62 57 55 64 60 54 69 56 61 80 95 81 85 85 87 76 65 69 105 112 62 75 125 142 138 140 138 139 140 141 143 148 144 143 127 91 66 58 76 101 120 125 105 74 62 107 118 123 141 139 149 152 154 153 146 145 148 140 149 146 148 146 150 152 149 155 160 150 156 158 152 151 150 146 146 145 153 145 148 150 156 146 145 147 147 145 136 134 136 130 126 125 122 121 119 118 119 115 113 116 114 115 118 118 115 114 116 114 111 112 
44 56 69 65 76 77 75 54 60 70 70 94 104 95 79 97 109 96 78 78 89 103 90 57 107 128 137 138 135 140 142 143 141 139 143 141 125 106 85 75 69 90 110 125 123 87 60 41 73 119 143 148 147 153 158 156 149 143 148 149 155 150 148 149 149 148 154 158 160 161 158 159 167 162 163 161 159 154 152 153 155 152 153 158 160 152 155 144 144 133 132 131 128 127 130 127 126 126 114 118 113 115 117 117 115 114 114 114 118 125 131 131 
50 44 43 61 72 83 90 72 62 62 56 64 51 59 86 97 103 97 90 85 99 117 126 87 80 127 141 143 145 138 141 144 148 142 140 137 143 116 78 93 82 81 96 120 121 102 55 55 65 112 124 136 148 152 159 160 159 151 150 145 143 148 152 152 152 154 161 153 161 159 166 161 155 154 156 156 153 154 149 149 150 154 152 151 142 153 150 150 146 144 136 136 134 125 121 120 119 114 118 116 117 116 113 109 112 117 122 127 117 89 55 34 
42 54 38 48 69 73 73 79 69 72 79 91 118 118 99 92 91 94 102 114 117 118 127 119 95 112 134 144 146 144 143 139 142 143 142 139 142 124 97 76 76 85 85 107 130 127 95 38 48 62 113 134 155 153 149 154 152 152 150 143 149 152 154 150 157 156 153 157 160 161 159 161 161 159 162 157 161 156 156 155 158 159 158 152 141 141 150 152 145 136 135 129 123 121 123 120 112 121 121 116 111 111 117 127 130 113 88 60 36 33 32 33 
57 52 62 72 55 58 72 83 76 82 99 101 109 70 67 78 85 83 84 103 124 129 125 121 99 100 123 135 141 145 145 141 140 140 142 138 129 123 108 100 84 72 80 98 120 123 119 90 44 54 91 131 151 158 159 155 151 153 154 156 153 154 154 159 156 152 156 152 163 161 162 156 158 161 163 159 156 153 150 146 147 143 141 142 144 149 143 139 130 131 128 124 124 119 115 117 117 115 110 113 122 117 94 69 30 62 54 50 63 59 56 50 
42 55 53 56 51 50 45 79 76 73 70 72 51 38 46 59 63 76 85 92 106 118 125 129 108 101 115 133 139 144 141 142 141 139 137 135 130 125 115 102 103 104 97 101 106 112 124 121 103 70 72 108 148 156 158 158 152 155 153 156 156 162 160 161 166 163 161 162 163 159 158 158 158 150 150 147 145 147 150 148 142 145 146 143 142 141 136 133 133 129 125 116 118 117 117 115 114 117 119 96 61 27 14 17 18 41 89 65 61 62 63 58 
45 47 51 54 51 54 72 65 74 65 65 58 46 46 69 78 98 94 76 81 89 99 115 122 110 111 124 122 131 143 148 142 140 140 143 142 136 119 104 104 95 97 113 115 113 108 130 134 129 119 85 84 131 153 156 153 151 148 154 153 156 162 169 172 170 166 166 164 163 163 158 149 154 152 153 152 151 151 148 148 144 140 140 140 138 142 134 131 128 122 118 120 113 116 120 120 110 71 33 13 22 23 27 31 31 20 81 73 64 67 66 71 
43 50 66 65 64 74 75 74 71 66 52 54 52 66 77 84 84 78 73 73 85 82 96 109 120 116 134 124 130 133 141 143 147 141 136 138 142 137 118 99 127 110 113 116 117 114 121 129 141 145 135 103 103 135 151 148 151 153 154 159 162 161 164 165 166 166 161 161 161 160 159 155 157 160 158 155 154 153 144 142 146 146 139 137 140 125 128 122 117 114 110 108 114 125 107 59 24 13 27 32 31 29 30 28 30 28 36 110 68 65 75 87 
52 39 65 68 57 37 42 62 67 64 65 61 48 54 73 59 53 61 93 112 99 93 84 88 100 110 134 135 124 129 132 139 141 141 140 132 131 141 142 127 113 120 103 100 113 111 118 126 137 147 151 149 125 130 142 150 152 156 153 158 169 170 169 170 164 165 170 169 165 166 164 161 163 158 164 158 154 145 141 144 136 128 126 129 128 124 114 111 110 104 118 131 124 57 14 18 30 30 28 31 26 27 27 31 28 30 22 68 112 90 92 100 
67 58 45 62 56 71 60 44 35 43 53 53 65 49 32 40 58 74 87 95 114 107 85 76 71 79 116 138 137 132 132 134 139 138 139 143 142 134 141 147 143 122 109 104 90 103 112 123 130 131 137 148 154 150 158 155 155 156 157 155 162 164 165 163 165 164 168 165 159 149 153 158 154 152 145 138 137 130 126 122 127 129 123 121 114 108 108 112 120 130 103 47 13 23 29 30 29 31 31 25 29 33 32 27 29 26 30 24 109 123 121 143 
77 60 50 54 58 45 46 46 60 83 83 51 35 46 58 52 53 82 102 104 96 87 84 75 68 50 57 89 125 140 135 131 134 135 137 140 141 135 131 136 140 143 138 129 125 113 115 134 135 130 136 150 161 161 168 166 160 154 153 154 155 162 167 171 168 167 162 158 153 151 149 146 145 147 144 138 131 128 123 126 125 123 120 117 116 116 115 113 90 44 16 17 28 28 33 29 31 29 29 33 28 25 26 31 28 29 28 27 35 148 164 169 
47 48 39 40 50 43 35 40 51 50 70 77 68 81 65 75 86 73 63 57 61 67 66 74 70 73 63 54 70 103 129 135 136 138 135 133 133 135 131 129 130 131 134 134 132 125 123 132 133 132 141 159 167 170 166 166 161 160 158 158 160 158 152 158 160 160 153 147 150 149 148 139 136 139 132 125 124 123 124 125 121 116 114 110 104 102 97 52 19 17 28 28 27 30 29 28 29 31 28 24 26 30 29 31 31 31 31 31 26 72 183 174 
29 32 36 38 41 43 39 45 47 49 56 78 58 36 48 43 33 37 55 52 48 47 56 59 68 86 100 96 68 64 96 131 143 141 141 141 137 133 133 128 129 127 126 127 129 125 126 124 127 127 129 142 150 149 149 150 158 160 159 156 148 150 150 143 141 136 142 144 140 140 135 133 131 127 121 123 124 115 109 102 101 103 102 103 116 107 107 51 26 29 29 33 31 33 30 29 26 31 29 28 32 29 29 26 26 28 29 26 27 20 127 185 
40 35 40 37 38 40 38 40 48 53 54 56 78 66 46 45 45 48 44 46 45 54 60 60 56 71 87 91 93 69 70 101 131 136 138 139 140 140 142 137 135 135 131 125 123 125 125 126 133 136 132 126 125 129 133 136 138 136 133 130 130 132 131 129 133 132 132 131 133 132 130 126 120 115 123 121 110 104 110 122 123 129 118 114 126 123 97 35 30 32 31 30 30 30 27 31 31 32 30 28 24 26 28 29 29 30 23 30 28 27 36 184 
38 39 39 41 42 39 39 39 50 46 45 48 49 59 51 48 53 52 38 46 45 54 77 71 73 65 92 97 110 102 88 108 112 125 137 138 133 134 132 136 141 138 135 137 140 137 141 140 141 137 139 135 138 139 137 138 135 135 133 137 135 138 133 129 124 116 106 88 69 67 63 69 82 74 51 50 89 123 132 127 127 119 123 131 130 105 35 29 29 30 29 29 28 27 30 31 29 26 29 26 34 30 30 26 31 26 31 29 32 27 23 53 
39 37 34 38 36 39 42 42 40 46 45 61 56 48 51 43 43 47 52 45 43 40 45 64 69 61 66 85 102 117 93 96 109 113 115 110 114 117 125 127 125 131 137 133 132 134 128 126 118 114 102 102 99 101 101 92 102 106 115 112 115 92 75 72 66 81 82 79 76 87 97 90 75 82 81 65 66 99 126 114 120 124 104 67 40 11 22 30 26 29 26 28 31 27 28 29 31 28 31 30 29 30 30 33 25 27 31 28 26 31 30 16 
36 36 38 36 42 37 38 37 45 50 47 54 52 49 46 50 47 46 42 40 44 43 47 63 75 67 76 80 91 97 93 91 117 101 103 113 121 125 126 115 113 105 108 102 96 92 78 75 76 87 101 106 106 106 116 119 99 91 91 103 108 97 96 90 81 75 93 91 99 102 90 92 96 92 79 84 104 119 123 126 104 61 22 16 22 31 31 29 35 29 32 32 30 32 29 29 29 33 28 31 27 28 31 28 31 30 31 29 33 32 29 33 
39 37 38 40 38 40 38 40 39 42 43 54 59 51 49 54 56 61 54 56 43 47 46 49 70 71 68 65 72 81 83 82 88 109 108 111 97 106 109 100 92 97 90 83 80 83 102 99 110 107 110 109 106 115 104 86 95 87 84 80 85 108 119 119 116 112 107 108 111 100 104 127 136 125 125 133 128 102 70 37 26 26 26 32 29 30 30 30 28 30 28 28 32 28 30 35 32 27 31 32 31 31 29 32 28 33 34 33 31 35 36 36 
38 37 39 39 38 38 38 42 41 45 46 48 50 47 50 56 55 54 58 56 49 52 48 65 72 73 74 75 77 75 73 77 87 87 97 89 93 75 83 111 97 75 79 85 88 103 101 106 121 127 111 89 113 126 108 99 95 91 72 70 81 90 88 107 112 89 101 113 102 79 73 73 91 124 122 75 34 19 20 23 28 27 29 26 34 31 32 31 32 31 29 30 29 32 33 29 28 30 31 30 31 32 27 30 33 29 29 35 38 35 34 36 
34 38 34 35 40 39 39 39 38 42 46 47 49 53 55 53 54 58 55 60 53 59 63 66 67 63 67 75 82 85 85 88 93 92 101 96 86 119 112 72 103 116 98 86 96 93 94 82 70 87 100 97 99 104 106 109 102 88 86 86 87 73 73 80 99 92 80 87 97 103 103 123 124 84 33 24 27 29 37 35 30 32 29 32 26 29 29 30 29 29 33 32 30 30 29 29 30 30 32 33 31 31 33 33 34 34 35 36 36 36 36 36 
36 36 38 37 33 36 35 38 43 40 39 37 46 45 43 48 50 50 54 54 61 67 66 66 75 64 70 69 71 74 80 83 81 92 94 98 104 103 127 144 111 103 123 116 91 84 101 105 94 101 104 129 139 125 102 94 82 80 78 79 77 90 114 114 95 118 112 107 107 101 92 57 19 21 31 30 24 33 36 36 34 31 29 27 32 34 33 29 32 31 31 29 31 30 32 32 33 33 33 30 29 33 35 35 33 35 34 33 33 34 35 35 
