10 63 63 61 59 62 62 60 65 62 67 63 60 62 63 63 52 44 29 24 36 36 27 39 42 32 46 43 34 39 35 30 30 34 32 46 61 60 58 63 61 63 59 59 51 54 60 65 60 63 56 82 167 180 169 153 138 124 98 74 59 57 66 57 58 63 54 52 52 55 58 57 57 55 59 59 56 65 63 64 65 68 70 63 60 70 65 65 70 67 66 69 66 64 65 64 62 62 65 63 63 62 67 65 65 65 67 62 64 56 57 61 
60 58 59 55 57 61 60 58 61 60 58 64 65 60 60 70 58 62 66 64 65 59 68 68 61 62 63 64 62 65 67 65 65 65 70 68 65 70 70 70 68 70 72 72 70 67 65 75 72 75 72 65 63 72 71 71 66 69 63 66 65 65 74 66 65 70 74 68 71 70 67 62 66 68 67 65 64 63 65 63 65 67 64 65 64 68 64 66 69 65 68 67 67 69 68 62 60 63 57 65 63 61 59 63 60 58 55 55 54 54 54 54 
57 60 59 63 56 59 62 61 59 60 61 65 59 67 62 60 69 68 67 68 64 67 64 65 66 68 63 66 67 66 64 65 73 71 68 65 68 70 65 70 71 67 68 66 65 55 43 37 30 45 45 60 67 62 40 37 53 66 73 65 66 68 63 64 69 62 62 65 68 65 68 68 64 62 65 58 66 68 69 68 65 65 66 63 68 66 69 64 66 68 66 64 63 67 65 67 66 65 68 63 66 65 62 57 55 53 53 50 53 51 53 52 
59 59 60 59 67 61 59 61 63 62 62 64 63 64 66 62 62 60 65 62 60 61 61 67 68 65 65 66 62 67 64 65 69 66 69 68 65 65 68 69 70 78 73 69 64 92 134 155 168 176 179 173 179 180 174 143 98 34 33 63 64 62 67 65 64 62 67 67 64 63 61 63 68 69 63 64 62 63 67 66 72 63 62 68 65 73 70 67 67 66 68 63 68 67 68 64 69 63 62 67 65 57 55 57 57 58 54 55 52 54 50 46 
62 58 57 55 58 58 63 60 57 58 62 64 64 65 68 69 62 64 61 63 64 63 64 64 61 66 63 61 62 63 67 63 65 66 62 65 68 70 69 69 66 66 66 67 88 155 167 158 164 155 144 132 126 133 139 149 169 175 124 42 46 58 71 57 66 65 69 68 68 65 60 66 61 66 67 64 61 67 62 72 63 71 65 63 68 66 66 63 64 70 70 71 63 66 65 63 63 67 64 63 56 60 64 60 58 54 54 54 53 52 49 49 
59 58 62 64 61 67 59 62 65 67 66 63 61 60 63 66 66 63 63 70 69 71 66 68 68 72 68 73 67 64 67 66 65 60 66 67 68 60 65 67 70 69 66 65 97 154 157 168 171 167 165 161 154 146 141 127 120 130 142 151 94 46 25 43 37 45 38 49 52 63 65 63 64 61 60 60 62 65 64 61 67 64 69 70 64 71 68 71 67 66 63 67 68 64 63 62 64 59 62 63 65 59 57 57 57 56 58 51 52 50 51 44 
61 62 62 58 58 59 63 62 68 63 60 65 66 66 68 65 68 68 68 60 63 50 51 62 49 39 33 44 53 57 63 65 64 68 65 62 61 65 62 67 62 65 63 64 86 132 152 132 128 130 121 119 125 131 148 163 168 172 178 176 173 166 146 99 91 77 89 102 62 36 57 64 66 61 63 64 64 60 64 64 67 66 65 65 70 64 69 66 66 66 71 63 64 70 64 64 64 63 68 65 58 61 58 58 54 54 49 51 49 48 46 48 
60 59 58 61 65 63 65 64 62 61 67 67 63 62 69 62 64 50 43 40 38 28 30 27 31 31 28 26 33 33 29 30 38 36 54 42 51 61 66 64 67 66 65 75 73 115 145 167 153 152 161 171 165 158 174 171 165 156 148 149 154 153 166 172 138 139 157 168 178 112 43 56 59 61 59 61 62 68 62 63 67 62 65 66 66 71 64 62 67 69 66 71 65 63 66 68 69 63 57 60 60 57 59 56 58 54 52 48 51 49 49 47 
55 61 63 61 59 64 62 61 65 68 69 62 60 59 49 45 43 51 38 34 30 27 27 34 34 30 32 29 26 34 34 38 39 38 37 39 44 39 37 37 32 31 31 30 48 71 129 161 186 183 168 171 167 168 185 182 163 149 128 118 116 119 134 167 163 154 157 166 174 181 91 49 57 59 56 59 57 57 57 62 68 66 66 67 64 65 66 66 61 66 65 64 64 62 63 61 60 61 63 63 61 58 53 56 52 51 48 55 48 50 46 47 
59 60 55 61 63 66 64 68 60 60 56 47 48 50 41 36 42 33 42 43 39 35 34 35 46 38 39 33 31 26 29 36 39 33 36 34 30 34 33 36 54 44 23 22 23 19 74 142 166 178 181 154 147 172 207 182 169 153 120 104 105 114 135 173 187 171 166 163 171 184 149 51 56 53 56 56 52 55 64 62 61 64 60 66 66 64 63 64 66 66 62 64 62 63 61 65 61 59 64 55 57 58 59 53 54 51 53 49 49 49 47 43 
64 58 63 63 60 60 59 64 59 59 55 50 43 41 39 32 30 41 37 41 49 49 54 52 43 54 56 38 38 41 38 36 31 39 44 38 37 43 41 36 36 43 44 39 39 42 42 79 102 123 160 172 167 167 162 121 120 123 124 127 111 93 122 155 180 182 173 160 162 180 183 76 53 61 58 52 53 54 57 55 55 58 64 57 64 67 66 64 62 63 65 62 59 62 64 66 60 61 58 58 56 57 54 58 52 51 49 49 45 47 47 51 
57 59 59 61 60 61 63 60 46 47 37 37 42 34 40 42 42 31 28 39 44 38 36 38 40 44 48 46 47 53 45 51 39 38 36 40 41 47 44 40 37 40 38 34 33 39 42 38 39 42 68 88 95 79 51 46 47 57 87 113 162 161 101 78 145 185 174 156 145 166 197 125 52 52 56 55 57 56 58 61 55 60 59 68 65 64 64 62 65 65 63 67 64 61 63 57 61 57 58 59 56 54 55 50 52 49 53 49 50 47 41 16 
63 65 59 58 61 57 59 56 43 42 40 38 34 37 39 33 33 37 36 32 38 34 37 43 39 40 38 33 44 42 52 49 38 36 57 48 51 43 37 38 44 36 40 44 36 29 31 26 28 30 29 33 24 19 20 25 28 26 25 33 34 88 143 191 194 190 165 152 149 167 194 139 63 57 54 52 53 59 58 59 57 58 59 59 62 62 60 62 66 67 60 57 65 60 58 63 57 60 58 57 55 55 54 53 52 50 45 50 42 25 45 127 
57 59 61 59 65 60 48 41 41 41 40 39 37 40 36 36 36 39 43 39 40 40 41 35 36 37 41 44 41 37 40 43 37 40 27 32 31 42 38 44 46 44 37 42 42 43 37 37 42 26 20 22 40 65 87 99 106 108 110 105 101 89 86 92 103 123 130 151 163 181 202 137 40 54 58 58 56 55 57 56 57 54 57 61 65 59 62 59 58 59 59 65 59 58 61 59 59 56 52 53 55 51 52 52 46 45 48 24 35 119 205 221 
63 60 62 58 54 43 41 41 40 40 42 37 36 34 31 37 40 41 39 42 38 40 34 35 42 50 53 44 57 51 76 88 99 103 102 91 86 61 44 32 30 26 30 25 21 22 23 25 44 65 89 110 121 132 140 141 139 142 141 143 142 143 132 137 131 117 106 97 90 92 114 136 102 51 44 40 51 53 56 56 55 57 56 62 59 62 60 67 59 60 60 59 58 61 59 60 52 53 55 56 50 51 49 53 50 44 33 102 186 212 216 217 
62 62 55 59 50 43 39 39 40 48 40 35 44 39 37 38 45 40 38 35 42 44 50 62 68 72 77 92 82 93 116 123 128 131 134 132 131 130 126 120 109 100 94 88 92 99 108 121 128 135 138 139 137 140 139 138 142 146 148 147 145 150 152 150 149 150 143 140 133 126 110 106 94 104 88 81 49 46 35 39 45 47 43 44 44 39 42 36 44 40 41 45 44 43 50 49 56 48 55 50 51 47 48 45 47 43 136 199 209 213 209 207 
66 57 49 55 44 39 41 40 38 44 36 36 36 34 38 42 38 37 33 32 43 62 79 89 96 105 111 107 111 125 136 138 142 140 145 143 141 143 142 141 136 138 136 139 139 138 141 138 140 140 141 139 142 143 139 141 141 143 140 144 147 147 153 158 154 153 156 157 152 146 141 127 127 128 119 123 120 111 110 91 70 62 73 86 92 96 95 96 91 87 84 75 71 65 57 48 49 43 42 35 35 30 29 26 30 107 164 148 130 115 124 161 
57 62 50 49 40 41 39 42 36 38 36 35 34 30 31 35 34 34 37 59 81 98 106 113 120 125 124 125 132 137 140 137 143 144 144 145 146 145 139 137 141 143 141 142 150 144 143 143 143 138 142 141 141 142 143 149 156 152 153 154 150 154 153 152 165 164 160 160 164 164 157 151 138 131 132 135 136 135 130 134 135 126 114 101 102 111 135 151 159 160 159 161 162 161 159 158 152 152 149 147 141 137 135 135 131 139 137 138 137 141 124 84 
63 57 49 43 44 43 44 47 40 34 32 31 28 28 37 34 36 47 81 100 109 114 120 128 130 129 131 130 135 139 138 142 138 140 145 143 137 141 140 136 136 138 130 130 129 137 145 136 137 147 147 149 155 152 152 161 157 157 152 154 153 153 157 167 167 170 173 173 172 173 169 162 160 151 146 153 148 138 137 146 147 145 139 142 132 119 108 102 119 154 167 164 165 165 163 168 170 168 169 169 169 167 169 167 170 165 163 162 163 164 166 162 
59 58 44 38 41 44 42 48 38 36 33 28 32 33 32 28 53 92 106 112 116 122 128 131 135 132 135 136 139 140 135 138 142 146 144 146 144 140 145 141 135 117 104 99 105 125 138 148 155 161 165 164 160 159 153 154 155 152 154 161 163 167 165 167 174 173 175 174 183 181 178 175 173 162 153 154 151 144 145 145 143 147 146 148 141 130 136 132 113 104 118 154 165 169 171 168 168 172 173 171 171 174 171 169 171 172 173 171 171 170 174 173 
62 49 42 39 34 38 45 37 39 33 28 30 34 27 23 63 97 105 111 119 124 128 127 130 131 136 135 137 136 132 138 150 152 151 149 153 148 146 137 126 108 87 100 124 136 148 161 166 163 168 163 163 159 150 155 153 151 152 155 159 162 167 174 172 172 174 175 171 174 176 177 178 172 172 164 155 150 144 150 144 141 151 159 161 150 151 151 141 128 123 121 108 133 165 172 172 172 172 172 175 175 171 172 174 174 172 175 174 174 175 173 175 
46 49 45 38 42 39 40 37 34 34 31 29 25 28 63 93 107 111 116 119 122 127 129 129 133 138 138 139 136 144 147 151 153 155 152 151 146 138 132 104 83 91 112 134 154 178 180 175 174 173 166 158 155 153 152 156 157 157 162 165 171 175 174 176 174 180 182 178 180 175 178 184 184 180 181 175 166 160 160 158 149 146 146 147 150 144 144 142 151 143 126 121 104 104 138 171 179 174 173 174 176 176 174 173 176 176 178 179 177 178 177 178 
45 44 51 37 43 41 37 46 36 32 30 27 29 51 91 107 109 115 117 121 128 131 134 138 141 140 141 147 153 150 153 153 156 153 151 143 141 141 128 92 85 105 121 147 170 181 184 183 177 164 151 150 156 154 160 165 163 158 158 163 169 174 176 183 178 183 186 183 183 180 180 180 188 187 182 182 177 172 164 162 166 169 161 162 161 160 147 139 144 137 132 134 125 111 104 115 153 169 181 175 177 178 175 175 177 178 175 177 177 180 180 178 
41 41 38 43 46 44 45 40 37 33 32 30 53 90 107 108 114 118 121 129 129 134 133 139 142 146 146 148 148 152 152 153 152 156 156 144 140 139 108 74 87 106 131 156 182 185 184 171 159 138 124 132 144 157 160 164 164 161 160 162 162 173 177 182 186 184 186 192 187 187 186 184 183 181 180 177 178 172 171 166 160 154 156 159 162 156 158 151 154 143 132 141 146 140 126 122 104 132 170 180 183 180 182 181 182 181 184 178 177 176 179 180 
32 41 44 37 44 45 47 43 36 28 34 52 85 103 114 116 121 121 125 125 131 133 138 140 142 145 147 155 157 157 156 157 153 158 154 149 141 124 89 81 98 115 134 167 177 183 163 134 113 104 117 119 133 157 161 168 165 166 163 161 161 167 176 182 182 186 187 193 189 182 185 183 179 177 180 179 177 172 168 158 166 161 156 159 156 155 164 164 158 154 149 141 128 135 132 130 145 121 118 153 177 185 180 179 182 179 182 183 174 175 177 180 
43 39 42 45 38 37 27 41 32 32 50 83 103 109 117 121 123 129 128 131 132 135 140 142 145 142 142 152 152 157 164 161 159 158 151 147 134 105 74 72 93 115 150 167 177 175 132 127 81 108 106 118 132 152 165 171 172 165 158 164 167 172 179 180 183 185 181 182 185 185 181 179 181 183 181 182 179 174 169 174 169 166 155 151 144 140 146 148 148 159 155 147 138 142 131 136 133 127 110 111 144 174 185 183 185 179 182 186 183 177 178 183 
38 42 41 36 51 42 40 41 32 39 77 101 109 118 117 121 122 129 133 132 134 138 138 139 147 153 154 154 158 161 160 160 161 157 156 149 123 101 84 83 97 115 146 163 178 161 114 92 120 155 110 109 137 157 170 168 173 172 165 159 160 167 182 181 182 183 177 186 184 184 182 178 176 175 177 174 175 177 169 168 165 169 169 159 164 155 151 149 148 153 148 150 136 135 124 131 124 127 137 119 109 135 160 178 181 185 184 184 187 186 181 179 
44 42 47 38 46 40 31 39 39 60 93 108 115 117 123 124 128 130 129 133 133 137 140 144 151 153 157 158 160 163 161 160 162 158 155 146 128 113 97 83 94 118 151 173 178 149 122 99 168 189 180 118 129 157 172 170 170 167 174 168 169 170 177 172 181 179 179 182 179 181 180 175 174 172 171 172 173 171 169 160 160 156 160 165 170 166 168 169 170 164 154 151 130 135 140 135 133 124 132 136 124 114 132 150 177 183 187 188 185 189 187 184 
46 56 40 42 36 35 30 33 49 86 107 114 115 118 124 124 126 128 129 133 133 141 145 145 151 151 155 161 162 160 161 162 162 163 157 149 128 110 96 84 87 105 143 162 178 140 118 137 181 190 210 154 121 158 177 173 176 173 170 170 171 172 171 175 177 179 177 176 174 175 177 168 169 166 167 174 168 166 160 161 162 165 169 170 170 171 163 174 174 176 169 164 168 156 140 139 126 131 130 122 125 125 128 135 152 173 183 189 188 186 188 187 
41 57 42 33 28 33 26 36 65 96 108 114 118 122 123 127 125 130 135 132 137 140 145 149 153 152 155 158 156 157 164 164 163 163 156 143 130 117 98 81 77 101 140 165 171 128 103 115 97 85 108 158 132 157 181 173 165 167 176 176 177 169 165 171 168 166 170 176 172 169 173 172 171 170 167 167 168 165 170 165 163 164 159 160 172 178 185 181 184 175 166 164 151 152 136 130 146 133 143 142 129 122 121 121 136 158 171 180 185 186 189 186 
47 54 57 35 40 37 34 49 80 101 109 118 121 123 127 124 127 133 132 138 140 143 144 154 159 156 157 159 160 159 159 162 165 164 161 149 136 115 99 77 78 112 140 157 166 120 100 55 38 68 161 116 122 139 170 173 167 169 178 177 166 177 169 171 172 166 164 164 168 170 165 166 170 166 163 166 164 152 147 127 147 157 166 166 169 176 176 173 172 169 164 155 147 141 143 145 137 133 132 138 136 128 119 116 116 139 159 175 184 186 188 188 
56 52 45 47 32 37 42 66 94 106 113 119 125 125 127 130 125 135 135 137 144 147 152 153 158 161 159 159 155 161 160 161 165 164 161 157 144 127 102 83 89 114 151 162 158 110 100 51 86 51 68 75 113 134 158 166 166 169 175 178 175 170 165 162 167 165 167 167 164 163 164 165 166 159 164 169 165 150 140 130 146 155 174 162 157 160 163 170 166 167 178 177 160 156 155 144 137 133 116 121 142 141 129 119 110 123 144 162 183 185 184 186 
56 45 31 31 36 38 49 80 98 110 118 119 125 128 126 128 131 134 137 140 146 150 155 155 157 160 160 159 161 162 159 162 163 166 168 158 148 128 101 80 77 114 146 158 153 106 98 59 64 78 51 72 129 134 150 157 162 168 175 172 176 172 164 164 162 159 164 165 165 166 164 165 163 164 166 171 163 142 122 130 140 160 170 160 153 160 163 168 180 181 184 186 183 164 164 151 156 135 132 141 131 128 124 127 120 112 136 149 166 179 180 186 
44 41 30 27 32 42 51 81 104 112 117 123 127 129 129 126 130 139 139 144 146 149 153 160 163 164 161 164 162 160 160 162 168 173 167 158 152 136 106 82 89 122 155 155 144 104 100 50 35 42 48 83 133 134 143 155 165 167 168 173 173 165 159 156 162 165 168 163 162 163 169 162 167 167 168 165 155 146 132 127 150 177 186 153 129 144 155 169 173 180 184 183 187 183 179 163 158 147 152 153 135 134 126 124 122 119 126 140 160 157 176 184 
47 47 42 38 26 34 51 83 106 116 119 123 127 130 129 130 135 135 140 142 151 153 155 162 165 166 163 163 162 162 161 165 170 172 165 158 154 138 105 84 91 117 154 159 149 105 86 94 92 68 115 127 125 134 144 154 167 163 164 169 168 162 159 158 162 162 163 162 165 169 171 169 164 164 161 156 146 133 116 137 170 188 173 131 123 152 170 170 173 181 192 186 178 177 175 175 174 172 164 156 146 134 133 131 119 121 115 118 145 169 156 170 
38 32 31 36 33 39 59 83 99 117 126 130 133 132 128 131 138 137 142 149 153 156 160 161 164 163 166 163 165 165 166 167 169 175 169 167 152 138 109 78 73 95 140 158 150 118 80 103 154 159 157 131 128 127 142 161 165 164 170 166 165 160 156 163 160 164 162 166 167 169 172 168 168 166 160 158 147 132 134 143 157 185 181 129 107 145 176 181 183 180 184 187 187 187 185 184 176 177 164 153 148 144 140 133 115 111 119 120 138 162 173 171 
47 48 34 26 30 38 57 87 98 116 123 131 135 129 132 137 139 145 144 152 154 158 162 164 170 170 167 167 165 166 164 164 164 171 170 169 158 143 118 83 72 92 144 166 152 126 73 102 109 140 144 113 120 127 140 161 169 167 165 159 162 162 163 163 166 165 171 176 177 171 169 167 163 162 162 158 141 125 132 140 155 177 168 126 102 131 165 178 175 166 181 189 185 183 181 179 181 175 172 157 160 152 142 144 125 109 109 117 118 148 168 177 
42 41 47 44 29 42 66 90 94 117 131 134 135 131 136 140 140 142 151 156 161 161 160 168 170 169 166 168 165 168 162 164 167 171 169 171 164 151 129 91 75 88 136 169 162 146 95 79 109 101 105 90 112 120 141 156 159 163 162 160 162 159 158 161 167 175 175 162 162 169 156 149 152 151 142 135 128 129 138 150 174 178 152 124 108 121 149 178 181 164 179 188 186 192 184 173 174 174 181 173 156 150 160 153 143 130 127 128 115 140 162 174 
49 49 37 35 38 38 55 78 107 118 130 132 129 132 140 142 139 146 153 158 161 166 168 169 175 172 173 171 169 170 166 172 172 171 170 174 169 162 144 119 77 87 122 174 177 160 143 90 82 88 127 115 113 125 142 152 154 156 155 156 151 156 166 170 175 162 155 156 175 188 188 156 143 145 132 117 117 123 132 155 182 179 161 124 119 124 141 179 187 172 174 185 189 191 187 179 171 158 162 170 167 166 157 144 144 131 129 118 123 130 159 177 
39 40 43 48 33 36 55 85 111 128 132 133 138 138 145 146 150 150 156 163 167 165 167 168 170 176 173 167 168 172 168 172 172 174 174 169 173 173 163 129 101 84 119 163 181 167 152 142 109 97 91 99 124 125 131 142 149 151 151 151 158 158 161 163 155 146 149 166 195 190 163 169 150 138 120 99 97 97 126 164 183 169 157 114 115 125 142 169 187 163 174 188 188 184 182 172 173 172 178 168 167 164 167 175 150 139 135 131 126 127 150 162 
38 30 34 38 42 45 54 88 113 123 131 135 135 139 143 154 154 157 161 161 166 164 161 166 172 174 174 172 169 171 170 169 173 179 175 174 176 175 173 154 128 103 108 146 176 178 171 153 143 137 126 99 121 122 135 140 146 150 150 155 162 165 162 150 144 152 161 182 193 132 125 157 160 131 116 107 107 115 134 173 175 176 145 82 110 123 142 171 189 170 178 192 184 185 181 174 173 168 167 167 167 160 174 172 155 146 126 120 133 122 155 170 
34 32 32 37 47 42 59 77 107 130 132 136 141 144 146 149 156 157 160 170 173 169 172 174 176 175 172 168 170 170 170 172 174 173 178 179 183 180 178 168 152 131 119 142 172 177 176 169 168 157 132 125 115 128 136 142 145 151 158 161 159 156 150 149 154 160 172 172 159 62 100 149 160 153 127 109 116 112 144 169 178 175 110 70 101 121 142 167 191 163 150 176 180 177 175 171 172 170 164 160 170 186 176 173 170 148 133 135 134 123 134 177 
42 40 41 40 33 42 51 82 109 125 134 136 143 148 148 151 158 167 171 168 179 175 174 176 176 177 179 174 172 178 176 177 178 180 182 181 186 180 180 173 170 163 163 161 172 169 169 163 148 135 126 117 119 136 140 145 150 156 159 160 155 154 149 153 157 171 178 181 163 58 80 136 160 160 153 134 121 127 156 174 164 175 138 69 101 117 138 172 187 155 146 159 167 169 169 167 166 167 172 173 169 175 178 173 168 153 151 137 142 129 130 164 
39 42 44 31 35 51 72 75 96 121 129 138 142 150 146 153 166 169 172 174 176 179 181 174 178 174 173 175 180 182 182 182 179 174 177 183 188 188 192 181 174 169 172 180 178 183 175 165 156 142 132 135 137 137 144 150 156 158 154 149 148 150 151 155 170 172 181 176 176 159 127 176 178 139 113 114 128 135 155 167 161 171 138 78 99 117 144 168 182 135 141 148 150 150 155 163 161 166 178 176 176 172 175 165 171 151 140 144 142 132 120 167 
41 32 29 38 39 48 66 96 113 127 132 132 142 144 152 162 161 164 169 172 177 177 176 181 179 180 178 179 182 185 180 182 175 174 180 179 183 190 191 190 184 174 183 182 184 186 185 177 169 162 152 150 147 147 158 159 158 154 150 155 159 158 156 163 158 163 175 184 204 204 174 166 186 157 139 129 125 128 134 162 159 163 147 77 94 103 134 157 173 136 123 128 136 156 159 164 164 165 172 178 177 176 170 166 160 160 143 131 137 133 127 149 
44 33 30 31 36 52 69 97 114 131 133 141 144 143 149 159 167 169 171 179 183 179 172 174 178 173 175 178 185 190 187 182 177 177 177 180 180 187 192 189 182 181 187 184 182 181 178 176 172 162 161 156 153 154 151 154 159 160 158 158 151 153 160 164 163 172 188 183 187 200 205 189 172 157 143 124 101 95 126 153 155 160 144 82 95 108 131 158 168 138 144 143 146 156 162 164 161 173 180 183 181 181 180 187 178 148 142 149 154 145 135 162 
33 43 46 39 42 63 85 101 113 123 136 142 150 145 155 161 159 161 168 172 175 178 183 181 177 181 183 181 184 182 179 179 179 176 176 174 179 190 191 192 184 176 176 177 174 174 174 171 163 165 155 163 160 162 165 166 161 157 160 165 167 177 184 192 184 191 201 186 183 192 197 194 173 170 149 133 120 112 119 166 165 157 138 79 93 107 128 144 168 135 149 144 144 154 159 160 163 170 180 183 186 183 181 174 166 152 150 144 141 141 133 148 
30 31 35 39 49 56 74 88 109 126 137 141 146 154 156 168 162 167 167 177 179 176 171 179 180 179 177 179 182 188 184 180 182 182 178 174 180 184 187 187 180 176 175 175 171 176 169 165 170 167 163 161 163 163 168 170 174 172 174 177 176 177 187 188 183 181 193 191 182 188 189 177 162 160 158 121 81 95 119 149 156 151 132 83 96 113 130 154 171 129 110 135 140 153 159 161 160 171 181 179 182 178 179 176 176 169 153 153 149 127 124 132 
46 43 41 41 45 60 77 88 103 124 133 145 149 149 155 168 171 171 177 178 175 176 178 175 180 177 175 177 176 183 182 183 177 175 178 179 179 184 187 182 179 177 170 163 170 169 169 173 177 175 172 172 170 183 179 186 185 188 185 184 173 183 183 178 174 176 182 184 185 188 192 179 156 147 129 135 129 122 134 145 149 155 122 82 96 109 139 154 175 131 113 120 139 158 161 164 165 173 180 185 178 168 162 173 182 158 143 137 162 152 130 146 
43 57 49 39 43 62 80 89 107 124 135 144 150 153 159 162 167 173 177 185 179 176 179 177 177 173 171 179 176 176 184 179 182 177 174 180 187 189 191 186 182 168 170 165 161 166 166 171 187 195 195 195 193 195 189 190 189 189 194 202 190 176 178 181 178 173 183 180 184 192 195 160 141 127 123 115 113 129 151 148 153 161 101 87 101 117 138 153 173 139 137 140 136 153 155 158 168 174 181 176 178 176 169 159 169 160 139 125 143 139 132 137 
47 32 33 44 62 75 73 87 105 124 143 147 144 146 156 170 167 166 176 178 176 173 179 180 182 184 183 181 183 186 182 180 181 183 180 176 180 190 186 186 173 176 170 174 172 171 166 164 168 179 186 188 188 178 180 176 176 179 178 185 203 204 193 179 182 175 174 183 200 201 164 130 122 119 117 118 116 126 146 150 164 158 80 77 103 122 139 154 183 150 146 159 150 155 161 158 166 168 173 178 176 164 160 166 167 150 144 138 140 139 141 170 
33 39 49 41 48 55 75 100 104 116 131 142 147 151 159 167 183 170 176 178 181 178 181 179 177 175 175 182 186 186 178 179 181 178 178 175 176 176 180 179 182 176 175 177 176 179 176 167 163 158 162 167 175 172 162 159 165 165 167 167 171 188 190 181 171 177 180 187 204 168 118 126 131 91 81 89 101 127 152 158 163 147 61 81 106 125 133 154 179 156 150 161 162 160 161 168 172 172 169 173 176 176 168 164 155 137 141 126 136 130 132 141 
44 47 43 43 52 70 81 95 101 124 136 144 147 148 155 168 179 171 174 178 181 177 177 179 179 178 181 177 186 187 183 185 174 177 176 180 182 184 183 181 178 178 176 179 174 180 170 164 155 148 146 142 146 160 169 165 159 161 161 159 161 170 173 169 175 172 174 179 155 59 72 134 131 123 107 99 95 133 163 155 154 151 65 84 116 127 138 163 172 151 163 163 161 165 159 162 163 162 162 161 163 166 164 159 152 144 127 131 124 129 136 149 
36 37 38 42 54 54 68 91 106 124 137 144 147 155 161 164 175 174 175 180 180 179 185 184 183 182 182 182 181 182 181 181 180 179 178 179 184 181 184 178 169 166 168 178 178 172 160 154 144 132 124 121 134 137 145 162 173 172 165 163 157 156 162 167 173 178 176 168 168 137 118 131 128 133 123 112 115 129 164 162 158 155 97 86 108 126 147 170 173 155 166 175 165 169 168 170 169 164 155 155 165 165 166 156 142 129 123 128 132 135 139 166 
33 38 42 39 49 61 76 96 110 124 136 149 151 159 162 170 175 176 176 174 177 172 174 180 183 184 180 185 183 184 178 179 178 181 178 181 180 183 179 168 158 154 151 148 155 150 157 151 138 122 122 117 111 120 137 143 151 162 167 165 166 166 158 159 160 159 162 162 175 196 190 151 150 156 153 130 113 121 139 172 166 151 117 99 112 127 146 168 165 157 169 173 174 173 166 166 162 169 167 154 157 164 155 142 135 133 124 123 124 123 138 149 
35 35 37 38 48 61 67 85 115 123 137 144 148 156 162 168 173 175 175 178 180 181 181 180 175 179 178 182 181 182 185 182 180 181 177 183 184 181 178 173 158 131 134 137 145 162 162 151 132 136 126 125 124 121 123 137 148 145 146 152 157 162 162 161 159 157 155 159 166 177 168 150 163 166 159 134 123 113 137 161 177 149 117 97 115 138 157 165 154 158 171 177 177 176 172 171 167 163 158 157 157 152 138 143 138 130 104 108 123 121 124 145 
30 31 34 34 43 63 76 97 119 136 135 141 156 158 174 171 180 180 177 173 176 180 176 181 180 182 179 177 177 177 183 175 184 181 177 183 183 180 172 164 140 132 121 135 156 165 152 130 115 108 92 117 128 130 129 131 132 143 146 146 150 149 155 157 158 166 169 168 158 150 150 164 167 170 171 151 133 124 128 150 167 169 118 97 117 144 161 164 165 170 174 175 177 177 175 172 171 170 152 154 137 138 135 141 138 127 120 127 121 130 150 152 
36 39 34 36 38 65 95 95 102 124 138 141 150 161 166 183 179 182 179 182 181 180 181 180 180 180 180 183 178 179 172 182 183 183 179 182 183 180 168 145 128 114 116 136 157 155 136 111 93 87 102 102 105 121 139 141 144 142 148 153 148 152 148 154 159 158 166 173 178 171 172 174 176 179 182 174 149 130 115 139 167 175 133 95 121 153 163 160 160 164 176 178 177 176 174 170 159 155 155 157 156 151 143 127 118 107 115 123 118 129 147 157 
33 32 38 41 42 53 73 102 109 106 124 141 149 157 166 181 180 177 177 178 182 178 184 179 183 183 182 182 178 176 181 179 184 179 180 182 180 173 159 134 112 90 101 132 157 145 111 75 82 90 98 90 104 113 142 149 150 154 161 160 158 150 156 156 157 157 163 167 168 171 171 176 178 179 176 171 151 129 121 139 168 181 140 109 134 162 168 167 172 175 177 184 183 168 169 155 155 162 155 148 141 140 123 115 99 113 119 119 116 141 155 158 
30 28 31 31 36 50 65 83 103 119 133 139 152 163 176 175 178 177 180 178 178 180 178 183 181 181 181 178 176 175 176 176 179 180 176 173 171 166 153 129 92 83 92 133 148 137 99 74 87 89 103 92 109 116 127 158 158 154 159 171 163 157 156 158 162 163 156 161 166 166 170 171 172 178 179 172 150 133 135 130 153 169 160 140 141 161 168 170 176 177 179 178 170 162 165 163 151 141 153 140 128 132 135 121 106 102 112 105 121 143 159 161 
30 35 33 30 34 42 61 77 103 117 137 146 146 163 177 180 176 179 181 178 184 183 182 175 180 180 178 176 175 170 169 171 178 176 177 179 174 167 146 114 74 65 79 134 145 134 90 87 89 125 139 115 107 119 131 147 162 161 154 160 169 166 162 157 156 161 157 163 167 166 170 173 170 177 180 175 156 135 124 129 126 148 166 150 146 144 160 169 178 181 184 176 172 169 150 155 141 143 130 135 124 120 111 103 104 109 105 119 125 148 152 164 
39 33 32 32 33 47 55 71 88 114 135 147 157 181 177 175 166 177 186 184 184 183 176 175 178 179 176 172 173 176 167 170 174 174 175 179 175 168 143 109 73 60 77 131 145 131 86 97 108 153 158 156 113 117 136 142 150 158 161 166 166 170 165 158 157 160 164 165 164 167 174 173 175 181 180 181 174 158 130 112 127 144 156 158 142 143 160 170 172 174 178 171 169 157 153 146 152 143 132 117 119 104 102 109 108 112 114 116 142 154 166 169 
33 36 34 30 33 44 56 65 88 107 122 145 156 166 178 173 177 179 185 182 188 184 180 175 178 176 172 171 172 171 173 172 171 175 180 180 171 162 145 116 73 55 71 129 146 144 92 95 88 91 82 92 128 131 138 144 146 158 168 166 168 168 168 163 159 161 157 162 172 178 177 178 177 175 173 179 183 183 156 144 133 143 153 161 159 155 148 151 157 165 169 155 148 149 144 154 139 135 127 114 121 113 120 119 114 103 112 125 154 167 167 172 
33 31 33 34 36 36 50 63 82 99 121 144 160 168 192 176 182 182 180 182 188 182 180 176 174 175 172 170 173 170 170 172 176 180 179 174 169 160 151 122 74 67 82 135 149 142 95 90 54 29 34 65 87 130 137 154 153 154 160 170 170 168 172 168 163 162 163 158 169 174 180 176 179 184 181 174 173 171 177 162 156 162 174 165 171 160 167 171 163 156 160 153 149 148 144 132 141 131 131 129 128 121 119 116 106 112 139 156 163 168 171 172 
38 34 35 42 37 37 47 70 93 104 121 144 163 167 184 180 175 186 178 178 184 178 179 175 173 172 173 171 166 171 168 169 171 175 173 172 168 157 143 119 82 59 82 131 147 146 98 93 54 95 100 63 71 112 130 152 154 154 158 166 175 171 166 168 165 164 169 170 170 172 178 181 178 181 185 180 177 174 176 170 175 173 164 168 157 175 168 172 173 166 158 154 153 160 147 146 136 130 128 127 128 122 114 108 116 125 154 165 167 171 173 171 
39 42 38 34 32 33 46 67 82 103 119 136 148 166 176 185 193 179 185 179 184 179 176 175 176 174 178 174 172 172 172 175 173 172 175 168 171 158 139 116 83 62 73 128 145 151 110 97 67 45 64 61 60 102 133 158 163 158 161 165 169 172 168 173 166 167 167 168 170 171 173 176 184 181 183 183 183 183 179 169 162 163 163 163 166 167 181 174 158 159 152 148 137 136 131 131 142 131 121 128 133 114 106 114 125 150 163 165 170 172 175 173 
43 39 31 28 31 33 45 65 78 98 120 135 146 165 171 179 176 186 184 177 176 179 175 173 171 169 172 169 170 173 173 174 171 173 173 172 171 160 146 120 88 74 73 113 147 153 131 103 58 31 38 138 126 123 132 168 173 165 165 172 171 170 172 168 168 164 167 166 168 174 179 177 176 178 180 183 187 182 176 179 167 167 159 164 156 150 154 165 164 161 155 139 132 136 129 126 122 117 118 119 105 103 112 126 147 162 167 172 173 176 174 173 
48 37 34 36 32 30 39 59 81 97 121 138 147 161 169 176 175 169 175 177 171 166 170 170 169 164 164 170 167 168 170 172 174 176 174 172 167 161 154 132 100 76 75 96 139 153 147 109 84 68 66 121 187 144 144 165 172 164 165 170 171 169 172 168 169 169 171 172 171 174 176 175 177 178 181 181 183 180 176 172 168 176 166 163 161 151 158 146 149 155 151 147 128 118 128 118 125 119 116 112 104 110 132 150 154 165 168 170 174 171 170 171 
50 42 32 31 34 34 39 51 68 85 110 134 142 150 159 168 173 164 164 170 172 168 166 170 169 167 168 169 169 169 168 166 169 171 173 171 170 161 145 120 88 77 87 101 139 161 163 115 114 124 175 186 186 129 146 172 173 166 167 168 163 163 168 174 175 171 172 173 173 175 174 176 181 181 181 182 183 184 174 175 174 166 157 157 159 159 153 157 156 155 145 137 133 141 126 130 131 132 113 106 113 135 153 162 167 169 171 172 172 175 174 169 
55 45 39 38 30 30 35 42 66 84 99 130 139 147 153 162 162 162 163 159 161 163 163 164 168 169 169 166 166 166 164 168 169 172 174 171 167 162 153 125 94 85 91 101 141 160 172 129 121 92 159 192 158 121 139 157 164 164 165 160 166 167 171 175 170 175 174 172 170 177 180 182 182 182 181 180 182 172 177 171 160 159 151 150 153 153 147 145 147 149 141 137 128 132 131 124 114 104 104 126 143 154 160 161 168 171 172 170 170 170 170 166 
52 53 40 35 46 51 37 34 59 86 96 119 136 139 146 152 159 158 153 156 155 156 161 165 166 167 167 169 165 164 164 163 166 170 172 176 172 163 149 131 95 81 89 91 129 160 170 161 115 114 79 138 117 112 131 156 164 161 159 163 167 175 174 171 173 178 179 177 171 166 176 180 177 178 182 181 179 175 171 164 163 153 147 146 145 142 141 150 143 145 140 129 123 125 117 105 91 115 134 147 157 163 167 171 170 171 169 168 170 170 168 167 
51 56 41 41 38 36 31 33 45 82 99 111 130 135 137 142 147 154 156 160 163 163 159 161 165 166 166 163 167 166 160 166 167 165 169 165 160 162 150 124 95 82 86 98 122 151 177 175 128 110 106 71 110 110 128 146 154 157 158 166 175 174 179 174 170 177 178 181 179 181 182 175 173 174 171 175 175 175 167 162 157 149 152 143 147 141 136 145 132 131 128 127 120 115 94 97 125 143 156 161 162 165 166 168 169 167 167 165 162 162 165 164 
51 49 37 31 38 30 35 31 34 62 96 105 119 134 133 140 143 148 147 154 159 158 159 162 160 165 167 166 165 164 163 163 165 165 163 161 158 156 157 145 109 89 88 104 109 139 164 173 168 124 103 99 86 116 129 149 153 159 163 170 175 172 172 176 180 181 183 177 177 180 176 178 172 173 168 171 163 161 165 139 138 139 146 143 138 142 148 144 143 136 123 109 95 106 124 142 154 161 163 163 166 165 165 164 161 160 165 160 158 160 156 159 
52 47 40 43 40 40 33 29 32 36 73 103 114 127 132 133 142 146 147 149 152 159 161 162 165 165 167 168 165 168 165 168 167 161 163 160 160 159 155 158 140 97 88 109 109 128 154 167 167 169 155 144 130 122 139 154 158 156 166 169 177 176 174 171 173 171 174 176 178 174 177 176 171 166 159 159 158 152 143 143 138 145 137 149 144 138 138 134 119 103 96 108 124 142 151 154 159 168 171 173 174 174 170 171 170 151 149 156 154 159 159 153 
55 50 42 36 42 37 36 32 31 34 42 89 104 123 136 133 138 141 148 151 150 152 156 159 162 165 169 167 165 165 167 165 166 162 160 158 159 156 151 149 157 139 91 84 109 114 144 166 169 164 162 163 161 147 148 155 165 166 167 168 172 171 170 173 170 170 170 173 169 169 168 169 162 156 152 150 137 138 131 143 148 138 141 136 138 125 118 115 113 121 141 150 155 156 159 157 158 153 146 136 126 117 109 99 93 116 159 101 119 114 122 117 
57 51 47 46 38 37 34 33 33 32 34 49 96 114 127 134 130 139 141 145 148 151 153 155 161 164 166 169 166 162 163 161 163 162 160 156 154 153 152 145 141 147 117 101 99 114 129 155 165 164 163 161 163 165 164 166 166 165 164 164 164 167 169 168 163 164 167 168 163 158 156 158 153 153 140 135 137 131 128 129 132 128 127 127 111 109 109 109 106 106 96 86 77 72 66 58 52 50 43 46 38 37 30 31 29 44 182 180 116 127 70 97 
51 43 45 48 45 39 37 33 35 32 28 39 55 101 115 126 135 140 142 144 149 147 153 154 157 157 161 163 169 169 162 162 160 162 162 157 154 151 151 150 139 134 127 87 100 100 111 133 143 154 156 156 162 162 167 168 164 163 160 159 163 165 161 159 161 160 160 155 153 148 149 142 139 134 126 113 120 127 124 108 96 80 71 61 58 53 50 50 45 42 39 43 39 37 39 43 41 42 43 41 46 49 44 41 40 35 80 208 167 124 141 83 
46 54 51 52 49 46 37 31 27 30 29 35 39 58 102 122 127 140 140 142 144 145 145 147 154 154 156 158 160 160 159 154 157 155 153 156 154 152 152 151 147 138 132 125 91 84 88 109 119 131 141 146 149 153 159 159 159 156 158 156 157 151 152 153 147 152 148 147 148 147 140 129 110 102 101 116 103 73 62 50 47 46 41 49 46 46 44 46 47 47 51 46 51 50 50 48 47 46 45 51 47 45 45 43 45 41 39 108 217 180 129 143 
43 47 53 51 45 41 39 40 36 36 36 32 32 39 54 100 123 122 134 141 140 145 148 152 150 152 156 153 149 152 150 152 153 151 152 151 150 153 150 151 147 144 138 135 132 125 116 128 133 137 139 142 146 149 149 152 153 148 149 152 152 152 150 150 147 148 148 145 129 112 102 91 94 103 121 75 58 49 53 51 46 49 52 47 49 48 49 43 50 49 48 50 50 51 51 48 45 52 56 48 50 51 45 46 44 45 44 41 123 219 210 161 
49 48 47 47 50 50 53 44 35 33 36 39 40 32 34 43 90 131 123 131 142 138 139 142 144 145 145 150 152 150 150 150 153 151 152 149 151 149 150 151 150 138 140 138 141 137 140 137 142 145 143 143 145 150 151 151 151 154 153 152 154 150 146 151 149 143 118 95 83 104 122 139 156 168 173 77 50 50 51 52 58 51 49 48 47 47 51 55 51 50 53 49 48 47 50 49 53 52 50 54 48 48 57 57 53 51 47 44 49 114 223 219 
59 47 43 49 48 50 47 39 39 41 38 39 36 33 28 29 35 79 129 130 129 137 145 144 143 142 145 146 144 144 150 151 148 145 143 148 146 147 147 148 141 142 142 144 146 146 148 148 150 155 157 156 158 156 158 155 157 156 156 156 151 149 141 119 89 47 78 139 164 156 160 173 175 182 184 111 52 54 52 52 50 51 48 48 51 48 48 47 48 46 49 51 51 53 54 49 55 55 53 54 54 59 55 53 50 53 48 49 40 50 88 206 
64 55 39 46 48 50 48 41 37 37 41 39 47 41 36 34 26 37 55 108 135 136 129 135 139 142 143 145 143 144 141 142 141 142 144 145 145 145 140 138 142 142 142 147 146 145 135 132 127 115 103 100 92 85 93 106 114 116 116 105 95 79 55 31 37 96 145 146 167 180 170 170 177 179 182 125 59 52 52 53 51 48 53 50 48 49 50 51 48 56 55 55 57 54 52 60 55 58 59 60 59 56 56 58 54 56 55 52 51 43 51 69 
59 61 54 43 46 43 47 46 39 38 32 36 44 42 30 33 30 34 36 41 85 119 135 137 137 143 140 141 140 145 142 146 144 144 143 143 143 142 140 139 136 138 138 125 104 83 68 45 46 41 38 26 31 38 36 30 31 37 41 49 44 56 73 110 140 120 94 123 168 180 175 169 167 178 179 119 59 52 53 50 47 50 50 49 50 48 49 53 54 53 54 52 53 55 58 61 56 57 58 60 56 58 55 57 57 54 54 53 50 47 46 46 
67 65 57 44 37 42 50 45 44 41 42 39 44 44 38 32 31 34 36 39 42 53 78 113 124 126 132 131 132 120 128 129 136 136 138 134 138 134 135 130 123 103 76 52 52 39 47 43 37 41 37 50 43 35 28 27 35 38 28 28 35 57 78 82 67 64 95 166 189 174 172 175 173 175 169 88 58 56 54 56 50 46 45 49 48 53 54 51 55 58 57 59 56 61 59 60 60 60 57 58 60 59 58 58 59 56 51 52 53 51 50 52 
63 61 64 56 55 47 48 47 44 45 44 45 43 51 62 39 41 27 37 43 46 55 57 59 76 95 104 106 108 109 103 97 101 99 99 98 99 86 77 59 49 41 38 36 38 38 31 36 34 33 29 34 42 49 78 98 106 101 112 102 111 94 86 86 86 82 99 144 177 179 165 168 173 177 141 68 56 54 54 49 54 47 54 55 52 50 51 56 54 59 58 60 58 56 60 56 59 60 62 60 56 57 59 60 56 57 57 55 52 50 50 53 
61 64 62 66 60 48 40 42 34 37 48 48 44 42 64 46 48 36 43 34 42 43 50 67 63 58 70 75 71 75 74 74 58 63 54 55 38 48 39 41 36 40 39 30 22 37 37 33 39 41 36 38 59 111 144 152 128 122 153 174 149 142 135 122 104 115 132 161 161 148 175 184 184 162 92 55 57 57 57 57 54 56 53 48 51 57 54 57 57 55 55 60 58 61 57 60 58 59 56 59 61 57 57 60 55 56 58 54 51 49 52 49 
63 65 66 64 64 59 57 41 38 36 40 46 55 49 64 48 46 47 49 58 54 52 49 39 43 52 47 49 50 54 47 41 46 53 47 52 47 43 41 36 36 30 39 42 43 33 45 37 30 35 38 66 102 120 151 142 140 155 165 177 169 160 151 146 139 148 166 178 151 111 96 111 119 81 57 53 55 55 56 50 54 54 50 56 55 51 61 60 61 63 62 56 58 60 62 55 55 58 64 61 58 59 64 60 55 57 58 58 59 52 52 53 
67 66 62 63 64 63 62 60 43 41 42 41 38 50 60 66 52 47 58 67 58 53 44 46 41 44 45 42 42 39 42 47 44 45 48 40 39 38 38 35 38 41 36 30 32 35 51 56 57 49 62 102 110 139 156 163 166 171 168 173 172 170 169 165 167 172 154 110 62 54 45 50 43 49 56 55 54 55 56 58 55 58 59 56 53 54 54 58 58 57 60 64 57 57 64 61 65 61 58 59 60 63 59 58 62 61 56 54 57 53 50 50 
60 58 62 66 63 60 68 72 59 54 47 42 40 48 50 59 58 52 44 51 51 51 41 46 32 44 50 45 50 50 48 49 48 39 34 40 31 29 34 32 31 38 30 45 59 58 53 59 58 62 115 140 129 124 129 134 130 122 130 139 143 132 124 141 141 101 58 48 51 57 57 54 57 59 56 57 58 61 54 52 52 52 54 54 54 62 65 64 60 61 57 58 61 60 61 63 65 65 62 63 59 55 54 60 60 62 60 58 52 54 52 53 
65 66 67 63 63 69 60 64 70 59 63 46 41 45 38 44 44 52 43 45 47 46 44 40 44 43 38 39 35 37 44 35 40 35 41 38 36 39 25 24 29 47 64 60 60 61 58 54 55 77 148 153 128 119 126 134 151 155 144 124 104 118 144 134 73 55 50 56 57 59 59 56 54 59 61 58 58 54 56 54 62 56 57 55 57 56 59 64 61 59 59 62 62 65 63 62 54 55 59 57 61 61 63 61 56 60 62 59 58 54 50 52 
61 66 64 67 67 64 66 67 64 63 59 60 55 54 33 39 33 39 46 44 41 41 42 40 33 38 44 38 36 37 33 39 33 30 27 26 26 36 41 54 57 62 54 61 64 61 61 64 63 96 162 149 146 160 160 158 138 130 132 149 162 161 128 67 60 51 63 57 61 60 59 61 66 59 55 58 57 58 61 62 55 64 58 53 60 62 63 63 65 65 67 61 61 61 63 58 62 66 59 61 57 60 58 57 61 62 63 59 57 57 56 49 
61 60 60 64 66 63 66 60 62 64 64 65 61 63 51 39 35 39 44 36 43 43 43 42 48 40 38 32 30 33 51 34 33 25 22 35 43 50 57 60 59 57 62 56 61 62 57 61 57 74 166 138 121 127 142 136 151 165 161 112 79 60 57 53 56 59 57 60 57 60 56 60 55 56 62 56 59 58 62 56 60 58 65 71 63 67 67 65 66 63 57 61 63 59 58 62 62 62 64 62 61 58 63 62 58 61 60 62 64 57 54 55 
