10 54 59 60 62 58 59 57 64 63 57 57 55 53 49 42 57 60 56 57 64 67 65 57 64 54 51 47 50 49 39 40 38 45 42 41 31 26 32 36 43 56 64 65 69 67 63 67 58 73 119 143 155 140 132 89 65 67 74 71 66 69 69 66 64 64 64 65 66 68 62 65 67 66 71 68 65 61 66 65 71 70 62 62 66 65 63 65 60 60 59 60 61 61 63 54 55 48 51 50 48 46 45 45 36 43 37 42 39 45 41 41 
56 53 60 62 58 60 64 59 59 57 41 43 37 47 36 47 46 43 41 38 28 32 32 33 33 34 38 38 37 38 40 34 29 38 34 39 36 36 35 35 35 29 34 22 28 115 142 119 92 87 110 121 120 121 110 104 95 102 110 116 140 160 130 75 92 116 107 75 36 42 50 49 50 51 53 47 51 45 47 51 49 48 45 50 47 46 48 46 46 47 48 47 44 48 52 48 48 49 50 51 49 55 51 59 58 52 56 57 48 72 142 155 
61 61 59 56 61 58 54 62 51 39 40 39 39 37 37 43 42 43 50 53 43 29 31 34 35 32 32 34 31 28 32 36 35 24 28 29 30 30 34 30 30 34 27 29 26 49 113 105 69 75 73 107 125 124 109 98 103 127 122 123 133 144 158 157 134 135 140 127 114 73 40 47 48 45 46 54 47 54 54 48 51 53 50 45 45 52 53 50 49 45 44 49 45 49 43 47 52 51 56 54 55 55 58 56 51 54 51 50 49 105 145 142 
54 56 57 57 57 59 61 60 55 42 37 32 39 37 41 43 45 44 36 45 52 42 32 35 31 35 37 34 37 37 33 30 29 36 29 34 32 36 35 30 30 27 29 29 27 22 49 69 49 58 88 89 102 100 68 79 102 116 113 127 147 153 171 165 163 138 133 133 130 126 90 45 44 53 49 45 52 51 45 50 46 50 45 45 54 48 49 50 49 48 43 48 49 44 50 45 45 49 49 48 53 48 45 50 52 51 55 58 61 134 146 159 
58 62 57 62 59 60 62 51 49 40 39 40 34 40 37 39 39 41 41 32 41 45 45 37 36 38 38 37 37 43 44 37 34 27 33 35 37 37 29 36 34 25 27 24 24 41 28 30 29 27 46 64 85 70 48 48 69 83 102 104 113 128 146 158 167 151 135 135 142 137 119 86 49 53 49 53 50 51 56 53 51 51 47 51 43 48 52 46 46 44 48 44 47 48 46 48 49 47 49 46 46 53 53 51 48 50 51 35 92 152 164 158 
58 56 60 54 59 58 52 44 46 54 51 49 51 43 35 39 41 38 46 40 41 42 44 39 36 31 44 44 46 44 31 31 31 39 39 36 35 30 31 27 28 30 35 33 26 51 28 33 34 35 29 34 53 59 75 73 66 72 88 119 134 122 111 123 160 165 145 125 138 145 132 107 65 48 46 44 49 52 43 49 51 45 51 44 48 52 54 48 47 44 47 51 45 43 45 47 48 46 47 50 49 49 50 52 51 47 54 86 133 159 147 140 
60 60 58 66 57 52 42 51 50 47 53 52 48 46 46 44 38 47 42 49 38 40 37 38 35 42 38 44 43 38 41 40 46 42 35 32 30 25 32 29 32 34 27 28 30 51 61 20 26 34 37 41 45 59 65 78 92 97 107 115 109 102 105 108 107 114 117 110 133 142 137 119 76 52 51 49 47 55 53 55 48 53 51 52 48 48 50 48 45 49 49 50 46 45 45 49 46 47 50 47 49 46 52 47 46 47 50 86 140 131 136 142 
58 61 58 54 50 45 40 34 43 51 47 46 49 48 48 43 45 34 39 41 45 38 39 35 37 35 43 46 40 47 51 47 45 31 33 33 32 35 33 32 34 37 39 39 44 51 64 75 63 66 92 104 107 111 120 116 115 112 110 103 102 103 98 95 92 91 92 87 104 110 99 85 62 46 43 51 51 52 54 54 51 47 52 48 50 49 50 50 51 48 47 47 44 46 46 47 51 49 45 47 50 48 45 47 49 48 48 124 157 164 163 157 
63 61 57 50 46 51 53 50 35 33 43 41 44 49 53 51 45 43 42 45 44 47 37 40 42 53 52 53 61 61 55 44 42 37 38 35 32 30 30 44 57 75 86 100 109 106 73 95 125 104 92 104 112 118 118 120 118 116 112 111 111 107 105 102 103 102 102 107 100 93 94 85 72 57 48 39 40 39 40 43 47 50 49 53 51 48 52 50 49 48 44 49 49 43 46 48 47 48 49 46 45 48 46 50 46 47 118 145 123 118 115 115 
58 50 49 47 41 48 60 64 64 62 52 53 48 51 50 44 48 47 43 37 35 40 38 35 45 50 59 63 64 66 64 54 47 44 39 39 38 42 60 79 90 105 120 128 130 128 97 79 120 130 106 89 96 107 112 116 115 116 117 117 117 112 110 106 102 101 107 110 106 112 99 101 107 104 98 95 86 70 67 54 48 40 36 34 39 49 53 44 45 46 52 48 46 47 48 43 46 51 47 49 47 48 46 41 45 108 124 102 106 116 115 116 
57 53 59 65 74 72 65 55 52 59 61 60 60 57 50 44 50 47 45 51 36 36 41 41 53 59 67 72 74 72 66 64 59 54 50 51 54 70 94 107 116 128 126 130 132 133 118 78 83 135 127 111 102 105 112 115 120 124 125 122 123 123 119 114 112 105 103 106 112 111 113 112 112 112 110 105 107 109 103 101 102 98 87 78 58 51 46 43 45 47 44 50 50 48 42 50 50 49 45 39 38 33 32 40 79 116 102 107 113 113 115 119 
62 80 79 74 68 70 61 56 58 55 59 63 61 54 48 46 54 54 47 46 46 45 46 55 66 76 89 89 91 90 84 78 68 63 70 75 88 105 117 121 125 131 139 142 137 134 135 108 85 112 142 138 118 113 111 115 115 124 125 126 127 126 125 123 118 113 110 106 104 106 108 111 115 116 115 115 114 111 111 107 108 107 105 102 96 93 86 72 57 45 41 38 36 37 39 33 38 38 37 49 64 82 100 113 118 111 116 119 115 117 119 113 
77 74 66 64 63 61 58 56 60 66 67 65 63 63 50 50 45 46 49 52 53 54 63 76 88 97 99 103 103 105 99 93 85 91 87 96 108 123 126 125 131 129 137 142 141 133 136 145 60 64 93 93 86 75 74 81 108 121 123 125 127 127 129 133 130 125 124 121 117 112 109 106 108 112 115 115 113 115 116 116 116 112 106 106 107 97 98 93 85 82 71 63 71 79 81 89 94 102 107 114 117 121 123 119 119 121 117 119 122 124 122 123 
66 70 72 66 63 70 62 54 57 63 66 59 62 61 60 45 48 52 52 55 64 72 79 96 108 112 118 112 114 110 106 102 107 105 105 119 129 131 132 133 128 132 137 138 133 118 103 197 189 173 217 236 221 234 216 177 113 97 125 132 123 125 128 136 139 133 134 135 125 121 115 111 108 107 107 112 116 120 115 115 116 117 113 107 110 113 103 105 97 93 89 83 85 103 116 110 111 110 110 112 111 114 117 125 124 122 123 126 122 123 126 124 
70 65 62 56 52 56 67 59 64 52 54 64 58 60 69 56 47 57 63 67 73 86 99 113 119 126 125 126 125 120 111 116 116 114 121 127 131 129 128 129 131 131 135 134 120 130 203 171 157 147 173 194 182 207 212 224 204 165 109 92 117 109 121 128 134 141 136 132 124 122 126 114 107 103 104 108 105 111 117 117 116 116 116 118 112 110 109 103 105 99 96 94 83 77 85 103 107 106 106 107 107 110 117 119 122 126 126 125 126 121 124 120 
69 65 63 72 71 67 64 59 55 61 59 62 67 57 55 62 64 59 63 79 83 97 110 120 129 132 132 129 127 128 128 126 125 129 131 131 132 134 134 133 132 128 117 115 116 126 125 120 113 114 118 121 127 127 132 137 127 129 137 139 94 126 123 123 128 135 136 133 132 123 121 117 113 110 104 104 109 114 112 117 116 118 115 118 115 109 111 113 110 107 104 99 93 88 76 76 87 100 101 101 101 102 108 117 121 124 125 127 130 123 127 123 
62 66 74 70 73 72 66 72 57 58 55 63 70 69 56 57 61 65 72 86 95 102 113 130 134 137 136 135 132 130 127 127 130 130 135 137 134 134 133 132 128 108 103 115 116 116 117 112 110 112 119 128 137 134 137 136 136 134 131 126 144 102 129 129 132 135 133 129 130 127 118 116 111 109 104 103 105 106 109 110 114 114 112 116 116 114 116 117 114 114 103 105 108 101 95 84 79 80 88 93 100 97 100 103 116 118 120 124 125 122 122 124 
51 55 55 53 57 62 68 64 74 50 50 50 57 60 57 57 63 74 83 93 99 115 135 135 137 136 140 137 136 134 135 136 130 134 134 138 134 137 137 135 117 102 108 124 116 107 109 111 120 121 122 125 135 139 138 142 141 146 147 139 138 136 103 125 129 134 135 133 127 121 119 117 112 112 110 106 103 109 110 114 110 112 116 113 114 119 113 113 113 112 111 101 96 95 100 83 82 78 85 86 83 93 94 98 101 113 117 107 97 119 124 114 
68 59 53 54 53 57 55 58 54 68 59 51 53 56 57 63 67 76 91 106 119 131 135 135 134 132 139 134 137 133 132 135 137 137 137 134 137 136 139 130 98 106 113 120 118 113 111 108 117 124 119 122 130 140 144 147 149 153 149 146 140 164 157 120 133 130 134 133 132 128 127 125 120 121 121 112 116 108 109 112 115 112 109 110 103 111 117 123 117 111 110 108 106 106 98 94 88 91 84 76 84 77 81 85 94 95 96 81 86 78 74 95 
51 55 55 50 58 60 53 57 61 65 59 60 53 54 51 58 65 82 104 112 127 141 139 143 142 139 136 139 134 136 134 136 134 136 141 139 136 142 147 117 96 126 123 125 121 116 117 110 106 108 106 113 125 131 143 154 145 147 152 159 159 155 203 108 134 137 140 133 136 137 131 127 128 121 120 117 109 110 113 114 110 103 98 108 108 109 110 109 98 104 102 101 102 100 101 98 93 89 91 85 79 83 79 77 65 78 77 76 78 72 68 65 
54 49 39 46 54 52 61 65 65 66 62 55 60 58 58 60 73 103 116 125 142 146 146 144 141 143 143 143 141 134 136 136 135 141 142 146 152 150 158 112 113 130 125 134 116 116 116 102 96 92 94 100 113 131 147 155 153 153 158 153 157 155 198 164 142 148 156 150 141 142 137 135 133 130 129 127 118 107 105 108 104 102 102 97 93 93 109 104 99 100 102 105 103 98 101 95 92 85 80 77 71 76 81 65 61 57 68 82 84 85 93 71 
72 66 65 59 55 56 57 59 62 65 70 59 57 60 63 77 100 107 124 142 151 153 150 144 146 150 146 147 144 142 140 140 143 141 150 150 156 169 157 103 136 117 111 124 122 125 120 102 88 86 84 90 110 124 131 152 155 150 158 158 147 165 184 186 151 156 162 155 151 139 136 137 135 136 135 138 131 119 111 112 106 105 104 104 95 96 99 101 103 108 105 105 105 101 96 93 87 92 82 82 86 78 70 66 71 70 63 70 70 76 80 84 
69 63 61 58 59 59 69 60 73 66 65 66 66 65 68 96 108 118 134 154 161 162 162 159 156 158 154 151 149 147 150 148 144 150 147 154 158 164 153 106 166 121 117 128 118 133 116 92 82 80 76 71 87 107 119 135 148 149 153 157 162 169 172 182 157 164 161 156 147 141 139 139 144 146 146 147 145 143 123 122 112 112 113 112 107 94 104 103 107 104 105 99 95 102 102 96 85 71 74 79 71 66 62 72 68 71 71 68 69 70 66 68 
65 67 73 64 66 64 52 69 73 72 70 76 75 74 84 101 112 123 139 157 160 162 160 159 155 151 157 156 155 157 154 149 151 145 147 158 162 166 148 103 176 111 113 120 118 132 112 83 82 86 69 60 90 111 113 124 146 149 157 165 170 168 167 178 148 166 169 158 149 140 142 146 149 154 160 163 159 155 129 118 126 116 115 123 115 111 106 106 104 103 99 97 101 103 102 93 82 73 71 65 59 72 70 63 66 68 74 69 67 65 70 74 
54 53 65 67 57 62 70 66 62 65 80 72 78 86 99 114 118 122 143 158 160 164 166 167 164 160 161 158 157 157 157 159 154 150 155 161 168 163 130 115 167 112 129 125 124 129 104 88 91 99 70 66 91 110 107 114 140 147 155 166 173 171 172 177 156 176 171 161 151 155 154 158 159 162 166 173 170 153 118 119 133 123 120 116 117 115 112 104 103 102 93 97 99 94 87 90 77 69 71 70 63 57 62 61 65 69 61 64 66 67 66 60 
47 48 56 68 67 68 62 70 76 66 72 80 86 92 102 115 123 129 137 164 167 166 170 169 169 165 164 160 159 157 160 155 158 156 157 164 166 161 145 132 160 106 126 127 131 134 99 96 93 94 59 68 96 114 123 109 121 144 149 163 168 168 175 177 159 182 181 165 158 161 160 158 168 169 174 183 166 125 100 99 102 108 109 110 117 126 121 114 111 108 98 96 100 99 84 83 90 75 68 59 53 54 58 63 54 62 63 68 63 56 55 61 
58 56 54 58 57 60 66 66 68 77 83 88 90 99 109 112 129 130 144 163 171 166 167 173 172 171 172 168 166 162 163 170 164 161 161 161 175 171 136 128 143 105 112 122 125 120 93 97 110 84 74 83 99 121 128 123 113 140 156 162 167 169 180 181 162 184 177 163 162 161 165 171 174 177 180 179 134 92 96 106 107 106 98 105 117 133 134 121 104 102 102 99 88 86 86 86 82 74 72 65 56 58 61 54 55 49 57 60 59 57 61 58 
54 61 66 59 58 67 63 69 72 83 78 87 88 100 112 119 130 129 145 161 168 171 173 171 175 176 177 169 168 166 170 168 168 166 166 169 172 170 141 121 135 96 117 131 130 114 86 104 100 71 96 109 108 117 137 130 109 131 152 158 172 177 184 183 160 183 172 166 164 166 172 176 181 186 184 170 101 95 104 120 119 113 96 93 105 119 130 130 122 119 111 108 94 91 90 85 87 84 78 70 63 55 51 68 57 64 64 58 68 54 60 70 
37 57 56 68 57 65 62 60 77 79 79 84 96 103 123 128 141 129 140 157 162 173 173 175 175 178 176 174 170 173 176 178 176 170 171 170 174 170 143 113 131 95 120 140 138 122 93 108 88 60 68 84 117 122 142 136 109 127 152 160 171 179 183 181 163 187 178 171 171 174 179 181 186 192 188 131 104 97 101 116 112 102 102 101 100 107 125 130 124 124 114 107 102 90 85 89 85 85 85 70 65 52 58 64 56 59 58 67 53 55 68 64 
38 48 53 62 64 59 61 63 78 78 81 92 99 104 109 132 143 143 151 156 167 169 175 179 182 180 184 179 178 181 180 181 180 176 178 175 175 174 146 105 126 89 115 143 143 129 101 109 80 76 74 72 109 104 124 121 101 115 149 158 163 176 185 178 171 188 177 174 178 181 184 189 189 190 162 108 106 101 114 116 110 112 106 98 96 102 109 115 109 106 107 108 101 96 96 94 92 91 82 73 62 63 53 51 53 56 56 54 44 53 66 57 
50 41 52 55 61 57 52 59 70 80 87 87 102 110 117 144 137 151 149 150 166 176 181 181 179 181 177 183 186 186 183 184 185 180 177 180 178 177 147 128 147 82 106 150 141 126 104 116 63 39 38 60 111 107 115 110 99 120 140 160 171 177 188 170 178 189 182 181 182 179 186 192 194 182 124 111 110 104 107 112 111 103 107 106 104 105 111 118 115 107 106 107 104 112 98 91 90 93 87 85 77 78 76 68 61 54 49 51 54 60 65 66 
69 59 47 60 59 62 59 61 72 78 93 98 104 115 123 138 145 150 154 146 171 183 181 177 181 185 189 186 187 189 186 184 185 185 183 185 182 178 153 146 178 91 107 156 148 132 114 126 88 133 40 53 101 103 111 107 105 125 139 150 168 173 187 157 184 195 191 186 183 186 189 192 190 150 113 112 104 99 98 105 105 102 95 100 110 121 123 120 127 124 121 117 119 112 103 103 109 104 92 79 73 68 63 63 59 56 50 54 56 62 57 59 
65 55 54 52 55 64 64 62 63 76 95 105 111 111 124 132 151 152 158 154 176 185 184 180 183 187 189 187 191 193 190 192 186 183 186 188 182 183 160 125 147 88 109 155 152 137 108 114 68 58 46 69 98 104 112 104 108 125 142 153 164 174 191 157 194 198 189 184 188 192 195 195 173 126 114 110 106 107 109 99 102 104 84 79 111 122 123 126 125 123 124 129 122 120 111 113 114 103 83 78 69 66 63 65 56 52 48 55 57 69 65 71 
58 65 63 56 58 67 76 66 68 86 97 105 117 115 114 140 157 153 151 159 178 185 189 187 186 189 194 192 190 198 197 195 190 185 188 188 188 186 163 128 131 82 104 154 150 136 111 116 75 53 66 58 96 116 112 105 106 124 146 157 166 180 181 160 194 196 191 191 194 194 198 194 148 119 119 112 110 108 106 109 104 99 66 42 90 117 120 124 123 122 124 129 135 128 123 123 118 105 93 83 75 73 69 67 76 70 68 67 67 68 65 60 
63 55 63 61 55 66 67 72 73 72 86 97 115 119 128 149 149 161 158 161 175 176 181 182 185 187 193 192 198 195 199 197 191 193 186 182 189 189 169 142 139 86 114 157 158 153 120 118 78 56 67 90 101 117 106 100 109 129 144 157 167 179 167 151 189 199 195 193 195 197 200 167 124 117 127 123 121 115 110 107 103 97 88 39 66 97 114 118 115 117 117 123 128 133 124 127 128 129 119 107 94 79 79 91 69 67 67 71 72 62 61 62 
77 60 55 58 59 61 68 75 78 74 83 99 116 124 130 141 144 155 157 173 186 180 181 181 189 191 193 198 200 201 198 197 194 187 189 183 188 187 175 152 136 87 106 156 153 154 112 108 91 87 128 118 103 121 103 95 111 132 149 163 168 172 162 152 168 176 191 193 198 200 182 138 122 127 128 129 118 118 110 104 100 101 96 57 48 82 101 117 118 118 117 121 128 132 128 125 134 139 128 118 106 95 88 72 69 70 68 65 55 53 47 53 
71 58 50 59 55 66 71 83 79 80 85 96 114 124 127 136 153 148 159 175 182 179 187 184 191 199 200 197 200 202 203 203 199 195 192 183 190 192 170 156 134 93 104 145 154 147 111 96 103 70 90 95 95 111 100 105 125 148 156 162 169 167 134 159 177 169 164 182 199 194 157 133 131 132 137 127 125 112 112 104 96 94 99 90 62 82 93 107 115 118 115 115 120 127 128 135 141 153 137 120 97 96 82 72 74 72 66 55 55 57 58 57 
86 71 57 54 58 69 72 87 81 84 84 96 105 118 123 142 151 152 164 179 181 178 181 183 189 195 195 200 199 201 204 203 199 195 193 192 182 192 183 168 144 93 116 137 152 148 112 90 98 79 77 102 97 110 96 104 127 146 163 166 165 155 132 173 171 166 150 148 180 173 142 135 130 139 141 137 123 110 101 98 84 98 120 103 88 84 94 107 114 113 113 115 117 119 125 128 139 151 143 130 113 103 89 84 83 71 56 52 49 63 74 72 
74 70 53 51 62 66 73 85 91 91 84 99 114 117 131 140 142 156 167 175 180 179 187 190 189 195 196 199 199 203 206 203 201 193 194 193 188 185 184 180 155 109 115 140 147 134 113 91 90 89 71 88 111 133 100 113 127 142 159 160 161 129 144 163 165 155 146 138 135 143 135 133 140 141 146 134 115 103 92 97 89 94 102 111 84 77 94 96 111 118 111 109 108 119 126 136 129 133 129 106 102 96 90 85 81 70 68 66 63 64 63 52 
62 63 61 47 57 73 70 80 96 85 78 84 100 114 119 118 134 165 176 175 179 182 180 188 191 190 197 202 203 203 207 208 207 199 196 197 193 182 185 187 162 110 119 143 154 129 105 102 91 101 90 71 102 96 67 118 134 152 162 164 143 128 158 158 151 143 131 123 120 111 119 137 143 150 149 135 109 94 100 90 91 105 114 110 112 66 92 94 101 117 112 109 113 114 116 114 117 127 122 103 111 105 101 90 80 79 74 72 82 74 64 71 
54 58 66 73 70 70 77 80 83 82 84 87 98 109 120 141 154 154 171 176 173 172 182 193 188 192 200 202 204 207 206 209 207 205 197 197 198 188 176 180 152 131 135 147 154 120 98 101 94 102 107 43 158 228 108 122 142 151 162 150 117 143 154 146 131 128 121 107 110 129 110 92 133 149 147 136 119 104 91 97 94 93 109 113 117 77 89 102 108 121 121 106 110 101 109 118 105 111 102 100 105 97 78 81 89 94 85 82 71 73 70 61 
54 51 57 64 53 61 60 73 71 80 87 85 87 112 130 145 153 153 150 152 157 172 181 189 191 187 194 203 206 206 208 208 207 206 198 200 202 201 178 196 175 131 130 155 153 115 93 101 89 102 119 78 226 224 107 129 148 157 149 115 137 136 121 114 116 114 112 121 168 164 133 115 78 124 134 127 106 91 88 88 82 88 109 115 125 82 93 98 106 113 127 113 106 106 109 107 103 101 98 107 106 105 105 99 96 90 88 81 89 69 59 57 
51 57 61 67 64 59 53 65 80 86 83 84 97 114 123 131 134 133 157 171 178 182 186 187 186 185 192 201 204 207 207 208 209 207 201 199 203 203 197 198 169 140 138 152 142 117 100 102 90 90 106 101 217 220 148 143 158 137 110 136 135 124 113 118 120 121 130 160 178 164 144 146 114 96 94 89 103 89 84 91 82 86 110 121 135 88 85 94 108 121 129 119 99 102 105 103 91 102 99 103 105 111 107 114 94 91 84 82 81 73 63 62 
43 40 57 60 51 68 65 69 85 87 84 83 102 122 125 129 149 145 150 156 166 175 183 183 185 187 194 202 205 207 210 210 210 210 203 201 207 207 205 212 180 135 134 137 121 143 115 104 100 90 95 108 221 218 129 129 114 117 132 120 113 124 137 140 138 143 156 172 172 155 144 147 112 89 96 88 89 86 89 92 90 88 118 118 130 98 80 94 109 119 139 131 112 97 91 83 86 95 96 108 112 113 111 113 108 100 90 85 67 64 65 60 
48 42 46 55 52 58 70 70 80 77 76 88 103 122 131 142 151 150 160 157 159 170 184 190 186 188 193 204 206 207 210 211 210 207 202 201 206 208 206 212 184 130 96 111 138 155 117 115 117 120 91 157 217 221 125 104 116 121 117 119 137 153 154 146 135 148 164 175 169 156 135 131 86 93 97 87 85 80 82 86 85 83 113 128 133 119 83 98 117 123 131 138 110 85 86 90 86 87 97 107 108 104 105 111 109 105 101 89 92 86 80 63 
44 49 55 48 57 58 68 73 79 87 79 94 100 120 136 147 149 155 157 155 163 162 172 179 181 188 200 203 206 208 206 210 210 210 204 200 203 207 206 212 199 166 123 135 173 167 128 110 111 105 97 147 216 195 103 119 113 118 135 151 160 162 156 141 139 148 159 168 164 146 138 125 73 95 99 96 88 94 88 106 93 94 127 131 135 142 87 104 120 125 140 138 114 105 85 75 74 89 106 115 115 113 110 117 112 99 91 87 86 81 72 85 
45 48 53 53 57 70 82 86 95 82 86 100 103 127 142 145 140 145 152 162 169 163 172 180 180 188 198 206 207 207 208 209 210 209 204 200 204 210 206 211 196 174 142 129 133 138 117 108 110 124 152 143 80 85 100 110 130 149 155 156 153 154 152 142 138 144 149 162 165 138 125 117 66 89 110 96 88 87 89 95 94 100 136 135 134 140 98 103 126 134 143 150 117 100 85 82 79 89 94 99 110 112 118 122 115 107 94 93 91 77 70 59 
39 48 55 65 69 77 85 70 87 89 88 97 103 117 128 131 134 146 153 152 156 168 178 179 182 187 198 204 206 204 206 207 209 206 200 199 202 204 205 211 195 178 152 178 169 153 136 135 157 161 120 87 98 110 134 148 151 149 146 152 151 152 156 157 156 154 158 165 162 149 128 116 78 66 107 117 100 84 100 95 90 94 131 140 139 147 111 106 136 144 141 155 121 94 77 80 82 81 91 100 114 128 121 111 114 111 103 100 90 69 64 69 
32 39 46 57 62 79 71 75 80 89 97 106 100 111 129 130 139 150 147 148 158 169 174 183 185 187 194 204 207 210 209 206 207 208 196 202 204 208 208 213 196 173 155 190 183 125 130 133 152 159 124 123 136 155 165 168 167 158 154 151 153 160 167 168 170 172 170 169 165 150 136 132 137 80 79 127 118 103 104 94 98 105 139 144 137 143 123 112 131 141 146 158 120 88 82 81 78 87 84 105 116 119 130 126 114 116 116 101 72 67 67 63 
38 34 38 51 60 72 85 81 89 93 94 96 99 101 110 117 119 128 147 154 156 170 175 182 189 187 192 202 205 207 209 209 207 205 202 201 207 208 205 213 200 178 163 197 190 156 159 179 183 179 160 155 174 186 188 182 182 175 166 163 160 163 171 179 185 184 182 176 172 163 142 142 154 161 125 130 130 114 114 110 111 122 143 145 141 146 127 111 128 144 146 148 112 95 90 80 88 79 95 115 126 136 142 136 118 108 97 73 67 64 73 71 
38 45 48 49 45 58 68 83 97 85 76 86 89 88 98 111 118 131 144 152 159 160 179 179 185 182 194 198 204 206 207 208 209 202 200 202 205 207 207 213 198 178 168 198 196 160 172 198 200 196 165 181 202 203 203 202 200 198 186 191 183 183 187 189 190 193 192 195 193 187 174 164 167 173 175 163 155 135 138 138 134 129 154 158 147 149 132 111 130 149 149 151 119 101 87 75 67 90 110 117 109 122 121 116 111 108 91 72 62 57 58 52 
43 44 61 51 45 53 70 74 82 80 75 78 90 89 93 106 115 131 146 145 159 175 181 181 187 188 191 201 207 208 209 210 209 203 199 202 205 207 207 213 197 177 164 195 205 224 192 206 208 199 169 197 205 209 210 212 209 207 208 205 203 205 205 202 203 203 203 202 209 208 196 189 184 176 175 168 173 156 152 151 151 141 158 159 157 168 144 111 126 143 149 155 123 90 75 83 84 93 104 108 113 123 129 113 112 110 94 73 73 70 66 68 
40 56 48 48 46 54 68 71 75 75 76 71 73 84 103 106 117 127 130 148 157 178 173 176 187 185 198 202 205 206 208 208 208 206 203 199 203 204 206 212 195 180 164 191 186 145 200 209 212 208 179 201 210 210 212 212 210 206 207 206 206 208 209 210 206 203 204 208 205 206 210 205 189 180 169 169 149 122 124 116 134 136 159 172 163 156 132 107 123 145 154 162 121 93 78 74 87 94 100 118 126 123 129 123 114 109 97 88 78 78 62 59 
49 40 29 44 50 49 57 63 72 75 73 77 79 76 85 93 96 119 138 146 162 169 173 169 184 187 192 203 206 210 207 206 204 203 201 202 205 205 205 214 191 177 160 186 194 169 193 208 212 208 187 196 214 211 213 214 214 213 210 207 207 208 211 210 207 206 206 207 207 207 210 196 192 188 178 162 135 103 92 89 84 117 159 162 151 156 131 112 132 150 158 168 133 100 95 90 83 99 113 122 121 126 125 118 115 116 107 96 87 76 79 74 
41 39 53 50 43 47 43 52 60 77 84 79 78 84 91 96 101 106 114 139 153 167 169 170 177 188 198 205 208 205 209 207 205 203 199 200 204 204 205 212 190 182 188 153 190 184 192 216 218 223 203 180 210 211 202 200 206 205 198 195 200 196 199 202 205 206 210 206 205 208 202 183 194 193 164 121 100 100 93 77 73 106 165 165 168 171 119 118 131 156 168 175 158 125 105 109 111 113 117 122 118 115 112 112 119 109 102 86 85 96 86 86 
47 47 38 47 49 51 55 48 54 67 73 72 79 82 85 88 101 110 113 118 132 146 165 168 172 190 202 205 204 206 204 207 208 205 201 199 199 203 203 214 186 182 190 159 133 145 79 129 143 146 160 175 186 203 210 199 194 190 194 198 194 195 194 193 200 200 199 203 202 202 187 181 171 148 136 119 95 79 95 89 91 104 157 166 164 167 122 116 133 162 170 183 153 138 115 103 99 90 96 94 106 120 126 131 117 113 99 95 95 92 74 65 
47 45 47 44 46 46 41 42 40 39 59 76 72 82 85 90 96 103 108 118 124 140 152 159 174 186 201 205 205 208 209 210 207 208 204 201 200 203 206 214 176 160 146 151 164 188 181 178 153 156 121 126 125 128 159 176 195 206 199 191 189 189 190 190 192 195 198 200 203 197 183 175 144 134 118 110 115 110 89 96 110 114 150 160 164 159 107 124 145 169 178 187 169 139 134 137 123 110 100 123 145 146 144 141 135 123 104 89 77 68 73 67 
38 34 37 50 50 40 40 40 51 59 54 59 72 84 94 96 103 111 108 112 114 135 157 163 175 188 200 204 204 207 207 207 208 206 203 199 202 208 200 208 154 134 154 166 156 167 158 124 110 80 54 24 51 89 106 143 155 160 185 197 203 205 197 192 186 185 186 187 189 189 185 172 136 117 107 103 103 106 105 96 87 96 133 158 161 132 108 131 140 155 168 187 173 143 148 167 151 152 133 123 120 137 132 133 132 117 102 86 75 65 64 72 
45 37 33 38 44 46 37 43 39 59 67 75 85 95 109 115 116 116 136 127 124 131 148 158 166 188 201 204 208 205 202 207 209 209 206 200 201 206 188 200 151 144 158 142 164 171 162 168 166 153 128 107 95 107 131 130 163 174 168 167 174 191 197 192 183 174 182 192 193 191 191 171 119 123 120 108 105 102 89 79 82 93 104 143 159 121 126 133 145 157 176 190 170 162 161 160 143 146 155 135 131 128 126 138 134 117 101 84 78 86 89 81 
46 43 39 41 40 39 43 42 48 58 71 76 82 90 105 121 130 135 126 131 127 132 146 151 165 189 199 204 206 208 208 208 209 210 204 200 203 203 180 200 159 137 167 187 195 194 181 175 170 166 162 145 146 145 131 126 112 163 191 192 181 181 182 186 180 172 151 162 202 202 200 158 133 147 133 124 105 101 99 90 91 98 119 142 153 121 127 140 152 156 181 185 173 167 165 159 165 159 159 154 124 127 120 120 118 102 91 82 89 84 81 67 
56 42 39 43 36 36 40 51 69 69 71 82 86 93 98 122 131 156 154 136 134 139 144 149 161 190 200 207 207 207 207 208 209 209 204 197 202 197 182 205 160 129 158 180 189 186 174 166 165 158 162 146 134 144 143 143 140 135 175 186 199 197 188 191 194 189 182 166 182 198 181 163 162 157 144 128 116 108 99 94 90 103 137 152 152 116 130 141 142 165 184 181 175 177 172 174 166 169 169 152 152 144 125 111 102 97 89 86 82 66 68 75 
51 41 40 38 38 41 36 47 59 67 76 84 88 112 104 115 123 165 175 134 140 141 143 151 160 186 201 206 205 206 206 209 211 211 205 201 201 195 197 211 181 163 176 178 182 181 170 158 155 147 152 120 109 141 136 136 145 143 135 191 190 202 201 199 197 199 196 185 183 177 166 183 181 155 147 123 116 96 98 86 87 110 134 149 137 121 132 133 150 179 188 182 185 184 170 170 182 182 181 155 153 158 136 118 108 90 81 78 77 84 85 74 
49 46 45 38 41 36 44 49 65 65 72 78 89 96 104 120 120 149 159 153 146 157 156 157 160 178 202 204 204 206 207 211 210 209 200 191 189 201 197 210 190 153 158 167 178 177 168 157 148 138 133 88 113 138 135 136 137 140 146 132 193 195 205 204 203 202 197 190 192 187 186 194 194 177 151 135 105 100 82 91 101 115 140 139 121 125 137 141 166 184 185 188 184 181 177 168 170 178 179 158 129 126 131 104 101 94 79 73 78 74 76 82 
52 48 42 42 36 41 40 48 52 65 70 78 91 92 95 113 114 140 141 127 143 160 158 160 160 177 201 204 204 207 209 209 211 204 198 188 195 201 196 213 170 145 146 168 177 169 162 150 124 133 122 106 105 126 133 140 138 138 145 173 132 197 202 205 203 200 199 192 184 184 189 196 194 189 166 142 137 109 102 84 94 110 137 104 93 127 133 157 183 185 183 185 184 182 172 176 180 167 157 146 133 121 106 99 84 80 77 66 62 70 83 71 
38 43 41 40 49 49 39 41 52 57 76 77 91 92 93 120 125 126 136 153 155 160 159 167 170 178 200 204 204 206 208 210 209 207 196 198 203 206 193 192 138 145 154 157 176 168 157 126 112 126 105 111 110 118 126 137 141 141 137 174 176 153 202 207 204 199 194 189 186 185 185 193 193 191 180 159 132 125 103 94 91 95 111 77 92 119 150 179 183 181 179 182 172 161 152 150 158 152 132 127 123 118 103 89 79 78 75 70 68 75 82 87 
53 46 35 38 37 54 53 42 52 53 60 79 91 95 109 110 121 148 159 147 146 155 164 170 173 182 196 205 206 205 206 208 208 201 196 199 205 206 200 192 124 121 121 151 170 160 143 107 119 125 131 125 105 122 127 138 144 142 142 165 191 150 184 203 202 198 195 189 181 178 179 182 189 190 183 163 146 130 117 95 90 104 90 67 109 160 180 184 179 183 183 175 169 162 148 141 140 143 138 123 115 107 98 76 75 76 72 80 76 75 80 88 
50 41 46 48 53 43 51 50 46 58 67 82 96 101 117 140 141 146 163 149 144 161 172 173 172 183 197 204 203 206 208 205 207 204 202 206 207 205 203 207 134 120 116 151 172 167 120 104 123 115 124 135 121 126 128 140 140 146 141 159 189 187 147 195 202 197 196 191 186 182 181 174 179 187 186 172 137 115 102 101 103 100 93 105 139 173 182 186 188 182 172 166 152 148 145 128 126 124 120 117 112 94 85 86 74 63 82 83 86 90 85 68 
46 46 42 41 43 52 45 58 52 63 71 78 95 109 124 129 155 150 155 159 165 164 174 174 172 183 195 201 202 204 205 208 205 203 205 207 208 206 202 208 122 111 112 155 166 159 114 112 107 95 99 82 98 132 136 148 145 148 141 156 188 197 158 187 201 198 194 186 184 183 181 176 170 178 187 172 142 102 101 105 105 105 104 118 137 161 176 179 174 166 151 151 159 132 126 134 129 131 136 124 106 98 94 82 91 87 83 84 86 93 96 98 
38 54 47 48 46 43 47 47 56 58 73 75 97 116 126 131 143 157 145 168 182 180 174 171 170 186 194 197 202 204 207 207 204 203 205 205 207 204 197 205 126 107 119 157 166 144 100 116 100 89 84 104 88 134 143 149 155 147 139 150 183 196 179 170 200 197 194 187 186 187 188 183 179 163 180 181 158 134 109 96 97 104 113 121 126 136 160 166 164 167 169 153 142 143 143 120 130 111 119 115 97 97 85 89 85 82 98 94 93 99 92 98 
53 67 51 44 39 49 53 52 60 66 75 78 99 110 128 135 148 162 142 163 179 182 178 171 170 185 190 200 201 203 204 203 203 204 206 205 206 203 189 206 126 104 117 160 167 150 105 119 103 116 45 51 64 124 136 152 159 147 137 151 180 195 196 164 201 199 195 189 184 187 188 186 182 171 158 175 149 121 114 115 98 97 113 129 134 142 138 150 170 184 193 187 174 161 158 159 151 142 114 128 137 119 101 96 104 109 98 96 103 105 118 113 
71 73 62 49 55 55 53 41 44 67 64 76 90 103 120 131 149 160 161 163 173 177 181 174 168 181 193 194 196 200 201 196 195 203 201 203 198 195 180 201 129 99 104 155 163 144 105 118 96 75 86 115 65 126 159 162 165 142 132 151 178 190 198 167 198 200 196 187 188 191 192 189 185 181 166 155 161 116 99 108 119 112 108 112 121 125 129 148 170 182 180 177 170 176 175 172 171 169 147 130 132 131 126 128 114 122 135 121 131 128 120 111 
71 64 60 62 59 55 49 50 53 56 70 59 77 100 118 126 140 156 154 160 170 173 169 172 174 179 185 193 198 193 196 195 197 201 204 201 203 200 173 203 137 97 103 158 168 143 107 122 113 91 64 131 145 131 154 164 164 144 128 158 184 197 200 176 196 201 197 187 186 191 193 193 190 190 181 152 153 128 108 99 102 106 106 104 116 132 152 182 195 195 176 164 172 172 173 177 178 180 181 160 136 138 144 141 132 134 140 130 132 136 138 129 
68 63 74 69 72 60 56 63 47 65 78 65 70 89 102 121 129 143 149 160 168 166 166 171 175 182 190 188 192 192 192 188 197 199 200 201 201 197 169 167 143 91 104 161 170 154 111 121 95 75 85 73 92 132 159 168 168 142 136 167 183 190 198 173 194 201 198 185 184 190 193 194 195 195 194 179 141 137 110 103 104 95 101 118 124 150 147 179 188 178 173 186 188 189 188 182 183 179 175 177 164 171 165 170 164 159 152 142 141 140 132 131 
71 74 76 66 71 65 53 49 48 63 80 62 72 86 96 111 131 140 132 151 152 165 166 167 176 185 180 185 188 188 186 182 196 200 202 202 200 191 159 161 143 90 108 177 172 149 110 128 115 141 140 164 158 139 164 174 165 141 147 174 190 190 200 184 193 203 198 189 185 190 195 194 191 189 188 182 184 136 102 89 86 102 119 130 125 147 154 158 166 173 180 186 188 187 186 182 173 171 171 121 78 76 69 63 67 79 69 77 87 85 90 124 
71 59 66 78 71 68 59 57 52 58 78 70 78 83 76 104 111 124 143 139 147 149 167 172 175 185 189 188 188 190 181 187 188 193 198 199 201 198 160 160 153 93 124 169 171 164 132 127 119 124 197 193 142 148 156 170 164 139 164 180 191 195 207 195 196 204 197 194 192 189 198 198 199 201 196 190 181 172 168 139 112 112 116 122 140 160 162 169 161 174 185 187 188 188 185 183 179 174 120 53 38 45 53 54 56 42 50 62 70 44 50 79 
53 58 64 63 71 68 51 56 78 85 61 64 69 68 69 81 97 129 130 146 150 154 155 174 184 183 181 186 187 182 183 181 187 191 194 197 196 194 159 165 167 95 130 172 173 171 148 131 135 85 147 150 119 133 145 155 140 143 176 184 190 195 207 199 200 205 200 193 188 190 190 198 193 183 178 194 189 186 185 184 164 130 128 144 152 145 149 162 178 175 180 184 181 184 176 177 172 115 58 45 48 52 44 47 62 70 62 63 61 66 57 51 
68 66 79 72 79 81 50 54 76 87 63 74 64 65 82 89 80 98 134 136 144 150 152 164 178 180 184 183 183 185 183 175 179 184 188 194 196 196 150 175 181 119 118 167 176 176 157 134 143 131 70 106 105 140 203 163 139 173 184 183 184 193 211 206 198 199 199 198 193 193 193 194 193 187 183 190 188 187 190 188 182 165 146 134 155 153 163 169 164 178 181 182 176 167 174 151 95 50 43 48 54 51 44 49 46 50 60 64 71 56 57 54 
66 58 66 71 71 81 67 61 76 73 63 77 68 73 80 78 89 101 104 132 149 144 144 151 162 180 182 179 184 185 187 187 179 178 184 190 193 189 159 181 171 119 117 162 176 174 166 145 136 139 104 79 115 225 225 218 166 186 192 192 195 201 214 216 201 206 203 198 196 191 189 191 192 194 190 194 185 191 185 183 178 161 141 132 148 146 161 170 176 175 181 174 167 165 134 82 44 47 46 52 57 51 47 46 41 44 43 51 47 53 47 48 
68 71 64 69 62 65 63 65 69 84 87 74 74 63 67 79 84 85 101 101 120 139 142 143 154 160 178 176 172 182 186 182 184 184 177 189 192 189 164 192 178 118 121 149 171 167 164 159 148 126 128 109 118 219 220 222 226 197 190 191 189 193 213 220 203 198 202 199 191 189 189 187 190 189 189 187 179 172 170 173 167 160 170 162 152 162 178 175 172 172 174 166 145 92 56 44 45 49 47 51 54 47 42 40 48 41 44 46 45 41 46 50 
62 64 73 66 69 72 65 59 63 82 83 74 81 85 66 68 74 74 82 95 105 116 126 132 137 146 159 172 176 170 175 176 176 173 168 162 176 182 176 186 196 126 124 150 160 168 166 153 147 151 153 155 142 192 220 220 220 210 197 192 192 197 216 221 193 188 202 199 192 188 189 185 185 185 186 182 176 172 164 176 170 167 167 166 165 170 167 170 171 167 135 105 62 49 46 48 50 44 50 51 51 43 47 46 41 46 46 45 44 46 50 51 
60 56 77 73 69 68 69 62 66 79 80 88 76 81 74 76 76 81 79 78 87 94 108 119 127 131 137 148 160 167 166 164 162 168 156 137 142 156 167 143 187 136 129 137 153 161 148 147 169 178 175 175 172 194 222 219 220 205 194 192 190 194 221 220 196 176 191 191 191 189 187 187 186 182 179 176 174 172 162 161 168 169 162 173 170 173 166 145 111 81 61 42 48 51 52 51 46 48 44 50 55 48 49 45 47 45 42 41 47 46 43 44 
55 61 72 64 70 63 60 64 65 79 91 82 79 77 69 67 80 72 83 76 84 88 100 112 120 130 131 135 145 152 164 162 158 156 157 148 133 126 133 138 175 116 121 137 128 151 160 168 171 171 174 173 177 193 219 229 225 198 192 191 187 187 217 220 194 175 179 179 187 189 184 188 186 178 171 168 167 170 167 163 175 172 164 152 140 106 85 58 57 48 50 56 55 53 49 47 47 48 46 47 54 45 40 43 46 46 47 43 43 44 46 47 
58 70 72 74 77 72 69 74 76 78 86 82 81 79 73 80 58 88 86 80 68 77 87 86 99 116 129 131 135 138 144 159 165 165 164 159 149 128 120 118 149 107 90 135 158 158 161 164 173 176 184 185 183 191 198 200 188 181 182 176 177 178 208 222 177 176 178 178 178 182 181 178 175 179 181 179 179 172 164 148 134 113 85 69 67 60 61 59 58 57 56 54 51 52 49 40 43 47 42 47 45 55 52 44 45 41 41 40 40 45 46 46 
64 63 79 78 78 83 73 75 71 77 89 88 83 78 78 60 74 68 76 75 68 59 67 59 59 60 78 100 113 116 121 122 132 143 160 163 168 154 131 121 128 161 136 116 122 135 140 153 161 167 180 196 189 189 183 182 182 175 170 166 168 174 205 190 174 179 185 181 180 174 171 169 167 142 122 102 80 70 59 59 53 55 59 65 65 65 61 59 59 59 56 52 52 48 51 47 47 44 46 44 45 43 42 40 41 42 42 44 43 41 43 45 
61 68 78 74 74 79 76 73 72 78 88 76 81 80 74 63 61 70 69 88 81 68 70 65 49 46 49 54 69 75 86 84 93 102 101 118 141 159 161 146 120 154 138 175 172 169 168 159 159 172 176 187 178 178 168 165 163 161 166 166 169 193 202 172 170 176 175 168 167 169 181 180 136 69 50 54 57 59 62 66 66 66 67 67 69 64 64 59 58 59 57 55 52 50 51 48 46 45 43 44 42 41 37 41 42 41 42 42 43 46 49 48 
61 59 70 72 79 82 86 78 70 76 86 77 78 69 82 75 66 76 65 71 88 79 80 77 74 69 62 64 57 61 66 73 78 84 83 73 81 89 107 121 123 161 65 53 85 99 108 113 117 114 116 117 146 167 169 167 165 176 172 136 126 214 175 165 169 167 178 198 204 202 183 123 71 61 66 67 68 69 67 68 61 64 65 64 69 73 62 65 57 64 60 55 53 53 53 50 45 49 48 45 43 47 47 39 41 42 42 41 43 45 42 43 
57 60 73 74 67 77 72 76 75 70 73 69 64 66 79 80 67 85 75 63 70 82 78 61 60 64 68 76 83 84 77 77 66 60 70 71 62 65 59 54 47 83 146 43 36 45 53 65 76 93 104 131 151 157 164 175 164 128 83 97 225 202 178 172 170 189 175 127 124 108 81 62 62 66 67 67 65 64 69 65 67 65 65 67 64 65 63 58 58 56 58 57 54 47 49 48 48 48 44 47 47 47 42 47 43 44 44 40 40 43 42 42 
55 58 59 71 59 68 69 66 65 62 64 67 70 68 73 80 69 66 69 64 66 66 78 61 67 49 42 55 56 66 74 72 75 70 64 53 58 57 56 55 52 45 104 127 63 61 117 134 144 149 138 117 120 138 145 111 58 46 106 184 207 207 179 173 173 134 82 59 55 55 61 65 65 67 65 65 67 68 65 65 68 66 66 67 65 62 63 65 59 65 61 60 54 51 51 50 53 50 47 45 41 45 48 40 39 38 37 42 41 47 42 46 
58 59 54 57 64 60 60 58 61 70 79 84 73 61 65 66 71 66 70 68 64 68 78 65 64 77 73 58 57 56 48 65 71 81 80 63 55 55 49 58 70 56 42 90 145 114 116 137 134 126 149 166 173 148 144 134 188 199 205 192 179 183 168 139 89 63 59 63 68 71 69 69 72 67 64 67 64 64 65 64 64 68 66 64 60 67 61 63 64 64 61 57 57 55 53 50 45 46 44 45 46 43 46 44 42 41 45 37 42 36 40 43 
56 60 57 59 61 58 62 65 74 78 60 60 61 59 58 56 59 68 61 68 72 64 67 57 57 60 71 64 56 68 60 56 70 63 75 84 73 57 61 47 53 57 48 53 57 103 137 105 112 123 149 144 154 192 227 227 238 223 182 174 153 115 82 64 66 73 73 72 70 66 73 66 66 66 66 67 67 63 67 64 64 67 69 67 66 59 64 59 56 62 57 58 56 56 51 46 51 46 51 47 46 47 45 38 43 47 40 41 40 46 47 45 
54 55 59 56 58 63 61 66 62 68 55 50 51 47 48 48 59 60 69 73 80 77 73 60 71 62 69 52 55 56 56 65 60 67 59 64 65 65 50 48 41 42 53 50 53 76 141 229 230 102 125 124 129 133 184 221 190 153 120 85 60 62 63 67 69 72 67 72 68 71 65 73 65 67 64 67 67 65 70 66 65 63 64 65 66 67 61 63 64 60 59 56 58 56 52 58 50 50 43 43 44 50 44 48 43 38 44 43 39 39 39 40 
55 54 54 56 57 56 61 52 61 63 60 54 52 59 67 56 58 59 69 74 72 67 66 72 53 55 49 41 48 59 53 47 49 45 46 54 69 50 41 39 32 32 40 48 65 100 140 176 226 177 141 139 149 154 151 129 97 59 46 60 68 71 72 72 69 67 71 67 68 69 68 66 68 67 66 65 65 64 63 66 63 60 66 72 66 70 65 65 62 61 62 59 56 53 54 52 55 51 49 48 44 42 46 42 43 47 39 42 44 44 41 43 
