10 58 58 57 57 59 58 57 55 58 63 52 59 61 59 53 55 67 59 54 56 60 66 77 76 62 69 64 52 58 48 42 49 59 54 55 48 49 48 63 76 56 40 41 36 38 40 45 58 106 134 176 226 193 124 124 131 146 146 148 122 82 62 53 69 77 76 70 68 73 75 66 67 69 69 66 68 68 69 65 65 69 70 68 70 58 62 68 67 68 74 66 64 60 55 56 60 60 58 55 54 51 53 48 44 46 43 46 43 47 42 42 
53 56 57 61 55 60 62 60 59 60 56 61 60 58 61 51 37 37 39 36 41 40 41 43 39 31 34 35 33 32 35 36 31 28 35 31 29 24 34 32 30 31 29 40 45 52 78 131 139 101 58 76 83 87 95 117 130 136 138 130 124 126 137 143 110 96 98 54 45 54 51 47 47 48 48 48 46 46 53 52 51 46 50 49 52 48 48 43 46 46 48 51 51 46 48 48 43 49 48 56 57 50 54 56 54 55 56 55 53 55 54 57 
58 58 55 54 58 55 54 60 56 58 60 60 64 58 43 38 35 34 35 43 35 32 33 34 33 30 33 27 29 30 28 32 31 35 35 29 33 34 32 30 30 32 33 30 30 30 33 109 142 138 94 77 104 112 121 132 132 124 115 110 106 109 130 152 146 111 98 111 73 34 35 51 52 47 47 46 50 49 49 49 47 49 48 48 49 49 48 50 45 53 47 50 51 48 49 50 49 46 41 53 52 52 57 55 56 54 55 58 56 52 57 55 
57 55 60 61 56 61 63 60 64 62 61 58 51 42 41 42 40 45 41 46 37 38 34 34 34 33 31 34 38 37 37 35 36 33 26 37 36 34 41 34 32 31 35 30 31 31 27 44 126 143 119 88 93 111 119 123 124 115 111 98 101 108 115 139 160 140 85 90 114 106 69 39 36 55 51 50 49 48 50 50 46 47 52 50 48 48 46 47 48 45 48 52 48 49 48 48 47 45 49 49 51 51 54 56 54 55 53 55 56 51 54 52 
53 60 55 57 58 60 58 59 55 54 58 51 39 40 42 40 37 35 44 46 48 52 51 34 28 32 35 27 29 35 36 34 35 32 39 35 28 30 25 30 29 35 31 33 34 31 28 16 57 121 110 77 74 80 112 123 122 107 95 98 121 124 119 130 144 159 153 130 127 142 131 115 89 37 47 52 50 54 49 51 50 52 49 45 50 53 51 47 50 51 50 46 47 45 47 46 47 42 48 47 50 52 51 52 52 54 59 56 50 53 54 53 
57 52 55 60 60 54 59 60 59 63 57 40 42 28 31 40 36 39 41 41 37 37 51 51 36 31 35 35 37 38 34 37 37 35 33 28 34 32 35 36 38 35 32 30 27 29 28 29 21 59 72 51 58 83 85 109 109 84 85 99 115 115 123 144 150 166 167 165 146 134 135 128 129 111 54 43 49 49 48 55 54 46 51 49 53 47 47 46 51 56 50 47 46 41 45 51 46 50 44 46 48 46 48 45 48 50 50 55 54 54 58 57 
57 56 58 59 60 62 59 63 63 61 55 47 39 37 41 42 42 37 43 44 44 36 40 42 46 43 35 34 38 35 38 38 39 39 32 31 30 33 37 35 35 32 38 30 31 28 24 27 42 28 34 33 31 53 69 79 74 41 43 68 84 102 108 111 125 143 154 166 156 136 133 142 139 126 99 56 48 50 49 48 51 54 53 50 49 50 47 47 50 46 51 50 50 48 45 45 46 44 48 48 51 47 49 49 47 44 50 48 50 49 46 36 
57 59 57 57 55 57 60 62 55 42 44 46 49 50 45 41 33 39 38 39 45 44 38 42 44 39 40 35 38 42 45 46 42 35 31 35 36 35 39 34 29 28 27 31 27 34 32 26 53 25 26 34 37 29 39 57 62 75 76 64 71 82 107 132 130 117 123 153 169 153 129 134 146 139 121 77 50 49 48 49 54 50 49 51 50 50 52 49 46 52 51 46 46 44 43 49 45 45 45 45 49 46 46 47 48 55 47 53 49 46 56 87 
57 57 61 62 63 64 60 51 47 49 56 49 52 54 50 48 50 44 41 41 40 47 43 42 43 39 35 39 41 41 45 42 39 36 44 40 39 37 36 33 29 33 27 30 37 30 30 28 52 63 24 26 27 35 35 39 49 66 76 93 95 102 115 116 105 102 103 112 112 122 114 120 144 141 127 103 55 49 48 50 50 49 54 53 52 50 48 49 47 50 53 48 45 43 51 47 49 42 43 47 48 52 50 49 49 51 54 47 51 51 48 67 
56 57 57 60 59 58 56 48 38 35 40 48 51 46 48 50 50 41 42 44 42 41 45 38 34 37 41 37 40 48 42 42 46 51 47 42 41 32 32 31 33 31 33 38 34 37 35 42 45 67 70 63 68 88 100 105 112 116 116 112 113 111 108 100 99 99 97 97 92 94 89 101 110 109 89 75 46 44 48 48 53 52 53 53 49 51 49 53 48 49 50 50 51 48 46 46 44 46 51 49 48 50 48 45 47 47 45 47 49 46 42 117 
60 59 63 63 57 51 47 50 51 52 33 37 42 43 42 47 48 53 51 44 41 44 43 47 43 37 37 46 47 49 55 59 61 51 41 43 34 36 35 31 32 34 40 59 69 81 99 107 106 74 93 127 105 91 103 111 116 118 120 117 114 113 109 110 107 105 104 103 103 104 107 105 93 92 92 78 62 52 41 39 40 45 45 46 50 55 50 51 50 53 52 48 45 45 50 51 48 44 43 49 49 52 52 49 50 46 45 46 43 43 113 149 
63 62 61 53 51 46 36 39 59 64 70 59 55 49 49 52 54 46 44 45 39 38 36 39 41 40 36 49 53 61 61 66 65 67 50 45 44 41 40 42 40 57 79 93 108 120 128 132 131 94 81 114 130 109 95 100 108 112 116 117 117 117 119 119 113 111 106 101 101 105 107 109 113 108 98 108 107 105 97 92 81 71 63 56 44 35 38 40 44 44 49 45 43 49 48 50 48 47 47 48 49 47 45 48 44 45 49 46 43 109 129 99 
56 58 57 53 56 66 73 75 66 53 49 54 60 59 60 59 53 46 47 54 50 44 48 32 36 38 47 57 66 73 73 70 70 63 66 54 51 51 49 54 76 97 108 118 125 129 129 131 131 125 79 79 129 130 111 102 103 110 115 119 124 127 123 122 123 120 116 114 107 105 107 110 113 112 115 112 112 111 107 108 110 106 105 98 104 95 91 71 60 53 47 39 43 47 46 49 51 47 46 47 49 44 39 37 35 30 31 40 81 113 105 110 
69 67 63 73 77 74 70 63 66 61 58 58 55 63 61 59 49 49 50 52 49 45 47 43 46 47 57 66 77 87 84 89 84 82 73 70 66 67 77 89 104 118 122 126 132 138 143 140 135 137 110 84 113 141 140 125 116 111 118 115 120 127 126 128 128 126 125 118 116 109 107 107 103 105 109 112 116 116 118 114 113 109 111 111 109 105 102 101 93 95 82 71 59 46 37 39 38 36 35 30 36 43 48 59 74 91 107 116 118 116 117 119 
62 65 75 76 71 68 65 66 60 56 62 64 66 69 65 61 57 46 45 45 50 51 54 52 58 71 81 94 100 102 105 107 105 98 93 86 89 91 97 113 122 125 128 127 130 136 143 139 133 135 164 63 64 90 103 89 85 82 69 87 122 121 124 127 124 129 133 133 128 126 123 118 114 111 107 109 111 112 114 114 115 116 116 116 113 112 107 106 108 100 98 89 86 81 70 67 78 84 88 96 100 105 109 113 117 119 120 121 118 120 118 121 
63 71 70 68 72 68 65 68 64 55 58 56 62 62 59 61 66 52 47 49 54 50 55 67 72 84 99 111 112 111 113 113 110 105 101 111 106 107 123 128 131 133 131 131 132 136 139 135 122 105 197 203 192 211 237 230 236 230 205 156 93 115 131 123 122 124 129 137 138 133 134 127 125 121 114 108 106 106 113 117 118 118 117 117 115 116 112 111 112 108 105 105 97 92 89 82 87 103 117 111 112 110 107 109 112 117 118 125 126 123 125 125 
73 79 73 69 61 59 56 55 64 61 61 60 59 62 65 60 59 64 54 52 56 67 71 78 91 106 117 124 127 127 123 124 119 113 115 114 116 123 129 131 128 125 132 130 132 137 131 120 125 196 176 147 140 158 179 172 188 204 209 196 176 127 95 106 111 117 127 132 138 137 133 127 125 121 120 112 110 105 104 104 109 116 117 116 119 117 117 115 112 112 108 101 103 98 97 91 82 81 80 97 107 109 107 106 109 109 115 117 122 123 126 128 
70 62 66 62 66 69 73 70 69 60 57 59 55 58 65 59 55 61 61 63 63 73 81 91 98 113 124 129 132 132 131 129 129 125 125 126 132 134 132 135 134 136 131 132 126 113 116 117 125 117 112 110 114 118 127 130 129 135 139 130 127 131 138 116 114 128 123 127 134 139 133 130 129 122 119 116 111 107 105 107 109 110 113 115 117 116 118 120 113 112 114 117 114 108 104 101 96 86 81 79 85 96 97 97 99 101 107 117 122 126 128 127 
79 76 66 64 68 71 70 72 68 71 62 49 57 60 65 70 63 52 58 62 67 78 92 98 110 124 131 137 136 134 136 132 130 131 133 130 131 133 134 135 133 132 134 130 109 107 116 116 110 118 117 112 113 121 129 136 138 133 138 138 134 133 126 138 121 118 123 134 136 138 134 130 127 122 120 113 112 103 100 103 107 111 113 113 111 112 113 114 116 117 114 115 112 111 102 102 102 104 95 80 81 80 89 91 96 97 100 104 114 116 120 122 
76 70 56 55 57 57 56 66 67 66 68 64 53 45 55 63 59 58 61 64 75 88 97 106 123 137 137 137 135 136 133 135 132 134 133 131 135 136 140 136 137 137 135 116 103 109 123 116 111 108 108 121 121 121 120 133 138 141 141 140 147 151 141 138 146 107 117 127 129 135 133 127 126 121 118 115 112 114 110 107 106 106 109 115 116 115 116 114 116 117 115 115 114 114 111 103 97 97 96 86 82 83 78 85 85 89 91 95 101 111 115 102 
58 64 63 58 53 50 57 50 54 56 58 64 59 55 52 55 57 54 62 71 85 99 108 125 137 135 138 133 135 138 136 136 135 135 139 137 134 136 137 135 138 142 128 97 110 118 124 122 114 111 108 115 118 117 120 130 137 143 146 146 148 149 150 146 152 189 111 136 125 133 132 135 131 127 127 124 124 122 117 113 113 111 110 115 111 111 110 105 105 110 117 119 113 108 107 106 104 101 96 91 90 88 88 78 83 81 84 86 86 92 94 81 
71 68 57 55 57 50 53 59 61 56 64 66 62 58 53 55 52 56 64 77 95 105 121 139 139 141 144 140 136 139 140 140 133 134 135 135 140 141 141 141 144 150 117 102 125 125 127 122 114 118 111 102 101 103 107 122 134 142 153 148 149 152 156 157 156 193 158 126 135 144 139 138 139 139 132 128 125 121 121 113 108 107 112 108 105 99 97 106 106 110 111 105 98 103 103 102 103 102 103 95 93 91 86 84 77 80 74 74 65 76 78 83 
62 65 56 56 49 43 51 55 56 64 56 61 68 60 58 57 56 59 68 89 107 119 134 146 148 146 144 142 142 142 141 139 135 134 137 138 141 146 147 150 157 156 106 116 128 121 131 121 116 114 103 90 86 89 97 110 125 138 152 152 152 153 155 157 156 170 201 140 147 156 156 144 140 139 137 135 130 132 131 127 117 106 108 108 104 104 103 95 94 100 108 98 102 101 102 107 103 100 98 96 96 82 80 74 73 77 78 69 66 58 68 76 
61 68 76 64 67 66 58 50 57 61 67 61 66 62 54 57 61 70 90 103 112 134 148 153 156 151 146 150 152 151 146 144 142 141 139 142 144 146 151 159 169 154 105 144 123 113 125 120 127 121 102 86 86 86 87 105 118 131 143 154 148 153 158 151 161 171 195 153 154 157 159 153 146 137 135 138 137 139 139 135 129 117 116 111 108 105 107 108 96 96 99 102 105 105 105 102 102 99 98 93 85 87 84 86 85 77 71 66 69 74 61 70 
61 74 70 67 64 53 60 60 64 68 67 71 67 68 71 66 66 79 104 113 123 145 160 162 161 161 160 158 159 152 149 152 151 151 147 146 147 150 153 159 163 150 106 168 118 114 128 124 135 121 92 84 88 80 74 84 104 112 127 144 146 151 156 162 167 167 183 153 163 167 159 150 141 142 140 142 148 149 152 153 148 140 120 121 111 114 112 114 103 100 104 103 106 103 100 97 97 99 99 92 83 70 73 75 66 66 63 76 66 71 73 71 
54 63 67 59 66 68 65 72 55 60 70 69 75 73 69 75 79 95 109 119 128 151 159 163 163 162 159 155 153 159 155 156 157 152 152 149 149 153 162 166 168 142 108 174 113 115 123 119 134 121 88 87 89 73 61 86 103 109 115 140 147 155 156 169 169 166 183 152 166 169 165 157 145 142 147 152 152 161 163 163 160 144 121 125 131 112 119 127 115 105 106 109 105 102 97 98 97 101 94 93 77 69 71 66 65 64 67 61 68 66 71 63 
58 48 55 59 62 69 59 59 65 75 68 63 74 74 76 83 94 107 118 120 128 152 160 161 168 165 164 163 161 162 161 159 158 158 155 154 148 155 161 170 157 129 125 165 113 130 129 132 138 111 89 91 102 86 63 86 109 114 114 131 145 153 165 174 172 169 189 157 174 178 164 155 154 156 159 161 165 167 171 173 164 130 108 121 126 113 121 113 119 121 113 103 105 102 92 99 104 93 86 86 78 70 67 66 60 59 61 68 64 71 67 67 
44 49 50 46 55 69 68 66 63 65 67 71 76 78 88 86 97 107 120 129 130 149 166 171 167 172 172 170 165 163 161 160 160 162 160 159 157 158 162 166 163 145 135 159 111 123 127 132 140 109 99 104 104 76 67 90 112 122 117 114 138 152 155 167 166 175 188 160 181 183 172 162 158 161 158 169 168 173 178 176 142 106 96 100 100 106 105 110 123 124 122 115 110 106 100 99 92 92 82 80 91 72 72 58 56 56 58 58 55 56 54 70 
45 44 50 55 54 51 57 56 61 70 66 80 79 84 85 96 105 115 119 131 137 151 171 169 164 173 175 174 174 174 169 164 164 167 167 165 164 159 165 177 171 132 123 141 104 112 124 129 128 102 99 104 100 67 72 95 115 132 133 113 130 156 158 169 167 178 194 157 180 180 167 159 158 166 170 176 179 179 182 160 99 92 104 118 112 108 95 108 118 134 132 124 104 104 103 99 89 85 93 86 79 72 73 65 55 61 60 61 53 52 60 59 
53 37 47 63 60 69 56 66 67 64 68 78 83 84 91 91 109 117 126 127 133 156 165 167 176 170 169 175 177 172 172 171 167 172 172 169 169 167 171 175 167 139 126 138 97 121 137 132 130 93 105 116 92 83 95 104 118 137 134 111 125 150 158 171 176 182 193 161 187 180 171 165 171 171 175 184 186 188 183 129 98 96 112 113 119 100 95 96 105 122 135 129 124 126 112 108 92 95 84 84 86 86 84 70 62 50 54 65 60 62 60 68 
52 56 36 47 56 61 61 62 63 58 77 75 75 79 91 101 110 122 141 134 139 145 159 166 171 172 178 177 178 175 175 171 177 177 179 174 172 171 170 173 172 140 119 129 97 118 138 143 142 100 104 113 89 99 111 114 120 137 140 113 118 150 158 162 174 179 187 163 187 181 175 171 177 177 185 184 190 192 161 97 98 99 116 118 108 105 106 102 100 110 119 124 121 117 108 106 103 84 88 94 85 88 83 62 73 64 52 65 49 54 58 59 
65 50 42 39 50 56 69 62 60 61 67 77 81 87 98 102 101 123 142 141 152 148 165 163 175 177 182 181 178 185 181 180 180 182 182 183 180 183 176 177 174 140 132 119 83 110 144 144 142 100 114 108 70 85 104 106 103 119 122 100 112 139 159 166 175 182 182 160 189 183 174 179 179 184 183 191 190 181 123 112 108 102 117 109 108 104 103 97 93 101 109 114 108 103 107 106 100 103 101 92 97 94 83 80 60 63 64 53 61 53 60 58 
47 66 56 51 42 59 59 62 57 55 70 72 87 87 96 111 114 128 139 141 157 141 155 173 180 180 181 183 182 180 183 186 186 183 185 186 179 179 184 182 174 140 176 140 89 108 150 142 143 101 118 99 77 62 73 97 103 110 110 99 116 136 153 163 171 183 180 165 190 188 179 180 181 182 192 195 191 146 109 112 103 102 98 111 108 104 106 110 111 114 117 118 119 112 111 113 108 110 91 96 93 91 90 81 79 79 73 69 63 55 46 44 
53 60 78 57 54 58 55 64 54 65 66 70 87 102 101 115 115 133 138 153 155 149 162 182 185 182 179 186 188 190 189 189 190 187 185 181 187 187 184 183 180 148 175 175 90 105 154 152 142 114 129 103 39 31 53 88 108 111 112 102 123 135 145 163 173 185 174 167 194 191 189 186 188 188 191 189 169 120 110 109 102 100 109 104 102 102 97 91 116 126 124 121 121 123 121 116 119 112 110 112 120 104 89 80 70 65 59 65 57 55 50 63 
49 57 53 62 54 54 57 67 72 61 67 72 86 101 110 114 113 131 144 152 154 158 163 181 187 187 182 185 187 189 186 194 197 191 193 189 186 188 189 186 183 157 139 112 83 109 148 153 144 104 119 93 133 71 45 83 106 106 107 106 121 142 150 159 168 184 167 177 201 195 187 186 192 197 197 191 136 117 113 107 108 109 109 101 104 99 53 79 112 120 125 127 126 123 125 133 127 120 115 113 109 102 82 76 73 68 63 65 61 61 53 48 
51 72 61 62 66 58 58 63 75 69 64 72 89 99 107 117 109 123 154 154 155 147 167 179 186 187 185 189 194 196 194 193 197 198 193 190 187 185 186 189 188 161 145 126 86 107 152 151 146 115 119 87 33 31 53 86 110 113 109 104 120 137 151 163 177 177 156 183 198 195 190 193 193 197 197 164 121 120 124 117 116 111 101 107 104 98 63 41 92 115 117 119 118 119 122 122 134 129 126 122 124 116 103 88 78 77 69 77 77 67 64 81 
50 58 64 60 55 63 51 63 64 76 71 75 78 85 108 122 124 136 149 151 163 157 174 176 178 182 182 187 185 193 194 198 196 196 196 189 193 187 185 191 185 169 162 128 86 113 154 157 157 117 119 82 39 56 67 89 118 108 96 101 123 142 154 165 173 173 147 168 191 196 195 195 197 200 181 130 118 123 124 118 117 114 111 108 99 97 85 38 74 92 115 117 120 117 117 123 129 132 126 128 130 132 124 113 99 83 87 82 71 73 70 59 
55 84 76 61 57 55 61 64 63 72 78 75 80 93 108 122 128 139 137 153 153 164 181 185 178 186 185 192 196 197 197 202 202 201 199 197 188 185 181 189 189 167 171 126 88 106 152 157 154 117 103 91 49 54 63 82 108 104 99 112 130 147 158 165 169 161 145 168 172 176 188 193 200 194 147 126 128 128 132 130 122 114 109 106 92 97 91 58 53 87 99 118 118 119 117 116 122 129 128 131 137 144 129 119 104 101 83 66 72 68 65 65 
59 78 78 73 53 59 52 62 64 85 86 74 90 85 104 117 120 124 147 147 154 168 179 182 181 184 185 193 198 200 201 200 202 202 203 198 197 195 184 187 192 172 178 128 96 109 139 149 146 116 91 99 62 87 105 93 104 102 96 119 145 157 162 165 166 138 150 175 172 160 160 190 199 168 135 136 134 139 138 131 124 110 104 95 90 106 110 97 73 85 96 108 113 114 111 113 118 123 124 130 145 157 138 120 100 93 86 73 71 71 66 53 
48 69 87 76 58 51 59 64 71 79 93 82 88 93 103 115 122 135 149 153 157 169 179 178 181 184 186 191 196 194 200 200 201 204 205 200 194 197 194 185 189 181 189 141 99 114 133 152 145 110 88 90 79 62 86 96 115 99 106 121 139 156 165 161 156 130 162 172 165 157 142 144 160 150 135 135 132 142 144 129 108 104 99 96 83 101 113 103 75 92 98 102 116 115 112 114 114 116 124 131 135 144 139 120 107 105 96 94 89 77 59 55 
52 49 68 67 65 41 48 66 72 81 83 90 82 86 102 113 120 127 130 148 163 170 179 181 179 185 192 189 195 199 202 200 204 208 206 203 195 193 194 191 183 182 193 157 107 115 140 148 132 108 90 87 93 77 79 101 126 99 107 123 140 159 160 161 130 137 163 161 157 144 137 132 135 134 133 138 143 148 144 124 111 96 94 88 94 100 108 116 87 75 90 100 107 117 111 109 110 119 126 127 124 129 121 107 103 98 92 85 77 71 71 71 
51 65 60 60 66 65 66 70 73 75 89 93 85 80 91 107 117 121 133 145 170 176 179 181 179 186 191 190 193 197 203 205 206 207 208 207 200 196 196 193 184 181 185 147 125 127 143 155 127 99 100 88 100 97 58 84 139 73 109 132 149 159 164 142 126 157 154 147 138 132 122 113 101 102 104 139 147 151 140 125 104 98 100 93 93 99 117 110 104 71 93 97 110 124 114 109 110 107 112 115 112 118 115 98 112 103 91 88 85 89 83 82 
51 52 57 58 61 67 62 62 67 75 77 82 78 87 89 102 119 133 147 159 157 166 168 165 174 185 194 190 195 200 204 205 208 208 208 207 206 197 199 201 193 169 186 165 130 134 145 154 119 97 97 86 103 115 71 153 232 158 111 139 151 159 143 120 135 142 138 129 120 116 108 117 154 141 110 82 129 148 143 131 105 89 86 88 84 95 108 116 111 76 96 103 102 120 122 109 107 106 102 112 102 108 97 106 101 96 89 85 95 94 84 77 
41 47 48 52 55 64 60 59 59 66 72 76 85 80 87 99 118 135 145 146 151 151 157 169 177 187 191 190 187 198 203 207 206 208 209 209 205 202 202 203 204 184 191 172 131 130 154 151 115 95 101 89 89 114 101 194 220 166 121 151 159 138 114 135 141 118 111 112 115 111 125 164 176 153 134 125 86 115 112 103 101 88 88 87 78 92 116 123 126 79 90 100 111 122 130 109 104 103 110 108 95 99 98 106 109 112 108 109 93 90 92 83 
44 45 47 49 56 68 59 62 57 56 77 88 89 84 88 106 122 123 132 134 143 158 172 184 180 183 184 186 187 195 203 206 208 208 209 209 209 202 200 205 204 200 204 180 140 142 152 135 132 110 102 92 81 95 96 199 220 162 137 151 121 114 133 130 118 121 127 131 130 137 158 171 169 150 143 147 90 99 86 93 94 86 89 92 84 93 122 121 130 81 86 97 108 123 136 123 100 103 97 91 88 100 96 104 104 107 111 112 101 95 81 86 
40 45 45 39 48 62 51 59 73 67 78 87 83 79 91 114 126 130 142 151 152 151 161 158 178 186 185 185 189 195 205 205 208 211 212 209 208 205 202 207 209 205 212 184 123 117 115 122 152 116 106 104 101 95 111 215 221 162 108 104 123 129 116 112 130 144 151 142 145 154 171 174 163 144 140 120 91 93 94 86 85 82 83 92 88 91 123 123 129 87 85 100 112 118 138 134 109 92 85 86 87 90 99 106 112 108 104 112 110 108 95 85 
43 40 48 46 45 52 54 55 60 72 76 77 76 76 97 111 127 139 145 152 156 157 157 165 173 182 190 184 191 197 204 208 208 209 213 210 206 201 200 204 210 206 213 197 146 105 123 156 166 125 120 120 122 105 144 219 222 115 108 122 111 117 131 149 158 158 148 138 141 155 168 169 159 145 139 99 87 97 94 82 86 83 96 94 87 91 125 129 140 119 87 107 122 124 137 133 109 90 86 87 82 89 99 112 106 107 109 113 107 100 99 90 
38 42 42 51 54 53 52 60 66 81 83 84 87 91 95 112 128 144 146 148 152 154 163 163 163 176 180 184 189 200 205 207 209 206 209 212 210 205 202 206 207 205 212 202 171 133 127 155 152 125 91 97 99 118 150 175 154 103 109 114 133 145 153 157 160 157 147 137 139 150 159 165 153 130 130 92 75 102 103 97 96 89 92 104 91 102 144 135 134 131 92 105 124 128 149 140 115 103 81 72 74 93 101 109 119 113 113 125 118 106 87 90 
42 46 42 46 52 61 58 69 84 86 86 91 80 95 104 110 134 137 139 138 148 153 163 166 168 177 180 182 191 199 204 205 206 207 209 210 208 205 199 203 208 208 213 199 176 152 153 142 163 118 149 141 144 142 115 73 82 107 123 138 149 151 153 152 152 154 153 148 151 151 158 166 157 135 120 101 52 96 116 98 88 83 101 92 89 99 142 134 142 139 100 115 138 136 146 148 115 96 87 88 81 80 93 96 106 121 123 114 112 111 101 97 
48 46 37 40 49 61 68 69 75 77 76 85 88 98 97 102 124 130 129 144 151 154 150 158 169 179 182 184 188 199 206 209 208 208 208 208 206 198 202 204 207 205 212 198 176 154 181 182 121 129 118 142 174 124 101 111 126 148 158 161 152 146 150 151 151 160 160 164 163 165 167 168 157 140 124 126 85 58 109 122 104 97 102 92 92 105 142 141 136 142 109 113 138 141 149 154 112 82 76 75 82 84 86 108 119 122 117 119 115 119 112 107 
45 36 33 38 42 57 54 74 84 74 78 90 99 96 109 99 117 123 130 133 143 145 149 166 173 179 186 189 188 195 205 207 208 209 208 208 209 199 202 206 209 208 214 202 176 159 192 194 163 143 161 166 165 147 142 152 168 180 177 175 172 165 158 154 162 167 172 178 182 179 173 170 165 146 136 143 157 109 102 131 114 111 111 99 110 120 147 140 146 143 118 114 133 140 147 149 115 90 88 76 81 81 86 105 120 127 146 136 116 110 108 87 
42 40 36 37 32 41 56 60 74 81 94 92 90 89 93 94 99 106 116 122 138 150 157 154 169 179 183 187 188 194 201 208 208 209 209 208 202 203 202 207 209 206 213 201 178 170 196 187 134 167 190 194 195 170 165 188 196 194 192 193 186 173 179 175 169 178 180 187 190 190 188 184 181 167 154 158 167 173 155 148 137 124 128 129 122 129 161 148 139 146 123 114 134 149 149 140 104 95 87 83 84 80 108 119 118 131 130 123 119 108 91 72 
50 46 40 45 58 58 46 50 57 77 83 87 76 78 93 84 87 102 109 122 135 144 153 162 172 184 184 185 186 195 202 207 209 209 208 210 201 197 203 208 208 208 214 201 177 166 196 209 212 178 202 205 199 171 184 206 209 210 212 208 207 204 200 200 200 201 199 198 200 199 200 205 206 196 185 179 174 176 176 166 166 152 150 152 142 143 166 157 158 161 126 113 130 145 149 151 123 90 80 72 70 91 104 106 108 116 124 116 112 110 97 71 
42 37 42 49 52 50 43 45 65 75 77 81 76 77 75 87 89 104 114 124 139 146 144 170 179 179 182 188 189 197 203 206 209 208 209 209 205 202 200 204 208 208 213 199 179 164 186 192 200 195 208 211 209 180 191 209 207 210 211 209 206 206 208 203 206 208 208 206 203 204 205 204 208 206 206 193 188 173 167 168 152 139 135 138 149 138 165 163 159 162 124 110 129 144 152 156 111 92 76 80 92 96 104 117 127 125 130 117 112 107 97 90 
42 53 45 48 42 46 51 49 63 63 71 73 80 75 75 78 94 101 102 116 123 135 154 163 177 171 177 186 188 197 203 206 206 207 207 209 203 200 202 203 203 204 213 195 177 162 187 192 134 194 211 213 211 188 192 211 212 215 214 217 213 212 204 208 208 212 212 211 208 204 204 207 206 207 210 196 188 180 174 157 122 93 96 93 101 132 167 162 159 154 117 114 133 150 159 163 123 94 84 76 76 95 109 116 121 126 130 128 123 111 99 87 
64 48 45 47 38 42 46 47 49 51 67 74 74 73 70 78 78 89 95 100 117 136 149 164 172 172 172 181 189 198 205 208 211 209 205 204 205 200 202 206 206 207 213 196 179 175 166 198 194 189 212 215 215 201 182 212 211 208 207 209 210 203 201 203 204 202 206 205 204 207 207 207 207 210 197 188 200 189 164 127 114 105 93 79 74 125 171 161 163 158 115 118 135 157 160 168 142 111 102 101 104 110 117 124 123 119 115 114 111 115 111 97 
58 50 43 41 43 55 55 52 52 55 56 60 85 88 85 81 83 88 100 106 113 120 132 151 160 170 171 178 193 201 206 207 203 207 209 206 202 202 200 203 203 203 214 188 183 194 163 159 165 128 178 189 187 199 197 192 206 204 197 195 197 197 196 196 196 197 197 201 204 204 204 204 203 200 186 184 178 157 128 107 84 85 89 83 82 117 171 162 169 163 108 121 137 165 172 180 154 130 106 104 103 99 98 95 105 108 116 122 119 112 98 92 
71 49 45 51 45 37 43 42 49 42 49 50 53 59 70 79 90 88 91 103 111 116 119 132 143 160 167 177 194 203 204 206 209 207 210 208 208 202 199 198 201 206 214 179 172 165 148 135 156 135 141 122 153 126 122 141 169 194 204 203 198 193 191 191 190 193 191 195 197 197 201 202 203 193 179 167 135 132 120 116 102 92 91 101 103 116 159 162 169 153 112 126 149 172 177 185 159 134 127 116 104 98 102 121 135 142 142 138 130 117 102 90 
67 63 40 41 39 50 49 48 38 40 36 46 50 67 80 78 88 83 95 98 103 110 119 124 144 159 162 176 188 200 203 207 206 209 209 209 206 205 201 201 205 206 212 159 138 143 168 202 197 202 171 157 120 86 74 103 87 101 129 151 179 203 202 201 198 196 194 189 187 189 190 194 195 188 182 164 136 122 106 100 116 113 104 87 98 107 155 163 159 124 113 131 147 159 174 187 165 141 152 167 153 145 119 121 135 147 136 137 133 123 106 93 
60 58 46 43 35 36 49 42 40 39 40 52 61 60 62 81 92 106 104 110 122 121 119 117 140 158 162 179 190 202 206 206 207 204 207 208 207 206 199 203 208 199 204 151 139 156 134 130 135 134 140 125 114 98 76 55 90 127 142 182 160 159 167 182 197 204 195 191 182 182 188 190 189 189 188 147 118 117 109 104 98 100 87 87 86 99 111 147 159 117 121 132 147 156 176 185 169 152 149 148 134 144 143 123 121 117 123 134 132 120 105 85 
49 52 44 37 35 35 44 46 46 44 48 52 65 70 82 87 98 118 127 123 122 135 124 127 134 151 157 170 191 201 203 206 206 207 209 212 210 204 200 203 205 187 201 157 143 168 184 197 199 188 182 184 171 162 131 134 135 121 125 107 162 195 185 174 178 182 189 181 175 166 167 194 201 198 191 139 127 136 126 113 102 103 94 84 87 91 119 146 147 121 135 145 150 161 186 187 171 169 165 166 164 155 162 158 127 128 125 129 125 102 91 74 
51 52 51 47 45 44 41 35 34 42 56 58 62 84 78 91 90 116 121 137 151 130 136 135 136 149 149 172 193 201 209 210 207 207 207 209 207 204 198 204 200 182 202 164 125 153 183 189 189 179 171 172 162 161 160 147 146 148 142 131 130 170 188 199 195 190 185 192 186 175 160 169 205 205 182 151 159 162 133 120 109 103 101 97 93 113 148 160 145 114 129 140 151 166 186 179 170 171 176 165 160 169 160 143 141 139 120 109 104 99 93 89 
45 45 55 49 39 39 36 35 37 46 59 64 76 75 91 95 101 105 119 141 166 169 129 137 141 145 153 167 192 204 205 204 207 210 210 211 212 208 201 203 194 194 209 171 141 171 177 186 186 173 166 158 155 149 138 113 141 142 142 147 143 140 181 189 201 199 198 194 198 195 186 177 178 169 165 176 165 147 142 123 107 101 89 81 91 117 139 147 130 121 132 141 151 179 187 180 183 183 167 177 180 177 180 161 162 161 138 116 110 93 90 83 
39 52 43 48 42 41 42 41 40 37 57 71 67 80 87 94 115 111 117 131 164 170 137 150 150 151 152 167 188 202 205 206 207 207 212 211 211 201 194 194 199 197 210 197 169 171 172 180 178 170 161 159 143 143 132 113 139 139 142 142 142 142 135 192 194 202 205 203 203 200 194 192 189 186 188 194 189 161 140 122 111 92 87 95 99 113 133 147 123 130 139 137 164 187 187 187 185 180 174 160 174 181 180 151 128 132 127 113 110 96 77 77 
39 42 51 52 46 42 36 36 38 54 50 66 63 72 82 86 96 96 119 127 151 153 130 154 162 160 160 159 182 204 204 205 208 207 210 211 205 198 191 192 201 201 211 183 142 137 166 176 178 167 163 151 128 140 82 98 133 139 141 143 144 138 164 131 192 201 206 204 202 201 195 186 188 184 191 194 193 184 154 141 117 98 93 87 97 118 149 111 108 130 133 157 187 186 185 184 184 180 178 181 181 167 170 158 141 120 115 102 85 83 79 59 
60 45 39 40 40 39 44 46 44 39 51 46 76 76 84 97 89 105 124 121 127 130 141 157 161 159 166 165 182 201 205 204 208 210 210 212 205 197 193 204 204 193 210 153 150 158 165 178 167 164 158 130 129 134 153 125 124 128 140 147 142 136 159 183 140 196 205 207 203 198 194 189 183 183 189 196 196 189 173 138 137 121 98 92 85 102 120 80 96 123 152 179 180 180 180 183 173 169 153 155 165 155 128 126 120 118 104 90 86 77 77 78 
53 52 50 47 47 39 38 54 52 37 45 56 52 69 90 89 99 98 111 131 145 158 149 158 159 163 172 176 183 200 206 206 205 208 209 209 202 196 201 207 208 200 179 124 130 132 146 173 169 164 132 118 130 124 110 107 125 130 141 144 146 137 152 189 163 166 201 205 200 196 190 184 183 179 186 188 190 188 178 166 139 127 105 92 99 104 84 71 112 155 180 181 181 182 184 178 172 158 141 143 142 147 142 127 119 112 97 80 75 78 73 72 
47 42 49 44 39 45 50 45 54 57 46 53 55 71 91 91 104 127 132 133 157 165 135 147 165 172 172 176 185 200 204 205 207 207 205 207 203 200 203 204 205 202 207 137 121 115 148 174 172 154 118 119 124 108 123 115 128 129 143 145 148 144 153 180 195 146 188 202 200 199 194 190 181 180 180 177 187 188 185 161 134 114 108 101 94 101 86 97 142 177 182 187 187 184 175 162 157 159 150 128 129 127 119 114 113 98 88 82 73 63 83 86 
66 62 54 45 43 47 38 49 41 52 50 56 65 77 85 101 110 128 145 156 148 156 156 156 166 175 171 172 186 198 204 203 204 207 209 207 203 206 207 209 208 204 209 131 115 113 151 170 172 146 115 125 126 144 156 129 133 133 144 145 147 146 148 181 195 173 167 202 201 195 190 187 185 186 176 173 172 185 184 160 131 104 104 106 107 110 106 125 150 166 177 183 181 167 151 162 153 123 125 135 132 136 132 126 108 98 96 87 92 82 73 83 
69 57 42 47 48 40 47 48 51 46 57 53 68 74 85 104 117 125 126 159 149 158 170 178 175 176 171 172 190 196 200 202 207 208 206 203 203 205 206 207 205 198 207 130 108 116 152 165 163 125 118 119 114 140 160 149 137 144 148 158 149 148 140 175 194 196 157 196 200 198 189 183 186 183 181 182 172 165 189 179 148 125 99 90 97 104 107 120 122 144 168 170 162 162 160 140 142 150 137 123 128 105 127 110 91 95 91 88 81 86 98 95 
64 57 45 59 55 50 43 44 43 49 50 59 68 76 86 109 120 133 139 151 156 146 171 183 183 173 171 173 187 193 199 204 203 206 206 203 204 207 206 208 204 192 208 136 110 121 154 169 167 116 120 128 89 103 95 99 126 137 148 159 150 142 143 170 188 199 166 193 202 197 194 186 183 188 190 183 179 164 166 167 143 121 119 112 96 98 126 129 141 142 143 156 173 184 191 187 168 149 153 143 142 135 106 128 137 117 96 93 101 101 100 98 
60 52 60 74 70 46 45 49 58 55 44 67 70 64 80 97 110 131 135 155 166 151 172 175 181 181 169 168 186 194 198 198 203 202 197 197 204 203 204 198 197 185 205 133 95 108 153 169 165 114 115 110 97 82 79 88 114 146 156 165 148 139 139 170 186 198 178 181 200 197 194 187 188 193 192 185 186 177 156 169 150 111 102 115 116 105 104 117 121 127 129 148 169 181 183 179 172 174 172 171 172 166 140 126 132 130 121 121 113 124 127 114 
63 73 77 65 61 55 57 54 42 48 47 57 70 67 73 91 111 122 136 151 162 153 169 175 175 174 176 177 182 187 196 198 196 199 195 199 203 205 201 203 199 176 209 139 97 101 149 167 160 105 126 125 77 107 73 64 110 150 159 162 153 126 148 179 191 199 187 183 202 201 192 184 190 191 193 193 190 187 171 146 154 116 106 101 107 108 110 109 120 133 155 178 191 194 173 165 166 175 176 177 173 179 180 159 138 137 145 144 126 128 146 132 
60 65 73 61 71 69 73 61 57 62 51 50 71 69 62 88 101 118 125 136 150 150 163 168 167 166 172 174 183 188 188 194 195 194 190 197 201 202 200 203 200 173 190 149 95 106 158 170 161 115 122 119 80 31 75 156 115 151 164 169 153 129 149 179 188 196 190 179 201 199 193 185 188 192 194 192 193 195 190 164 138 133 110 104 101 97 100 117 127 150 151 183 190 177 171 183 187 184 186 178 184 180 172 172 160 161 161 164 161 158 154 138 
61 63 70 70 78 66 67 70 54 55 49 52 74 73 65 73 94 104 123 138 141 142 156 162 171 165 170 179 183 182 188 191 190 185 182 198 201 203 203 201 193 164 171 142 87 100 166 174 160 120 119 120 91 90 90 76 113 147 165 169 150 136 169 184 188 195 194 179 204 200 194 188 187 192 197 195 194 191 190 183 165 125 95 87 96 98 122 124 128 150 154 157 167 177 182 189 187 189 187 183 174 174 173 142 115 114 111 106 104 109 102 103 
63 60 67 65 70 72 73 75 59 51 53 50 75 76 69 82 83 89 113 124 134 145 144 147 158 171 171 176 187 187 187 190 189 183 186 192 196 198 198 202 197 166 175 152 91 121 168 172 164 135 125 135 85 100 97 111 125 151 168 168 140 153 177 186 190 200 202 189 204 202 197 192 188 194 200 196 199 196 194 185 182 170 154 123 106 111 118 125 139 159 161 167 163 177 184 184 186 189 184 185 175 174 131 66 37 45 47 53 46 46 47 62 
58 65 57 60 64 69 73 65 60 51 65 71 76 60 69 71 70 72 97 112 125 136 148 155 147 161 176 183 181 185 186 187 185 182 184 187 192 198 198 197 195 164 169 162 93 124 168 173 171 153 132 132 96 136 161 131 132 147 156 151 139 166 183 191 192 199 206 194 206 203 198 192 191 188 197 197 192 186 188 190 184 185 187 174 151 123 131 144 153 149 154 166 175 176 182 185 183 182 176 178 176 130 66 40 42 56 46 49 59 65 59 66 
56 66 67 63 67 72 75 83 67 56 72 93 73 62 66 66 70 84 85 93 126 140 141 146 154 156 174 180 185 182 185 185 185 184 175 184 186 192 194 199 195 158 167 178 113 117 164 172 176 162 141 140 131 77 109 98 109 157 158 124 156 180 182 185 189 200 211 200 202 200 198 195 195 192 193 194 190 182 185 192 189 190 187 189 179 156 146 132 157 153 164 166 164 175 180 180 179 171 171 158 114 66 41 53 54 54 48 48 50 48 55 62 
78 70 74 62 69 73 71 79 74 48 66 77 74 69 75 60 74 78 81 89 99 122 142 150 146 153 157 171 180 184 182 184 186 186 183 175 181 184 192 196 191 161 172 179 125 118 158 180 173 171 148 143 133 109 71 91 182 233 229 166 185 190 192 191 195 210 215 204 205 206 201 197 193 191 193 191 192 193 193 192 188 190 186 186 179 160 139 135 151 147 162 174 176 177 181 176 167 164 145 92 48 45 49 49 53 49 46 47 41 42 44 55 
71 64 61 63 64 68 65 68 68 62 72 77 80 73 80 72 64 77 85 86 98 102 117 137 143 141 148 155 170 178 177 176 185 189 185 186 181 182 193 193 187 164 179 180 117 120 151 173 167 166 161 151 137 126 112 100 196 221 220 220 191 193 191 190 194 205 217 217 195 203 201 197 190 189 190 190 190 190 187 186 175 171 173 173 167 158 171 154 151 157 175 173 172 173 174 164 149 110 66 44 44 47 44 53 57 49 46 45 48 47 42 46 
54 73 74 68 71 71 66 71 67 61 60 77 85 81 73 80 72 66 70 78 80 92 100 114 127 137 138 142 151 168 175 174 174 178 179 178 178 170 168 183 189 178 190 200 126 126 143 161 170 166 157 146 144 148 156 142 182 219 220 222 219 198 194 191 193 207 221 215 186 201 200 198 194 188 190 185 187 186 188 183 176 172 169 177 168 168 173 164 166 172 168 169 173 166 144 112 68 47 46 51 48 49 51 45 50 47 46 44 42 45 45 45 
76 76 61 56 70 70 70 70 68 63 58 71 83 83 73 82 77 72 77 73 80 78 79 91 100 115 123 134 137 148 158 166 167 170 169 167 170 155 144 148 159 166 148 188 140 127 141 154 161 156 143 165 178 172 172 166 174 217 221 220 216 196 195 190 193 210 220 216 176 190 193 192 188 188 190 189 185 182 178 174 171 172 159 166 174 167 167 172 168 168 166 148 119 90 59 47 48 51 48 47 47 43 44 49 58 46 48 48 45 47 44 44 
62 62 59 51 69 71 69 65 62 67 62 74 91 85 84 72 76 70 73 81 77 81 81 87 93 110 119 123 131 132 138 149 162 165 158 156 156 161 146 131 131 143 144 173 125 124 130 130 148 156 166 172 175 174 175 176 188 218 225 230 208 190 191 191 184 208 220 209 174 179 182 187 189 189 184 186 182 177 172 170 170 171 160 164 173 169 163 160 142 118 90 67 58 49 47 53 51 50 48 46 45 48 49 48 49 50 41 45 47 42 42 39 
56 63 62 62 75 70 73 72 69 61 75 72 82 81 80 83 78 74 73 71 84 89 72 73 90 85 99 115 127 131 136 138 139 153 165 163 163 162 160 149 127 118 120 146 119 92 141 159 158 163 163 169 175 180 185 179 189 201 211 200 187 189 182 181 179 193 224 209 174 179 177 177 182 183 178 176 178 179 177 179 178 175 173 156 145 127 93 74 70 60 65 55 59 58 55 56 52 50 48 45 44 47 46 46 42 49 56 50 43 44 42 40 
55 60 62 58 68 79 79 83 75 73 77 71 87 85 83 81 81 70 69 69 80 75 78 57 61 73 64 67 80 98 116 122 128 126 136 143 157 166 165 164 151 128 123 125 156 121 107 124 134 145 156 167 171 179 199 191 192 186 182 183 181 170 168 167 169 192 215 176 177 185 184 181 181 174 173 172 163 151 135 109 93 76 62 54 50 52 63 61 64 62 59 59 60 61 57 49 52 52 49 48 44 47 47 48 45 39 37 39 44 41 41 45 
56 56 55 61 74 80 70 78 75 65 76 77 84 86 81 83 75 70 58 66 68 79 80 75 63 71 51 45 43 55 64 81 83 92 94 98 105 115 134 154 165 160 140 118 153 153 175 166 166 161 153 150 162 168 184 180 180 176 172 171 166 163 165 168 177 209 180 172 173 178 172 167 163 169 177 171 116 59 52 51 55 59 61 68 63 68 65 68 68 67 64 61 62 58 58 53 49 46 49 45 45 43 42 41 46 44 39 41 40 44 42 38 
50 55 63 67 71 73 80 80 87 79 74 75 80 86 75 79 74 80 67 67 73 58 83 86 75 74 77 64 60 56 53 53 65 69 68 84 91 84 75 85 102 126 139 134 155 84 71 108 122 131 138 142 142 142 139 145 162 170 163 157 166 179 168 118 183 204 164 169 169 169 186 198 201 201 178 113 63 61 62 69 65 69 68 64 70 67 69 65 64 67 59 60 58 58 58 56 50 52 50 48 50 47 48 48 43 44 45 42 42 41 45 42 
59 58 58 56 65 76 64 81 77 78 80 74 77 71 73 68 69 87 73 76 81 73 61 74 88 77 67 68 68 74 84 84 73 77 78 65 63 75 64 71 68 62 56 56 93 144 43 34 41 48 46 58 69 84 107 145 166 167 177 180 164 113 80 176 223 180 178 167 177 190 168 148 150 123 72 62 66 71 65 66 67 69 68 66 65 66 61 70 66 66 66 61 56 64 57 58 54 51 44 51 45 51 43 40 46 46 44 42 39 41 43 41 
57 53 56 56 57 69 67 60 70 63 68 61 67 64 71 67 68 74 76 66 72 67 66 71 69 76 55 62 44 50 51 59 78 75 73 72 63 57 64 53 57 52 57 58 49 106 124 59 50 99 135 147 158 149 132 115 123 152 138 83 42 67 157 191 219 192 171 177 169 122 68 54 46 53 61 66 66 66 66 65 64 66 66 69 66 57 66 64 64 63 60 62 60 57 59 57 55 53 52 48 51 45 47 49 44 43 42 39 42 39 40 42 
53 61 57 60 56 59 68 61 64 61 58 62 66 82 82 63 64 70 70 72 63 70 62 59 72 79 63 70 72 61 57 57 51 51 70 75 76 83 55 57 52 51 58 65 49 44 88 147 115 111 143 135 118 136 156 178 176 154 106 153 179 200 198 182 184 182 168 130 82 57 63 69 70 71 71 72 66 65 68 69 66 70 63 64 63 72 69 64 62 65 63 64 58 63 60 56 55 50 53 51 48 47 45 45 44 43 47 44 39 41 39 41 
56 57 59 57 58 58 56 59 60 64 68 80 71 61 64 59 60 56 59 59 67 68 73 73 65 75 56 57 73 71 62 60 68 54 54 64 70 82 84 70 58 58 50 56 58 51 47 65 99 138 99 103 122 157 153 153 180 230 222 233 234 187 181 174 145 104 75 62 68 72 69 67 69 64 67 64 68 67 66 65 66 66 64 66 67 67 65 70 67 58 61 59 62 66 62 60 56 60 55 53 47 49 44 44 40 41 42 45 46 45 44 38 
56 55 54 56 57 54 60 63 63 61 66 66 65 51 54 47 43 50 48 61 64 67 76 78 77 65 66 71 64 64 52 54 58 59 65 72 64 62 65 69 59 56 47 45 40 48 52 43 72 114 221 231 125 134 133 134 136 174 215 198 177 143 113 74 58 60 68 71 68 66 72 73 68 70 73 64 66 66 63 70 63 64 67 62 62 66 63 68 67 63 61 66 57 58 60 55 56 54 49 51 51 42 45 47 45 47 42 42 41 43 41 47 
