10 113 112 115 113 115 116 111 116 117 113 111 109 117 118 117 118 119 120 121 123 126 123 117 108 115 133 176 154 143 138 142 128 120 131 123 124 124 125 113 120 121 111 90 86 92 87 86 81 89 101 104 111 109 112 110 108 108 106 106 108 108 107 107 112 112 109 110 109 107 109 108 107 106 105 110 107 103 104 104 102 100 97 98 94 97 91 93 87 93 91 89 80 78 79 77 76 75 74 74 74 71 68 66 70 73 67 66 63 66 63 62 
122 125 120 122 121 122 119 122 119 120 117 122 121 122 120 119 115 123 121 119 122 118 122 119 121 118 118 121 122 124 123 120 127 127 120 124 114 114 114 116 117 110 113 111 114 111 115 116 113 116 114 112 108 112 112 102 100 106 125 127 122 100 96 105 105 99 102 103 104 104 102 102 103 104 102 100 103 104 99 101 96 99 104 97 97 95 96 96 94 99 99 97 98 95 96 96 86 92 89 93 95 92 90 93 94 90 89 89 91 89 91 92 
120 121 119 121 122 120 122 122 124 124 125 120 123 120 122 119 122 116 117 119 118 120 118 117 122 123 120 123 120 117 111 104 93 95 98 101 115 126 121 125 114 119 115 114 117 118 115 116 116 113 114 114 111 110 110 132 148 157 161 161 162 149 118 92 89 112 105 104 103 100 102 103 102 98 98 102 98 99 98 97 99 101 94 99 100 99 96 95 97 95 93 95 96 95 96 93 97 94 94 95 91 95 91 90 91 87 89 89 90 86 88 91 
125 121 120 122 122 117 120 120 118 118 115 122 120 123 119 117 119 121 121 118 122 121 123 118 118 122 117 112 101 81 78 90 95 89 97 104 102 113 128 132 126 118 125 121 116 116 115 118 115 117 113 109 120 133 140 132 112 100 104 114 120 133 157 156 119 76 83 91 100 105 102 100 101 102 103 100 99 99 101 103 100 96 99 98 98 99 106 98 95 94 100 96 97 93 94 91 92 95 94 95 94 90 90 91 90 92 91 89 91 88 85 87 
119 119 122 121 122 122 123 120 123 123 124 120 123 122 121 122 123 122 120 119 119 120 119 124 126 122 110 92 80 94 113 110 99 97 92 84 80 76 80 92 90 86 89 100 116 115 116 111 115 113 113 119 143 150 104 82 80 87 105 124 133 143 153 174 185 178 146 110 90 85 92 101 104 106 100 100 102 104 98 99 100 98 97 100 99 96 95 94 95 97 93 99 96 93 96 96 95 93 93 93 91 93 92 94 95 91 88 94 91 92 95 90 
121 123 121 121 119 118 118 121 119 119 119 122 116 120 122 119 120 115 121 123 122 119 122 119 117 103 83 81 102 101 84 89 87 91 85 83 94 82 76 76 64 51 52 57 65 97 120 120 116 115 110 139 167 130 74 69 89 91 112 142 151 160 169 174 180 191 198 194 173 146 116 83 94 94 98 105 97 99 102 102 97 99 98 98 97 99 100 101 98 98 99 97 97 94 91 95 95 97 93 92 93 94 92 89 84 87 93 91 88 89 85 83 
120 120 119 119 119 117 119 120 122 120 122 121 124 125 121 121 122 125 119 122 122 123 124 125 89 74 78 94 96 95 103 94 84 76 72 66 68 72 65 73 86 53 58 48 54 54 70 106 120 120 115 149 176 148 79 71 84 89 106 138 154 154 153 156 154 151 155 164 181 194 186 172 121 99 92 92 105 102 96 98 102 102 98 100 96 97 93 98 98 93 97 97 96 93 93 94 96 91 92 93 92 92 91 94 97 91 91 91 91 95 85 76 
122 119 122 117 124 123 123 119 123 120 119 123 122 120 118 119 122 123 119 121 124 121 123 106 86 92 121 117 98 94 81 74 67 66 63 64 65 64 81 65 71 57 49 51 47 62 63 57 76 99 109 159 184 169 114 63 79 96 130 154 162 165 164 164 162 159 156 153 150 152 169 181 184 163 122 94 89 97 97 100 97 100 102 97 98 95 102 98 93 96 95 97 95 95 97 93 95 95 96 94 93 95 97 89 90 93 92 92 95 89 75 71 
122 122 118 119 117 120 117 122 121 122 122 118 120 122 119 124 125 121 117 124 127 126 122 121 114 128 115 99 95 86 75 65 60 57 61 49 48 49 57 70 67 69 55 47 46 56 70 71 65 63 77 125 181 174 157 106 84 115 163 180 182 182 167 160 153 154 154 166 176 175 157 139 171 194 187 160 119 94 95 100 98 100 99 98 100 103 99 96 98 96 96 95 99 93 93 93 92 89 95 95 91 90 90 94 94 89 93 93 94 87 70 66 
120 119 123 119 124 121 123 121 122 124 123 123 118 121 123 120 119 117 123 117 131 138 128 143 127 121 129 105 81 72 83 78 65 60 48 49 45 50 59 47 58 55 68 52 47 38 36 48 50 58 60 65 133 179 167 155 107 97 126 180 198 187 162 146 123 125 130 147 154 169 191 156 153 184 192 192 182 139 103 98 95 98 96 99 101 99 102 100 97 95 96 97 93 96 96 96 94 98 92 95 95 94 93 91 91 97 91 92 92 78 71 72 
118 121 118 122 116 120 119 118 122 120 116 120 121 124 119 123 123 125 117 146 158 143 140 155 149 137 120 108 100 92 80 80 75 72 74 73 69 66 58 62 57 49 54 53 39 30 23 36 55 57 66 67 73 128 171 170 150 114 86 143 195 195 144 128 116 108 119 139 151 167 185 176 159 186 195 192 191 176 135 94 103 99 101 101 99 97 93 94 98 102 92 99 96 96 90 92 94 92 95 89 93 95 94 93 95 92 96 93 92 75 67 67 
120 121 119 117 122 121 118 117 119 119 125 120 119 120 123 123 125 119 134 153 168 160 150 168 154 132 105 104 118 107 98 109 113 111 104 91 89 80 70 61 62 52 50 50 37 36 54 67 61 63 68 68 65 68 97 152 175 156 135 108 138 150 88 76 81 100 132 170 171 166 168 175 163 162 180 192 191 182 163 116 92 100 99 94 98 97 103 99 101 89 94 93 97 97 100 96 98 94 96 99 97 97 94 95 92 94 91 96 90 72 67 70 
120 117 119 122 116 121 122 122 123 120 122 122 121 124 123 121 117 125 160 160 164 163 180 180 147 118 132 129 125 126 110 106 106 106 98 95 89 81 81 76 68 56 52 48 46 51 59 58 56 66 60 60 63 78 70 81 130 164 150 136 126 94 55 73 89 108 150 187 186 188 185 190 188 170 162 176 185 186 167 138 93 98 104 100 101 101 98 99 96 102 98 98 95 97 94 94 94 94 94 95 95 95 100 95 94 97 97 97 85 62 70 72 
121 120 121 119 124 121 117 120 122 118 118 118 121 121 125 118 128 168 154 159 161 168 189 169 123 128 130 117 103 103 102 100 102 96 87 75 61 54 36 42 55 53 43 37 41 45 56 56 52 59 66 78 77 80 86 83 73 102 137 143 132 134 112 90 85 141 175 179 172 174 181 177 183 198 176 168 186 184 174 147 105 96 100 97 99 98 96 98 97 94 95 99 93 96 98 99 97 94 93 93 97 95 95 95 96 93 92 90 78 72 79 80 
120 123 118 121 118 120 120 117 118 121 124 123 116 119 123 125 157 152 175 168 153 170 175 145 118 101 80 84 101 110 114 121 132 134 135 139 132 111 89 62 42 46 59 54 46 50 44 51 66 70 73 73 79 68 64 72 71 62 60 70 110 123 138 154 181 214 214 210 202 192 192 169 153 184 191 173 185 189 175 144 105 94 100 100 99 99 102 98 96 98 100 96 98 95 97 92 95 96 98 97 93 94 100 99 97 100 101 100 82 84 83 86 
124 122 123 119 123 122 118 121 120 121 117 120 120 129 125 131 154 171 189 168 162 173 151 113 106 102 110 129 133 133 131 125 120 117 113 115 127 137 128 128 121 65 59 61 61 53 54 71 94 98 83 84 85 71 81 81 89 95 91 116 138 147 145 139 134 135 139 150 153 159 172 181 169 159 153 159 173 185 179 151 110 94 97 98 100 101 96 100 100 96 98 96 97 95 92 96 96 89 96 96 95 98 94 97 99 97 97 86 86 90 91 86 
115 118 120 119 120 120 117 119 119 120 119 117 124 121 128 161 148 164 177 160 153 153 116 108 124 154 166 153 124 116 112 109 103 94 103 109 111 117 139 133 144 145 94 74 82 92 91 98 103 100 111 107 101 105 97 98 97 126 156 176 170 163 158 152 140 132 124 115 113 115 123 126 130 135 132 142 179 195 179 135 92 98 104 101 105 101 101 101 100 98 95 98 99 98 98 97 97 99 100 101 100 97 101 97 96 89 88 92 84 85 81 74 
124 120 119 122 118 120 119 119 119 115 122 126 122 128 141 156 155 183 172 154 155 130 120 148 181 202 183 118 115 122 116 102 93 112 124 117 103 99 99 125 132 136 136 112 107 110 115 111 113 119 123 128 136 141 151 148 149 158 168 171 166 166 164 165 158 150 147 142 139 136 131 133 129 129 132 127 127 142 138 106 84 91 86 92 93 100 97 101 95 99 100 93 99 103 100 100 98 96 99 97 99 99 99 99 92 94 89 87 82 68 64 65 
119 119 118 118 120 122 118 118 119 126 123 121 127 145 162 155 165 190 174 164 145 124 136 167 193 209 137 111 122 113 103 103 116 121 112 110 116 115 114 115 131 136 147 144 144 150 158 156 158 161 168 169 169 177 179 182 175 171 167 166 162 168 163 159 157 147 148 146 145 142 142 143 139 141 145 140 132 122 124 130 128 125 118 109 102 94 91 92 96 99 100 100 98 100 99 102 103 99 100 100 101 107 103 86 87 82 69 58 43 33 27 29 
117 119 118 119 116 120 118 122 132 123 120 126 137 162 169 174 179 187 167 153 131 151 168 160 152 135 134 137 128 120 111 116 125 118 125 128 129 132 131 133 138 143 144 160 159 168 170 168 170 172 172 170 176 177 176 179 174 174 173 170 171 168 166 170 165 165 163 158 150 148 147 142 142 141 142 141 143 144 144 141 138 131 132 128 125 122 117 108 94 90 97 94 87 87 88 84 82 88 92 89 82 67 49 44 43 27 25 26 33 42 44 61 
120 119 120 119 134 139 128 123 119 118 121 131 153 182 164 162 173 175 155 140 151 176 163 137 138 170 173 121 99 123 149 134 127 133 131 125 130 132 126 132 134 136 151 146 137 135 139 138 149 151 152 163 167 174 172 172 175 176 176 181 178 175 171 162 165 168 171 167 160 152 150 152 148 151 153 146 147 142 144 145 145 142 136 134 128 124 118 119 122 107 95 94 104 105 95 115 119 120 119 117 128 121 126 127 126 132 129 137 142 144 147 149 
118 118 121 126 137 131 122 119 123 121 126 126 172 168 153 165 166 176 148 149 186 160 130 125 148 185 120 108 127 186 176 141 133 131 133 128 127 127 129 135 136 131 162 163 141 126 118 122 124 121 128 134 148 159 166 175 178 179 181 184 187 182 179 176 173 173 171 171 175 170 164 157 158 150 153 156 153 155 147 142 142 143 145 134 140 136 134 128 114 117 108 109 118 148 167 145 143 141 141 143 143 149 145 148 144 139 141 139 140 138 137 139 
121 121 116 122 123 129 121 120 136 133 130 157 183 156 159 168 173 170 157 180 166 133 117 120 154 135 118 150 164 179 155 139 135 133 131 128 126 134 139 139 157 169 165 177 167 161 151 136 118 108 105 115 127 146 162 172 185 186 181 185 187 188 185 184 177 178 178 176 176 171 171 165 162 156 152 147 148 151 156 160 156 146 148 147 138 137 132 129 124 117 116 105 94 81 116 162 161 149 151 151 145 142 144 142 145 146 146 150 146 136 134 134 
120 119 120 118 134 141 126 129 153 138 130 162 164 153 165 160 161 167 178 170 137 112 110 121 136 116 155 197 190 162 144 136 128 119 118 120 124 128 127 137 153 164 170 169 161 161 146 124 108 105 111 118 130 151 166 177 182 189 190 190 190 189 189 186 180 181 180 177 177 176 168 161 158 159 152 150 153 154 158 155 153 151 149 149 145 137 138 135 132 125 121 112 104 99 76 82 157 163 148 154 145 150 145 145 144 144 142 143 147 142 138 133 
118 120 117 127 153 134 120 122 124 128 151 166 146 146 151 167 149 150 156 120 103 105 105 123 123 155 204 210 192 166 153 151 148 146 140 140 140 148 150 143 142 159 165 155 154 157 135 105 110 122 131 146 143 151 169 174 184 188 195 196 196 192 189 186 185 184 185 181 177 174 172 154 150 154 158 153 147 155 156 154 153 147 148 142 145 143 139 141 131 124 119 116 111 108 95 82 64 126 150 144 141 140 150 146 142 143 145 147 144 144 140 137 
125 119 118 144 167 132 126 126 122 142 148 147 129 151 172 151 145 158 111 87 102 103 111 107 135 198 207 203 202 188 165 157 157 148 146 146 153 154 160 158 154 158 154 148 143 143 149 132 131 131 138 140 139 141 151 173 182 190 196 195 195 195 195 190 185 186 186 184 177 168 173 171 162 161 164 157 154 160 157 154 156 155 151 149 143 145 144 141 139 130 128 118 118 110 105 91 75 67 106 128 135 136 136 141 143 144 146 144 143 144 142 143 
114 115 115 153 168 135 142 133 140 164 146 142 155 177 181 150 153 141 98 98 98 106 110 117 173 198 201 207 206 179 154 151 159 143 142 136 140 141 139 148 157 164 165 146 140 148 159 151 149 140 127 128 130 132 136 160 187 193 190 195 195 197 191 187 185 183 182 180 175 172 170 162 159 159 150 155 159 160 160 157 160 160 156 157 153 148 143 140 147 144 132 128 119 117 106 103 83 69 60 84 109 116 121 123 130 138 143 143 148 146 140 144 
119 117 123 171 149 144 150 137 153 158 143 158 160 153 158 149 137 85 88 84 97 102 120 148 170 189 206 213 198 177 163 161 152 141 139 143 140 137 136 142 150 151 164 170 152 140 157 152 143 131 123 116 117 112 123 160 185 188 192 192 194 193 195 190 186 185 182 180 182 174 175 161 156 162 157 161 160 159 154 153 156 159 156 150 156 153 150 148 143 138 140 134 127 122 120 112 102 81 68 60 63 83 95 110 114 121 122 133 135 144 142 136 
119 122 147 176 142 164 141 140 163 147 137 140 145 134 138 148 104 80 78 77 86 109 135 159 175 189 186 185 172 164 175 161 149 150 155 162 158 158 164 162 162 162 158 168 153 131 143 145 134 127 120 113 102 102 124 169 188 190 190 188 195 196 191 189 185 184 189 183 180 174 176 169 161 160 155 156 156 162 165 157 153 153 159 158 147 148 157 148 150 144 139 134 134 134 121 117 108 95 80 69 66 65 74 83 100 105 115 117 127 133 137 134 
115 123 165 171 140 139 129 181 160 134 129 129 132 135 144 119 84 84 95 92 103 127 144 158 156 155 152 185 146 166 188 164 154 165 165 166 169 167 173 175 176 177 171 176 164 135 140 139 125 112 108 96 88 99 124 168 182 185 190 193 195 199 193 190 192 187 184 187 184 176 174 169 174 162 163 157 162 153 152 161 153 156 158 163 161 155 156 162 151 156 154 152 144 144 139 133 119 112 96 73 71 66 68 76 80 92 101 107 106 118 124 131 
119 140 178 153 168 144 165 187 141 137 129 131 128 128 122 86 95 94 99 102 115 129 141 140 148 146 145 136 121 170 187 159 140 154 164 166 168 174 171 169 170 172 164 174 167 134 138 139 120 110 94 74 77 77 101 139 165 173 182 190 192 194 200 196 191 190 186 184 184 178 176 167 166 166 165 163 161 160 155 156 161 161 162 162 161 154 157 161 156 153 154 151 150 147 132 124 127 117 98 85 69 69 67 72 77 83 79 95 107 107 116 121 
128 159 203 145 148 148 200 181 139 141 135 141 147 126 96 83 92 96 101 119 130 138 136 134 132 129 130 125 143 169 162 142 139 150 162 168 169 170 158 161 167 167 166 181 155 130 128 129 113 101 78 71 66 81 120 127 138 154 168 185 194 197 198 197 194 191 191 190 185 182 177 173 174 167 165 164 163 163 161 165 161 160 164 163 165 167 162 166 163 160 161 161 151 151 148 140 135 127 113 92 81 69 69 67 76 73 84 82 87 101 106 116 
135 160 185 146 149 149 199 176 131 139 141 136 119 114 98 122 145 143 145 157 156 135 130 133 137 128 122 132 156 156 143 140 139 149 160 165 164 167 160 159 166 164 157 168 140 124 120 121 110 95 77 71 81 90 115 135 133 140 160 182 188 195 195 193 187 189 190 187 187 181 180 174 175 172 165 165 163 163 169 175 171 169 169 171 172 165 171 169 167 162 161 161 161 157 148 143 134 131 118 101 79 70 67 65 69 72 75 79 82 87 89 93 
146 167 162 135 131 172 188 160 131 139 135 116 123 112 131 170 161 151 150 155 159 142 129 131 131 127 120 135 150 146 151 145 139 144 150 158 162 163 160 163 160 157 156 177 145 118 118 117 110 77 69 104 131 136 124 133 141 141 152 176 186 190 194 191 188 190 186 184 184 180 181 181 175 167 169 166 166 164 165 173 175 173 171 170 167 171 165 166 166 168 173 162 159 159 154 146 141 134 126 106 92 75 72 68 66 67 73 76 79 84 90 94 
134 154 151 147 156 189 200 164 152 142 129 111 150 177 172 161 149 151 161 165 156 163 168 158 162 157 136 136 153 156 154 145 142 142 151 156 159 164 164 160 161 158 164 164 138 116 118 121 106 78 84 109 112 130 143 144 148 142 148 174 182 189 196 194 195 194 192 187 183 176 176 172 170 171 169 173 171 168 169 179 178 176 175 172 177 173 168 169 171 170 174 172 166 162 159 152 144 142 129 119 98 82 70 72 71 74 75 79 80 78 78 81 
138 159 147 148 170 187 186 156 136 125 123 131 177 166 133 125 134 160 172 171 167 158 157 154 158 159 161 144 148 150 156 151 147 152 156 156 158 163 169 167 162 165 164 155 138 115 114 114 103 81 76 63 60 59 94 150 143 144 147 171 176 187 192 193 197 194 191 190 185 178 177 171 171 174 172 172 173 174 171 178 177 182 180 177 173 181 176 174 167 161 171 173 173 169 160 162 163 150 139 130 111 87 74 69 65 66 74 80 81 84 86 83 
139 149 141 126 151 170 169 134 111 112 114 147 152 135 143 165 179 180 171 159 152 153 149 133 131 139 157 156 155 147 151 151 149 146 148 154 156 165 170 170 172 164 161 165 150 116 108 112 92 68 53 63 63 76 74 137 145 148 151 170 183 187 191 194 194 191 196 191 187 182 177 176 170 172 170 172 174 180 175 177 178 178 179 174 178 180 181 171 171 156 164 175 178 178 171 166 167 151 141 138 127 109 83 62 61 62 66 72 80 84 81 83 
151 148 136 143 157 166 151 130 136 136 142 158 162 190 203 203 180 168 169 178 175 165 172 167 157 147 143 151 156 156 157 162 160 147 157 165 174 174 181 181 175 170 165 158 135 108 106 107 93 72 48 61 37 53 86 138 142 144 148 170 177 183 192 196 196 197 193 191 186 182 180 176 177 174 170 174 180 179 181 183 182 183 178 174 176 173 165 171 172 174 174 174 172 171 169 168 163 165 157 147 135 121 99 77 69 71 66 68 71 74 81 83 
163 162 141 133 146 157 145 148 165 165 161 169 175 187 191 180 170 167 177 189 196 193 183 185 187 179 174 166 168 166 162 160 167 158 165 175 182 187 192 191 186 179 173 153 118 106 104 105 89 65 38 40 35 58 77 137 150 148 152 174 179 180 190 195 200 196 198 195 187 185 180 179 173 169 169 175 175 181 181 183 180 183 177 168 169 165 165 161 167 169 175 180 176 176 173 172 168 163 163 157 145 139 115 90 69 62 71 73 77 81 81 83 
149 148 128 147 174 157 142 157 150 150 167 171 164 157 150 144 169 181 182 186 190 190 192 189 187 194 195 189 179 177 180 176 178 174 182 189 191 190 186 192 189 182 171 157 120 98 93 106 90 71 66 53 62 58 86 144 141 140 157 176 183 189 194 198 197 201 200 194 191 187 184 177 173 165 165 169 177 179 179 185 182 175 176 170 165 148 140 146 160 161 166 175 180 176 170 170 168 172 166 165 156 140 137 111 79 65 67 70 73 83 85 85 
136 138 140 162 163 155 160 158 152 168 170 159 156 141 144 156 159 177 182 185 190 193 193 199 197 200 197 190 189 188 187 190 183 185 185 190 194 194 193 192 189 184 173 159 120 106 93 102 94 83 99 103 80 110 134 155 142 140 154 174 184 188 196 199 200 201 197 196 196 190 184 181 169 159 160 174 178 185 185 178 177 170 169 155 143 129 127 150 159 161 174 177 171 171 170 175 170 171 169 161 158 154 146 123 100 71 66 67 74 82 87 88 
133 140 150 152 150 168 166 155 167 164 138 139 145 143 153 161 173 176 189 193 195 197 195 195 199 200 199 194 191 192 195 195 196 192 192 194 195 196 196 195 192 182 173 164 127 103 94 101 89 77 87 127 148 142 139 150 138 142 160 183 188 196 201 199 200 201 200 201 194 187 180 166 153 160 171 179 182 181 178 179 176 172 166 146 122 113 118 139 156 164 174 178 181 175 178 178 171 169 168 164 157 152 152 140 120 92 63 70 69 75 84 90 
130 141 155 159 157 164 154 164 140 147 135 145 139 148 150 161 178 189 195 200 198 198 199 196 198 199 197 194 193 198 198 200 199 198 198 195 197 200 198 196 190 183 174 165 132 102 87 95 96 73 87 90 121 125 121 140 142 149 167 184 192 196 200 201 201 201 200 197 186 179 170 162 166 175 182 185 184 178 171 168 166 161 148 133 115 96 95 145 175 182 184 184 176 174 173 179 175 173 169 167 160 156 155 149 133 109 75 64 69 71 85 88 
130 139 148 147 148 152 148 118 112 145 159 144 142 148 156 169 179 187 195 202 201 199 199 200 198 196 198 193 192 193 195 198 197 196 198 198 197 195 199 195 189 183 176 170 130 105 89 94 105 76 85 90 105 115 100 123 135 145 169 186 197 202 201 201 203 198 199 192 179 169 162 169 176 186 186 185 183 179 173 166 167 161 144 124 106 60 83 164 187 180 182 178 173 172 168 174 180 177 173 171 172 162 159 144 132 119 95 67 67 73 77 86 
145 148 154 143 144 154 122 113 133 147 131 132 137 140 146 168 183 186 190 196 201 200 195 198 199 198 191 193 193 194 196 195 198 199 198 199 200 200 196 195 191 183 175 170 142 108 97 93 102 95 77 96 81 89 97 117 131 151 169 187 194 201 203 200 201 201 196 189 168 159 165 179 183 185 190 186 176 169 169 167 162 153 144 119 96 44 87 166 175 179 174 170 170 167 167 168 177 171 175 160 162 161 151 151 138 114 100 80 68 72 74 83 
135 140 142 148 150 145 126 134 150 138 129 135 142 149 150 163 176 189 198 193 197 203 200 199 196 193 194 191 192 191 194 195 195 197 197 197 194 196 197 196 190 183 174 166 143 116 100 91 104 107 92 90 104 90 104 125 127 148 179 191 197 200 199 199 199 198 190 170 152 155 159 175 187 190 182 179 176 170 168 158 144 152 143 125 97 50 92 163 171 170 175 177 173 169 169 170 172 171 176 172 167 162 153 146 137 125 93 83 73 67 77 78 
132 134 138 146 144 132 133 149 153 138 128 132 137 149 150 157 167 186 193 196 200 199 200 195 199 195 192 193 194 197 196 197 198 192 192 191 189 190 196 194 193 186 175 171 147 112 104 102 104 109 99 92 102 107 87 118 124 144 171 190 199 200 200 201 196 188 174 148 154 147 136 174 187 188 182 177 173 166 164 153 149 147 148 121 87 51 98 162 168 158 162 169 167 166 164 173 171 173 180 170 175 171 167 150 132 121 100 87 70 71 67 79 
134 126 137 138 126 122 141 144 138 135 119 124 136 139 153 166 179 183 189 196 196 196 193 193 193 196 195 194 197 194 195 195 188 194 197 196 195 194 198 194 188 190 183 171 155 122 103 99 99 107 108 97 93 114 124 118 124 154 179 188 191 195 194 192 190 175 150 162 169 162 141 150 187 185 177 175 172 169 156 159 158 156 156 117 89 46 118 164 170 159 150 155 156 159 162 163 170 181 186 180 171 175 168 157 144 127 106 82 73 65 75 79 
129 135 135 138 132 129 128 131 140 137 116 120 143 150 156 163 178 184 190 196 197 192 189 193 197 197 196 195 194 194 196 194 190 190 193 193 195 194 194 195 192 188 179 174 164 136 113 104 104 104 104 106 94 95 113 112 144 172 183 187 189 192 190 190 183 165 169 178 177 167 146 116 134 181 171 173 162 159 151 147 158 164 149 114 86 52 125 174 168 167 148 139 145 145 155 156 157 177 181 178 176 175 171 157 149 134 116 93 74 64 66 75 
128 136 137 125 122 117 106 114 144 136 124 127 141 148 156 166 174 181 186 195 196 191 192 192 194 194 195 195 194 193 191 195 195 197 198 194 196 196 195 194 191 187 180 177 166 149 128 113 112 114 112 112 106 106 103 123 165 185 188 187 190 188 189 185 179 174 182 180 173 163 137 115 90 138 173 169 166 163 154 163 173 174 141 98 66 40 124 180 167 170 151 127 131 138 146 158 162 177 180 178 180 179 175 162 154 132 114 94 79 64 67 68 
133 133 131 132 125 105 109 116 127 140 123 129 130 140 163 172 180 187 191 195 195 193 192 192 190 193 192 193 195 195 192 192 194 195 194 196 194 195 191 195 193 188 184 176 168 159 135 119 117 115 115 115 117 114 128 152 175 185 187 186 183 186 190 188 182 176 183 177 169 157 125 92 75 99 157 163 163 159 165 166 181 169 126 97 84 68 124 183 162 166 151 117 122 129 142 153 163 181 187 187 184 178 168 164 154 143 116 94 79 69 66 78 
146 148 143 142 131 101 117 140 134 138 134 120 135 146 155 172 185 191 191 193 193 194 193 191 188 188 191 193 189 189 193 192 196 194 190 191 193 196 193 192 190 187 182 181 173 165 149 124 122 126 116 118 118 122 140 166 184 184 183 183 182 181 184 182 173 176 176 176 167 144 107 67 60 82 130 157 154 157 154 173 182 158 120 89 74 62 117 180 166 160 147 112 111 126 144 157 168 181 187 187 181 174 169 165 154 142 113 93 73 67 63 72 
125 126 123 124 116 116 112 134 148 133 134 137 150 146 148 168 183 184 186 190 193 194 193 191 191 190 190 193 192 192 191 193 194 193 194 195 197 195 198 196 193 185 181 179 171 165 156 142 135 129 130 121 115 133 158 174 176 179 179 178 180 184 178 171 177 171 174 167 155 142 87 61 87 93 123 148 152 150 163 176 190 151 116 82 60 48 108 177 176 161 158 113 98 115 136 153 170 177 180 184 182 178 170 168 147 138 125 95 85 60 67 75 
130 127 125 123 116 112 115 115 124 127 139 137 149 148 161 170 181 180 188 190 194 194 197 192 193 194 192 191 193 193 193 194 194 192 196 196 196 197 194 196 197 191 184 176 178 172 165 146 140 139 136 142 147 164 174 175 173 173 172 181 176 175 181 181 179 178 177 161 141 134 100 68 87 92 109 139 153 150 155 176 177 140 109 89 87 84 110 167 174 158 146 108 95 107 127 145 169 177 180 181 182 174 162 161 150 140 114 93 79 70 69 78 
139 142 131 119 101 110 123 127 124 125 135 125 127 137 153 167 184 187 187 188 186 189 187 191 193 193 191 191 191 191 194 196 196 194 194 196 194 195 196 194 192 189 184 179 174 165 165 157 149 153 165 177 188 193 186 184 181 179 179 181 182 181 187 189 179 180 175 164 131 120 111 64 89 94 99 115 135 142 143 168 186 150 108 85 91 87 102 157 170 158 147 108 91 102 117 148 169 173 178 181 181 170 164 157 149 133 105 98 81 59 66 75 
130 130 121 113 107 104 114 128 131 119 116 126 131 138 153 165 177 184 185 180 163 167 185 190 190 190 188 187 187 192 193 194 195 195 197 195 193 194 195 192 191 187 185 176 172 171 172 171 166 168 178 193 200 199 198 198 197 193 192 189 190 188 189 192 192 189 187 172 143 125 118 92 80 93 100 106 125 132 138 156 184 165 112 85 85 83 87 139 159 158 143 99 89 97 119 140 170 176 180 181 179 165 159 151 138 121 108 94 76 65 69 77 
126 116 117 111 93 101 102 112 114 109 117 119 133 136 147 163 180 187 185 183 183 184 186 187 189 190 192 193 193 194 192 195 197 196 194 194 195 193 192 192 190 188 184 178 178 173 171 170 167 173 188 194 200 202 201 200 202 204 199 196 194 195 196 197 203 205 198 184 163 141 127 109 100 92 101 107 120 129 135 159 189 178 115 80 71 64 80 138 162 156 146 103 89 96 111 139 170 178 180 174 172 167 159 143 132 121 108 93 75 62 70 73 
131 118 103 101 109 108 110 114 115 114 115 127 135 142 147 159 170 179 182 185 190 190 190 190 191 189 189 193 195 195 197 195 196 194 194 195 194 194 193 191 194 190 186 183 176 175 176 166 171 177 185 193 200 200 201 199 198 196 199 201 196 194 194 198 202 203 198 189 171 154 133 111 99 99 102 108 110 117 134 151 179 180 127 84 74 69 78 137 164 162 149 111 83 92 107 136 171 175 173 176 174 169 162 149 138 118 104 89 75 66 63 72 
129 121 110 110 110 105 108 108 111 111 127 141 134 136 151 158 166 180 183 185 191 190 190 187 187 189 189 192 195 194 195 195 195 194 193 192 194 196 195 193 189 188 188 184 178 173 172 170 170 176 180 189 196 196 196 197 195 193 194 195 196 196 195 198 199 195 188 183 171 152 123 104 98 90 101 110 114 115 121 141 176 186 138 84 83 86 79 132 167 157 149 110 90 92 111 135 169 177 174 177 175 170 164 157 139 125 100 85 66 63 69 75 
117 111 114 114 110 99 106 111 117 112 114 124 121 125 137 155 166 171 178 185 190 192 192 191 191 191 191 194 194 195 195 197 197 194 195 196 195 193 195 193 191 190 189 186 180 167 165 166 164 174 181 188 192 198 196 195 197 196 197 193 196 194 196 198 200 196 191 184 168 148 125 104 96 101 107 111 115 115 113 124 165 180 122 81 82 84 81 134 167 159 141 107 91 99 106 127 158 178 176 177 175 171 167 163 152 129 109 90 76 66 69 71 
134 109 105 107 110 104 112 119 123 120 113 115 128 128 133 153 162 167 174 187 189 192 192 194 192 190 192 191 193 193 195 196 196 196 194 197 193 196 197 195 196 193 189 187 184 176 169 166 164 166 161 155 164 174 192 205 210 209 206 205 201 198 197 196 194 193 193 186 164 138 117 109 100 108 112 114 112 114 115 121 152 153 108 84 77 64 82 141 170 157 145 109 86 99 114 134 165 177 175 180 180 175 173 163 149 130 108 92 78 70 69 84 
119 110 106 110 105 105 109 122 119 116 107 98 112 126 122 135 155 165 178 183 188 190 189 191 192 192 191 190 191 192 194 193 193 196 198 194 194 195 197 196 195 192 191 185 181 175 170 163 159 148 135 123 120 117 128 154 164 166 176 183 189 195 197 199 196 192 191 177 149 127 118 97 90 106 110 111 116 112 113 124 138 123 99 85 67 55 83 143 172 154 144 106 93 99 115 131 162 176 173 172 175 175 169 166 149 123 106 88 73 67 79 90 
124 112 118 125 116 114 106 124 127 118 105 95 112 118 132 136 147 161 176 186 190 191 193 190 193 192 191 195 194 194 194 194 193 194 194 197 195 196 195 196 195 194 192 188 180 169 164 158 144 136 116 102 96 102 108 102 107 121 132 141 147 163 181 186 185 188 183 160 126 118 103 59 68 93 115 120 119 120 123 132 144 124 101 79 74 47 79 145 167 149 140 110 98 108 120 133 162 175 176 173 165 173 172 165 138 122 104 89 76 72 84 106 
141 122 113 124 114 118 108 113 123 112 109 108 107 111 116 138 145 156 173 184 187 187 189 194 193 196 194 195 195 195 194 195 193 195 196 193 193 195 196 194 191 188 189 184 181 172 161 146 134 124 107 89 85 89 116 129 122 132 149 161 164 157 160 170 172 167 161 139 120 112 87 68 57 98 124 129 125 122 117 126 147 125 101 76 40 28 78 138 156 147 142 107 99 108 125 133 159 177 182 179 177 168 170 162 139 117 104 89 71 76 95 108 
118 132 119 116 112 108 104 112 138 120 112 114 107 95 113 135 144 148 158 176 184 187 187 194 195 196 195 193 195 194 194 194 194 194 195 195 196 194 195 197 194 189 183 175 174 172 161 144 124 114 102 95 77 77 84 121 128 115 136 163 170 172 164 159 155 161 148 128 124 119 95 74 93 126 128 132 133 125 123 131 145 132 99 77 53 29 87 145 149 149 145 109 104 114 128 136 147 173 173 171 173 170 167 159 135 112 98 89 75 89 106 114 
111 109 116 111 110 108 105 110 146 139 129 123 115 100 110 118 138 148 161 175 187 190 196 195 195 195 198 195 194 198 197 196 194 195 195 193 195 195 196 198 198 192 188 182 174 166 157 141 124 103 89 66 69 60 57 100 123 117 117 166 184 184 187 177 164 142 162 165 153 136 118 115 138 148 141 135 134 127 122 122 138 139 109 92 72 45 94 135 135 138 141 122 120 121 129 140 155 178 182 178 179 167 161 145 126 114 103 89 73 97 113 118 
115 115 111 119 114 111 111 110 134 138 123 108 116 112 116 126 134 140 153 170 187 194 193 195 196 195 193 196 195 194 194 196 194 193 193 196 194 197 196 195 193 193 190 187 177 169 152 134 116 98 81 71 73 80 82 101 118 119 125 149 187 193 187 183 182 163 139 147 155 146 132 124 142 143 144 143 137 132 128 124 130 132 122 96 79 36 90 130 134 137 133 127 133 134 129 143 153 173 185 182 172 165 151 134 128 117 102 88 87 119 121 121 
116 123 121 112 113 113 118 120 123 143 129 118 123 113 113 117 120 135 145 170 187 196 196 195 195 196 194 193 197 194 193 193 193 194 197 194 193 194 194 193 191 191 187 182 170 155 153 123 101 88 75 75 88 104 112 105 110 115 119 139 179 193 189 175 177 171 156 137 126 124 122 127 136 144 139 141 139 136 132 125 124 126 139 112 80 39 76 122 139 135 134 135 133 135 144 149 160 169 179 177 170 166 152 133 118 110 104 88 110 122 127 128 
123 124 124 119 120 118 116 112 126 135 136 122 127 118 116 123 128 124 145 159 185 197 198 199 199 195 196 196 194 192 192 196 196 199 198 195 198 196 196 194 194 190 185 179 170 159 146 106 93 88 69 61 50 49 67 107 116 116 124 136 167 193 191 192 188 186 174 170 151 152 140 128 132 141 143 146 144 139 138 130 123 125 122 116 88 43 93 127 150 147 147 151 142 145 147 149 150 162 170 166 166 158 152 137 122 114 96 106 128 128 130 132 
121 113 116 118 117 119 118 127 126 129 128 127 128 113 110 129 127 121 133 148 174 192 199 197 198 197 197 192 193 193 194 194 195 196 196 198 198 198 198 196 194 192 186 180 168 157 133 105 87 79 75 51 38 56 71 89 116 119 117 137 162 187 195 190 195 190 187 177 167 153 144 136 139 148 153 157 156 148 142 148 136 125 121 108 89 72 106 133 139 148 146 141 139 148 149 155 151 157 165 159 152 145 138 129 124 105 105 123 134 133 132 126 
120 124 117 120 118 113 121 126 131 127 131 135 133 120 93 109 136 125 122 134 160 185 195 197 197 197 197 194 193 191 191 194 194 196 197 191 193 195 196 195 193 189 185 176 160 144 130 102 88 79 53 43 51 28 52 87 120 120 123 141 163 181 192 196 195 189 182 181 173 166 161 155 152 151 154 163 162 154 154 150 142 132 122 112 107 107 105 113 134 143 150 153 150 143 148 145 153 158 153 154 148 148 139 127 110 103 126 138 131 130 131 130 
117 116 121 119 123 129 144 130 123 128 133 140 142 128 118 98 120 129 127 135 150 178 193 197 198 195 196 193 192 194 191 188 191 197 199 195 194 191 190 194 193 187 175 168 150 136 112 92 84 78 60 41 44 34 47 78 116 128 127 138 162 182 193 197 195 193 188 185 184 178 183 156 144 157 149 153 160 162 161 162 153 143 140 125 112 116 119 117 136 145 149 150 146 147 147 150 149 147 152 154 146 142 137 128 119 138 146 149 139 142 142 134 
118 115 117 122 119 129 139 135 127 120 123 140 139 129 119 118 115 123 107 114 140 163 182 194 198 197 190 189 186 185 184 189 189 189 193 193 196 197 196 195 190 188 177 162 154 138 108 92 89 76 60 61 85 54 53 78 120 131 129 136 157 180 192 198 200 196 193 190 184 180 180 156 139 147 153 155 161 172 172 162 158 153 145 132 128 120 127 128 135 144 142 142 149 147 141 143 147 145 140 135 138 136 129 114 125 132 133 137 143 134 144 146 
127 117 117 118 123 130 128 125 127 132 134 149 140 125 130 125 115 111 112 98 118 149 173 185 186 187 186 187 182 181 185 183 184 185 186 188 191 195 196 193 189 182 172 157 151 122 98 80 87 80 70 92 67 49 84 115 119 132 132 132 159 174 189 193 196 197 192 188 183 176 175 154 152 149 148 149 155 162 172 174 167 161 154 143 128 127 131 137 147 142 144 145 140 140 142 142 142 145 139 139 130 126 101 44 19 14 10 14 11 12 19 56 
126 121 122 115 120 117 120 124 114 120 133 131 138 136 119 131 120 101 98 102 96 131 162 186 188 190 188 183 180 182 182 181 182 183 182 182 186 184 186 189 186 178 168 157 140 114 91 87 95 83 64 99 147 147 141 133 129 139 141 138 156 177 185 190 191 194 194 185 183 180 175 161 154 156 152 150 149 158 162 167 165 166 161 144 146 146 149 146 148 145 148 145 148 148 148 144 144 142 140 129 127 100 60 28 31 28 24 18 20 7 14 26 
119 115 112 115 120 120 115 118 121 123 130 131 142 139 129 125 128 126 101 89 96 84 101 149 181 182 182 181 181 182 179 177 177 178 181 179 180 184 187 187 186 183 171 153 140 120 99 94 95 85 69 65 113 137 130 121 135 143 147 148 164 175 187 188 186 188 188 188 180 173 167 163 155 153 146 145 154 151 155 160 159 155 159 158 152 153 149 150 149 146 147 150 144 141 146 146 143 132 128 124 103 73 75 50 33 34 29 35 34 33 19 11 
119 116 121 115 115 120 127 118 117 124 122 126 136 142 146 121 128 129 123 111 97 93 92 100 138 168 178 180 180 176 174 177 177 177 178 179 180 183 185 188 187 180 170 162 154 121 99 104 107 96 77 68 64 94 113 128 137 146 149 149 163 175 180 178 184 188 187 179 177 172 167 161 156 149 148 145 142 140 141 148 151 150 156 154 154 146 146 146 141 143 142 140 145 138 140 134 130 132 127 97 62 62 74 68 41 28 32 27 26 19 27 20 
123 119 133 123 120 119 117 117 117 127 120 125 129 145 141 137 125 134 135 124 127 116 102 90 90 118 157 173 176 173 169 171 171 172 170 173 177 179 185 187 183 184 176 158 158 128 109 98 111 104 85 83 69 61 84 124 145 148 152 153 158 167 183 182 179 183 183 178 173 172 167 161 151 146 142 143 140 142 139 141 142 145 144 142 143 144 143 142 142 144 143 146 141 139 131 135 135 114 78 63 62 65 65 78 49 39 25 32 29 26 18 22 
117 119 116 122 114 117 116 118 116 117 115 126 133 136 139 143 136 136 138 136 119 132 133 115 102 88 106 140 160 173 173 171 172 168 166 168 166 162 163 174 181 186 180 176 168 138 113 112 119 111 90 71 73 77 81 104 140 153 155 164 166 168 178 184 183 179 179 179 165 162 160 154 149 143 143 139 134 136 134 139 141 134 135 138 136 138 142 145 138 139 140 135 133 131 135 122 91 63 65 67 67 65 62 72 79 44 36 27 26 29 31 23 
114 114 116 119 121 126 117 117 119 118 127 123 129 133 141 156 149 136 136 152 144 117 130 134 114 111 96 99 123 145 159 165 156 150 152 148 151 151 150 145 151 167 175 174 165 144 116 110 118 119 108 98 81 79 88 99 131 151 159 165 164 167 173 175 170 167 171 174 168 163 158 153 145 140 136 131 133 133 136 131 135 131 130 131 133 136 136 137 134 135 131 133 135 125 99 68 63 70 68 67 69 68 64 60 71 73 43 33 32 28 29 30 
120 118 115 120 117 114 117 120 125 126 122 124 123 125 136 145 154 141 145 140 152 132 123 141 133 117 107 94 79 90 120 126 140 148 141 145 137 137 135 135 139 139 150 166 164 151 129 115 128 123 115 110 108 100 103 112 122 147 154 157 163 167 167 173 147 143 162 165 167 166 157 149 139 137 135 134 132 135 136 132 133 133 129 131 130 129 131 129 136 136 132 117 85 70 60 67 67 65 69 68 67 66 68 68 65 71 75 48 38 31 29 30 
111 114 116 118 118 120 118 120 123 115 116 118 131 134 137 148 148 138 135 132 139 148 121 133 134 120 118 124 124 102 83 88 97 90 95 102 113 116 122 126 126 134 138 144 163 146 129 128 128 126 119 117 116 115 115 122 130 142 148 157 158 162 164 152 160 161 161 163 163 159 149 141 140 137 138 133 132 136 135 138 139 135 138 139 142 140 138 136 115 98 77 65 71 66 72 71 72 69 68 70 65 63 66 64 60 65 79 69 43 37 33 31 
117 117 117 118 122 121 122 123 116 116 112 116 117 124 129 140 142 137 133 133 138 138 136 124 135 132 107 115 120 116 109 91 70 73 68 57 54 68 80 92 96 104 102 107 125 146 143 130 126 129 128 130 127 134 133 137 144 145 153 155 155 154 156 154 152 157 152 151 148 142 144 142 131 127 133 135 131 126 134 135 138 136 133 127 111 100 86 74 72 69 71 78 73 76 73 68 70 70 65 68 66 66 65 65 69 61 59 76 81 56 36 31 
115 112 111 114 117 119 117 115 121 118 118 114 124 126 123 136 145 146 138 132 136 143 134 128 131 145 139 113 104 107 105 107 101 77 70 80 70 53 48 47 48 51 62 61 61 58 77 105 101 105 113 111 110 112 114 121 129 137 147 162 160 161 160 159 155 155 156 152 147 148 142 139 141 134 133 139 155 156 149 128 98 85 78 75 79 79 79 78 82 77 76 76 77 72 72 72 67 70 69 67 69 68 70 66 61 64 64 62 76 78 66 50 
114 115 117 118 114 120 124 122 122 124 126 119 119 118 123 130 136 145 155 147 146 152 146 135 127 141 145 141 130 113 99 98 96 94 79 61 61 68 58 52 50 56 47 46 42 43 43 59 86 71 51 61 60 71 77 78 82 82 77 85 110 133 139 134 128 122 116 110 115 119 127 132 131 123 139 153 141 128 103 87 90 89 92 86 87 84 83 85 76 79 77 75 74 77 74 73 73 74 72 67 66 63 69 66 70 66 64 64 57 70 83 88 
117 113 114 113 117 116 112 114 117 118 118 123 118 123 120 113 134 139 160 172 152 141 152 150 134 129 149 133 141 151 133 97 88 85 75 73 59 51 59 53 49 46 52 59 61 61 59 61 82 96 91 80 90 93 100 129 132 118 105 122 137 151 145 143 133 127 125 122 122 120 124 132 142 145 131 110 103 94 96 97 95 96 92 92 90 84 85 79 86 81 77 78 78 72 72 75 67 69 65 69 67 69 65 68 65 65 63 64 66 58 63 67 
117 116 117 116 114 114 116 117 113 111 117 118 115 111 118 119 123 141 145 152 161 160 149 158 162 152 136 143 129 130 138 141 99 79 80 57 65 61 53 52 50 50 48 48 53 52 55 57 70 95 93 84 107 106 126 145 131 98 74 104 118 116 127 128 131 130 127 127 134 139 138 132 112 106 98 98 99 97 96 98 96 93 95 89 88 87 86 84 79 81 81 74 74 75 73 71 71 72 73 70 71 66 64 60 67 65 64 66 61 67 61 62 
112 113 114 114 113 114 112 117 117 115 114 111 116 114 117 121 129 138 141 154 151 162 170 169 179 171 164 157 156 144 142 126 143 86 69 76 51 51 61 57 52 55 53 48 47 53 71 96 100 99 95 82 95 111 118 149 130 77 64 85 89 91 83 78 85 102 112 133 137 119 111 100 105 104 102 105 105 105 103 99 100 94 93 93 91 94 85 83 82 81 76 80 76 81 75 73 71 72 70 68 70 68 65 69 66 67 65 66 69 59 65 61 
120 116 115 115 117 118 114 113 113 116 114 117 115 114 114 113 119 126 127 132 157 143 166 173 167 174 166 173 163 168 158 162 137 134 91 83 91 75 63 66 71 63 71 81 86 98 105 110 106 102 91 92 95 107 106 109 128 121 109 121 123 129 138 127 119 124 122 109 98 102 104 108 105 105 106 107 103 103 100 99 97 95 92 95 89 86 89 87 84 85 82 73 77 71 74 73 73 69 66 70 71 70 67 67 60 60 64 63 60 66 64 62 
111 114 114 114 115 115 118 117 115 117 116 116 115 113 116 112 109 115 115 118 124 151 146 176 169 178 183 177 163 166 173 180 175 154 136 88 84 86 75 71 73 80 78 94 111 105 102 108 98 98 91 85 102 108 110 106 107 107 111 110 107 104 111 115 113 106 105 108 109 108 110 105 107 107 104 104 102 101 103 103 99 100 100 93 91 91 88 85 83 80 78 84 80 80 76 72 71 75 75 69 67 72 67 69 72 68 61 65 61 62 64 64 
118 113 117 114 117 116 110 114 115 114 114 112 120 121 113 116 115 114 113 114 113 116 138 150 172 167 175 180 178 155 169 169 172 178 171 158 112 105 108 90 87 91 95 99 97 100 99 110 117 96 94 99 109 111 110 111 110 109 112 109 110 110 111 105 107 112 111 108 106 107 107 106 107 107 107 104 104 105 102 102 102 96 97 93 95 95 91 88 89 89 87 76 77 77 75 73 76 71 70 74 67 67 66 63 62 63 67 64 69 65 67 65 
112 115 112 114 114 114 117 113 112 116 117 118 114 115 119 119 119 120 117 116 117 115 118 132 141 157 164 171 154 146 146 160 158 145 150 160 152 128 130 123 110 106 108 110 104 98 91 91 86 86 99 104 106 110 110 112 113 111 112 109 108 108 110 110 109 108 108 110 111 106 107 107 109 108 102 106 104 105 104 102 102 101 96 99 93 90 91 89 86 84 85 83 79 78 82 79 73 71 72 71 69 68 66 69 65 65 66 64 61 67 66 62 
