10 35 38 38 41 43 35 41 41 41 43 42 41 46 47 54 38 41 46 46 42 42 47 45 44 49 46 42 50 37 31 31 39 37 35 37 42 39 29 38 45 45 43 37 46 43 47 55 47 53 52 50 52 52 57 110 103 63 55 77 97 121 129 127 105 76 39 35 40 52 48 43 55 49 49 53 54 44 45 50 41 44 44 48 45 46 45 45 47 41 47 43 42 36 45 44 45 45 41 47 44 39 39 40 45 46 45 43 41 40 41 37 
42 45 46 41 48 49 51 50 55 48 52 55 55 52 53 60 53 61 51 59 62 58 58 57 67 57 56 62 59 58 58 55 54 50 50 52 53 51 53 56 50 51 48 59 66 54 58 53 61 58 55 49 120 130 135 116 104 91 80 55 49 48 46 46 48 57 61 58 60 58 54 50 51 58 52 57 51 47 48 49 51 45 48 53 48 51 47 48 48 53 44 45 45 43 44 43 45 47 44 44 38 39 48 49 37 37 40 41 45 59 112 124 
47 40 53 54 49 47 52 54 52 51 52 51 55 56 57 52 55 51 62 61 56 54 56 56 56 61 60 60 64 60 56 57 55 55 56 59 51 51 44 44 55 53 39 44 27 33 47 58 52 54 53 112 167 154 149 150 155 157 157 147 137 107 76 51 49 47 51 53 51 53 58 54 56 54 58 53 57 59 54 52 55 54 50 42 51 52 52 45 47 43 48 47 47 52 46 44 42 44 47 45 45 45 42 43 47 41 41 40 35 50 82 97 
48 45 48 42 50 49 49 51 51 49 52 52 51 53 56 58 62 59 55 52 62 65 56 61 62 62 66 61 61 61 56 55 64 74 68 74 85 93 101 104 91 86 33 64 138 91 72 70 57 59 64 145 175 127 117 120 123 128 138 146 151 153 142 117 74 48 41 37 36 32 35 43 46 50 52 61 58 51 53 55 49 54 54 58 49 51 48 49 49 51 44 44 44 42 43 46 47 44 46 47 43 38 40 40 42 40 37 38 43 46 66 57 
47 45 44 54 49 49 53 50 52 52 54 51 54 56 55 55 51 53 57 62 54 55 62 60 53 52 52 52 48 51 64 76 81 81 95 110 141 127 129 129 127 102 95 231 168 129 84 65 70 65 67 134 187 148 95 67 65 79 90 99 105 123 143 152 149 139 126 106 84 72 52 44 44 38 34 35 39 43 48 44 53 53 52 51 49 54 55 51 51 45 44 49 50 49 49 49 48 45 42 43 43 44 44 42 39 44 43 46 42 43 66 33 
46 46 47 43 48 48 48 53 54 49 48 52 55 54 53 55 57 55 57 52 56 58 53 58 57 63 57 68 81 94 93 100 99 106 118 140 150 137 131 120 118 120 104 228 189 132 124 108 87 67 55 72 125 138 126 130 142 159 169 174 173 180 180 189 186 191 189 186 174 159 150 137 122 106 97 73 61 50 37 32 34 39 49 49 52 50 49 48 50 49 52 49 45 48 47 47 43 49 49 41 44 43 44 42 43 42 41 41 46 47 60 42 
47 48 49 50 51 45 51 50 51 57 56 51 50 52 57 54 56 52 56 58 61 53 56 62 78 73 87 96 118 129 120 112 123 132 150 153 139 140 146 149 157 173 170 185 83 119 158 156 128 99 79 95 131 164 181 193 202 202 205 203 203 203 205 199 199 199 199 199 200 196 191 187 179 178 164 157 150 140 121 93 65 44 32 32 41 48 55 46 46 48 43 52 56 48 45 47 48 45 41 45 42 44 45 45 40 42 41 37 39 38 55 51 
45 46 49 48 48 52 49 50 50 46 47 49 53 55 52 57 55 57 54 52 51 66 86 96 89 85 94 88 96 105 110 126 143 156 166 178 186 185 189 203 205 211 192 149 103 131 165 159 146 143 139 148 155 169 193 205 205 209 208 209 209 206 205 201 199 198 198 198 196 196 194 192 191 183 178 178 180 175 169 161 144 126 99 79 49 42 36 50 50 48 48 47 43 52 44 44 47 45 47 42 43 40 50 43 48 41 40 44 41 37 52 83 
48 44 45 47 50 46 50 51 51 55 58 53 52 49 55 55 52 50 46 64 83 99 101 97 74 88 91 102 122 146 165 180 192 195 203 204 206 209 211 215 204 186 168 142 119 120 130 138 112 95 126 157 174 180 180 196 206 210 211 211 210 207 206 205 199 201 199 198 197 194 193 189 184 178 172 172 176 180 180 174 173 166 156 135 109 78 62 33 39 44 44 49 52 52 44 50 47 46 44 43 42 44 41 39 40 43 44 36 38 31 53 127 
43 47 49 53 51 51 49 49 47 53 52 53 51 56 56 53 48 53 94 116 102 83 95 97 119 138 164 180 195 203 203 206 207 206 206 206 206 206 205 182 152 138 128 135 134 138 140 136 108 127 168 180 193 205 209 192 206 208 211 211 209 207 207 203 204 200 202 200 196 194 192 188 182 179 174 173 171 171 170 174 172 169 165 163 152 143 115 94 56 42 38 38 44 44 49 40 45 45 46 48 45 42 46 47 43 40 39 43 35 38 97 145 
51 46 44 49 55 47 50 52 55 49 55 53 50 49 49 53 66 96 115 87 71 104 134 156 173 189 198 200 201 203 202 205 202 205 205 204 205 204 180 146 139 137 163 177 187 189 190 161 136 189 204 215 211 211 211 210 198 211 210 210 210 210 209 207 205 203 203 200 198 193 190 187 183 178 178 172 167 162 163 164 163 162 161 159 154 146 148 132 111 82 52 43 39 49 49 46 46 49 45 45 42 48 42 42 38 36 23 20 36 86 140 165 
40 43 53 50 45 47 48 48 48 56 48 55 57 52 52 63 82 107 86 62 104 151 180 191 199 199 201 201 208 209 211 209 210 208 208 207 204 186 146 141 134 140 159 184 194 197 202 164 157 206 216 214 213 213 212 214 203 201 208 210 211 210 210 209 207 205 205 200 194 194 188 184 183 184 179 170 161 159 160 158 158 153 154 152 147 150 143 141 135 119 91 59 41 36 42 39 40 37 37 36 31 26 22 14 20 39 60 103 129 149 164 172 
52 52 46 44 54 55 51 52 54 47 54 55 57 59 70 86 93 69 95 139 171 189 194 196 199 205 208 211 212 215 213 214 212 212 211 210 196 151 119 115 119 131 163 178 186 188 188 156 158 207 213 214 214 212 212 212 210 189 203 209 210 209 209 207 205 204 194 193 190 187 186 182 181 179 177 170 167 164 163 164 161 159 152 149 147 142 141 137 138 133 130 111 81 45 31 32 34 33 35 32 41 51 65 87 107 128 144 153 167 173 175 177 
47 48 46 49 46 50 48 50 54 54 54 54 52 66 92 96 88 114 153 179 192 190 193 195 202 206 208 210 213 212 215 213 213 211 211 205 173 130 119 116 116 145 171 176 177 175 169 141 144 200 214 213 214 212 213 212 212 192 189 207 210 210 210 203 198 194 188 188 184 184 185 179 176 174 178 174 173 174 169 170 168 166 158 151 150 146 141 134 134 135 135 132 117 110 110 115 116 121 124 125 132 137 140 151 159 167 168 171 173 175 172 173 
47 51 48 48 48 48 46 47 52 50 51 55 54 85 106 102 133 170 185 187 190 193 195 200 205 208 210 210 211 212 213 212 211 210 210 199 162 121 120 122 129 155 170 164 158 139 132 133 140 197 211 214 210 212 209 209 208 198 173 205 207 209 204 197 191 187 186 182 186 180 180 178 178 180 177 173 176 173 174 168 165 161 160 156 151 151 145 141 135 127 130 132 133 134 148 161 167 167 167 166 168 167 173 171 167 171 173 170 167 171 172 169 
49 40 47 48 49 49 50 53 53 51 50 53 75 94 117 143 174 185 188 191 194 198 199 204 207 207 207 210 211 210 211 211 210 208 206 193 158 125 106 111 124 152 158 138 109 113 125 122 127 187 212 211 211 209 206 205 206 203 167 197 204 203 196 186 185 184 184 187 184 176 177 179 175 176 172 173 166 170 167 164 158 157 153 152 152 150 147 141 138 133 130 132 133 132 138 150 164 167 172 171 171 169 168 168 166 168 167 162 165 167 162 169 
48 50 47 49 51 51 49 51 48 51 56 73 102 124 144 172 183 188 188 191 198 200 202 207 206 207 207 208 208 210 210 208 208 204 200 190 145 117 103 110 123 142 136 108 132 151 123 115 119 165 202 208 208 205 204 200 202 199 161 187 197 194 189 177 179 177 179 181 177 176 170 167 171 172 170 166 162 159 154 154 155 149 148 145 147 144 145 140 135 135 132 132 129 133 132 130 140 149 159 164 163 163 162 160 161 159 157 161 162 165 162 158 
48 47 48 50 45 51 50 45 52 64 90 111 123 139 168 181 187 189 194 194 198 201 205 207 208 209 208 207 206 208 209 208 206 203 193 170 125 113 114 118 127 123 110 122 192 153 111 116 130 160 185 198 200 201 198 193 194 195 169 175 186 190 178 170 168 174 174 177 174 167 173 168 163 161 152 147 143 144 143 138 137 138 133 135 135 136 131 130 133 133 134 138 142 142 136 130 123 132 144 149 155 157 155 156 154 156 154 153 155 154 153 156 
43 46 45 41 46 45 49 61 71 85 110 126 137 155 172 184 189 187 188 194 197 202 206 206 205 206 207 207 204 207 208 205 203 198 187 156 114 115 112 125 134 136 135 164 184 124 98 138 132 151 173 181 187 187 185 181 186 190 166 162 183 182 171 164 165 173 174 173 168 169 161 157 157 149 143 144 144 144 142 134 130 124 125 122 123 123 123 126 129 134 140 142 149 144 144 137 129 121 130 141 145 150 149 146 148 148 147 147 146 146 149 148 
46 44 43 52 57 54 53 90 106 110 126 127 145 167 181 184 186 184 190 196 198 203 202 201 203 206 204 205 204 203 206 206 203 195 182 151 113 115 112 118 125 129 160 179 146 103 113 143 128 137 152 159 167 174 173 177 180 183 168 159 176 171 164 156 169 173 176 168 162 164 159 153 147 146 156 163 164 153 140 125 117 116 117 119 112 116 124 123 125 131 137 144 145 145 140 137 136 127 118 123 135 140 144 144 141 142 144 138 136 138 141 139 
46 45 49 51 56 50 77 113 125 109 110 138 165 176 184 184 186 187 192 195 197 202 203 204 202 203 203 200 203 206 206 206 201 195 179 149 122 118 109 113 123 113 171 167 116 91 110 121 121 115 129 125 140 160 170 175 174 179 165 149 168 172 164 164 170 172 166 160 159 153 142 144 152 164 175 180 174 158 134 116 108 107 110 109 116 123 126 132 138 137 143 141 143 142 139 138 134 133 128 120 119 126 126 134 137 134 135 134 137 137 136 138 
47 48 43 48 51 66 90 119 118 108 119 148 167 178 179 182 185 183 189 192 197 199 202 200 197 197 196 198 202 201 204 203 201 194 177 141 103 114 107 109 116 111 170 158 114 108 91 99 109 110 114 111 130 156 165 170 171 174 159 147 164 157 157 159 167 166 163 158 146 148 146 151 164 177 177 175 167 145 115 93 90 99 105 110 122 133 140 141 143 142 137 140 139 138 133 127 126 126 123 119 114 115 122 118 126 132 131 129 123 128 130 129 
41 47 54 50 61 86 102 104 94 95 116 146 170 178 177 178 183 188 187 189 196 196 194 196 196 195 196 198 199 200 203 204 201 194 178 144 125 123 101 110 114 109 164 138 115 106 81 71 91 94 103 95 116 146 159 166 172 179 156 148 160 154 152 155 156 154 155 146 145 141 137 158 174 175 175 168 155 137 108 79 69 74 97 120 135 148 151 153 149 143 140 137 137 135 131 127 127 126 123 120 116 112 113 120 126 130 124 124 125 124 126 125 
50 46 47 62 75 85 96 87 91 90 121 149 168 173 175 181 185 189 189 193 196 193 193 195 192 193 192 195 195 201 202 202 198 189 173 146 124 128 106 105 112 98 158 143 94 101 73 72 91 92 99 98 117 143 155 165 174 181 155 146 156 154 158 159 152 154 147 151 143 139 158 173 177 173 168 167 159 138 108 74 52 56 82 126 159 165 166 161 153 145 139 139 134 130 130 127 129 125 125 121 116 108 108 114 115 118 122 121 118 120 119 121 
46 53 49 68 76 77 91 94 91 96 121 149 163 171 174 178 184 186 188 193 193 191 191 189 189 191 192 192 194 198 198 196 193 187 177 141 115 120 103 109 116 106 151 135 107 83 62 75 100 97 96 101 115 143 161 168 182 179 142 150 155 155 154 157 152 151 150 145 144 153 174 187 186 181 179 177 162 138 109 82 48 48 100 150 172 176 172 161 156 144 142 138 133 135 131 130 132 136 127 122 115 111 106 104 110 110 114 114 115 119 115 117 
45 39 58 66 72 76 82 94 92 98 123 144 160 168 168 179 183 183 188 191 190 189 190 190 188 189 189 192 190 192 195 192 191 187 173 141 109 98 96 103 117 103 146 136 124 106 79 79 96 96 99 96 120 143 160 175 179 174 141 151 156 157 161 160 150 150 147 146 155 172 189 192 190 190 187 183 165 143 122 84 54 59 124 171 187 185 177 167 155 153 143 140 139 135 132 132 134 127 128 126 118 109 104 99 102 107 110 107 108 105 107 104 
45 63 68 70 64 62 70 72 76 89 117 142 156 160 170 175 181 184 186 189 189 187 187 185 189 186 186 187 190 191 192 191 186 182 169 142 115 103 72 67 76 72 93 110 95 105 95 104 103 97 97 95 118 145 163 180 187 170 134 157 157 159 160 156 153 148 149 155 169 182 193 194 192 189 186 177 163 142 124 96 62 58 120 171 187 187 177 168 163 150 143 139 130 130 130 131 130 133 128 124 117 110 105 95 92 97 103 111 109 104 105 105 
41 73 70 59 60 62 55 63 87 98 116 137 149 163 170 173 180 183 184 183 184 186 187 187 183 186 183 185 186 189 187 185 187 181 171 139 119 116 85 69 75 71 82 105 96 105 114 116 112 98 103 109 122 147 171 181 186 155 137 155 155 160 162 159 151 154 155 161 173 190 194 192 188 184 184 178 155 142 128 111 72 66 123 169 181 179 175 168 154 146 144 134 125 123 130 129 135 131 132 130 120 112 108 96 90 92 97 96 100 101 102 99 
45 57 75 67 63 58 51 70 84 92 104 132 153 162 170 177 175 179 185 186 185 181 179 179 180 184 184 187 188 188 189 190 185 182 167 142 124 120 86 88 104 91 96 121 104 125 131 127 110 106 100 101 126 157 184 191 180 136 152 161 166 165 165 159 155 148 152 160 180 193 195 186 187 185 180 168 156 140 128 110 75 77 125 158 170 164 165 165 153 140 129 123 120 121 123 133 140 140 141 134 127 119 101 95 76 76 84 97 97 97 95 96 
43 49 63 68 65 56 60 68 74 88 106 130 155 165 171 174 179 179 180 184 183 182 183 183 184 181 182 183 186 185 187 186 185 182 169 145 121 116 98 93 101 93 97 110 90 99 119 121 117 104 104 112 133 166 186 190 158 143 175 178 178 170 160 148 144 142 149 162 175 188 189 184 181 180 175 167 152 143 135 109 75 65 113 163 168 162 154 154 143 131 125 121 112 113 117 127 138 145 144 143 132 122 110 92 80 68 71 81 90 93 96 91 
46 55 67 76 61 65 70 77 75 80 100 138 154 163 170 174 175 178 181 181 180 183 180 179 179 177 180 184 185 185 183 184 185 181 164 144 126 122 100 97 114 107 118 120 80 61 83 101 112 111 103 109 140 180 201 191 147 185 202 201 190 173 163 159 153 139 142 155 179 190 187 185 179 173 170 164 156 147 130 101 65 57 106 153 179 155 142 137 135 123 113 101 105 104 110 125 138 149 154 142 134 124 110 95 77 63 60 70 91 95 94 97 
54 61 60 74 77 70 70 62 66 80 104 127 144 154 172 175 175 180 179 179 181 181 180 181 179 178 182 184 185 183 184 181 175 172 163 144 130 125 115 106 110 117 122 120 77 75 62 80 116 106 102 122 162 202 202 162 184 210 211 205 196 188 184 176 162 147 142 154 170 180 187 182 175 174 169 162 164 155 129 90 55 48 92 133 168 150 133 123 124 114 100 103 89 91 103 121 139 151 150 142 132 119 107 90 72 59 54 64 78 88 93 90 
54 68 73 76 69 65 63 58 60 70 96 117 148 161 169 174 179 177 178 180 182 179 181 178 177 179 180 179 182 183 180 180 175 171 161 150 135 130 125 105 111 121 127 125 67 66 56 72 102 99 107 133 174 191 165 169 205 209 204 201 196 193 186 165 148 144 144 147 165 181 180 179 175 169 163 163 165 152 117 82 49 38 77 115 146 142 127 117 108 104 92 78 76 82 95 121 141 149 147 139 126 115 104 88 68 51 43 49 61 80 90 91 
56 70 76 74 74 68 59 55 58 73 89 117 147 159 170 176 177 182 175 180 178 182 179 181 176 177 180 183 181 183 182 180 176 170 168 155 139 134 152 121 169 192 156 130 86 70 77 83 95 111 128 156 157 136 141 180 192 193 192 194 192 185 163 129 103 104 141 144 164 182 184 176 169 163 161 163 165 147 113 73 45 41 76 107 125 123 107 97 96 91 74 70 67 72 93 114 137 144 142 133 126 118 106 90 65 59 51 51 54 69 80 92 
61 67 69 73 73 73 56 62 65 67 85 114 149 165 172 175 179 174 175 177 184 176 183 182 177 180 181 182 181 183 182 184 182 176 166 153 137 135 142 128 163 196 202 163 99 80 72 89 111 126 146 139 116 110 130 166 179 184 190 194 190 179 150 100 71 64 87 132 171 183 180 173 162 153 148 156 161 143 106 70 42 37 57 97 119 121 107 90 77 76 74 69 65 71 88 112 139 143 138 131 123 115 106 88 68 52 50 47 51 56 73 77 
63 64 69 70 84 70 63 63 62 66 84 114 148 165 172 177 178 181 178 182 181 179 175 179 179 182 179 180 179 184 182 177 178 175 166 157 143 135 118 150 133 215 207 192 126 90 89 109 119 115 106 103 116 146 171 187 192 194 203 205 194 182 154 98 55 31 66 141 177 174 169 153 144 135 135 145 153 134 96 64 43 36 47 91 117 123 106 89 74 70 73 74 72 70 85 110 132 141 135 128 122 114 102 88 68 52 44 46 48 56 59 69 
81 67 61 61 70 76 64 67 68 65 81 118 151 166 174 178 179 182 179 180 181 180 176 180 182 179 183 181 183 181 178 180 174 173 166 164 152 142 111 162 165 187 208 200 159 121 109 119 115 113 133 154 179 198 203 202 198 199 205 212 206 186 170 128 79 71 122 162 169 159 142 124 114 114 126 137 148 129 98 62 44 41 47 85 112 116 106 80 61 58 65 69 71 72 87 106 130 135 130 124 118 110 100 85 71 60 48 48 45 48 58 62 
74 75 57 58 67 65 66 66 62 70 83 118 153 170 175 178 180 179 181 182 180 182 182 179 182 186 185 184 183 182 183 184 182 175 170 164 155 145 115 116 224 204 187 202 232 203 163 158 164 177 190 194 198 206 206 204 194 190 188 195 191 171 151 140 116 120 149 163 149 131 115 99 96 107 112 128 139 137 100 63 42 43 48 88 110 121 108 88 67 56 52 65 74 78 85 102 122 131 130 126 122 114 103 90 68 58 52 46 50 48 43 51 
67 63 50 63 60 68 67 65 62 72 86 124 155 168 177 180 181 181 180 182 186 187 183 185 187 183 184 181 184 183 185 189 187 183 175 172 165 148 122 95 174 230 207 218 217 208 197 192 201 202 203 200 200 202 200 190 180 175 175 174 163 148 128 115 122 140 148 148 122 100 78 72 88 98 109 128 148 135 104 71 52 44 51 84 113 125 114 92 66 46 52 61 73 76 82 102 117 131 134 128 122 120 107 89 76 58 48 47 46 44 46 49 
71 69 60 67 77 67 62 57 62 64 84 118 147 166 172 177 179 184 188 187 186 191 189 190 188 190 184 187 184 183 184 189 195 186 180 171 164 154 132 111 130 183 183 192 222 219 209 191 188 191 188 187 185 186 185 181 174 169 166 161 150 137 121 101 90 103 123 108 88 75 58 68 89 103 113 129 147 142 112 74 47 47 51 74 111 127 116 93 72 55 49 62 72 83 92 104 115 125 125 124 121 112 106 92 76 62 55 52 48 50 49 40 
71 62 55 67 69 73 66 61 67 70 94 120 147 166 176 174 179 184 183 187 190 190 191 188 186 187 186 186 184 183 182 187 191 190 182 174 168 150 145 131 143 151 157 176 212 171 181 179 177 178 179 176 179 179 176 173 171 170 167 168 160 141 127 105 80 72 83 80 63 50 66 83 94 105 116 133 151 139 108 72 50 50 44 75 111 125 114 93 70 51 58 73 77 86 92 105 113 122 127 127 122 115 107 95 79 65 52 45 46 46 46 47 
67 64 67 65 75 64 61 65 68 80 95 120 157 176 177 177 183 183 190 189 191 192 191 191 190 190 189 187 185 185 183 186 185 188 188 181 177 174 154 131 154 161 163 166 195 180 182 176 169 167 170 172 171 173 179 177 175 175 177 179 172 156 133 112 91 73 70 55 51 66 76 90 105 111 113 125 143 139 108 75 50 40 45 73 107 127 115 89 71 55 54 68 74 82 90 104 115 125 127 123 118 113 107 98 78 60 50 44 50 47 46 46 
74 60 67 59 62 63 74 72 69 82 94 119 155 175 180 182 185 188 186 191 191 193 194 191 191 189 185 186 185 187 185 188 188 188 186 185 187 186 162 139 166 174 172 177 197 163 180 172 168 165 167 171 176 177 177 179 181 181 185 194 182 163 141 119 104 89 80 74 76 78 94 108 114 112 116 125 140 139 108 75 45 40 43 73 104 123 114 95 77 60 60 72 81 82 92 103 116 122 124 125 122 116 105 93 81 65 45 45 42 46 51 41 
69 61 58 61 62 64 86 77 70 80 96 120 155 173 178 182 186 186 185 190 191 192 191 194 194 191 187 185 182 181 185 188 190 192 193 190 188 175 160 141 169 176 183 181 205 163 179 174 172 169 171 172 166 178 179 180 181 181 182 192 185 169 152 129 108 101 93 89 100 104 109 121 126 129 124 131 145 138 108 70 53 39 35 70 106 136 121 99 73 71 75 67 73 82 94 109 121 128 127 125 116 111 105 90 79 57 52 41 45 47 45 43 
65 66 68 58 51 63 76 83 74 79 88 117 150 175 181 182 186 187 186 189 190 194 194 190 193 187 187 186 188 189 187 188 192 195 194 187 189 176 167 139 163 172 180 186 210 165 181 177 175 175 174 170 174 178 180 175 180 173 176 178 178 169 152 130 107 95 98 110 115 127 128 127 134 131 132 142 152 140 108 75 51 45 45 73 103 135 122 104 91 80 77 78 79 83 94 111 122 126 130 126 126 117 103 93 77 66 48 46 45 44 49 44 
75 61 68 64 62 67 75 75 83 81 89 122 148 173 184 187 185 188 189 191 194 192 192 191 187 190 185 185 186 185 185 191 194 194 189 183 175 174 161 139 145 175 177 173 211 158 174 169 176 179 172 179 177 174 175 177 170 172 170 171 176 167 151 127 89 84 107 122 132 133 131 135 137 136 137 138 150 146 120 79 49 39 48 73 104 126 114 102 93 94 88 85 82 87 97 114 127 131 130 129 124 115 109 94 80 63 53 43 42 46 44 46 
74 64 67 64 56 70 80 74 79 82 84 113 147 171 185 187 187 185 187 191 193 199 194 193 195 189 187 187 189 186 188 187 190 192 182 177 171 165 153 139 132 167 179 202 174 140 166 171 172 166 170 167 175 175 174 172 178 173 169 169 175 163 148 113 67 52 93 127 137 138 143 137 144 144 143 145 154 148 123 88 56 33 27 68 98 114 109 108 111 104 98 83 84 90 105 115 122 127 132 131 124 121 109 100 85 71 53 51 45 49 47 44 
72 61 76 71 72 68 76 86 87 85 88 114 145 171 180 185 186 192 191 189 194 195 197 192 188 188 187 189 185 185 187 189 191 188 184 177 170 160 146 130 111 132 152 165 147 105 147 158 161 157 154 158 163 164 166 170 168 170 172 173 168 155 138 98 49 31 55 107 128 144 145 146 146 151 151 147 148 147 131 99 60 37 42 73 103 109 113 114 109 112 100 101 96 100 110 120 126 125 127 129 128 119 111 100 90 75 65 50 48 43 42 41 
67 63 68 81 77 67 78 90 96 85 90 116 144 171 184 187 190 191 192 194 194 195 194 190 193 190 189 187 188 187 188 192 195 194 183 175 172 157 130 110 96 112 131 128 135 128 126 139 138 128 133 143 151 153 157 160 168 163 167 165 169 160 140 104 61 41 52 81 111 142 152 154 150 151 149 151 153 152 142 112 75 40 38 77 105 110 120 119 122 117 108 103 104 111 116 123 125 118 118 119 124 120 112 103 86 74 59 49 47 50 52 43 
61 56 69 77 87 75 73 89 93 85 88 117 141 164 181 185 187 188 192 194 193 194 195 194 190 187 187 187 188 188 187 196 199 197 190 183 172 157 130 105 91 120 117 124 139 140 134 133 130 123 118 122 130 144 146 149 150 156 155 161 166 165 148 126 87 62 70 83 106 145 157 156 150 152 148 150 149 151 143 121 81 46 43 75 103 110 116 128 124 118 110 109 111 115 120 120 123 128 125 126 121 120 109 99 91 73 61 59 53 48 46 48 
60 60 66 83 81 71 73 84 80 75 86 118 137 165 185 190 189 188 191 190 192 194 192 191 193 190 189 192 189 187 192 196 198 196 190 183 169 155 124 97 120 106 102 109 110 115 121 123 133 138 128 128 131 127 132 144 146 144 148 147 156 161 163 144 121 102 108 113 129 149 154 157 158 150 149 151 150 150 148 131 95 62 44 82 104 122 132 133 134 125 116 115 112 117 120 123 126 128 132 129 123 114 113 100 86 76 64 55 55 59 58 53 
60 53 60 74 84 81 69 66 81 82 89 110 129 166 183 184 185 185 188 191 191 192 190 194 192 194 193 190 192 192 196 197 198 196 195 185 169 155 122 99 127 98 94 99 90 89 103 120 135 134 134 147 155 148 129 129 146 154 155 152 146 150 159 161 141 136 132 146 151 158 157 156 157 150 147 147 148 143 138 131 104 68 48 81 110 119 133 140 137 127 122 122 121 118 122 124 132 133 131 128 118 114 106 103 93 78 61 61 61 53 51 53 
56 53 52 56 67 74 76 72 69 85 75 95 123 160 183 182 179 182 183 184 190 192 193 193 196 191 191 191 190 194 196 199 200 196 189 183 174 154 128 127 122 95 94 81 76 81 112 136 144 133 134 150 163 170 164 142 128 155 163 162 155 142 147 155 159 158 166 166 168 168 162 155 151 151 146 150 150 142 138 134 118 82 64 87 110 134 145 143 137 129 127 126 121 118 126 131 131 132 133 131 124 116 109 94 86 76 67 56 56 60 66 57 
71 62 47 54 61 65 74 80 82 81 82 95 125 162 176 181 179 184 188 190 190 193 197 196 196 194 190 191 192 193 196 202 201 196 191 183 170 134 124 137 106 84 85 75 64 69 104 130 136 141 132 130 152 164 172 169 151 129 159 162 160 147 136 140 162 173 176 178 174 170 167 159 154 152 155 152 149 144 141 135 116 94 69 91 124 137 145 146 140 132 128 128 127 128 125 128 131 130 131 128 128 121 114 105 91 77 65 64 67 61 56 56 
64 68 54 49 61 55 69 81 74 69 76 91 124 159 175 180 182 185 190 189 191 196 199 195 194 195 191 188 188 193 199 204 200 196 189 183 167 104 112 138 96 76 76 60 68 79 93 97 108 128 136 131 137 154 165 170 168 144 126 151 160 153 143 140 155 175 178 183 176 175 169 160 158 155 156 154 151 145 141 135 124 101 70 88 119 147 150 147 144 141 136 132 131 127 126 126 130 131 129 134 125 120 109 100 90 73 65 64 62 70 66 65 
63 73 57 40 49 44 52 64 68 69 71 86 121 160 177 186 188 187 187 191 193 197 200 201 198 194 193 192 192 198 200 200 201 196 190 185 167 128 177 140 89 76 63 59 64 100 107 98 95 110 113 136 132 142 158 162 163 160 127 137 148 152 147 137 148 165 177 175 184 177 171 168 157 155 152 152 151 146 139 133 117 95 74 84 125 145 148 148 144 140 136 135 133 132 128 128 132 126 126 122 127 120 107 96 79 71 68 70 75 63 65 64 
59 72 57 49 57 50 49 61 64 77 83 96 126 164 177 180 183 190 190 193 192 196 198 199 198 196 194 193 195 198 199 201 200 196 190 180 161 135 228 152 92 64 59 54 79 106 119 120 102 101 101 112 133 141 155 165 167 167 154 119 144 150 148 144 139 154 172 182 183 180 179 172 167 158 154 152 149 146 138 133 118 95 65 83 126 147 154 150 148 141 135 129 130 126 125 130 130 127 126 128 122 113 105 92 81 70 70 74 71 76 72 75 
50 65 64 52 52 58 63 60 62 62 78 98 129 160 182 184 186 186 189 191 194 197 198 201 198 194 194 191 194 197 199 200 196 194 188 179 148 100 136 113 77 64 65 57 87 107 107 125 117 111 101 94 123 140 147 159 165 158 160 131 131 151 151 144 141 143 165 177 182 180 179 177 170 162 160 158 151 148 141 131 115 88 54 75 127 145 147 151 144 142 138 138 126 129 131 127 129 128 125 121 117 112 98 86 68 72 75 73 77 70 75 84 
47 53 74 65 45 53 60 57 59 71 65 90 122 157 178 183 181 183 189 192 193 196 198 200 198 194 193 193 194 197 201 199 199 196 194 179 150 104 76 73 64 59 68 78 97 99 101 127 125 121 102 101 108 139 148 153 160 163 160 155 123 144 150 147 136 132 150 170 178 180 179 176 169 165 156 155 153 149 144 132 116 87 72 78 113 137 146 142 140 138 130 129 130 127 127 130 129 123 121 116 112 103 93 82 83 80 78 80 79 79 89 92 
41 41 64 69 58 47 55 60 66 70 76 87 121 156 175 180 182 186 186 191 192 196 196 198 197 196 193 194 195 196 197 198 196 194 193 185 155 112 97 78 67 65 73 90 105 98 105 124 124 122 107 102 99 128 146 154 160 163 161 156 123 138 148 146 139 133 146 161 175 178 178 178 171 165 156 153 150 148 140 135 121 96 72 82 102 123 136 142 133 131 134 131 131 129 128 129 131 123 117 113 106 97 89 85 84 82 76 80 84 90 97 103 
47 47 53 77 55 52 53 63 72 77 76 95 120 160 175 181 180 183 187 189 194 190 196 196 195 191 194 193 194 197 198 197 198 197 194 186 165 126 100 82 64 72 82 101 105 95 95 107 91 114 103 104 104 113 137 155 157 161 162 168 146 138 151 150 141 135 139 161 170 175 175 175 174 166 159 154 149 149 145 134 121 103 90 94 106 118 131 129 124 128 125 130 129 130 129 128 124 121 116 107 101 92 85 83 85 82 87 83 89 95 104 106 
43 40 43 64 72 58 51 59 65 68 83 106 135 159 175 175 178 182 184 187 189 191 191 192 193 192 190 192 191 193 197 198 192 191 192 184 165 118 95 74 61 78 98 108 106 86 78 91 81 99 108 100 107 108 135 150 159 163 165 168 157 139 154 148 140 132 137 157 170 170 172 172 170 167 161 152 150 149 141 134 126 117 107 104 107 108 120 125 125 120 122 125 129 126 127 124 121 114 109 105 96 94 93 90 86 82 86 94 101 107 111 113 
38 47 52 72 70 62 50 58 65 76 84 103 134 163 175 181 176 181 184 185 188 191 192 191 193 193 190 191 190 193 194 198 197 192 189 184 159 103 66 98 69 88 107 114 109 90 72 49 63 83 103 104 110 107 130 155 160 164 165 171 166 129 155 148 141 137 135 154 168 175 170 171 168 168 161 158 148 144 145 141 134 127 114 113 110 110 118 118 120 116 123 125 128 130 127 125 118 110 108 97 95 93 92 86 82 90 89 96 108 113 113 114 
43 41 48 63 71 72 55 53 64 73 89 105 142 165 172 173 178 178 183 189 187 188 188 186 189 191 192 190 192 191 194 194 197 196 193 182 161 119 191 168 77 98 149 139 122 83 81 43 63 78 103 103 109 110 126 144 156 163 169 176 169 130 150 150 146 137 133 144 163 171 168 163 164 161 160 155 155 153 147 142 135 132 126 119 121 120 121 121 117 118 118 125 126 130 125 115 107 105 101 104 99 94 88 90 88 87 95 103 105 112 112 112 
41 42 41 48 62 64 61 53 66 85 98 115 146 166 171 176 177 177 183 182 183 183 189 189 191 189 188 189 189 192 192 193 194 196 193 186 160 110 151 214 128 178 222 223 172 105 59 52 62 83 104 103 111 112 123 144 153 161 165 170 165 128 147 152 146 137 135 145 158 172 170 169 163 159 155 154 150 153 150 146 145 140 134 130 130 131 129 124 123 122 125 120 120 117 114 109 102 103 103 100 94 91 92 88 89 101 109 112 116 116 117 110 
40 40 38 50 53 63 64 61 58 76 91 117 141 160 167 171 170 173 177 182 179 178 186 186 188 189 188 186 190 190 192 192 191 192 189 181 160 107 131 219 178 211 219 220 223 156 79 58 68 100 115 115 117 118 124 140 154 161 168 169 163 128 150 151 147 139 134 138 156 164 169 169 166 163 155 153 151 151 151 148 147 146 142 139 136 137 132 131 122 123 121 121 119 116 111 110 110 107 100 92 89 86 89 92 98 107 114 117 116 116 113 116 
41 42 41 37 48 50 65 64 68 78 101 122 141 152 165 172 174 174 176 179 180 179 185 185 189 189 187 187 190 191 190 191 187 189 188 182 163 121 123 215 196 207 217 217 216 181 111 79 87 101 110 114 124 120 129 145 151 158 163 166 165 129 138 149 145 142 133 137 152 166 172 171 170 167 164 157 156 157 153 151 146 146 148 144 140 137 137 127 128 125 120 112 107 115 114 116 107 97 92 90 93 96 101 100 104 110 114 118 120 113 116 112 
39 42 43 41 50 46 46 55 54 67 95 116 136 153 162 166 165 168 172 180 175 177 181 186 183 184 187 183 185 187 188 188 190 188 186 183 167 127 86 217 207 198 217 218 217 192 133 80 91 94 108 119 128 127 132 142 151 159 167 166 161 127 140 143 141 137 138 137 152 165 165 167 168 164 164 162 158 155 155 151 150 148 149 142 137 132 130 132 123 118 112 108 112 111 113 105 99 92 87 93 95 101 107 116 112 114 120 125 121 123 123 123 
37 39 44 41 38 45 49 52 46 56 84 111 128 147 159 164 156 164 173 171 180 180 179 183 185 184 181 182 183 183 186 185 186 188 182 184 182 145 76 217 219 207 207 214 215 195 148 98 66 82 99 120 136 133 134 135 145 152 155 156 159 127 141 147 142 135 134 143 153 167 170 169 169 165 166 162 158 158 154 149 147 146 144 141 136 134 132 128 122 116 112 106 109 107 101 97 91 90 95 98 107 109 112 113 122 124 126 125 122 123 122 119 
45 41 38 39 46 47 53 51 56 49 66 101 130 142 150 157 161 157 167 173 179 178 182 183 184 184 186 183 182 182 187 191 185 184 183 170 168 172 99 211 217 216 188 218 219 156 139 128 74 73 104 127 139 143 138 140 143 147 151 151 151 124 137 142 144 138 134 138 156 168 169 171 166 163 165 158 159 157 157 151 148 143 143 137 132 126 121 113 113 109 110 111 105 102 95 89 91 98 102 109 113 109 115 117 120 124 125 122 124 122 122 121 
38 41 42 40 38 44 52 52 57 50 47 88 122 134 143 152 159 161 167 171 172 178 176 177 178 180 179 181 183 183 184 182 185 182 176 163 140 148 130 201 216 217 161 180 177 136 97 119 117 90 108 137 149 148 141 139 140 143 146 145 150 121 140 137 137 136 137 140 155 166 168 168 173 164 159 160 152 153 150 152 146 138 134 127 125 125 122 117 115 114 105 99 94 85 84 91 97 106 113 117 115 118 117 121 121 121 122 126 122 122 122 124 
44 38 41 43 40 42 45 58 53 51 45 60 107 130 141 147 155 163 162 164 169 171 179 175 174 179 179 179 181 184 184 186 182 182 180 172 150 111 111 167 217 217 166 136 142 139 124 102 114 117 118 153 158 154 148 149 147 147 148 151 145 122 139 141 142 144 144 151 160 170 169 171 166 171 166 157 155 152 149 143 139 133 127 124 123 121 119 122 115 110 102 93 88 91 101 104 110 115 116 124 123 123 125 125 121 126 126 123 127 123 125 123 
37 38 36 38 44 41 39 43 54 55 46 32 79 115 135 144 151 154 161 161 162 158 163 171 174 174 179 178 182 181 187 187 184 183 182 174 165 126 89 149 211 216 171 113 139 139 136 131 124 125 129 147 162 166 158 149 147 145 148 151 134 129 143 147 149 145 146 152 165 171 171 174 168 165 162 162 156 149 147 138 131 127 121 120 118 119 121 113 108 101 95 91 94 105 111 115 117 119 124 121 124 122 121 124 128 125 125 126 120 125 126 123 
43 45 40 37 40 38 48 45 44 47 52 43 50 106 121 142 150 156 158 154 156 156 163 165 167 174 173 170 176 183 182 183 183 181 178 177 172 150 111 80 209 217 170 90 104 122 127 124 135 133 134 149 160 167 168 164 153 152 152 152 125 139 150 155 149 156 160 166 165 166 166 166 168 161 159 156 149 143 137 135 130 122 123 119 121 118 109 107 101 98 99 106 116 118 123 120 123 120 122 120 121 120 122 122 120 121 125 121 126 121 119 123 
38 37 37 45 43 43 46 51 43 48 41 38 39 62 113 129 140 149 154 159 154 161 161 174 172 171 170 172 176 178 179 183 182 181 177 177 176 169 137 97 181 211 165 101 74 94 118 133 150 149 144 166 174 173 167 160 157 150 160 139 126 151 161 160 167 166 175 177 172 171 170 168 160 161 154 150 147 139 134 128 117 119 119 120 115 113 114 108 104 106 120 121 122 128 127 128 125 126 124 124 125 125 119 119 122 125 120 124 122 123 124 122 
38 38 41 37 39 35 38 41 43 42 50 43 42 50 82 120 139 144 149 148 155 155 157 157 168 168 165 167 170 173 177 176 175 180 179 176 172 173 163 111 139 219 192 125 107 105 120 128 155 166 145 168 183 182 172 160 148 150 141 124 147 159 167 172 171 174 175 173 172 171 166 167 161 157 152 149 139 134 123 120 121 121 120 115 115 110 102 97 98 103 95 97 95 92 91 91 95 99 96 98 94 98 105 106 106 108 112 113 115 121 126 126 
40 36 42 36 40 41 41 38 37 37 35 36 36 32 46 94 130 140 144 149 150 153 152 159 161 163 165 167 169 171 173 175 177 175 173 174 167 168 168 157 84 204 198 161 133 132 129 131 136 149 134 147 168 169 165 161 154 139 122 125 156 172 176 175 173 174 174 174 166 163 163 160 153 146 141 135 131 121 117 116 117 119 117 115 104 79 55 46 43 32 35 18 27 21 18 18 28 18 25 25 26 28 30 26 36 45 50 55 65 67 75 82 
35 42 34 43 39 43 42 44 46 46 39 38 29 35 31 43 90 125 138 146 150 154 156 152 157 164 163 166 165 167 165 170 171 171 170 171 172 167 162 158 147 95 123 130 145 137 144 131 135 144 137 131 153 153 146 134 123 113 116 142 156 169 174 175 170 170 162 163 161 156 149 145 140 133 131 125 122 124 121 122 119 112 94 74 48 37 36 37 28 37 29 35 32 42 35 36 31 38 31 34 34 34 32 33 32 32 26 27 21 30 26 32 
39 36 45 36 40 37 40 40 44 44 50 44 44 26 26 33 46 92 127 139 144 153 150 154 156 153 156 153 157 156 162 161 164 162 163 158 155 157 159 156 150 146 137 134 130 125 106 146 141 136 138 124 126 120 116 114 119 127 137 151 165 170 169 171 169 163 163 155 151 150 141 137 132 125 125 118 117 120 114 102 85 58 42 29 35 39 35 37 42 34 43 38 39 32 36 33 40 34 39 40 36 40 39 42 40 44 42 40 41 37 40 38 
32 37 38 42 35 40 43 44 37 39 39 47 40 36 35 39 37 36 79 128 138 141 148 149 148 152 151 152 149 153 156 158 159 158 158 158 158 151 146 147 149 150 149 142 133 128 213 179 117 126 127 118 124 126 130 135 140 150 161 163 169 168 165 159 157 155 145 142 137 128 128 125 121 116 112 114 108 93 70 45 35 33 38 46 41 43 42 40 40 43 32 36 42 42 37 40 38 41 38 37 41 38 44 41 38 40 36 40 44 45 41 46 
42 36 40 33 37 39 42 41 42 38 41 40 43 36 32 32 33 33 28 60 117 134 139 143 143 146 144 149 149 146 147 149 152 148 154 162 159 159 158 155 155 155 152 154 149 142 175 195 137 130 152 138 151 163 160 155 154 158 157 161 156 154 152 144 138 132 128 126 124 126 119 117 109 106 107 112 119 104 68 47 41 43 40 39 46 43 47 41 43 36 42 44 32 41 43 42 42 41 43 45 43 45 41 41 42 34 41 46 43 43 42 41 
37 34 36 40 42 44 40 35 39 41 44 44 37 41 40 28 30 38 23 25 36 89 124 137 138 141 137 139 142 147 143 144 146 147 147 155 161 158 159 159 157 158 157 154 152 146 143 209 149 114 141 138 151 156 147 142 148 153 151 149 146 144 138 135 133 130 130 130 132 121 109 105 110 114 124 131 135 115 81 50 46 45 44 45 45 39 38 39 39 46 42 38 47 41 38 40 40 36 37 40 42 40 43 42 42 47 42 40 36 38 39 43 
40 41 37 37 32 33 40 41 38 40 37 38 39 30 25 31 30 20 25 31 41 47 75 103 117 131 141 141 137 141 140 142 140 138 137 138 143 140 142 154 159 157 154 152 147 146 117 120 198 115 138 134 130 141 134 139 147 148 151 145 142 135 138 136 133 135 123 108 80 65 76 104 123 117 132 137 140 119 75 51 46 46 42 40 41 50 50 43 45 37 39 39 39 39 41 43 44 45 41 43 38 40 43 40 41 43 41 43 50 46 40 36 
35 35 34 39 37 39 37 45 41 38 43 35 35 34 30 24 23 25 25 26 33 31 44 58 76 84 101 119 119 116 124 121 122 122 122 120 119 120 125 130 136 141 151 153 155 149 153 140 148 132 89 105 110 114 127 138 146 144 145 141 137 131 125 114 104 88 69 64 68 109 118 131 140 129 127 137 137 106 69 53 46 48 44 43 43 42 41 41 40 44 46 48 41 46 43 43 40 44 44 43 43 45 41 43 44 40 42 42 39 44 45 41 
37 41 34 41 41 36 38 36 37 42 37 38 38 39 40 38 26 25 23 19 28 40 47 53 64 61 53 56 66 75 80 93 90 94 96 98 91 101 97 105 116 126 125 130 138 146 144 144 133 132 107 73 69 46 52 75 90 89 78 68 74 78 63 45 34 45 62 98 130 140 135 135 130 129 131 137 125 80 48 41 45 42 46 43 41 45 48 45 44 46 40 35 39 42 44 41 41 38 37 42 41 40 41 42 44 49 39 41 45 41 37 42 
41 33 38 34 32 43 40 40 39 42 41 39 41 41 45 45 40 33 29 33 27 19 26 42 44 55 59 55 56 53 56 56 64 63 69 71 81 78 75 75 74 81 101 100 110 101 107 99 87 65 61 49 53 69 40 19 12 16 33 70 82 84 112 101 77 80 107 126 131 126 130 133 121 125 134 110 71 45 49 49 47 49 45 42 51 44 43 45 42 42 43 48 49 43 41 41 46 44 46 44 43 46 47 45 36 39 43 40 37 43 46 38 
36 43 36 41 39 38 44 37 39 39 40 41 43 46 42 42 44 43 31 30 23 25 26 21 31 40 48 54 61 73 70 64 60 79 73 63 64 69 69 70 72 69 71 76 70 67 68 74 65 56 53 52 48 37 43 55 93 114 127 129 122 122 143 164 122 105 106 116 120 121 131 137 122 133 121 81 56 56 48 44 47 44 41 48 42 46 46 42 39 40 45 41 38 42 45 44 44 46 41 37 48 41 38 38 44 42 39 43 46 39 40 40 
41 38 42 42 41 42 29 39 38 42 35 33 35 35 42 42 46 42 50 47 36 31 28 34 41 46 55 60 57 57 69 70 66 72 76 65 66 76 77 82 89 73 58 57 71 60 45 45 51 57 49 47 50 40 29 51 118 152 143 126 119 131 146 161 152 129 127 135 138 143 146 131 130 123 82 50 43 41 46 46 42 43 46 48 46 42 47 45 42 48 44 45 44 41 35 43 42 43 44 49 39 44 47 45 41 45 42 42 40 39 42 40 
35 35 36 36 40 34 44 42 44 38 44 42 42 43 40 46 37 42 41 41 48 41 38 31 34 45 43 38 46 50 52 49 41 34 38 45 55 55 65 71 69 82 84 77 64 55 63 57 47 52 51 53 40 43 39 75 123 134 134 130 147 168 170 165 160 151 142 146 153 153 144 131 114 76 50 47 47 51 51 47 51 44 46 42 47 47 42 46 49 42 44 40 39 44 47 45 46 47 42 43 44 44 41 40 43 40 44 38 43 42 38 37 
39 40 36 39 41 41 37 36 38 39 37 40 42 43 45 42 43 45 46 48 49 46 38 44 42 33 35 32 26 29 34 38 41 29 28 36 33 42 49 52 51 55 71 66 64 59 52 50 47 44 51 54 59 55 70 115 141 133 124 124 121 126 127 138 142 141 146 144 144 134 120 98 60 44 43 47 47 44 43 44 42 47 42 45 44 44 44 49 39 45 46 46 47 42 42 46 44 38 45 44 46 41 43 42 43 43 39 40 42 40 46 44 
38 36 42 36 37 37 38 37 40 43 41 37 43 44 36 41 40 46 40 45 38 44 50 44 46 37 28 36 44 42 28 31 31 39 32 33 42 42 47 57 59 58 52 69 68 61 57 54 67 61 58 61 51 62 91 131 108 74 52 53 74 83 97 106 119 137 143 130 98 57 32 34 39 44 48 44 48 50 54 48 44 44 44 46 43 46 44 44 50 48 43 47 40 39 42 42 39 51 43 41 37 44 39 42 40 44 41 44 43 40 35 34 
40 36 36 38 37 44 36 38 42 40 43 45 41 39 37 47 43 40 40 40 48 39 39 46 43 47 43 25 30 43 50 40 32 27 30 31 33 49 51 45 49 50 52 48 54 56 56 56 62 63 61 59 58 57 107 116 63 37 41 67 88 100 111 117 111 99 68 41 31 40 46 41 47 50 45 43 44 47 42 45 44 42 48 44 43 46 44 44 47 42 43 41 48 43 44 42 45 41 45 46 45 43 41 41 39 41 41 37 40 41 47 43 
