10 48 39 33 40 29 34 43 36 41 41 41 44 38 41 42 45 48 45 44 43 47 51 47 45 49 48 50 39 49 46 38 41 39 40 38 42 44 48 46 47 43 52 50 51 47 48 50 46 51 46 49 50 41 77 132 96 85 105 124 132 122 103 71 51 44 39 49 46 49 52 52 49 51 44 42 45 42 47 49 46 44 48 47 45 49 41 40 40 48 53 47 47 46 46 45 48 44 46 46 47 39 43 48 44 43 44 43 43 46 47 44 
51 52 48 48 47 51 50 51 52 53 51 55 55 59 60 61 57 57 58 56 54 58 59 58 68 59 58 60 67 61 54 45 59 59 64 56 62 69 69 64 67 58 66 51 48 61 61 59 57 63 132 183 136 125 127 135 145 153 161 168 165 156 118 86 55 43 29 44 40 42 50 53 54 54 55 48 54 53 55 55 58 53 54 55 53 53 46 45 50 49 49 39 40 39 47 51 47 42 45 50 42 44 43 40 43 42 41 40 42 43 73 85 
41 50 49 50 50 52 52 54 51 54 52 53 55 55 55 55 60 62 59 60 60 60 62 59 58 63 59 66 51 60 60 75 80 84 84 110 111 115 123 120 110 80 32 67 83 71 77 75 69 67 133 192 140 108 86 84 88 93 105 112 127 142 156 153 136 110 90 62 57 39 40 45 50 54 53 59 57 60 52 51 47 54 57 47 51 50 49 51 46 50 49 48 49 43 47 46 48 49 47 43 45 45 46 48 49 49 44 43 43 41 61 48 
56 47 51 52 50 49 47 53 53 56 52 52 61 54 55 51 58 56 57 55 64 62 60 57 58 56 58 47 65 61 83 90 93 98 118 146 140 135 135 129 112 99 150 203 104 102 79 75 70 72 101 172 185 131 87 63 75 88 94 96 99 119 135 152 169 181 174 163 132 105 74 48 43 38 39 42 43 42 51 55 59 52 51 58 53 52 55 54 50 45 48 49 47 52 48 46 46 45 47 48 45 43 41 41 37 41 40 45 45 49 65 49 
43 46 49 47 51 48 53 57 51 54 59 57 51 58 55 56 57 56 58 59 49 49 54 65 64 61 75 98 109 112 112 111 112 130 146 151 143 140 126 124 132 132 200 210 177 123 107 92 77 56 47 90 130 137 138 155 170 177 185 183 185 185 190 184 187 191 196 195 195 182 159 144 126 109 86 66 56 49 37 35 38 44 53 43 53 52 54 47 54 50 47 51 46 45 47 44 45 49 43 46 44 43 41 49 44 38 47 43 38 42 51 57 
50 52 47 54 53 54 53 55 55 54 49 53 56 55 53 56 56 56 54 54 58 73 81 85 86 94 92 115 127 121 114 124 142 149 160 150 147 149 163 163 174 181 182 188 126 157 157 125 96 99 115 138 158 179 192 201 199 208 202 208 202 206 200 201 197 199 196 197 196 195 192 187 179 172 158 146 135 115 92 70 47 45 34 50 42 54 49 52 48 49 52 50 51 48 46 51 52 47 45 44 42 46 52 46 45 46 43 40 48 35 51 48 
46 49 51 48 53 53 50 49 51 51 51 53 53 60 61 54 51 52 56 65 86 102 99 91 75 88 91 91 111 116 133 151 162 178 182 193 194 199 204 210 214 214 188 88 108 162 167 150 126 135 151 164 189 200 207 206 211 205 212 207 209 205 203 199 199 198 197 196 195 192 189 187 184 179 177 181 177 173 164 147 130 101 76 45 42 36 45 47 48 49 49 48 52 51 49 43 43 44 46 43 45 42 39 40 41 42 43 41 31 42 39 85 
49 47 47 50 52 47 51 50 52 56 49 47 56 50 48 52 54 64 89 98 97 97 93 81 97 105 116 133 160 178 191 198 201 203 207 209 210 212 215 216 213 195 168 135 129 139 150 134 125 142 159 164 168 181 200 208 209 212 209 211 208 206 205 201 200 199 197 194 193 189 190 182 176 173 170 175 176 177 176 171 165 153 135 115 85 59 45 46 46 45 48 48 45 49 49 47 50 44 47 48 48 44 50 46 46 45 40 43 43 37 46 109 
43 44 51 52 48 49 51 56 48 58 58 55 49 57 59 53 62 100 110 90 86 99 103 115 145 165 188 194 207 201 211 208 209 207 208 206 206 208 208 180 164 152 156 140 143 144 145 118 110 148 170 188 197 203 187 208 210 212 213 210 209 208 206 206 204 204 200 197 190 188 182 177 173 169 169 169 170 168 168 173 169 167 162 152 138 115 87 54 34 45 41 47 46 45 46 51 46 48 42 41 40 43 38 41 37 43 45 35 28 27 78 141 
47 49 52 46 54 48 48 49 56 45 54 57 55 50 52 68 110 113 79 67 106 140 163 182 192 202 200 208 201 212 201 208 205 207 205 207 206 202 165 153 164 167 182 194 197 195 174 134 174 201 214 210 214 209 214 196 212 212 211 210 212 211 210 209 208 205 202 196 193 181 181 175 172 171 166 162 158 159 161 160 160 162 158 156 152 147 140 118 94 56 42 39 43 49 52 43 47 48 54 52 52 48 47 42 35 26 14 32 54 96 140 166 
50 51 51 49 46 51 55 53 49 53 53 53 56 58 65 90 94 76 69 114 161 184 196 200 203 201 205 205 208 207 210 209 209 208 208 208 203 169 139 142 146 165 190 197 200 201 176 145 197 215 215 215 211 212 214 206 199 211 212 212 212 211 210 211 208 204 200 194 191 185 177 176 173 168 162 154 148 151 152 153 151 148 150 143 145 149 143 139 129 103 75 50 35 25 31 33 36 30 26 22 23 18 22 21 35 56 85 112 138 155 170 176 
46 47 42 52 54 48 53 53 57 54 52 59 55 72 94 87 73 101 148 178 191 196 198 199 205 207 208 213 213 214 212 213 212 212 211 206 177 133 128 126 138 158 178 191 191 195 173 154 205 214 214 213 213 213 213 213 192 205 212 212 213 212 211 209 208 200 197 191 189 182 174 168 165 165 158 153 154 152 153 148 147 149 142 144 141 135 135 138 138 134 114 84 62 59 53 57 51 63 60 70 70 81 90 112 128 140 151 163 168 177 179 178 
49 45 52 50 54 53 49 51 48 53 57 54 74 99 93 87 127 165 186 192 194 195 198 202 205 208 211 214 216 214 215 214 213 212 210 187 138 119 115 111 133 168 177 179 179 180 155 144 192 210 211 214 211 214 211 213 201 189 207 212 210 211 210 206 202 198 193 193 183 180 172 165 167 163 158 164 162 162 160 157 157 147 146 142 140 138 133 129 129 132 137 132 136 143 146 146 149 145 147 148 150 153 154 161 162 168 174 175 177 175 175 172 
48 52 48 45 50 46 52 54 50 52 50 56 94 105 100 138 174 183 189 189 193 193 199 205 208 208 209 213 212 214 212 214 210 210 202 169 131 119 125 123 147 174 175 169 166 145 140 139 185 210 212 211 212 210 210 209 211 175 203 209 212 210 204 199 194 190 190 183 177 176 171 168 164 166 164 162 159 159 157 157 154 149 147 149 142 138 130 131 127 129 129 131 138 157 168 171 176 170 168 169 172 175 174 172 171 173 171 170 168 167 174 172 
50 44 52 49 49 53 52 51 54 49 61 83 98 116 154 178 187 190 191 197 197 201 205 207 208 208 210 211 209 212 213 209 210 208 198 168 127 111 113 123 152 166 153 140 110 122 136 127 172 209 207 206 205 203 203 204 206 170 191 204 204 196 192 190 191 187 188 183 175 168 165 160 163 156 153 153 150 146 146 145 147 146 145 142 143 138 134 127 128 130 128 132 130 132 143 157 163 170 170 172 171 168 166 168 167 169 169 165 167 168 164 166 
48 49 44 53 53 53 53 48 50 66 79 104 126 154 178 184 188 191 194 198 201 203 205 208 209 208 209 209 210 211 211 209 208 202 194 156 126 121 112 121 142 151 133 109 134 140 125 120 158 197 200 201 198 195 196 199 200 180 170 191 190 183 177 178 179 179 176 171 165 164 157 153 148 141 137 135 137 137 136 137 138 141 136 141 143 138 136 133 128 126 124 125 128 130 130 136 147 154 161 161 162 161 164 162 160 158 161 162 161 164 162 162 
45 49 53 43 47 47 42 50 68 91 112 123 141 167 183 186 191 191 195 199 201 205 207 207 207 209 207 207 208 211 208 207 204 198 183 135 117 120 131 133 157 141 109 160 186 140 111 122 150 185 196 191 193 190 191 191 192 185 155 182 182 174 164 168 174 173 171 168 162 152 144 140 131 121 117 119 118 118 128 128 129 128 134 134 134 136 130 131 128 125 125 128 134 131 137 128 124 137 153 155 153 157 154 157 155 159 154 152 154 153 155 156 
49 46 46 52 47 49 61 75 94 117 132 138 162 177 187 190 190 192 193 201 205 207 207 205 209 207 207 205 207 208 206 206 199 188 165 122 116 120 130 133 156 155 129 196 167 114 116 124 150 179 185 189 185 180 179 184 184 189 146 173 170 161 159 167 172 170 166 161 153 142 133 123 110 101 101 101 108 113 116 122 122 124 126 126 130 124 128 126 128 129 132 137 135 136 131 132 130 125 131 139 151 149 150 150 150 148 150 149 147 149 147 147 
46 50 47 53 53 59 93 107 105 123 131 151 171 180 184 189 188 191 195 198 202 203 204 204 205 206 206 205 206 207 206 202 198 184 156 113 116 111 122 125 150 155 151 187 127 97 125 131 137 161 165 166 172 170 173 175 179 184 143 166 163 155 153 164 168 167 156 146 140 133 124 119 115 123 129 123 114 107 106 114 120 121 124 123 122 121 120 126 131 134 140 139 143 140 139 133 129 127 122 129 132 141 143 143 145 140 142 141 138 142 138 145 
47 48 60 55 55 81 114 118 110 114 137 163 179 183 185 185 187 192 195 200 202 203 202 202 206 205 204 203 206 204 206 201 195 182 149 113 117 113 118 116 132 155 165 155 103 107 124 119 124 134 139 145 153 164 173 174 172 181 139 157 157 155 156 166 167 158 147 142 138 127 121 120 142 154 155 140 111 93 101 111 119 121 116 117 123 124 128 130 131 137 143 148 145 144 138 139 136 131 121 120 124 127 126 127 132 138 136 135 134 134 133 132 
45 48 45 59 66 96 127 119 113 119 152 171 178 179 185 184 185 190 195 196 200 201 200 200 202 198 199 202 202 204 204 202 193 179 147 118 122 107 112 115 125 156 161 131 106 92 102 109 110 120 119 123 147 162 166 168 173 177 135 151 150 148 151 159 161 156 147 138 132 122 127 146 162 168 161 136 105 80 72 90 105 114 121 123 133 135 139 136 139 138 141 143 144 141 141 139 137 135 131 121 116 118 121 125 126 132 134 130 128 128 130 130 
46 48 60 68 91 108 112 101 99 126 153 175 183 178 179 182 187 187 191 196 197 198 198 197 196 195 196 199 202 205 202 200 196 181 146 106 120 107 108 109 121 163 155 126 109 89 80 97 98 106 102 103 137 158 166 168 169 171 132 145 147 143 146 153 152 148 141 137 132 129 144 160 167 167 154 135 100 64 50 62 77 97 125 138 143 150 145 143 140 141 141 135 139 135 131 136 134 133 127 125 116 109 110 119 122 124 128 129 122 121 126 125 
48 50 59 74 91 91 87 85 95 123 153 170 173 174 182 187 188 191 191 195 195 197 194 195 193 195 197 199 199 201 203 201 190 174 144 126 143 107 110 113 118 162 144 107 101 73 70 82 91 99 101 106 137 152 164 169 174 169 129 144 146 146 149 149 155 150 144 133 125 139 160 164 166 163 157 135 110 77 52 41 68 111 140 157 161 160 157 152 146 141 139 139 137 134 133 130 130 127 128 127 123 113 110 110 115 119 120 116 121 123 119 123 
48 54 75 82 81 86 88 88 99 129 152 170 172 173 183 186 187 190 193 193 190 190 191 190 193 193 194 195 199 199 200 196 190 174 147 129 141 105 109 112 109 161 134 90 86 65 65 91 99 94 95 102 134 153 162 175 172 163 130 150 149 149 150 150 150 147 145 137 145 163 175 180 178 170 165 149 124 98 59 45 77 125 156 171 173 168 164 155 143 142 138 134 129 129 130 128 130 126 124 123 118 115 105 104 111 115 116 116 117 110 115 111 
48 57 72 73 78 93 101 92 96 127 153 162 171 174 179 186 186 189 192 192 190 190 191 189 188 191 192 195 196 197 195 192 185 176 145 123 123 79 69 72 80 108 123 110 108 65 67 93 97 98 98 104 137 163 169 172 169 158 131 151 151 152 154 152 155 148 144 141 157 180 188 185 184 183 172 155 135 118 81 67 105 146 173 183 180 170 166 155 147 143 138 135 133 130 131 132 132 133 126 119 118 109 110 102 99 103 111 111 112 111 110 112 
64 70 70 64 71 72 77 82 101 124 146 158 165 172 179 181 186 188 188 189 188 189 188 188 192 189 191 190 192 195 192 188 185 174 141 119 124 92 81 91 80 104 111 104 118 86 86 100 97 101 99 112 139 159 177 180 173 148 139 150 149 149 154 156 148 148 152 160 176 189 192 189 188 182 176 155 144 127 103 71 100 151 181 190 186 180 169 162 154 146 143 139 138 135 134 138 137 133 131 126 115 116 109 100 95 97 100 105 104 105 101 101 
75 66 63 60 62 66 78 88 100 123 145 154 163 171 179 180 184 184 186 185 186 187 187 185 186 186 189 189 189 190 190 186 182 170 144 120 117 90 84 87 80 113 118 96 98 92 96 107 98 103 98 112 140 163 177 178 171 135 141 153 151 155 156 152 155 156 163 172 189 194 192 189 185 180 174 158 141 131 110 79 91 149 182 191 187 183 169 164 154 149 139 132 132 131 134 132 133 128 127 122 116 109 106 101 90 86 97 102 102 102 100 99 
76 69 61 59 60 55 69 90 97 118 139 153 163 169 174 179 181 186 185 186 184 183 182 182 183 186 184 190 190 189 187 188 179 169 143 116 122 101 99 109 98 117 120 107 111 113 123 111 106 103 103 119 146 175 184 180 167 129 151 153 155 164 160 157 156 161 164 179 190 195 190 187 184 182 168 150 139 128 112 85 108 148 178 180 183 182 174 160 150 143 135 130 127 130 133 133 130 131 126 120 116 111 102 93 88 84 82 90 96 96 98 98 
57 72 66 65 48 49 66 79 89 107 139 162 167 171 176 178 181 183 183 185 186 181 182 183 184 186 188 187 186 189 190 185 180 170 146 121 122 99 104 116 103 129 119 101 96 121 128 118 106 107 105 119 154 177 181 177 147 137 156 162 159 162 160 156 150 152 159 176 188 190 186 183 181 172 164 150 137 125 108 89 104 154 172 179 180 180 168 157 144 139 133 123 123 130 138 139 133 133 128 122 115 104 96 91 80 71 73 83 85 92 91 94 
61 62 68 65 62 70 72 78 89 107 139 153 166 171 178 177 178 181 184 180 180 182 183 181 181 183 183 187 189 187 185 187 186 173 146 117 122 96 100 110 97 122 113 90 79 98 114 118 110 103 106 129 160 181 190 179 128 168 186 179 169 159 149 143 146 144 152 168 182 187 183 180 173 163 155 144 138 128 104 88 100 160 179 173 167 169 164 153 139 136 125 120 119 124 132 138 140 141 130 122 117 106 96 85 76 71 67 70 85 90 95 91 
61 72 77 70 71 73 68 72 84 109 138 155 158 174 175 176 179 180 179 184 183 181 178 178 176 179 183 187 187 184 185 180 174 164 149 127 120 104 91 103 92 123 113 74 72 68 87 113 110 108 109 136 175 197 201 148 176 206 202 195 179 165 162 155 136 137 138 159 175 183 184 173 165 162 155 149 139 129 105 81 93 150 187 164 161 156 154 141 128 120 112 105 110 123 134 142 144 142 136 126 116 109 94 76 67 59 55 60 72 86 89 91 
70 74 72 71 68 62 58 65 80 108 128 150 163 172 177 177 183 177 180 184 182 182 181 182 180 182 182 186 182 184 181 178 175 162 147 132 130 115 101 103 112 134 116 71 66 54 75 107 107 103 116 148 190 208 175 165 208 212 208 200 191 191 182 168 152 138 142 152 173 184 184 176 164 160 152 148 145 128 99 75 83 126 171 150 147 144 146 139 124 112 105 105 106 112 130 140 149 144 136 128 120 107 90 78 59 53 53 58 61 75 88 90 
72 76 76 76 67 62 57 62 74 96 121 149 164 173 175 179 177 176 183 180 178 180 179 177 182 181 183 183 183 181 179 176 172 165 155 138 137 143 121 152 180 157 121 69 62 70 61 101 102 106 125 162 188 171 159 202 210 206 200 199 199 190 175 147 136 146 141 154 178 179 178 173 163 156 149 146 140 125 98 79 75 115 141 142 136 138 135 132 115 103 93 87 94 111 130 144 150 146 134 122 115 100 91 67 59 47 49 50 55 64 78 94 
74 80 73 73 68 56 56 61 70 89 128 156 164 171 177 178 175 174 180 182 180 180 180 181 179 183 182 182 183 186 185 180 176 170 158 141 139 143 125 155 204 216 157 94 70 73 84 97 110 131 153 166 143 134 164 179 187 184 192 194 190 177 138 108 92 112 141 150 176 182 178 163 152 143 140 142 140 120 88 72 68 97 128 129 127 124 128 120 105 90 83 78 83 108 128 142 144 136 130 125 114 103 78 66 52 50 51 51 54 58 67 77 
65 72 65 83 72 62 67 64 70 88 120 155 169 177 182 182 178 178 182 180 176 183 182 181 181 180 183 180 186 184 183 180 176 165 155 140 141 129 136 132 223 216 189 116 87 72 82 105 127 142 146 125 115 119 151 174 178 186 195 195 187 167 125 77 54 68 111 158 181 176 168 151 141 132 130 133 130 112 92 67 53 96 117 123 112 112 113 110 100 87 80 82 87 99 125 140 144 135 124 118 114 104 84 61 54 44 41 45 51 51 64 70 
66 62 67 77 69 60 64 62 65 88 130 154 166 175 177 177 180 180 180 183 179 174 178 183 184 183 182 182 183 184 180 182 178 171 160 145 140 113 174 113 218 217 210 139 96 90 113 129 118 108 104 113 134 164 182 189 193 199 207 200 189 175 124 78 49 50 125 165 172 162 141 124 113 109 113 124 124 107 79 63 53 76 112 116 109 107 102 102 96 83 75 74 88 100 122 137 136 130 125 117 109 101 81 65 48 51 48 50 49 50 50 57 
69 58 62 73 66 67 70 62 72 89 124 160 166 175 180 180 182 182 180 181 180 179 180 182 182 182 184 184 182 186 184 179 173 168 163 150 144 113 150 202 201 211 204 173 150 117 118 117 116 124 149 167 188 202 202 201 201 203 212 211 195 180 153 102 67 94 151 170 160 137 116 100 95 100 111 117 122 109 86 65 49 73 106 116 107 97 96 93 93 91 88 81 84 99 122 138 137 130 124 115 112 97 77 60 54 44 43 40 51 50 46 56 
68 49 64 66 70 71 65 64 71 92 132 162 170 176 180 183 182 181 182 184 185 185 182 184 186 184 183 186 183 184 186 184 179 171 172 162 167 126 102 208 213 197 180 229 217 164 157 166 170 186 195 198 205 210 205 199 192 194 196 204 192 170 154 136 112 135 156 156 135 112 85 74 81 95 102 114 125 112 87 70 48 65 107 115 112 95 81 84 81 86 87 79 84 101 120 129 129 127 123 120 107 97 82 70 54 48 41 50 44 45 48 46 
60 57 66 67 67 65 61 69 71 92 130 161 172 180 181 183 183 186 187 188 188 185 190 190 188 185 187 186 185 187 194 196 187 182 175 167 173 132 104 140 229 219 199 219 208 204 193 196 199 201 199 195 197 196 193 188 180 176 174 174 158 144 127 123 124 148 149 127 104 75 62 60 81 97 109 118 125 117 99 67 54 65 100 117 107 96 83 77 85 83 84 89 90 97 112 129 131 131 123 118 111 97 79 66 56 48 52 40 44 50 46 42 
62 58 69 75 67 63 59 61 69 94 129 155 169 173 176 179 185 188 186 190 190 192 189 188 188 187 184 185 184 186 189 198 192 185 175 169 153 140 118 131 176 194 182 220 222 212 187 190 190 192 192 188 189 187 186 177 168 166 167 160 148 135 112 99 100 122 123 104 79 53 53 68 91 105 114 121 132 123 97 78 54 62 105 120 110 100 78 67 74 76 86 87 91 102 113 126 130 128 127 118 113 100 87 75 60 48 45 46 51 45 47 47 
57 64 62 78 70 62 63 78 79 101 127 155 173 178 176 183 185 188 191 190 192 192 191 190 189 189 189 187 185 184 189 192 193 186 180 171 160 145 130 143 151 160 159 211 169 179 178 176 176 180 174 177 180 179 175 169 172 168 167 165 152 134 119 95 79 77 85 73 58 54 57 81 99 106 117 126 131 124 99 69 56 59 95 121 115 99 89 70 70 83 84 87 93 104 108 118 132 130 126 123 114 103 88 74 62 54 43 47 44 47 44 42 
64 69 66 67 65 71 71 71 87 98 127 162 179 178 182 184 188 188 191 195 193 194 193 190 189 188 189 186 187 185 189 190 188 190 185 182 165 155 134 152 167 165 164 197 175 184 179 174 170 170 173 176 177 175 177 175 174 176 181 179 164 145 125 102 79 67 64 55 47 58 78 96 104 111 113 119 131 121 101 79 60 61 103 124 113 103 86 76 77 82 88 93 94 103 112 120 120 123 121 121 115 107 92 79 66 52 48 44 49 49 48 47 
62 63 63 63 73 74 68 71 84 101 132 169 180 182 184 184 188 188 192 190 194 192 191 194 192 189 182 185 188 185 186 189 192 190 189 187 173 160 144 161 171 174 173 198 159 179 174 167 167 169 170 172 174 178 182 184 180 181 193 190 176 154 133 113 98 88 79 67 70 79 93 105 115 119 117 121 130 123 97 78 61 63 100 125 114 96 89 78 81 84 90 86 92 104 112 126 129 129 125 116 113 105 92 82 67 51 45 42 41 44 42 47 
65 57 61 55 72 90 85 78 84 93 127 159 178 182 183 186 187 186 189 196 195 196 194 195 192 189 189 185 185 188 190 193 194 194 191 192 182 163 139 167 181 183 177 201 163 181 176 177 169 170 169 171 178 182 179 183 189 190 189 195 177 161 144 124 104 95 92 86 91 100 111 125 127 124 124 134 142 126 99 81 61 67 98 136 121 103 91 91 83 81 87 93 95 106 114 121 127 128 123 118 113 104 95 78 61 52 47 46 45 46 45 40 
66 65 62 59 70 81 84 76 83 100 129 160 177 183 188 187 187 190 192 193 193 192 192 193 191 187 187 188 189 187 190 196 199 199 192 188 182 169 144 156 174 180 179 204 169 181 175 174 178 176 176 174 176 181 179 177 178 176 183 182 180 166 146 124 108 98 98 104 112 118 127 129 133 133 129 137 141 128 102 79 63 65 105 138 122 106 100 97 94 92 88 91 93 102 119 131 129 131 126 124 113 102 89 79 63 53 45 41 46 48 47 40 
69 73 63 59 78 76 79 80 87 92 122 152 177 184 189 191 186 189 191 195 197 195 192 192 190 186 187 190 187 186 190 196 196 192 183 180 177 163 147 138 170 179 171 210 159 172 174 175 176 175 176 176 175 177 177 174 175 171 170 173 175 164 149 118 90 87 109 119 122 129 131 134 138 133 136 137 143 134 103 80 62 72 100 130 115 108 104 104 99 86 91 90 93 108 122 128 133 132 129 122 114 103 92 75 66 50 42 44 45 44 43 44 
64 68 58 59 71 80 81 84 82 92 129 154 179 187 186 187 193 192 193 197 195 197 194 191 192 192 191 190 189 190 190 191 192 186 183 174 170 156 142 127 160 171 198 180 142 162 172 175 174 174 171 177 175 175 176 176 174 174 170 175 176 161 139 97 62 67 102 130 141 142 135 135 139 143 142 142 145 134 113 92 66 66 98 114 108 111 113 115 108 99 90 89 95 107 121 130 133 138 132 128 120 112 100 90 74 60 54 46 47 44 48 40 
70 80 77 73 71 77 90 91 91 93 121 155 179 183 190 191 191 191 192 195 198 195 192 191 185 189 192 189 187 191 190 194 193 184 177 174 164 149 138 109 126 155 158 176 111 139 158 163 162 160 162 165 165 169 168 172 170 168 167 172 166 152 131 85 43 39 84 118 137 146 145 145 148 146 141 142 148 138 115 90 65 74 102 111 109 116 122 122 115 103 97 101 104 109 123 127 137 136 133 128 120 113 99 90 79 70 53 50 49 52 45 40 
59 73 74 79 68 79 96 99 86 93 126 150 174 184 188 190 192 193 193 195 194 195 193 192 192 190 188 187 186 188 194 197 196 189 183 174 170 142 118 95 111 131 130 139 132 119 138 136 126 128 137 149 155 155 161 162 167 166 168 170 164 151 129 74 43 44 64 90 131 150 149 151 143 145 145 145 142 140 128 99 69 75 98 107 118 122 126 125 121 110 106 103 112 120 130 126 124 125 130 126 122 113 103 95 84 72 57 44 48 41 42 47 
65 66 84 83 73 82 90 84 76 90 124 148 173 185 189 191 188 193 193 195 196 196 193 192 189 191 192 190 190 192 197 200 198 191 184 174 156 134 96 95 115 122 115 129 133 135 132 133 130 121 119 127 142 146 143 146 154 156 161 164 170 158 135 103 63 54 72 91 131 153 158 148 151 149 143 143 142 141 127 98 73 76 102 114 119 129 134 131 124 116 110 114 116 123 122 128 124 125 128 125 121 114 110 94 84 70 59 56 52 51 48 45 
55 66 88 86 77 74 80 84 84 96 124 141 171 188 188 191 188 193 195 194 194 191 192 194 193 190 190 189 192 192 198 199 197 194 188 172 138 121 95 113 120 102 109 111 115 118 123 130 136 128 126 128 120 131 151 149 146 151 150 157 162 168 155 124 100 92 99 110 139 148 160 153 150 143 143 143 142 139 130 103 80 81 100 112 127 138 138 132 127 120 114 115 122 124 128 129 133 128 128 120 120 113 107 96 85 72 63 55 49 53 52 53 
53 60 71 80 76 70 66 78 82 85 109 135 171 183 186 183 184 188 188 191 190 194 198 196 194 194 194 195 193 197 200 200 200 197 189 175 154 158 108 139 105 99 98 90 86 101 121 134 137 140 145 159 159 138 118 142 155 155 157 153 150 159 167 152 131 127 135 148 155 163 154 156 152 146 144 144 141 136 129 108 76 76 100 120 133 142 145 141 129 120 122 117 121 121 126 129 135 136 129 123 116 112 105 98 87 77 65 57 61 57 56 53 
52 52 66 67 68 81 76 78 84 82 101 130 166 184 184 180 181 186 189 189 194 193 194 197 195 194 195 195 194 199 201 202 198 194 187 176 168 214 145 138 91 95 85 71 83 102 135 145 138 132 143 161 172 170 155 124 147 165 165 157 143 145 157 158 157 159 162 164 165 158 159 152 153 147 147 143 135 133 130 112 84 85 105 121 138 151 148 141 136 127 120 122 121 127 131 137 133 135 128 123 117 112 108 97 91 77 63 63 64 63 59 59 
63 47 53 59 61 78 75 73 79 80 96 134 165 177 180 180 187 187 187 193 195 198 197 195 193 192 190 191 197 198 202 201 198 192 188 179 148 162 153 127 94 95 76 68 64 92 117 125 142 137 130 149 161 171 174 164 119 144 159 161 150 137 139 156 170 177 178 176 171 167 157 151 149 148 148 148 142 132 130 113 83 83 106 124 143 154 154 143 135 132 127 125 122 130 132 132 134 134 131 126 122 112 106 102 88 78 68 64 67 57 57 59 
72 53 51 56 54 73 77 70 68 77 95 128 165 178 184 184 186 188 191 192 196 198 197 195 196 192 191 191 195 200 203 200 197 192 185 170 134 107 147 101 78 70 66 69 83 94 101 101 119 123 131 130 153 163 166 167 159 120 149 156 152 141 130 150 170 180 185 178 175 169 163 156 152 154 152 146 142 136 132 118 93 85 110 134 150 156 150 144 135 131 131 129 130 128 133 131 132 127 131 131 125 117 111 102 89 79 73 66 66 70 66 70 
72 50 46 50 47 56 65 71 73 72 91 132 163 180 183 185 189 188 189 192 197 200 200 196 195 193 193 192 197 200 201 202 197 192 188 173 131 116 140 93 80 69 60 67 98 117 109 93 107 107 120 130 142 160 164 165 165 143 123 148 151 149 141 140 161 177 181 184 178 172 167 159 159 153 154 146 141 135 130 116 95 85 115 139 156 155 154 146 142 135 133 134 132 129 130 135 128 132 129 126 125 117 106 97 83 73 63 75 69 67 66 74 
69 58 54 56 52 53 60 61 72 88 100 131 167 181 184 184 188 191 192 193 195 199 199 198 195 196 192 196 198 200 202 201 199 191 182 170 131 113 111 74 65 60 60 70 104 115 119 102 101 103 103 122 138 151 167 167 161 166 121 139 151 151 143 139 150 171 183 185 184 178 170 163 154 154 152 152 142 132 128 115 87 80 118 147 159 158 154 151 143 139 138 135 131 134 135 130 132 130 131 133 123 113 105 92 81 71 77 69 72 71 77 80 
67 68 52 51 56 65 66 62 67 77 103 131 162 182 183 181 186 188 192 194 196 199 202 198 194 192 194 193 199 201 202 200 196 190 180 154 119 103 92 73 62 64 63 87 103 99 118 118 117 104 98 108 132 147 158 170 168 164 155 120 149 151 149 138 137 162 177 183 181 180 179 171 161 156 153 146 143 134 123 106 81 82 123 150 156 158 155 147 142 138 135 132 133 129 131 131 133 127 128 120 115 112 97 85 74 77 76 79 76 81 84 93 
53 74 64 50 57 61 56 65 68 72 93 128 160 181 182 186 186 187 191 194 194 198 195 198 195 193 190 196 197 200 198 197 196 194 185 152 113 98 87 65 62 80 72 100 104 102 121 123 119 108 101 93 128 141 154 160 163 159 161 126 143 152 149 140 133 150 170 177 180 182 179 172 166 159 157 151 140 134 118 97 69 88 136 150 156 154 153 146 141 139 133 131 130 130 131 129 132 130 122 126 117 100 98 86 81 77 80 77 84 87 94 98 
48 61 75 53 52 54 65 69 77 79 92 123 161 178 182 182 186 187 192 192 195 196 199 196 194 193 196 194 196 197 199 199 198 195 187 162 124 103 88 71 68 72 85 105 110 101 112 101 122 111 103 100 115 138 152 163 164 162 159 142 129 151 147 142 132 139 160 173 177 175 176 169 162 158 151 148 144 127 110 80 68 95 127 146 149 150 143 140 138 136 135 137 135 136 132 135 129 119 121 115 107 104 92 85 83 83 76 85 82 96 102 110 
43 53 72 65 52 54 65 66 70 79 100 132 165 176 182 181 184 186 190 191 191 191 192 193 193 190 194 194 197 197 196 196 195 193 189 169 128 107 86 63 68 88 99 113 104 88 103 89 93 109 100 105 99 130 147 155 167 167 165 161 123 149 150 144 133 136 153 166 171 177 174 168 159 150 152 147 133 130 109 82 74 104 123 138 143 144 142 139 136 136 137 134 130 132 134 130 126 120 116 111 103 93 91 91 82 82 83 90 99 104 106 108 
44 55 71 67 56 49 58 68 79 85 109 135 163 178 176 182 181 185 188 191 190 193 192 193 192 192 190 189 193 195 198 195 194 192 186 173 125 78 74 60 78 110 107 115 107 79 70 66 83 110 102 108 104 123 146 156 161 166 171 174 131 149 152 142 134 134 147 161 166 166 173 169 162 156 149 144 140 127 105 80 81 107 119 130 142 133 128 128 126 131 135 137 135 129 126 124 116 116 111 104 97 96 89 86 87 84 91 95 105 110 114 116 
40 50 66 73 63 57 57 65 76 84 105 141 165 175 179 176 182 184 185 188 190 188 189 192 194 191 193 192 193 195 196 197 193 189 185 165 110 101 149 71 79 105 115 116 99 80 49 48 72 101 102 105 104 118 146 150 157 171 175 180 140 144 147 141 137 136 149 161 163 165 165 164 160 154 149 145 137 124 110 93 91 105 112 122 124 129 127 123 127 127 129 131 131 132 129 123 117 111 111 104 100 92 90 84 86 93 97 100 106 113 118 115 
46 39 62 66 65 49 52 61 78 99 111 145 169 175 177 178 180 182 189 184 187 189 190 190 190 189 189 190 192 190 194 198 196 194 185 167 124 179 220 113 114 191 185 148 101 81 50 49 64 97 101 108 108 113 138 151 160 168 178 180 145 141 153 147 138 133 148 162 165 160 158 160 159 150 145 143 141 134 118 108 102 107 111 114 124 123 117 122 121 131 129 130 133 126 116 108 106 108 108 102 96 93 89 91 93 93 103 109 110 114 114 114 
33 44 44 58 65 64 55 70 85 97 118 148 165 173 174 176 176 182 183 185 185 188 188 190 189 191 190 192 191 194 192 194 197 194 188 164 113 140 220 185 193 225 227 217 152 82 55 57 72 101 102 112 114 118 142 151 158 165 176 169 146 141 157 149 138 134 142 160 160 159 150 154 152 148 148 146 142 134 129 120 115 116 121 126 124 120 124 119 123 123 124 125 121 121 112 109 116 115 109 98 94 90 89 89 90 102 109 115 120 120 119 116 
45 44 48 57 60 67 62 62 74 93 123 144 156 168 173 172 174 179 182 178 180 185 188 187 191 188 189 190 193 191 191 192 193 190 187 167 123 124 216 200 208 218 218 218 180 118 65 63 88 110 112 115 116 118 141 152 157 166 173 173 150 140 156 150 143 135 143 156 164 162 156 151 144 148 142 143 143 137 135 128 126 122 126 129 130 126 124 121 123 120 116 114 115 118 117 116 109 103 101 96 93 92 95 100 106 113 120 119 116 114 111 114 
46 38 42 41 48 56 63 62 74 101 118 140 155 165 169 171 172 177 180 177 180 185 184 188 191 188 186 189 189 192 190 189 192 187 180 165 130 76 217 213 204 216 218 216 196 135 87 82 94 109 116 121 121 125 139 147 161 167 170 168 151 141 154 153 140 134 139 158 162 161 158 153 144 138 138 139 143 139 141 142 136 136 133 135 132 128 123 126 118 117 113 113 116 116 114 111 108 98 90 90 88 98 104 108 107 113 114 122 121 123 120 119 
39 43 37 48 47 47 51 49 65 92 114 133 151 164 165 163 169 170 178 180 177 182 184 184 184 185 185 186 186 189 188 187 188 188 188 174 136 77 216 219 215 212 217 216 202 148 104 76 88 101 115 132 128 128 141 150 159 166 167 167 145 131 151 147 141 134 140 153 165 163 164 157 155 145 147 146 145 145 139 141 145 143 134 133 134 130 125 117 119 111 109 110 111 115 110 105 95 90 87 93 101 106 110 114 116 123 124 126 126 123 125 121 
41 44 43 38 46 51 54 52 44 73 111 126 144 156 163 158 162 170 175 180 177 181 185 182 188 183 186 183 185 189 188 188 189 186 184 183 158 93 214 217 216 204 215 218 191 159 121 73 72 97 117 130 131 134 138 149 155 161 162 164 146 134 150 148 144 139 141 155 160 162 162 162 151 152 148 148 146 146 144 145 143 143 136 134 127 127 120 118 115 111 110 110 111 105 101 90 92 86 96 103 106 110 116 119 124 128 130 127 123 123 124 122 
35 33 42 40 48 55 49 56 51 60 95 128 136 143 155 161 162 171 175 175 180 178 179 185 182 183 183 183 183 186 189 187 186 179 171 167 175 122 208 217 216 179 215 217 157 119 134 101 63 88 118 133 137 137 135 141 147 152 154 154 138 135 150 143 139 140 147 160 167 165 165 157 158 153 153 151 154 147 145 143 139 137 129 127 125 121 117 114 108 106 107 106 103 99 92 95 92 102 107 117 117 115 120 122 122 124 124 125 127 128 126 123 
44 42 40 43 48 53 60 57 51 38 74 117 136 140 147 158 163 163 167 175 180 180 180 178 182 181 181 183 181 183 184 185 183 182 169 144 142 146 184 217 217 174 155 167 146 115 107 121 101 99 129 146 144 141 141 141 150 150 150 160 140 139 152 148 141 142 153 167 167 166 166 160 158 155 151 154 151 150 144 141 140 136 132 126 120 117 115 114 114 109 105 101 93 90 87 91 107 111 115 121 120 121 120 122 126 120 124 126 126 121 124 127 
37 42 47 38 37 41 46 55 58 44 44 93 120 141 148 152 162 167 168 167 171 174 173 177 179 182 181 183 185 187 186 185 186 180 175 156 113 100 158 216 219 177 139 151 147 137 119 108 117 120 142 156 156 146 145 146 144 147 145 152 133 134 138 145 142 142 147 164 173 168 170 165 157 156 149 147 150 148 146 141 132 126 118 121 119 118 114 111 108 105 96 87 86 95 105 108 109 116 119 125 124 123 124 123 120 127 123 124 124 126 126 124 
41 34 34 43 43 51 48 50 49 48 34 62 110 126 143 152 153 157 155 159 153 160 171 172 176 175 174 179 184 183 186 185 181 182 176 172 139 98 99 207 214 159 105 132 143 138 132 134 128 127 142 162 165 159 157 148 149 148 154 148 121 139 147 150 152 155 165 171 174 172 166 165 162 155 150 147 142 141 135 133 125 120 120 120 119 122 118 114 108 98 94 98 107 108 114 118 126 126 124 120 126 124 122 124 127 124 129 126 125 124 125 123 
45 41 44 44 44 45 48 43 45 47 45 33 81 115 137 145 153 155 159 159 163 165 166 170 169 174 174 178 183 182 182 184 183 181 179 174 159 123 83 209 213 161 95 89 114 126 132 135 139 139 149 159 168 172 166 157 152 151 159 140 129 150 153 155 157 162 170 178 178 173 173 166 163 155 150 147 139 136 130 125 122 115 120 118 113 113 113 104 101 101 109 115 120 124 126 126 126 122 127 121 119 121 121 122 120 126 122 122 122 122 121 121 
34 38 41 38 39 42 46 41 46 47 41 44 48 100 123 138 144 153 152 154 154 158 169 173 171 168 170 169 176 177 183 181 184 181 176 174 173 144 92 160 213 184 106 81 89 112 129 151 155 146 164 181 178 167 164 159 151 154 161 126 141 160 159 163 166 173 176 177 182 171 170 168 157 156 149 144 138 130 128 121 119 121 117 121 120 116 110 110 102 113 115 116 118 119 116 118 115 119 118 117 125 119 124 121 123 120 128 125 123 122 126 125 
49 41 42 38 42 37 43 46 38 43 42 37 41 54 110 135 146 144 148 152 156 155 153 166 171 168 168 174 177 176 176 175 176 176 176 173 170 171 129 128 228 197 134 106 106 113 126 144 163 144 157 174 183 176 166 147 153 160 133 131 158 165 173 177 180 183 179 173 169 171 163 158 156 147 144 139 131 129 123 118 115 117 119 115 109 103 76 60 61 57 54 48 45 46 45 41 46 48 48 47 42 52 49 56 55 60 65 71 82 95 89 103 
32 34 40 40 39 39 40 40 39 36 37 36 31 36 58 115 133 146 144 147 151 154 155 158 161 166 167 167 171 171 172 175 175 175 175 171 168 166 161 107 163 181 159 138 133 131 134 130 143 139 138 165 169 166 158 157 150 130 122 148 168 177 175 178 179 180 178 174 171 163 161 154 145 142 137 132 131 121 120 120 123 120 114 103 85 50 37 29 29 24 29 27 30 26 24 26 22 21 28 26 27 28 22 25 25 28 29 31 25 28 33 33 
45 47 40 47 46 42 43 47 47 47 43 35 30 24 31 50 105 133 142 150 151 150 156 156 160 158 163 166 163 164 168 172 171 168 167 169 167 165 160 154 103 89 122 146 150 144 141 137 147 138 128 140 145 144 139 132 120 117 131 155 171 177 176 174 175 170 168 160 155 152 148 147 142 135 130 123 118 120 116 119 109 98 78 57 35 33 36 41 39 41 36 36 39 39 36 38 39 44 36 41 39 39 43 40 43 44 43 39 44 39 35 39 
37 34 39 34 40 41 41 41 42 43 44 44 30 31 37 38 57 104 136 142 147 149 150 152 153 155 152 152 159 161 161 161 161 162 161 158 153 151 153 151 153 142 128 125 128 76 129 129 127 127 111 110 117 112 114 111 118 129 154 162 169 171 174 174 171 165 160 151 148 143 140 130 126 123 119 116 116 111 106 86 69 44 32 29 40 42 42 38 40 38 42 38 40 37 39 38 42 44 42 39 42 48 39 44 40 42 43 43 39 43 41 43 
40 42 39 43 45 42 42 35 41 43 54 49 38 35 28 41 28 37 92 132 137 146 148 147 151 149 151 151 148 149 152 158 156 152 157 156 153 151 151 149 145 149 145 134 129 162 202 121 112 106 108 111 111 120 126 136 145 157 162 171 170 167 163 161 154 151 141 142 138 131 127 125 121 113 112 111 103 84 54 35 32 36 47 49 46 42 44 45 40 40 36 38 41 39 40 40 37 32 39 42 43 36 40 43 45 37 37 44 45 45 42 42 
30 33 36 35 33 35 39 41 42 38 32 41 38 37 32 29 32 24 17 61 107 126 136 139 140 142 141 146 149 148 148 146 147 150 159 164 162 161 155 157 157 154 155 151 143 152 216 161 130 154 142 146 158 153 152 146 151 153 157 154 155 148 141 134 130 123 124 121 120 122 110 108 104 112 116 126 127 96 61 50 44 50 43 40 44 44 41 42 43 46 43 39 37 42 37 41 44 42 39 44 46 46 41 38 40 43 43 38 37 39 42 41 
35 42 40 35 38 37 36 40 44 43 40 37 36 29 32 26 29 24 32 34 52 92 123 130 137 137 140 137 144 139 145 144 147 144 147 153 155 153 158 156 155 155 154 151 151 132 208 165 115 139 137 140 153 147 138 145 149 150 144 140 136 135 131 130 126 127 128 122 110 92 99 114 114 125 132 141 134 100 62 49 45 39 44 49 41 45 48 43 42 41 41 43 45 45 48 44 40 42 41 43 41 44 42 46 42 46 44 45 47 46 40 43 
42 39 40 41 40 38 41 41 41 48 42 38 32 33 24 29 23 25 24 39 40 51 71 89 105 127 135 136 131 138 134 136 132 132 135 134 130 134 144 153 157 159 157 149 146 132 110 204 122 120 133 122 139 132 136 142 145 145 142 141 137 135 135 128 125 113 92 74 65 81 109 134 128 125 137 142 132 99 63 46 45 53 52 43 46 40 39 45 48 43 43 42 40 42 43 43 48 41 47 39 45 38 40 42 45 40 43 42 40 42 40 36 
33 36 40 39 39 42 42 43 40 34 39 43 43 39 40 29 23 23 25 28 35 44 56 69 65 68 78 93 97 99 108 107 111 113 110 109 107 109 115 126 128 135 141 150 151 149 145 159 154 109 99 97 80 97 111 128 130 130 123 117 111 103 91 81 67 57 67 84 113 132 133 140 135 129 135 138 115 72 50 53 48 43 42 45 43 48 50 44 38 46 43 42 41 45 45 41 42 45 46 48 42 43 49 40 45 46 45 44 46 46 45 44 
35 40 33 36 41 34 41 42 43 42 40 40 42 43 43 35 27 26 29 29 29 32 41 55 66 64 50 45 48 61 71 70 67 81 87 86 88 90 87 85 103 116 114 119 124 131 128 115 105 95 64 62 48 25 30 33 38 32 43 51 61 69 61 39 50 75 109 126 133 130 134 131 122 134 132 112 81 52 47 40 41 42 43 47 42 43 44 44 46 45 44 50 48 41 46 42 40 37 37 42 40 48 45 46 37 47 51 41 39 42 42 38 
40 37 43 43 41 43 35 33 38 40 42 41 46 44 40 43 47 37 28 25 25 26 34 38 37 37 55 61 69 58 55 60 72 64 56 70 76 69 68 70 72 81 89 91 84 83 88 75 64 53 52 43 56 53 32 46 53 78 98 113 109 132 146 112 99 105 121 124 122 126 141 127 127 133 110 73 45 47 45 53 52 49 46 41 46 48 49 47 42 43 49 39 37 42 40 41 48 48 48 46 46 42 40 41 46 41 30 40 42 40 41 43 
38 38 38 39 40 39 38 40 41 41 40 38 39 42 42 44 45 43 43 32 27 26 26 35 39 53 62 61 54 79 69 68 74 82 74 68 68 79 75 86 73 55 59 67 61 53 55 59 57 54 56 50 43 36 50 104 143 144 136 118 124 142 166 155 127 123 123 132 137 138 143 127 133 114 77 48 46 47 45 42 44 44 45 46 45 43 46 44 43 43 45 45 45 42 45 49 46 44 42 41 44 41 44 48 45 44 49 41 42 45 42 44 
39 35 40 39 38 34 40 40 41 37 36 44 45 44 39 41 40 45 48 48 37 35 33 40 47 50 43 56 63 53 62 55 48 57 61 60 72 69 78 87 87 83 69 67 61 60 56 41 53 51 49 45 40 32 45 109 146 142 128 135 157 166 165 165 149 142 146 149 152 156 139 130 111 73 46 52 49 47 50 49 49 48 48 44 52 47 44 44 47 45 44 43 40 42 43 39 45 44 42 45 48 50 45 37 42 43 38 41 43 37 38 35 
41 37 41 43 43 42 40 44 38 42 44 41 43 39 44 45 48 44 42 47 48 50 44 41 34 42 40 28 32 38 35 42 37 35 32 38 41 53 57 56 63 77 79 68 62 56 57 53 41 48 49 46 45 49 87 128 137 131 130 134 143 152 153 156 151 147 145 148 148 136 121 93 57 42 44 45 45 51 47 47 45 42 45 45 40 42 46 49 45 45 41 45 47 44 44 47 46 48 48 44 42 38 40 48 41 38 43 45 40 48 43 46 
36 39 36 32 37 36 38 36 47 43 36 43 43 46 44 42 42 44 47 42 42 38 44 46 40 27 32 38 37 34 33 37 34 27 34 38 41 50 54 55 52 56 59 68 61 54 55 58 55 47 56 58 56 77 124 133 108 92 82 86 93 101 107 123 136 148 149 131 101 69 53 41 46 43 48 47 51 46 49 48 49 48 54 47 49 52 47 45 47 46 42 44 46 45 42 42 46 44 44 48 45 47 47 40 46 45 43 41 46 41 42 38 
41 36 37 44 38 38 43 45 39 36 44 45 41 35 43 44 42 39 41 45 45 48 44 47 49 46 37 33 42 40 36 35 30 32 28 33 41 45 49 49 52 53 59 54 59 51 51 56 63 67 59 57 61 96 131 84 43 39 50 78 92 102 112 122 121 109 76 54 44 41 39 49 46 46 47 49 41 48 45 44 45 45 40 43 45 41 48 47 46 51 47 49 46 45 43 45 45 45 48 39 38 42 41 47 41 42 44 42 36 38 43 43 
33 38 41 37 45 42 38 38 41 43 41 40 45 49 45 40 41 45 47 44 44 43 41 44 47 44 40 45 36 38 43 37 37 37 33 37 38 42 43 45 47 47 41 47 49 56 57 58 56 53 53 52 59 103 113 60 51 59 94 109 126 126 121 91 58 38 36 42 41 45 50 49 50 55 55 51 50 44 43 46 48 48 49 50 45 50 52 46 46 43 42 41 44 47 49 41 46 43 43 44 49 44 42 43 44 43 41 40 43 46 43 49 
