10 107 107 108 110 113 107 109 109 109 109 106 110 108 107 109 108 105 106 107 104 108 106 105 113 106 108 99 100 92 100 111 111 110 104 105 96 85 61 54 53 42 25 3 11 12 7 15 25 23 20 14 37 60 54 73 102 103 104 104 104 105 105 102 101 101 99 98 94 95 96 89 83 78 84 78 77 71 70 73 62 64 62 61 56 59 56 63 59 64 60 57 57 55 56 56 55 59 54 58 57 57 55 56 53 52 55 52 52 50 53 57 
109 111 112 108 114 114 109 108 108 114 113 109 113 97 68 39 42 52 59 59 59 69 67 56 36 28 34 32 28 35 27 27 24 26 28 29 28 25 24 23 21 21 24 22 24 31 36 41 36 40 32 41 46 55 102 136 161 174 164 150 132 113 108 127 136 156 188 153 111 166 182 144 112 109 105 103 107 105 105 103 105 104 99 105 101 100 104 105 103 103 105 100 105 102 99 98 102 105 106 104 101 101 97 97 100 98 96 96 92 94 99 97 
110 112 111 113 111 108 111 112 113 109 110 113 104 76 54 53 54 44 58 67 60 49 49 42 49 47 37 32 34 32 29 29 26 22 23 25 24 27 19 26 24 24 20 30 33 41 34 34 34 33 28 29 29 32 73 143 181 178 163 148 132 113 97 112 134 143 167 177 156 169 176 152 122 104 101 107 103 105 106 108 104 103 101 103 103 102 99 97 105 104 98 102 99 102 100 103 103 97 96 98 96 98 102 100 102 97 102 100 100 101 97 95 
113 112 112 112 112 111 110 106 107 114 114 105 71 53 51 50 58 71 68 42 32 42 31 42 38 40 35 37 33 28 28 24 27 24 30 34 37 26 30 26 27 31 35 34 35 32 32 35 32 34 29 31 33 38 39 54 95 153 165 138 123 112 107 125 146 154 170 195 186 170 172 142 142 122 101 106 109 106 103 101 103 105 105 102 101 103 105 102 100 100 105 103 100 101 98 98 97 101 101 100 101 104 97 96 95 98 99 98 98 101 102 101 
111 110 111 112 111 110 112 114 114 115 108 79 63 64 61 60 76 69 55 53 61 39 38 39 37 33 40 43 31 22 26 30 26 26 29 28 32 32 26 25 30 29 28 34 39 38 37 34 32 27 36 35 35 33 29 28 45 83 150 126 107 109 119 125 153 185 175 180 187 163 156 148 157 158 106 106 105 103 106 103 104 104 102 99 105 104 102 104 100 100 101 99 102 99 101 103 104 99 101 98 95 97 101 100 102 96 99 100 98 98 99 97 
112 113 111 113 113 111 110 110 111 112 94 68 72 71 64 71 65 55 67 69 43 37 31 28 28 33 37 46 39 36 34 28 41 36 30 32 30 28 24 34 31 32 36 40 36 32 26 33 29 28 30 27 28 27 35 34 35 41 84 75 73 76 76 100 166 189 178 145 182 180 145 148 165 159 125 94 104 106 103 104 104 102 107 105 101 100 103 101 102 104 103 105 105 105 107 101 99 100 100 99 101 102 98 99 103 104 102 101 99 101 101 100 
110 109 112 110 111 109 113 111 114 98 70 63 69 74 65 56 53 54 53 51 41 33 33 27 30 30 32 34 27 30 32 41 29 30 27 29 27 29 33 30 38 31 31 31 31 34 35 30 24 26 22 25 24 29 34 38 43 56 69 53 49 62 99 128 154 163 170 169 173 192 151 150 166 150 115 89 99 104 106 103 102 104 102 103 101 102 102 104 105 103 100 103 106 103 98 101 99 100 104 104 100 100 98 100 98 99 99 98 99 102 101 101 
111 111 110 112 113 112 111 109 102 77 64 59 63 56 48 49 43 39 54 53 49 42 37 39 39 40 29 33 38 35 34 28 31 24 34 28 34 25 32 32 29 34 38 32 32 31 29 37 34 31 33 34 37 30 29 39 51 62 89 100 98 132 193 202 189 176 168 173 169 158 138 155 173 159 130 83 98 113 104 106 103 106 103 105 107 103 101 106 103 106 105 103 101 103 103 99 103 105 100 101 100 102 103 101 100 101 97 102 101 96 75 43 
112 113 110 112 113 115 115 109 78 62 69 64 49 41 47 47 52 58 48 39 45 49 41 28 26 31 34 26 30 31 36 20 19 26 26 28 27 34 32 40 45 43 45 48 39 38 38 28 30 20 23 27 30 40 39 41 56 64 79 93 104 163 197 193 187 189 188 179 163 133 111 147 171 163 120 53 52 85 114 112 107 107 107 104 101 103 104 103 103 101 101 103 102 104 100 106 103 102 98 100 105 97 102 104 101 104 102 92 74 75 121 168 
110 111 113 110 110 109 101 91 67 65 58 48 39 36 46 55 51 46 40 40 39 36 30 31 29 25 17 27 25 29 28 35 32 31 28 33 29 29 39 37 43 46 60 63 55 49 34 31 30 41 36 23 28 27 44 50 46 66 80 88 111 160 185 184 179 174 171 170 160 146 123 122 142 133 88 20 10 12 32 84 104 101 104 103 110 104 105 106 103 105 101 103 102 104 106 101 105 99 104 102 104 106 101 101 102 105 82 82 127 192 222 235 
112 107 112 114 112 102 72 53 58 51 34 30 31 43 55 49 43 38 38 30 32 36 32 27 21 29 28 21 20 16 18 15 21 24 31 36 34 34 43 47 46 44 35 37 38 38 47 39 29 16 27 35 26 38 44 53 60 55 69 109 136 153 165 166 160 152 149 146 146 141 139 130 125 110 64 27 27 18 9 5 53 99 103 100 100 102 101 100 104 106 106 108 105 100 103 103 105 105 103 101 100 97 105 102 91 74 118 193 236 236 225 200 
113 114 112 107 104 83 52 44 44 36 35 42 46 44 42 38 35 38 34 31 34 25 26 28 30 28 28 28 27 25 25 29 26 34 28 30 41 48 45 43 38 26 30 32 41 54 36 36 34 36 38 29 21 35 44 39 35 54 69 97 118 126 136 141 139 136 132 141 138 136 135 128 122 126 120 107 86 76 70 65 52 64 85 100 94 95 96 95 98 93 100 87 92 96 91 92 91 92 88 93 87 94 93 93 103 173 221 223 191 142 95 62 
112 109 104 99 86 50 33 39 40 30 29 37 31 41 33 31 38 40 33 33 28 33 30 24 20 29 27 26 26 21 21 28 35 42 38 36 42 32 43 44 40 46 42 45 46 53 52 41 39 30 45 59 55 22 38 39 31 37 75 109 125 129 129 129 128 132 135 135 135 131 131 127 128 121 126 125 127 120 113 111 123 129 133 131 136 129 126 121 118 122 113 123 118 120 125 127 130 125 127 117 125 119 117 115 150 194 175 138 98 81 93 107 
110 114 112 90 44 31 35 36 32 29 39 38 42 35 26 32 44 31 33 33 37 25 27 31 29 28 29 27 22 19 22 31 35 32 34 44 51 57 57 54 50 45 56 52 46 41 44 44 35 42 42 78 76 40 29 37 48 42 77 124 138 140 137 139 131 129 136 136 133 138 135 135 132 132 135 131 126 122 124 123 119 122 120 125 130 137 139 140 144 142 146 141 151 144 141 146 146 146 145 149 143 147 145 143 143 138 138 135 147 152 155 156 
112 108 102 63 33 31 39 40 36 39 39 44 39 21 29 35 36 42 35 36 28 27 26 23 28 28 28 25 22 22 23 21 32 35 39 57 58 66 70 68 70 73 65 64 63 63 56 48 41 36 41 71 88 70 48 50 52 91 125 149 152 148 141 133 134 131 131 137 137 137 139 138 141 138 134 134 130 131 132 123 127 123 121 117 112 114 118 129 140 146 148 149 144 149 141 142 147 146 146 144 147 150 151 149 144 146 146 144 150 148 148 147 
111 101 73 41 31 34 44 39 35 45 40 40 32 30 38 45 45 42 38 32 33 31 32 30 26 30 24 23 25 24 26 35 37 35 51 57 59 75 77 83 87 91 91 93 98 94 90 87 81 69 75 82 84 68 104 107 94 100 129 146 149 147 149 144 142 144 144 141 142 146 145 144 144 139 137 134 135 135 135 137 138 135 135 129 126 120 113 112 112 118 133 144 149 146 148 149 153 152 151 150 144 148 151 148 151 151 151 151 144 146 146 148 
108 73 49 32 29 36 46 37 44 40 47 47 43 28 38 48 47 45 38 28 24 32 33 33 29 26 28 29 29 30 34 35 38 51 59 67 80 92 96 95 107 116 123 128 126 127 122 131 123 121 101 111 109 79 107 142 131 126 121 136 143 150 149 142 140 141 137 140 137 142 145 140 141 143 145 144 145 138 139 139 141 141 137 138 133 130 129 120 112 107 110 119 133 147 151 152 149 151 152 147 144 145 150 149 150 147 152 148 149 148 149 152 
86 56 44 39 34 50 50 37 54 59 69 51 35 36 49 44 39 38 29 32 38 36 31 29 29 34 28 28 31 34 31 33 45 57 79 103 107 105 105 124 127 134 144 152 154 149 141 146 148 140 139 139 162 90 100 153 151 134 124 129 142 153 162 164 160 146 142 140 139 132 136 144 143 143 148 144 146 147 146 143 140 141 141 140 136 132 129 120 115 116 109 104 103 112 127 144 156 153 152 152 147 146 140 146 144 150 150 153 151 152 150 152 
59 49 47 44 42 53 45 40 67 78 81 49 44 36 36 44 39 33 36 33 30 40 29 33 38 32 32 35 39 31 41 54 66 80 101 113 122 125 136 139 142 145 153 157 159 155 150 149 151 147 148 148 168 150 113 143 145 139 117 114 123 145 164 169 168 165 157 153 146 136 133 138 142 140 142 145 143 143 151 144 140 144 137 137 140 135 131 130 127 122 117 115 104 98 95 105 126 148 154 148 149 146 145 151 146 147 153 152 149 145 150 148 
60 62 61 56 50 48 57 51 65 71 72 56 37 28 37 42 40 34 32 36 40 24 31 31 22 30 25 30 33 44 58 65 83 101 112 124 128 137 137 148 155 160 158 156 161 162 163 152 153 149 150 145 143 88 94 140 162 167 159 150 135 127 146 173 168 171 167 166 157 154 148 145 138 136 137 140 144 144 140 146 149 145 150 144 143 142 138 133 128 122 121 113 120 113 106 92 93 101 129 144 148 152 149 148 153 153 148 148 145 148 151 149 
58 61 55 53 48 51 58 56 62 64 83 60 46 36 33 39 48 37 37 37 30 32 27 24 30 26 36 36 42 55 78 86 102 121 130 132 140 144 148 157 159 160 158 157 153 152 153 154 143 147 136 121 131 111 123 142 150 157 173 171 173 158 121 130 160 162 162 167 162 159 157 146 136 139 135 138 139 139 141 143 146 145 142 141 140 141 136 134 131 123 117 117 110 116 112 108 97 92 88 108 127 138 144 146 145 146 152 146 146 144 148 150 
70 78 69 53 49 50 53 75 51 55 81 53 47 37 38 56 52 42 33 29 28 26 29 31 30 30 35 45 68 82 86 103 125 136 144 149 156 159 163 165 163 167 166 163 160 154 146 153 156 133 107 115 121 124 143 147 149 143 148 156 166 180 172 139 121 144 155 160 161 155 153 149 147 146 145 141 142 144 145 149 145 150 144 138 140 138 136 132 133 128 119 118 114 112 115 113 113 107 96 89 98 109 119 128 132 138 142 144 139 141 145 143 
77 81 73 69 61 56 42 63 42 44 67 58 53 38 50 52 43 33 32 33 25 26 30 30 33 43 51 72 82 86 102 125 147 157 166 167 161 164 164 164 162 165 168 163 155 147 129 153 136 122 136 139 144 144 165 173 168 168 161 148 149 160 173 177 143 136 159 159 159 160 151 151 148 145 144 145 146 147 145 149 155 151 149 143 143 140 137 136 128 130 126 121 117 110 112 116 113 105 106 97 90 98 103 108 117 117 127 131 130 134 141 144 
77 71 75 76 68 54 42 68 36 38 64 61 52 44 46 44 36 32 28 27 25 27 29 31 40 54 79 87 85 101 133 162 162 169 172 171 169 163 164 166 164 163 156 138 117 119 113 126 120 143 150 147 148 149 173 177 176 174 178 172 170 163 154 169 179 137 143 153 155 152 148 139 137 138 133 127 133 139 145 149 153 155 155 149 148 146 145 138 136 127 127 124 123 117 114 115 116 118 114 109 101 92 94 100 104 113 113 115 120 126 128 131 
83 80 68 74 72 64 54 60 34 40 61 55 43 36 31 34 33 31 28 25 28 30 32 41 48 54 56 63 83 112 134 138 130 146 166 160 165 167 163 162 156 161 151 116 102 112 110 175 154 148 147 144 149 147 169 186 179 173 176 177 185 174 158 159 178 152 114 125 128 127 130 132 126 121 119 123 127 133 141 145 147 151 157 155 152 149 151 146 144 132 122 126 122 123 119 120 120 117 121 122 118 102 91 92 103 100 108 106 112 113 124 133 
73 76 71 86 77 60 61 57 26 40 45 39 38 28 40 38 36 37 36 31 27 32 34 32 33 30 27 33 54 73 73 59 90 132 169 173 173 170 167 164 161 168 141 106 91 94 122 191 164 144 138 135 143 147 168 183 182 174 179 186 185 176 157 160 177 179 101 105 101 105 115 121 120 132 142 144 150 152 155 153 153 155 151 147 144 145 139 147 139 139 138 130 120 120 124 123 122 116 116 123 121 114 97 86 86 94 95 98 103 102 107 117 
73 67 60 83 82 56 67 56 28 40 33 39 34 38 44 39 33 29 30 30 31 33 30 27 27 23 24 30 43 39 39 60 97 129 164 176 176 170 173 174 174 167 129 90 76 83 136 186 148 136 134 123 125 141 176 182 178 182 184 185 175 171 166 174 178 181 120 101 108 102 104 115 126 137 135 142 141 139 148 152 155 156 154 149 146 136 140 134 132 133 130 129 135 128 127 134 122 123 125 121 123 119 104 88 85 86 95 94 98 104 99 107 
71 69 58 71 59 55 64 64 36 45 33 33 35 34 37 35 36 28 28 30 34 32 27 28 19 28 27 31 27 27 32 65 90 122 167 180 178 178 181 180 177 161 110 78 68 92 145 159 135 133 137 108 106 126 171 190 184 180 178 174 168 165 171 177 172 186 127 96 103 99 107 119 127 132 135 142 140 140 142 145 148 148 150 149 148 147 143 142 136 128 129 127 132 135 134 132 135 129 132 136 117 121 115 95 82 87 89 94 98 96 103 100 
69 62 57 67 57 48 63 66 38 46 33 38 39 45 37 35 25 30 31 29 27 26 25 22 28 24 21 21 25 31 58 73 94 135 164 179 185 183 185 187 186 160 105 82 71 85 150 140 142 135 125 83 95 131 156 173 187 185 174 169 164 163 176 178 170 186 142 97 99 103 111 123 126 131 138 138 146 146 146 149 148 150 145 149 148 142 142 142 143 139 136 124 125 126 128 135 129 143 139 144 135 116 109 103 87 86 94 89 88 88 95 96 
72 65 61 73 51 42 52 55 44 44 29 36 35 41 40 36 42 29 27 30 28 22 20 21 22 20 22 25 34 49 62 81 97 134 162 181 188 192 189 189 183 143 87 78 67 83 130 129 138 124 77 42 99 137 140 155 182 185 171 173 169 168 175 171 157 183 153 103 108 111 118 123 129 135 138 145 145 144 137 130 137 138 143 148 150 148 148 148 149 143 139 138 138 134 133 128 130 129 136 135 130 128 118 103 96 83 83 92 94 93 92 100 
68 59 56 66 52 40 49 54 41 38 42 51 51 45 39 38 43 37 28 23 27 27 26 26 24 31 31 40 53 66 70 84 105 128 159 184 192 196 194 186 174 124 82 74 82 84 107 118 132 109 96 46 93 135 121 128 174 185 175 173 173 166 171 168 159 179 169 100 103 110 118 132 129 129 131 137 124 109 103 101 117 136 146 153 150 150 143 147 152 153 150 145 143 140 147 141 134 128 127 122 118 116 115 109 95 89 86 85 81 87 91 91 
64 52 57 51 51 44 50 46 36 43 59 59 50 43 35 39 44 38 32 30 29 30 23 27 32 34 47 55 62 63 72 91 101 128 163 184 191 196 197 187 154 122 83 69 77 85 100 111 124 95 187 127 113 146 126 121 157 184 175 178 172 167 166 162 163 179 166 99 111 115 128 126 130 124 124 106 94 93 100 121 144 157 157 156 156 151 149 153 147 146 159 154 145 140 142 137 139 140 129 124 119 108 99 100 102 96 81 84 87 87 90 91 
68 54 51 59 44 44 49 49 45 45 60 71 58 52 44 52 51 34 32 38 31 31 31 34 35 47 50 60 67 73 88 100 108 121 165 186 195 197 195 188 158 115 84 65 65 87 102 114 117 99 153 133 120 147 131 114 146 186 175 168 163 166 165 151 158 178 168 96 104 119 125 124 123 120 99 89 97 114 132 141 144 147 145 150 146 147 149 155 153 149 148 154 155 155 149 147 152 149 146 147 138 129 114 100 91 89 89 78 80 87 87 85 
75 60 59 61 55 56 49 52 50 54 55 51 69 60 53 51 52 39 42 38 31 33 31 38 42 53 62 63 65 78 88 103 109 127 167 188 194 196 198 191 159 118 80 64 62 71 98 112 113 99 93 71 111 145 133 113 138 174 164 160 160 166 159 156 157 175 163 97 106 109 120 121 111 99 91 103 116 122 123 111 120 144 145 147 149 149 152 157 155 157 156 155 155 153 160 149 145 144 139 140 142 139 126 117 102 95 83 78 76 82 83 90 
70 76 71 73 64 62 62 56 57 54 43 42 79 63 65 58 52 43 39 42 37 32 36 41 55 58 59 68 75 84 100 104 108 126 174 189 191 194 196 191 167 118 80 56 52 70 101 108 103 92 67 48 97 133 132 106 131 167 169 161 163 171 158 156 151 170 159 94 109 113 115 111 112 107 108 120 122 119 115 114 105 120 137 156 155 156 157 156 156 156 162 165 154 158 160 149 144 146 150 149 142 137 135 121 114 103 89 83 71 71 87 84 
73 73 79 74 55 62 73 65 61 51 41 62 75 48 69 68 56 42 55 57 44 40 46 52 52 62 65 68 76 99 110 113 111 134 174 193 196 193 191 187 170 132 77 48 41 68 97 105 101 99 65 47 76 122 125 104 115 152 162 156 161 163 149 151 147 172 157 97 99 111 109 108 109 108 115 124 125 127 125 121 99 65 61 115 162 165 159 154 157 158 158 158 164 161 163 161 145 153 153 163 153 153 152 145 136 113 93 80 73 80 83 82 
68 82 79 80 72 71 70 60 68 46 27 65 75 55 81 63 58 58 62 62 47 49 51 53 58 75 68 67 83 100 110 117 115 137 173 192 192 189 192 188 177 137 78 42 39 69 115 104 99 99 57 49 71 120 128 108 116 151 152 155 152 159 149 148 142 172 153 97 101 106 100 103 107 111 118 129 129 131 138 132 81 34 16 31 119 158 162 158 158 159 160 163 154 157 164 167 156 150 154 160 157 157 160 144 142 128 108 97 83 67 76 84 
77 73 76 80 79 76 82 62 74 60 41 72 67 61 79 68 56 66 72 71 56 60 53 65 72 67 70 75 88 105 116 121 125 145 179 196 203 198 193 192 174 129 81 45 26 52 114 107 103 95 71 62 87 125 127 106 108 146 148 155 151 149 154 152 143 174 134 92 95 97 99 102 109 124 138 136 140 140 144 129 71 40 32 37 63 126 155 158 157 158 162 158 160 154 155 164 171 164 161 153 140 151 157 139 124 123 115 102 83 72 70 75 
65 77 78 76 78 75 85 73 77 55 44 68 60 57 85 66 59 81 79 63 51 51 65 68 71 67 70 80 97 115 120 124 125 150 179 197 204 204 196 186 169 127 77 47 36 41 106 97 91 95 77 163 95 109 116 99 107 141 147 161 156 148 153 150 146 187 131 94 96 98 97 109 123 138 140 145 141 148 153 120 66 36 36 39 55 98 146 158 157 166 162 158 156 154 155 157 168 169 170 166 156 150 156 153 150 133 126 117 99 76 65 70 
61 54 70 78 82 69 73 73 69 65 44 67 56 60 79 64 56 70 67 56 48 57 60 70 59 52 72 88 106 118 122 129 137 151 179 197 204 203 196 184 162 119 73 45 27 31 109 92 89 93 65 144 119 104 111 93 109 139 152 155 155 154 152 149 162 196 114 96 94 93 101 118 140 147 156 145 147 159 156 115 47 46 53 48 48 62 115 157 154 154 158 161 155 154 153 157 167 172 170 173 165 161 155 159 145 149 133 114 96 80 74 64 
57 55 58 77 78 76 70 70 61 61 47 58 46 47 61 57 48 51 51 50 46 55 64 68 54 60 78 95 108 120 122 129 129 151 177 193 205 204 198 187 167 125 71 44 33 32 103 89 72 80 63 59 70 97 106 87 108 131 148 155 156 155 156 149 178 202 108 91 94 96 108 139 152 152 155 152 147 153 156 107 55 54 61 55 61 49 87 134 140 147 152 152 147 146 148 154 160 167 173 170 175 175 166 160 145 139 128 114 103 78 71 62 
53 44 51 72 72 79 63 62 48 61 45 42 43 48 51 53 49 47 44 39 47 55 52 51 52 65 90 99 111 114 115 122 124 143 172 193 200 199 197 187 166 116 85 43 28 23 105 86 95 199 80 58 52 83 100 91 113 134 147 156 155 153 154 157 208 168 77 74 83 97 128 151 159 153 154 152 150 149 149 110 55 61 72 116 144 121 75 121 125 131 143 142 152 144 142 150 153 164 171 170 165 174 169 168 159 151 140 121 103 89 75 66 
53 46 47 63 71 79 65 58 38 47 44 37 46 26 50 46 36 37 37 43 52 57 50 47 51 77 85 98 105 108 116 124 110 133 162 192 199 198 196 183 153 104 67 47 34 27 107 89 96 233 130 77 74 84 101 97 124 139 145 151 152 148 146 156 175 134 120 127 108 131 151 152 149 152 149 150 153 156 150 111 58 60 74 94 136 134 78 114 121 119 129 139 146 150 147 141 148 160 168 168 159 172 174 172 173 161 150 127 112 94 71 61 
51 37 42 61 57 72 63 52 37 49 46 36 33 41 51 43 43 32 35 46 47 43 36 45 61 75 87 98 107 110 118 116 105 130 157 187 194 201 193 184 154 104 59 43 37 36 108 90 80 145 110 85 78 85 109 106 129 139 141 148 148 140 144 145 136 162 177 155 128 112 133 148 145 145 148 149 156 165 159 117 71 85 104 150 167 144 48 98 124 117 122 136 143 146 146 144 149 160 173 175 166 176 174 173 163 161 152 130 110 97 76 71 
48 35 39 60 57 68 74 59 39 34 42 34 36 31 38 43 40 34 41 48 52 34 51 56 66 79 93 102 106 114 109 97 106 132 156 175 187 198 190 184 157 100 58 38 34 29 106 94 77 84 86 79 82 83 104 122 140 135 133 136 134 141 137 120 162 186 179 155 124 92 83 109 134 141 146 152 156 162 160 113 72 77 102 179 182 177 119 91 120 122 112 130 139 136 142 141 152 164 169 168 166 170 169 169 167 160 149 129 119 96 76 68 
53 36 36 47 59 52 67 52 46 40 42 41 38 31 38 41 35 35 45 43 35 48 56 66 65 79 94 100 102 102 101 96 124 138 150 176 176 189 189 181 158 108 66 49 44 41 109 101 94 88 94 90 93 85 104 133 132 128 125 129 144 131 106 138 176 182 172 148 116 92 69 79 101 123 140 147 165 173 159 110 68 67 80 130 160 149 87 93 129 119 107 121 135 132 138 139 155 167 169 167 172 172 170 166 164 157 141 129 112 88 75 56 
63 56 36 54 59 57 66 61 38 24 37 35 32 31 33 45 38 46 54 39 49 51 67 66 69 82 90 96 100 106 99 116 134 128 144 176 175 182 186 178 153 117 77 61 50 37 115 101 93 87 86 92 84 92 120 136 127 130 137 155 153 123 123 164 184 187 180 151 111 80 64 74 94 117 141 140 149 167 172 107 76 64 106 172 188 165 39 70 156 163 99 116 136 126 132 128 132 159 169 165 169 175 180 174 170 161 146 126 109 96 74 70 
60 65 45 43 63 58 58 55 44 27 39 47 32 28 30 33 36 63 50 44 66 64 67 63 69 83 94 95 100 99 102 125 134 132 138 165 166 175 184 179 165 140 109 74 67 52 120 95 97 87 89 93 84 106 135 145 143 145 159 146 131 141 171 176 183 187 178 138 95 67 64 71 88 118 130 138 153 171 174 119 74 73 117 218 206 192 80 59 148 213 124 113 129 129 128 126 133 155 162 164 169 171 172 176 170 151 133 124 110 98 80 67 
73 68 51 27 55 55 54 58 49 32 34 37 33 37 26 39 52 72 43 40 64 48 56 62 68 83 90 100 95 103 121 133 134 128 135 158 170 174 180 177 167 144 115 95 73 53 130 79 95 100 72 81 96 114 127 140 153 163 132 131 152 172 171 169 177 173 161 128 82 45 64 72 85 116 136 141 155 172 183 115 74 69 99 154 189 175 62 48 117 167 140 115 131 127 123 125 126 142 157 154 158 164 173 167 153 143 130 121 109 95 74 65 
62 79 66 48 47 44 49 55 50 39 27 30 25 28 28 35 57 54 30 47 63 55 49 59 76 81 87 91 95 108 129 134 133 126 133 156 163 173 180 174 161 132 103 89 64 51 134 88 60 88 102 138 90 107 132 145 141 132 141 168 175 172 175 180 173 170 149 121 64 36 60 75 93 116 137 138 159 175 173 120 71 62 83 105 160 166 106 23 115 138 124 116 125 132 117 120 127 137 146 157 162 163 160 152 143 132 124 118 102 90 77 61 
53 72 67 62 49 53 49 52 45 43 24 27 30 23 24 40 60 47 39 46 56 42 47 60 70 85 90 94 105 126 133 133 133 131 136 152 161 173 180 173 161 137 105 80 67 66 134 98 70 72 99 184 121 119 126 112 129 155 177 177 174 181 183 178 173 160 149 127 83 33 75 86 100 107 119 135 152 174 171 123 78 70 97 167 192 186 169 39 107 127 114 109 118 127 117 125 127 133 146 151 161 163 161 151 138 135 125 113 104 91 80 65 
39 54 66 55 60 55 41 37 52 45 30 26 31 27 30 53 54 39 38 50 47 44 41 53 71 81 81 98 112 128 138 143 140 133 134 146 156 172 183 180 170 151 115 98 86 74 131 106 85 102 125 149 129 86 101 148 180 187 186 184 181 183 181 178 170 162 145 120 101 56 59 86 99 103 106 128 152 167 171 128 80 69 98 177 198 193 168 50 94 132 120 113 118 122 115 118 120 127 140 155 159 157 161 159 139 128 113 103 101 99 88 64 
60 54 56 48 46 58 36 44 49 43 32 22 24 24 42 57 40 36 38 50 42 46 56 62 68 74 90 100 110 124 128 134 130 135 137 144 152 170 178 183 169 155 138 118 107 87 134 114 99 132 148 162 141 117 155 183 189 189 187 189 187 185 185 185 186 171 157 130 108 91 62 76 84 86 93 125 145 163 162 140 88 64 87 159 196 189 175 63 88 132 135 132 122 129 113 119 113 120 137 151 150 148 155 158 134 118 108 103 103 97 79 65 
54 48 50 50 40 51 54 33 44 50 40 28 23 25 39 46 35 32 45 44 37 44 47 54 67 88 100 113 120 132 137 135 138 135 140 146 157 168 178 176 171 160 151 135 117 103 135 125 112 143 155 154 148 112 174 190 188 182 184 186 187 191 192 199 203 191 169 149 117 100 88 78 79 82 83 110 134 161 166 146 103 62 69 96 143 174 163 56 85 120 130 139 130 134 116 119 112 113 136 144 149 156 159 156 146 129 106 113 108 97 84 64 
37 39 52 56 48 36 46 43 42 45 45 35 30 39 49 42 32 32 43 47 34 41 35 49 72 103 116 125 131 140 141 138 138 134 136 141 153 171 174 180 172 165 157 150 134 118 139 125 114 140 143 141 135 88 164 184 181 174 177 184 187 189 193 198 202 192 180 157 128 105 88 80 71 82 88 108 132 160 170 158 115 66 61 100 147 179 184 73 80 124 132 124 126 133 113 111 118 114 127 151 146 155 161 159 148 131 116 117 113 92 72 67 
55 51 50 38 45 44 40 39 40 46 39 31 20 32 46 33 33 34 42 35 41 40 59 82 104 112 124 132 136 139 141 141 140 139 138 143 160 172 180 182 174 164 154 144 130 113 135 128 109 127 133 148 142 100 151 174 172 162 172 178 180 184 185 188 190 187 175 155 127 99 83 74 72 80 94 107 121 146 165 151 113 75 88 149 182 188 180 78 86 119 127 125 122 125 110 114 109 119 129 142 141 154 158 152 145 138 116 113 111 94 79 60 
39 36 44 51 45 40 45 40 40 40 45 34 31 40 36 31 28 41 45 43 37 51 80 99 112 127 129 133 131 141 139 142 143 139 143 149 165 176 181 184 175 163 153 136 123 107 132 133 111 122 123 145 139 112 140 174 174 172 175 176 181 179 183 182 184 180 171 153 125 99 85 74 71 80 89 112 113 132 158 151 102 69 96 164 177 184 172 85 82 119 136 118 122 115 111 114 112 115 128 145 145 155 157 155 153 141 129 118 111 92 77 67 
39 49 42 40 35 36 40 45 43 45 48 36 22 31 42 34 31 34 37 43 53 73 105 127 130 135 132 136 141 137 144 147 143 142 145 154 168 180 182 184 179 164 152 136 119 107 125 125 93 100 104 137 137 85 87 129 159 174 172 172 172 184 178 181 183 185 173 148 117 92 89 92 82 82 96 105 116 127 141 129 86 61 78 132 162 166 146 75 80 119 151 116 114 118 111 114 110 116 124 138 141 147 151 158 157 143 134 121 110 88 67 64 
35 42 45 38 38 38 38 50 32 36 40 40 28 32 37 32 31 38 39 48 67 92 121 124 136 140 137 137 140 143 142 141 143 141 147 157 168 180 183 183 177 170 154 138 116 94 113 126 79 75 68 127 134 100 110 104 113 125 136 155 158 163 168 175 175 166 160 133 105 85 77 88 89 92 98 105 113 126 134 111 77 59 68 86 115 140 104 69 79 111 122 107 113 113 109 111 112 117 124 132 141 146 150 161 153 142 129 119 106 90 73 57 
29 33 33 45 39 33 37 37 45 34 35 43 32 39 39 43 36 39 47 52 81 117 132 134 140 142 141 141 146 143 144 142 139 139 144 151 169 175 177 179 174 162 144 124 102 82 94 119 52 54 91 111 96 97 116 138 149 142 122 102 122 153 153 154 162 154 137 117 95 55 62 90 89 91 100 105 115 122 128 108 73 65 86 133 155 152 112 61 91 107 112 106 107 111 106 107 107 112 126 130 144 148 151 167 160 147 139 125 106 83 71 66 
33 24 32 38 45 38 34 30 46 42 39 30 33 37 39 43 33 39 50 78 102 113 131 134 141 142 143 142 142 145 144 145 143 141 146 159 170 175 177 177 165 155 130 104 78 63 74 115 62 96 100 83 76 86 96 99 111 118 132 128 102 98 134 155 149 142 120 110 90 46 54 82 84 94 99 98 109 116 125 100 71 56 81 106 138 138 71 36 79 117 95 104 105 105 106 109 108 113 120 136 142 144 153 159 153 147 130 119 98 81 69 65 
41 26 20 31 40 44 41 29 34 40 33 39 25 36 31 28 38 43 66 101 116 123 136 145 143 145 142 145 145 147 148 148 145 146 155 161 175 181 180 176 162 145 118 96 71 59 77 133 122 101 74 78 83 90 102 100 104 110 108 115 120 96 67 104 143 136 123 109 83 52 54 71 83 97 101 102 102 102 117 101 69 58 82 107 125 135 97 51 79 98 96 99 104 110 108 111 112 114 123 136 139 142 141 152 152 144 133 109 97 83 66 73 
24 42 32 29 32 46 44 34 26 31 42 36 36 23 34 33 44 59 90 117 127 128 134 141 144 147 145 145 148 148 148 150 152 154 160 166 176 179 182 179 163 142 110 69 58 53 67 137 113 86 69 68 67 57 93 83 102 128 134 130 133 138 114 77 121 156 140 119 99 67 54 67 89 90 95 103 102 107 119 103 70 72 94 121 134 126 85 36 73 91 91 91 102 102 109 112 113 113 118 129 133 137 146 150 147 140 128 101 91 75 69 93 
30 22 38 34 36 40 49 43 35 37 36 31 32 26 30 27 45 69 95 114 128 135 136 143 133 143 143 148 149 149 145 149 154 155 157 168 177 178 173 176 154 138 99 73 52 41 63 133 99 77 79 128 86 51 90 88 93 126 159 145 142 147 147 133 113 168 167 138 111 93 71 81 90 95 101 109 109 111 118 111 70 53 80 78 102 101 43 58 83 85 90 98 108 112 117 114 115 113 121 129 132 142 154 159 151 134 122 107 83 71 87 100 
55 36 25 33 39 34 32 51 49 33 34 42 31 31 29 29 32 72 103 117 129 129 139 138 142 141 150 150 146 150 150 148 152 159 164 170 177 175 173 168 160 138 92 60 38 28 46 120 86 77 91 177 161 81 93 85 95 126 166 159 145 146 142 138 133 134 175 146 117 97 88 91 88 86 87 95 100 109 114 104 64 38 35 34 35 30 30 75 93 96 95 108 110 115 114 113 109 119 129 136 153 157 154 149 137 126 114 99 79 78 97 105 
92 51 43 32 33 35 43 44 47 32 34 36 31 24 25 29 42 69 97 116 125 127 130 136 145 149 149 150 146 145 147 152 156 160 162 169 176 179 176 169 161 143 94 65 37 34 43 106 83 69 68 115 126 88 99 97 95 131 166 157 142 145 146 138 126 118 110 140 121 101 101 98 95 95 91 92 99 105 106 96 67 29 19 22 24 27 57 89 94 100 113 113 120 117 117 112 122 127 140 153 154 151 142 143 139 122 104 85 73 94 103 107 
74 74 38 26 39 34 37 41 46 46 27 34 34 28 20 21 34 69 96 105 117 129 138 139 141 146 146 148 150 155 154 153 155 160 162 169 181 181 177 170 158 134 75 66 51 35 34 98 74 73 65 38 36 61 91 91 88 120 162 160 146 147 145 140 132 131 93 79 85 90 104 100 99 98 96 90 95 101 104 103 60 24 28 33 38 50 80 95 106 116 121 122 117 114 115 129 133 144 143 142 151 153 149 134 123 110 85 79 108 112 114 118 
88 90 89 51 34 46 49 50 43 46 50 30 34 23 21 25 29 56 88 108 114 127 137 138 140 140 144 151 151 154 154 161 160 158 164 171 177 181 171 169 165 128 74 58 49 27 32 100 81 64 71 62 48 55 96 100 96 127 160 150 146 146 147 140 136 133 124 84 79 79 91 99 104 99 92 91 93 100 108 107 68 31 27 18 41 83 108 120 121 122 120 121 123 128 127 126 131 133 139 144 144 147 128 120 106 91 93 95 94 92 94 86 
86 87 71 70 54 40 37 39 41 37 46 51 24 29 27 19 26 54 81 101 113 122 127 133 137 132 126 138 149 147 151 153 156 163 167 167 174 176 174 170 158 130 87 57 43 34 29 97 83 77 72 58 66 56 100 108 96 123 154 150 144 143 144 145 140 136 138 83 86 86 95 107 104 101 97 94 94 93 100 105 90 38 19 41 85 112 121 116 121 120 117 120 119 120 124 133 127 133 135 133 128 119 112 98 92 98 104 129 149 128 112 108 
81 77 85 92 92 77 56 38 33 32 37 42 44 36 22 15 20 42 74 99 115 123 123 127 126 124 115 124 137 144 144 147 153 159 161 165 172 171 168 164 152 125 83 47 38 30 33 99 91 82 91 57 68 74 109 117 106 126 152 154 152 147 150 144 142 141 142 92 90 90 85 97 106 107 101 103 100 99 98 103 96 83 74 97 115 117 117 115 115 116 120 120 118 127 131 135 137 132 120 123 119 102 88 70 60 60 52 67 125 174 188 181 
100 100 102 101 102 87 77 57 41 29 33 30 47 35 30 33 23 25 51 82 100 110 117 120 128 109 101 117 133 142 150 151 150 152 160 165 169 170 167 159 146 124 81 45 38 29 46 99 94 94 79 50 47 97 118 121 110 127 149 149 151 150 141 141 142 139 145 115 83 98 91 78 84 100 100 101 101 96 96 94 104 110 111 116 120 113 108 112 113 112 120 120 125 130 134 136 131 127 117 103 93 90 71 53 52 47 47 42 41 62 107 150 
103 107 103 101 95 88 83 78 55 44 26 22 26 40 31 25 36 30 35 53 77 85 94 103 108 98 102 119 127 128 134 135 146 150 153 157 155 157 154 147 139 121 88 55 39 32 47 97 94 98 87 100 171 75 119 121 113 135 159 154 149 148 145 140 142 142 143 125 77 98 102 94 80 82 87 92 103 102 107 115 119 124 119 113 107 116 118 115 115 121 124 124 131 135 128 124 112 104 102 96 92 71 52 47 51 55 54 52 43 43 35 42 
98 101 104 101 95 93 81 80 67 31 47 32 16 25 37 29 21 27 27 34 42 65 78 89 95 82 104 113 118 118 126 134 140 146 145 152 153 148 150 133 138 119 79 50 37 33 49 102 101 104 84 94 155 93 107 109 107 136 156 157 150 144 142 139 145 139 132 133 82 107 113 108 92 71 59 71 85 92 100 107 111 109 109 108 121 121 124 128 134 141 141 128 122 119 114 107 101 103 101 92 60 51 54 55 55 50 56 54 55 53 48 44 
102 96 97 106 106 100 75 83 65 36 26 43 37 21 23 30 24 18 17 19 28 45 60 79 81 90 108 114 124 133 134 134 138 150 151 149 151 151 153 157 147 126 88 51 40 41 50 91 107 83 59 73 45 73 108 105 99 129 156 153 149 146 143 145 144 139 135 139 89 112 120 123 116 103 79 56 53 58 69 75 88 104 117 131 133 144 147 139 134 123 118 113 110 107 106 106 106 94 73 52 48 50 52 53 51 52 49 53 52 51 55 55 
105 108 112 108 103 96 71 93 61 28 27 34 47 40 23 20 24 27 22 24 28 33 45 51 64 84 89 96 105 121 140 145 142 145 152 152 147 149 151 156 155 127 94 58 46 36 47 70 99 152 138 68 54 54 99 103 104 134 157 162 151 146 144 142 144 138 134 143 83 108 120 124 121 116 106 97 98 105 113 124 128 137 146 146 145 140 133 122 118 114 107 112 112 113 107 94 76 56 47 54 52 52 53 48 53 57 53 45 53 55 52 50 
111 111 108 108 100 94 76 91 56 35 31 33 40 45 43 31 29 26 33 29 35 51 51 59 73 89 92 92 100 100 103 121 133 138 144 150 153 152 149 151 154 134 98 58 47 43 49 87 116 156 207 95 73 83 88 108 118 139 160 167 149 136 146 142 140 135 134 144 84 106 118 117 116 115 115 109 109 116 124 131 136 136 132 129 122 117 110 107 109 108 117 113 112 95 76 55 47 54 55 53 55 56 51 55 55 50 55 59 50 51 52 49 
106 106 109 106 99 98 73 88 61 37 34 34 36 36 41 42 47 44 39 48 50 44 59 59 60 78 86 94 99 109 114 115 112 119 128 138 145 142 141 143 151 144 114 80 48 48 45 86 132 103 162 113 72 65 72 101 128 144 157 157 153 144 144 141 139 137 138 149 81 101 117 117 118 115 113 115 113 113 116 117 121 113 118 114 100 106 112 115 116 118 112 103 76 60 47 52 54 55 55 53 53 49 53 52 52 55 51 51 50 51 50 53 
108 112 109 103 105 97 73 86 59 24 31 37 33 35 35 39 42 42 36 37 53 55 41 53 71 63 64 66 68 72 84 95 106 110 110 116 123 131 135 135 136 146 138 98 62 42 55 97 140 103 88 108 107 76 82 98 127 145 145 153 146 142 136 137 139 138 148 146 86 100 113 115 112 117 117 117 114 113 114 111 106 112 112 114 125 121 119 119 114 94 78 53 47 54 61 55 58 57 56 54 55 58 58 57 54 54 53 53 52 52 55 45 
108 106 108 111 105 101 83 83 83 60 36 31 31 35 35 39 40 51 52 40 26 40 34 23 30 49 52 50 46 43 35 40 44 59 64 70 84 107 112 112 119 125 133 118 67 43 47 86 143 118 109 115 123 114 108 107 124 133 138 131 135 132 135 143 139 136 157 139 91 103 113 115 112 108 105 107 102 100 103 106 111 114 118 125 116 115 107 86 73 57 48 52 57 59 55 54 52 53 55 54 55 50 49 53 54 50 54 53 50 51 52 56 
112 110 110 107 107 97 93 85 92 74 34 27 32 39 34 42 50 38 48 51 35 23 31 36 34 36 38 32 36 43 47 47 42 39 43 52 65 83 95 107 107 113 114 118 87 51 41 60 118 103 102 119 131 131 122 129 126 127 118 110 104 118 138 136 137 133 161 127 102 110 115 112 110 102 101 99 98 107 113 117 121 118 115 100 91 75 61 54 46 54 55 55 52 53 58 59 57 55 54 55 58 53 53 51 50 53 48 49 52 55 51 44 
109 110 109 107 109 103 82 85 89 101 71 32 34 31 40 40 37 44 43 40 45 32 32 30 32 35 35 38 35 33 36 33 39 43 50 48 52 59 57 66 81 94 99 105 103 72 62 59 90 97 40 40 48 56 49 52 59 79 93 94 101 108 112 109 103 116 157 120 115 116 110 109 102 100 102 109 112 109 106 100 90 83 62 54 48 48 52 55 59 56 57 60 57 59 54 56 56 54 55 53 51 55 53 52 53 55 56 52 54 51 54 54 
105 108 111 112 110 109 99 87 82 91 86 33 37 43 39 38 40 49 49 42 31 31 23 19 23 32 31 36 47 41 39 39 27 32 32 36 34 36 39 35 35 36 49 53 64 69 61 58 73 97 32 16 9 13 27 37 75 98 96 107 108 111 106 96 104 110 151 112 121 114 114 110 110 106 110 105 86 70 56 57 47 47 53 55 54 58 56 58 58 56 59 56 58 55 52 49 61 55 50 54 55 55 53 55 53 45 47 50 50 53 53 56 
112 112 111 111 109 110 105 100 89 89 78 53 41 41 48 45 42 45 48 37 32 32 27 27 26 41 55 55 44 45 44 47 43 28 33 37 31 22 25 33 35 32 15 16 12 12 15 23 37 88 66 59 80 76 57 65 104 109 111 110 106 109 110 120 119 131 146 105 109 118 124 129 122 118 111 94 65 51 57 59 55 54 57 59 61 59 58 56 58 59 57 54 52 55 53 60 54 55 54 58 51 56 57 53 53 58 57 49 58 46 50 49 
106 110 112 108 112 107 107 106 100 85 87 62 46 43 43 49 51 48 38 39 29 24 38 32 31 37 50 55 52 43 44 36 40 48 32 30 38 29 30 27 26 25 32 29 28 22 16 19 21 87 112 113 115 116 91 71 107 110 108 111 112 124 125 113 139 194 122 99 110 112 113 119 127 119 100 68 64 69 63 59 62 61 56 56 55 58 56 53 56 54 55 59 59 53 63 54 58 56 58 57 53 49 50 51 53 50 48 56 46 53 52 49 
110 103 102 105 100 106 110 106 108 105 97 91 81 64 53 52 35 33 41 32 49 46 46 58 53 46 38 36 30 33 27 36 34 38 40 33 26 33 29 29 29 30 27 27 23 29 28 21 21 42 103 119 112 112 104 78 103 115 117 116 123 121 116 144 186 153 114 118 111 98 95 94 79 78 69 66 66 60 61 66 58 56 64 61 58 58 56 61 61 62 57 54 57 60 49 54 58 55 53 52 59 56 54 56 57 58 56 45 53 53 52 56 
110 111 111 106 106 107 108 111 106 104 98 100 95 94 70 56 62 39 35 35 32 46 56 59 58 44 43 43 45 41 44 38 40 36 33 34 34 33 40 35 27 24 18 23 25 28 24 26 27 19 47 101 128 124 102 77 97 113 118 121 132 143 164 162 126 104 106 98 88 83 77 70 70 66 65 66 64 66 65 64 64 63 58 61 57 60 57 55 56 53 61 58 55 52 57 54 53 52 56 54 57 59 53 53 54 48 51 55 51 53 55 50 
108 107 110 110 111 107 106 108 111 103 104 108 107 97 105 75 72 58 44 41 41 30 42 57 69 71 57 50 39 42 34 35 30 31 23 26 33 34 31 31 30 27 26 20 22 21 25 21 15 20 14 29 65 108 141 150 151 154 149 149 144 132 115 92 86 88 91 84 83 76 77 77 75 73 73 73 66 65 62 58 62 59 61 60 60 58 60 60 62 57 55 51 55 59 54 55 59 59 52 57 53 50 58 59 53 59 56 53 52 51 50 50 
111 110 105 107 107 110 108 109 107 103 104 103 107 107 103 97 77 71 64 48 48 46 34 33 37 41 47 59 57 47 40 33 33 27 29 20 22 27 25 27 20 18 20 17 16 19 16 20 23 17 10 14 11 33 46 61 72 60 68 84 84 81 85 93 96 93 86 85 88 90 85 80 77 72 72 65 69 67 66 67 60 62 55 58 58 58 53 56 55 57 60 61 57 52 58 56 56 56 58 52 55 53 51 48 54 50 48 52 56 54 53 54 
109 104 108 107 111 107 106 108 107 105 110 109 108 108 109 103 93 85 81 76 57 60 52 43 54 58 44 21 25 35 33 32 27 27 23 22 21 23 32 30 24 19 18 23 18 16 18 20 20 24 26 19 27 21 86 70 51 65 82 96 103 104 103 100 99 96 99 93 90 79 83 79 81 79 72 75 68 68 67 61 65 60 64 62 58 58 59 57 59 57 54 51 53 58 55 57 54 54 53 57 53 52 54 59 56 53 54 51 50 53 51 52 
108 111 110 110 107 110 109 107 109 110 109 109 111 107 110 111 107 105 97 96 94 75 70 50 45 59 65 62 34 12 13 14 15 22 27 30 27 13 14 19 24 29 17 19 21 19 20 25 37 33 29 28 25 28 59 74 61 96 101 101 104 104 102 101 100 99 94 90 91 90 86 82 76 77 75 73 71 67 65 67 58 63 58 54 58 59 59 61 57 56 56 57 62 54 55 56 58 58 59 50 55 58 55 49 54 53 55 53 53 48 52 55 
108 108 108 104 109 107 107 108 107 106 107 107 108 109 107 107 109 105 111 97 95 98 87 82 57 61 58 73 80 75 52 31 14 10 17 15 29 29 25 24 20 22 31 18 18 21 25 22 26 43 42 36 31 24 21 47 56 86 106 107 105 102 99 95 98 95 94 96 93 88 88 88 86 80 76 76 74 72 71 65 69 63 59 63 61 59 58 55 57 63 59 62 55 58 58 57 54 55 54 58 51 55 56 58 49 55 50 51 50 57 49 49 
112 108 108 110 108 108 110 110 112 108 111 109 109 109 111 113 109 113 105 108 104 104 108 102 94 76 77 80 102 110 115 108 88 69 40 27 9 7 8 6 5 12 17 31 23 32 31 22 23 23 32 46 51 49 47 64 100 98 101 100 99 103 107 102 101 102 98 90 92 91 84 83 81 75 80 74 72 70 67 72 62 66 62 64 66 62 59 59 60 53 59 58 58 58 56 55 58 58 56 53 59 55 53 55 55 55 59 54 54 51 51 52 
