10 89 90 88 89 89 92 90 90 94 93 92 88 85 86 74 74 74 86 86 85 78 84 83 81 82 76 79 80 84 88 85 85 73 61 78 85 82 74 77 76 70 70 67 66 65 55 56 54 43 48 50 47 50 48 54 52 49 52 52 49 46 48 54 50 55 54 54 53 53 56 59 57 57 55 50 49 48 54 51 53 52 49 49 49 53 49 53 46 52 57 49 47 51 52 48 48 53 48 51 54 59 86 114 114 119 131 140 133 124 133 142 
93 96 99 98 97 95 96 95 96 96 101 91 101 98 94 100 95 94 90 94 94 94 94 95 89 89 90 87 87 87 85 86 85 84 86 88 88 87 85 83 85 84 79 84 84 83 89 83 86 80 80 84 75 96 90 79 67 57 59 68 87 91 85 77 75 81 86 83 84 85 77 85 81 80 82 82 82 80 82 80 82 80 83 80 80 85 79 79 80 78 82 78 79 76 81 76 83 81 79 79 82 80 83 79 73 76 79 73 78 83 121 168 
98 95 98 97 95 98 97 96 97 95 93 98 96 97 98 95 98 95 95 94 94 96 93 94 91 89 91 90 86 86 88 86 88 88 86 83 86 84 81 86 83 84 87 87 85 87 84 87 83 84 83 81 86 117 107 48 51 48 51 52 71 93 107 95 80 72 78 78 81 84 83 80 79 80 82 80 81 78 77 78 76 80 82 82 80 79 80 78 74 77 76 80 82 84 81 82 79 80 82 82 79 75 76 77 80 76 79 77 76 81 132 163 
95 97 94 97 96 93 98 97 92 96 96 98 95 97 96 95 91 95 92 96 94 95 94 90 90 87 86 88 91 91 87 90 88 89 91 88 89 80 90 84 88 84 86 83 83 84 81 83 84 83 84 84 90 129 132 73 43 44 49 58 79 98 113 114 100 90 68 80 85 78 83 87 87 80 78 85 84 83 81 82 79 81 82 77 79 85 76 81 81 79 85 79 76 81 82 81 80 81 77 73 77 79 79 77 78 76 73 73 76 91 155 177 
96 95 100 95 96 100 97 94 100 99 97 97 98 93 98 95 93 93 92 92 89 91 88 89 88 95 91 87 87 86 88 77 69 67 79 87 86 89 84 90 85 88 85 88 91 84 92 86 85 87 82 79 85 133 153 126 62 50 62 68 71 84 106 119 117 109 110 81 66 77 80 79 81 84 78 75 75 78 78 80 80 80 82 80 79 80 84 79 82 80 75 81 79 78 79 76 77 81 81 82 77 78 76 77 78 77 82 79 78 97 157 178 
101 99 96 97 97 96 92 96 96 99 95 95 96 99 95 97 95 95 95 92 94 90 94 95 91 91 88 93 92 75 56 46 45 49 48 54 54 62 74 80 86 86 83 86 82 81 77 83 86 84 88 91 95 109 155 145 112 63 72 102 102 94 93 98 108 110 107 114 107 76 65 74 79 79 83 81 81 84 79 83 81 79 79 72 81 81 77 79 75 78 84 81 78 77 79 79 78 82 80 77 74 77 76 77 73 74 75 74 80 109 169 178 
98 96 97 98 95 99 98 95 100 93 101 98 96 98 95 91 91 96 86 93 92 94 100 92 82 72 74 78 68 52 41 39 48 41 41 39 35 38 41 49 47 53 48 41 50 47 54 47 49 70 70 83 76 87 122 152 131 87 73 85 115 120 106 103 94 103 107 99 104 125 101 79 62 67 77 79 83 77 78 83 80 80 81 81 80 77 80 80 80 82 80 81 78 74 80 81 81 75 79 79 83 82 79 81 80 77 81 81 87 139 173 172 
95 95 96 93 96 95 97 96 94 96 96 98 93 91 86 81 73 72 90 88 86 78 62 56 57 64 76 74 68 61 62 57 47 45 37 33 30 31 37 29 41 32 36 39 36 40 39 43 46 41 50 53 54 59 74 109 123 105 72 71 89 109 111 105 109 112 120 122 118 96 127 127 109 83 67 73 72 77 80 78 80 78 80 81 79 79 80 81 83 79 76 79 81 81 82 73 77 79 79 77 78 81 79 77 78 79 77 74 78 135 166 160 
98 96 97 96 99 97 95 92 96 98 96 96 95 90 72 61 70 64 66 77 70 66 53 51 56 63 67 81 86 82 60 45 40 37 33 26 31 35 36 38 31 40 43 44 43 45 47 52 47 45 46 49 49 52 56 67 92 101 81 67 74 91 97 96 93 102 112 122 135 130 89 128 139 129 114 95 77 75 80 82 79 81 79 76 78 79 79 81 76 76 77 81 75 79 76 81 80 78 78 78 79 77 74 72 72 78 71 71 111 145 160 161 
94 95 94 93 96 96 95 101 98 96 98 96 93 74 64 63 71 79 63 68 71 67 73 71 72 74 56 59 66 55 52 40 35 35 35 45 40 39 43 41 47 46 48 52 56 53 53 46 45 52 50 48 50 51 56 61 74 85 89 73 68 79 76 78 84 91 104 114 128 141 115 102 140 140 131 122 102 86 82 83 83 80 79 82 81 81 76 79 85 84 79 82 79 84 83 80 77 81 80 80 79 83 81 80 84 70 78 135 154 164 163 167 
95 97 98 97 98 98 97 95 95 93 93 90 76 77 74 63 67 75 64 61 65 64 61 70 69 64 64 46 52 42 47 52 45 47 44 41 42 45 44 50 50 59 63 63 62 64 63 60 61 53 50 48 44 45 54 54 51 66 82 83 63 51 47 50 44 72 101 117 126 136 136 130 139 140 136 127 114 89 78 80 77 80 78 79 83 78 82 78 79 82 81 80 81 77 81 83 77 75 75 75 75 76 79 74 72 85 115 154 163 164 159 157 
97 94 95 93 97 98 98 98 100 101 96 78 68 85 95 92 73 77 70 59 63 51 55 49 54 58 54 46 44 46 43 45 51 43 45 43 50 53 61 64 67 78 79 76 77 77 77 75 74 69 65 62 63 59 52 49 50 58 74 88 86 62 27 41 67 99 109 121 133 135 153 151 152 149 145 132 121 101 77 80 84 84 83 78 78 79 81 80 76 80 75 80 84 79 80 81 79 82 81 84 79 77 78 77 76 88 143 151 152 160 152 152 
96 97 99 98 94 94 95 86 82 73 81 77 71 108 110 114 89 81 70 56 58 43 46 47 44 51 43 34 40 35 34 44 43 47 58 70 76 85 88 90 99 97 96 97 97 94 93 98 102 101 97 95 92 90 88 93 103 107 111 111 110 109 98 81 106 136 146 141 140 147 149 163 164 155 145 143 125 111 92 82 78 77 81 82 76 81 80 84 84 79 81 80 73 79 81 79 75 78 80 77 78 85 79 71 97 140 160 169 171 160 168 163 
98 96 95 95 97 99 81 63 64 76 82 81 98 110 120 121 92 75 66 55 58 47 42 42 41 42 41 43 43 46 47 33 40 58 77 94 97 104 104 106 103 107 104 106 105 107 112 106 109 107 108 105 105 105 109 112 113 114 111 117 112 109 108 105 100 96 99 106 114 122 125 141 166 159 148 140 128 111 92 80 78 83 82 76 83 80 82 78 81 83 83 78 81 82 76 78 76 77 74 80 78 72 74 103 141 165 170 178 177 175 178 176 
94 94 94 95 93 90 81 61 66 67 66 95 103 89 117 118 92 69 68 63 57 42 40 39 41 35 38 42 50 50 49 58 51 64 87 108 112 118 122 115 118 113 116 113 110 115 112 110 109 111 115 111 115 114 113 116 119 118 121 112 115 106 109 108 104 104 95 90 89 91 94 108 117 139 147 138 136 117 93 86 82 81 76 81 79 82 81 76 77 77 71 81 78 80 81 82 78 77 78 79 83 88 119 156 181 178 180 178 174 177 185 185 
95 94 97 95 98 90 59 60 55 38 43 94 106 81 82 90 80 48 52 66 64 55 49 49 47 49 48 46 47 52 57 58 67 85 106 116 120 119 120 125 117 120 120 121 120 120 116 119 119 115 114 117 113 116 117 118 119 124 124 121 117 120 112 107 108 107 104 104 101 98 93 91 96 96 102 111 99 85 67 73 75 80 80 80 85 80 77 87 82 82 82 79 79 77 77 77 80 82 82 82 84 89 130 163 155 157 126 120 113 114 150 153 
95 96 94 94 84 73 55 42 34 35 60 107 102 82 72 70 63 58 80 93 82 70 64 58 55 50 51 48 45 44 49 62 75 97 109 119 122 123 123 120 125 126 121 124 119 117 120 117 119 114 121 116 119 117 122 119 115 120 122 125 124 117 113 112 109 110 111 106 108 103 99 97 97 95 98 101 98 93 86 80 79 70 75 78 79 82 80 78 78 80 84 78 82 82 82 78 81 80 85 73 64 50 63 69 66 58 57 52 45 46 64 93 
93 96 96 86 76 67 52 60 41 39 53 90 93 75 61 54 53 85 115 116 87 66 65 57 61 58 43 36 39 54 64 69 90 103 122 123 121 119 119 122 119 127 126 127 123 115 117 123 118 122 117 120 119 120 122 124 119 118 117 119 124 123 119 118 118 110 111 109 108 102 100 98 89 100 103 104 112 106 105 101 86 94 76 71 78 70 81 76 81 80 78 79 78 79 75 79 81 78 64 47 35 31 24 19 25 26 25 31 35 35 37 39 
96 95 95 82 57 55 55 66 77 70 55 58 70 52 51 52 65 109 125 102 72 62 62 66 66 54 43 40 44 62 80 83 97 122 125 129 127 125 122 123 126 123 121 122 126 128 124 120 122 118 121 117 121 123 122 120 119 121 123 123 123 126 126 134 131 126 122 120 118 114 111 107 108 103 99 96 97 106 111 111 117 99 105 94 84 80 70 84 77 77 76 75 76 76 85 86 78 56 32 21 21 15 17 16 16 22 27 27 26 30 32 36 
95 91 83 65 60 62 76 91 95 90 71 53 47 39 40 57 85 101 91 82 62 63 61 68 62 47 43 47 64 90 86 88 104 131 137 137 132 133 134 127 124 122 124 125 129 128 127 123 120 119 119 122 123 124 121 123 119 117 117 119 125 129 134 138 142 135 139 131 129 125 121 121 118 113 106 103 100 103 104 106 104 109 102 108 106 97 84 74 81 77 68 69 64 68 63 51 30 12 10 7 4 4 4 5 6 2 4 1 6 15 22 30 
98 94 82 60 67 83 82 83 86 83 67 56 44 44 59 72 90 97 79 66 77 68 74 74 59 44 42 66 89 86 90 101 120 136 135 137 139 133 138 135 134 131 126 122 121 122 126 125 123 121 125 123 121 121 125 124 118 109 112 114 114 126 140 144 144 147 139 139 133 134 129 125 126 122 118 115 110 102 105 106 103 107 105 101 105 109 100 97 89 105 119 106 101 92 93 84 51 39 21 22 29 34 41 46 46 56 60 73 66 51 25 11 
93 88 76 76 73 76 78 74 77 72 64 56 57 38 33 79 107 98 87 61 61 76 81 57 43 48 70 77 80 87 104 121 133 134 139 136 138 140 137 140 138 137 133 128 124 127 122 123 124 123 128 131 123 121 117 112 109 107 105 100 109 122 133 142 150 151 151 144 140 132 133 132 126 128 125 123 118 111 106 103 100 107 109 107 104 100 102 100 94 83 95 122 128 122 125 123 129 123 118 113 109 109 106 106 109 102 105 105 103 102 92 69 
92 83 74 72 68 57 71 76 67 68 72 66 52 49 49 74 108 101 92 64 46 75 69 47 51 59 76 84 98 118 128 135 134 137 138 138 139 137 138 135 140 136 139 134 132 126 126 125 129 130 133 135 128 120 112 111 108 97 90 90 100 108 127 142 153 156 156 148 146 139 137 135 136 132 129 125 120 115 108 103 103 99 103 103 105 104 106 102 99 100 86 87 107 129 125 128 124 124 124 115 115 113 114 111 107 112 110 106 108 104 104 100 
94 82 60 70 68 56 73 79 56 43 47 62 63 45 49 77 96 91 73 53 54 67 57 50 57 72 84 101 127 135 139 136 140 142 143 143 142 136 139 137 136 137 135 137 137 138 132 134 127 133 140 135 122 120 116 111 106 98 88 87 83 97 122 145 150 153 155 157 150 145 140 137 138 136 136 131 126 118 105 103 97 95 100 105 106 107 103 106 107 95 92 86 82 95 121 122 125 125 125 129 120 115 114 116 117 112 109 110 106 109 106 108 
93 82 58 50 58 69 68 87 67 56 55 56 51 60 51 68 92 80 64 52 54 52 46 57 72 82 108 131 142 144 144 147 143 143 148 143 142 140 138 137 142 142 140 140 140 136 137 134 132 138 141 141 123 123 118 110 98 89 86 79 77 93 123 150 148 151 158 161 157 149 145 140 143 143 137 136 127 122 119 111 105 97 92 100 107 108 108 107 107 106 97 92 88 82 91 110 119 126 124 126 125 119 117 116 114 115 114 110 107 105 106 104 
92 89 64 53 66 72 67 72 77 68 60 58 55 50 48 73 83 77 65 55 51 48 61 63 71 101 133 144 148 148 148 147 147 149 143 145 146 145 144 144 144 141 140 139 142 137 140 141 142 135 141 143 123 116 114 106 102 91 80 71 77 94 120 147 150 147 157 161 162 156 148 146 149 146 143 140 130 128 120 112 108 100 95 92 99 103 108 109 106 104 106 95 89 90 83 79 96 111 116 119 116 126 122 118 119 117 115 114 113 111 107 107 
95 76 66 83 79 85 73 65 89 100 79 59 53 49 50 61 83 70 64 55 53 57 61 69 100 126 143 147 146 147 150 152 153 152 151 144 145 145 143 143 142 142 141 142 140 141 140 139 147 148 138 130 130 115 108 100 93 81 62 63 77 84 119 149 138 144 160 159 160 160 158 153 149 152 146 139 132 126 128 119 108 104 93 96 97 101 102 107 110 107 104 103 100 93 89 88 79 82 94 106 111 108 117 117 114 117 118 120 120 117 112 110 
89 69 41 81 88 80 87 81 87 97 92 86 58 54 41 47 73 73 60 62 52 63 67 86 113 131 140 140 145 148 151 154 157 152 152 150 148 144 141 139 140 143 143 145 145 143 141 143 142 144 143 130 122 114 107 97 89 67 58 71 68 79 107 140 144 142 158 164 161 157 155 156 158 158 152 141 136 128 121 115 110 102 107 109 108 103 101 102 104 108 108 102 99 96 92 89 83 76 72 91 98 104 106 113 114 116 116 116 118 119 119 113 
81 65 59 65 85 68 88 95 105 82 63 74 75 53 52 52 57 63 63 56 53 57 74 99 120 129 133 143 149 147 155 154 157 152 148 147 147 144 139 140 140 138 144 144 145 146 150 146 146 139 138 132 117 110 99 94 79 61 69 71 55 76 89 123 138 132 150 163 168 162 156 160 157 157 152 150 140 130 121 114 114 113 112 115 119 109 103 97 97 102 104 111 106 100 96 90 87 84 75 64 79 97 99 105 112 114 112 118 121 118 120 121 
76 60 53 58 86 84 79 83 87 90 73 51 47 53 54 46 57 56 60 65 61 69 79 103 122 125 136 145 154 153 151 153 154 153 146 143 146 141 142 145 143 143 137 140 146 147 148 146 147 140 129 119 111 100 94 89 74 62 79 66 54 79 104 115 137 133 143 159 170 166 163 165 166 160 157 148 139 133 121 117 110 112 114 117 110 112 110 105 100 91 95 96 102 104 104 103 93 86 83 77 64 70 86 91 97 108 109 109 115 119 122 120 
64 64 72 72 91 99 89 90 83 75 73 67 54 40 42 51 46 50 55 57 61 59 84 104 125 131 145 152 146 150 155 157 154 156 153 149 145 146 141 140 144 144 147 144 143 149 152 151 148 142 129 116 101 97 90 82 68 71 70 79 80 81 107 117 136 134 145 157 165 166 165 169 168 162 155 145 140 130 123 122 115 112 110 107 99 97 107 116 114 104 94 91 89 95 104 102 98 91 88 84 73 67 73 85 94 99 109 105 104 116 119 123 
60 65 74 91 93 99 95 97 87 76 64 63 62 45 32 39 49 51 51 58 58 67 85 100 125 138 144 152 151 154 163 165 165 166 157 150 145 150 144 141 138 145 147 149 146 146 147 146 144 143 131 119 102 93 88 77 59 66 52 54 86 93 110 114 134 130 140 160 168 164 165 166 169 165 155 146 139 135 120 114 111 105 94 78 70 76 92 113 126 119 110 99 92 90 99 103 103 91 87 81 78 73 69 71 77 89 96 104 104 104 117 121 
46 53 68 96 94 77 88 94 93 89 75 60 66 76 66 39 40 45 52 57 60 68 80 101 123 140 152 156 161 162 162 168 162 165 167 158 152 144 144 144 141 136 146 146 147 148 144 146 144 141 130 115 90 88 86 72 73 54 38 41 58 94 122 118 133 129 141 163 173 171 168 171 170 163 157 149 139 129 124 116 105 97 81 69 78 93 104 113 129 131 120 104 96 93 92 98 101 107 99 92 87 76 61 59 69 75 79 98 101 105 109 120 
58 51 53 71 82 78 69 86 86 80 72 71 63 71 74 61 47 45 46 50 57 64 82 98 120 131 144 152 157 166 168 171 170 168 163 163 152 149 146 147 145 143 146 149 150 148 145 142 138 134 121 106 92 87 86 74 67 52 42 45 58 84 121 116 133 127 142 165 171 171 172 174 170 161 153 146 134 128 117 106 97 75 65 85 103 109 112 117 121 128 128 118 111 105 95 93 99 100 102 99 92 86 82 71 60 69 77 85 92 97 102 109 
67 80 82 70 72 60 50 50 74 68 56 52 51 60 51 47 48 46 49 51 60 66 77 98 116 134 147 157 161 169 174 171 172 175 169 161 164 154 150 148 148 147 152 157 156 150 149 145 138 131 118 103 85 78 83 64 66 47 33 30 58 79 125 125 138 130 143 170 175 171 170 169 167 160 151 142 134 125 106 95 85 81 90 117 118 114 106 108 124 126 120 126 120 108 105 101 100 95 96 95 91 89 79 73 66 66 69 74 87 93 96 103 
59 70 93 95 76 62 46 40 33 50 55 45 43 39 44 40 42 42 46 55 57 72 81 99 119 134 144 160 165 171 178 177 180 178 168 168 166 159 155 147 148 153 156 154 156 152 150 142 138 131 110 98 82 77 79 65 64 46 40 36 62 86 123 119 134 127 148 173 176 174 174 169 165 158 145 131 125 115 102 95 79 87 113 125 120 109 93 102 118 126 128 125 124 117 107 102 107 100 105 101 97 91 87 83 75 61 63 72 75 83 90 96 
60 57 59 78 73 59 51 46 44 34 42 38 35 39 45 46 36 38 40 44 61 67 79 106 124 137 153 163 171 177 182 177 182 180 176 171 167 157 158 151 152 154 157 160 159 158 152 136 134 125 110 99 83 78 75 57 58 41 37 37 60 98 118 125 133 125 144 172 173 177 173 168 165 155 141 129 116 104 92 83 84 110 129 135 117 99 81 93 120 132 133 131 126 117 114 109 107 107 104 104 101 98 95 82 80 72 62 62 68 71 83 89 
54 62 60 57 57 52 44 39 32 37 37 37 34 37 42 44 38 42 39 48 55 70 88 107 124 140 156 167 177 178 182 182 185 178 172 171 166 155 153 153 152 156 150 156 165 157 157 148 133 128 111 90 76 78 80 58 61 56 52 70 96 108 116 121 130 132 160 174 174 172 174 169 161 150 134 117 97 87 81 86 103 133 139 129 107 86 62 83 122 138 140 139 128 127 120 116 115 113 110 111 105 102 87 91 85 76 64 58 63 67 70 75 
50 50 71 83 73 61 51 42 32 27 29 29 29 32 36 35 46 44 43 44 55 69 85 108 130 141 156 166 178 176 182 182 181 179 173 172 165 161 154 154 156 162 156 156 159 155 155 147 139 126 114 96 79 77 76 57 65 72 90 104 107 108 108 122 128 138 164 177 179 175 173 172 160 145 121 102 91 86 94 113 129 143 145 129 106 83 59 82 121 142 136 133 132 128 126 120 116 114 116 111 107 106 96 89 79 78 75 67 65 64 65 71 
43 51 69 105 104 78 59 53 33 33 29 34 33 31 35 37 38 50 43 45 55 71 89 108 128 145 158 161 165 172 177 180 181 175 172 171 165 157 157 152 155 155 158 159 166 161 151 147 138 125 111 94 79 78 71 62 61 67 78 88 87 93 103 122 129 138 169 175 174 175 172 169 156 132 106 83 79 89 109 130 138 137 138 125 100 85 56 78 131 137 142 141 134 130 127 127 125 122 118 110 110 113 105 93 84 86 75 63 58 62 63 66 
51 47 58 70 84 75 56 51 65 56 53 42 34 39 44 43 42 42 57 54 52 72 91 116 132 140 149 155 161 167 173 177 176 172 168 168 167 161 152 150 152 157 162 161 159 160 155 146 136 126 110 98 84 73 77 68 56 61 62 66 67 83 104 118 127 157 170 170 172 169 173 157 138 112 96 90 104 121 133 136 142 137 130 124 104 85 62 65 130 140 136 131 127 122 124 118 120 124 122 121 115 108 107 107 91 82 84 73 66 66 62 66 
62 59 62 73 61 69 71 81 82 67 51 38 42 41 46 43 44 48 53 56 68 84 108 129 142 140 145 149 157 167 175 178 173 171 169 165 165 159 156 151 154 151 158 159 159 158 159 149 141 127 113 99 89 80 77 71 61 64 60 56 64 84 106 114 138 161 168 168 167 170 166 149 125 110 97 97 116 129 131 138 137 134 127 115 104 99 80 63 117 141 131 128 130 131 125 130 129 125 127 122 120 116 107 100 96 89 83 77 62 62 64 65 
92 80 76 65 58 51 61 88 87 71 55 47 37 39 40 38 43 50 56 62 61 84 113 131 141 145 151 158 167 169 179 176 177 174 170 169 161 160 161 159 156 153 156 156 160 158 150 144 136 131 120 104 92 82 69 70 71 66 69 52 71 89 101 118 139 162 162 157 163 165 159 139 116 110 104 100 129 131 132 137 137 134 127 114 112 110 89 54 95 130 130 130 124 121 128 129 132 132 132 128 124 116 112 104 96 92 88 84 65 57 67 73 
104 97 105 87 59 64 86 108 97 63 49 51 43 38 35 36 34 40 51 60 69 98 114 129 139 145 161 170 172 170 175 173 172 173 167 167 164 162 153 152 153 156 153 156 154 154 151 140 137 131 125 112 92 83 83 75 72 67 73 78 75 98 104 126 150 155 154 160 158 159 150 132 127 129 126 116 110 130 143 141 140 127 120 115 105 113 93 60 81 119 124 124 122 124 124 124 129 132 136 131 126 125 118 111 96 85 82 84 78 62 63 67 
93 95 89 91 74 63 80 93 85 65 63 57 38 33 35 38 41 41 55 65 79 99 113 126 143 150 166 172 175 172 171 174 175 173 170 164 160 162 156 151 146 152 151 152 154 155 148 144 136 129 125 115 101 85 77 72 72 71 75 77 83 92 107 132 145 153 152 149 152 150 141 130 136 140 136 126 107 95 110 132 135 127 118 113 113 118 99 60 80 113 119 116 117 114 117 118 125 134 133 132 124 121 118 112 107 92 87 82 81 64 60 71 
77 81 79 65 76 76 65 54 52 44 66 55 39 36 36 41 40 51 47 65 72 91 110 125 133 146 160 170 173 172 170 171 171 167 167 164 159 156 152 154 151 151 152 155 153 149 149 146 140 137 128 120 106 97 86 77 72 65 69 84 91 95 112 137 150 148 144 149 145 146 142 145 147 148 141 129 105 83 72 94 120 123 118 113 117 121 95 65 77 106 110 112 109 112 108 117 118 128 136 134 133 123 116 110 102 98 92 87 77 61 59 71 
69 62 51 55 70 61 48 40 34 34 59 59 44 36 35 35 34 40 54 64 68 79 96 114 126 142 156 167 169 171 171 170 168 167 166 165 160 159 159 151 151 155 155 150 152 151 154 148 141 136 128 118 110 100 87 75 72 68 67 70 88 105 127 145 149 145 144 138 140 142 138 146 149 147 144 131 102 70 53 69 96 119 125 116 115 118 90 65 84 110 103 107 101 105 110 114 116 122 134 144 138 126 112 113 106 95 92 88 85 70 60 61 
84 69 48 50 54 63 39 22 41 44 76 68 50 46 33 31 34 38 42 48 56 73 84 99 116 139 155 166 168 165 167 166 165 161 162 166 157 157 154 156 152 153 154 151 146 151 146 146 138 127 119 117 118 111 97 91 83 74 77 86 110 121 138 143 140 138 135 137 136 136 133 136 139 139 139 126 97 55 50 64 78 104 114 112 121 126 85 59 79 116 105 106 101 97 98 105 114 120 128 150 146 133 123 117 103 94 86 85 84 76 52 57 
87 67 51 42 42 51 51 52 50 72 84 70 44 32 32 28 35 31 42 48 42 54 67 78 103 131 158 165 163 164 162 165 167 159 161 158 157 153 153 153 152 152 149 148 149 149 142 138 140 128 116 113 114 123 118 114 109 110 102 108 119 125 132 134 135 131 131 135 138 136 136 134 132 132 127 116 84 51 53 61 77 89 106 110 117 128 87 67 86 126 108 102 100 94 95 106 107 110 132 145 148 136 121 116 103 96 93 90 84 78 66 66 
86 75 65 58 73 79 85 84 78 86 93 70 51 42 38 32 32 37 37 40 47 52 57 78 93 110 139 153 160 162 162 159 163 162 161 161 157 159 158 147 150 151 149 146 147 146 147 147 140 134 120 112 116 124 135 135 138 134 134 126 129 128 126 130 131 130 130 139 140 148 143 139 137 132 123 104 80 52 61 66 70 88 95 107 126 133 88 67 93 136 111 101 100 92 94 99 104 111 134 148 144 137 124 118 106 92 88 87 86 75 59 58 
77 73 59 60 67 88 93 89 91 95 82 70 69 48 48 23 24 32 34 36 42 55 60 73 90 107 124 135 145 153 159 162 163 160 161 157 153 150 153 146 149 148 150 147 144 142 139 141 137 130 125 125 128 129 137 144 150 150 144 148 144 136 132 127 126 131 138 138 145 148 151 145 136 134 121 95 77 47 61 68 77 82 93 108 128 143 90 63 88 138 122 103 99 87 87 94 98 105 134 150 148 137 126 108 98 90 92 91 85 77 56 61 
77 73 61 60 51 58 78 107 107 104 88 73 76 60 34 42 36 30 31 34 40 50 53 64 76 98 118 133 140 145 156 160 162 158 163 161 151 148 151 146 149 150 151 145 141 142 142 139 137 137 128 128 132 139 142 150 164 164 163 165 167 162 151 144 139 140 139 147 152 155 156 155 147 135 122 100 76 51 59 69 71 74 84 94 119 136 99 66 84 124 119 102 90 85 77 89 96 107 133 145 144 133 123 110 100 90 86 88 88 76 61 58 
80 94 71 63 72 73 73 79 74 68 86 76 79 78 57 35 28 35 37 41 42 52 56 59 72 88 113 129 139 143 149 157 163 159 157 155 153 155 154 148 148 146 144 145 142 141 143 146 146 142 133 132 137 147 153 158 166 171 177 175 178 176 172 163 157 152 147 151 159 162 166 168 156 145 131 105 84 65 56 69 72 77 82 95 120 139 102 65 83 123 120 106 97 83 84 85 89 103 130 146 141 123 118 109 99 91 87 87 84 71 55 62 
67 87 96 88 73 67 61 49 38 33 70 72 61 87 86 66 41 36 37 40 50 48 52 60 69 85 106 117 132 145 148 151 161 159 159 161 152 152 152 150 151 148 144 146 144 147 145 147 143 136 133 128 136 140 150 159 167 169 180 185 180 173 182 181 178 166 162 159 163 170 179 177 173 157 136 111 90 80 67 68 75 77 78 86 104 133 101 62 72 117 117 105 93 83 78 87 90 102 128 141 137 127 116 107 97 86 89 86 84 75 56 61 
52 76 79 95 98 86 64 37 24 26 52 81 77 62 83 81 75 49 44 41 47 46 47 57 77 91 104 116 130 141 150 151 150 152 157 156 154 154 154 149 150 148 143 143 142 138 144 147 141 134 124 119 115 128 138 152 157 165 168 176 175 169 172 178 179 174 169 168 173 174 180 179 172 162 149 124 101 88 86 82 73 70 74 87 95 114 104 66 62 103 113 104 94 81 80 82 87 101 133 136 130 130 118 104 100 97 91 90 88 71 59 68 
58 52 70 82 86 85 80 71 49 29 34 69 76 79 82 84 64 66 47 46 37 46 53 55 74 91 107 123 127 140 149 152 151 151 156 155 153 152 150 150 153 147 145 144 151 148 148 144 140 135 131 117 113 116 119 133 147 161 169 171 166 165 170 172 176 177 170 171 171 174 177 171 166 157 149 133 110 92 83 77 69 78 85 89 104 115 95 62 66 105 114 104 93 83 81 77 85 104 126 136 128 125 115 102 93 91 89 86 85 68 57 74 
59 67 70 78 79 64 62 62 59 46 36 65 68 65 78 87 65 46 52 48 44 43 53 65 76 92 106 112 124 134 144 143 149 147 151 159 155 155 155 147 148 150 151 142 146 148 147 145 145 137 127 119 110 102 102 108 114 127 148 169 166 163 174 168 169 169 167 169 172 170 172 171 166 155 149 132 114 95 86 83 83 77 84 85 101 107 88 60 66 109 112 105 90 81 79 81 87 104 129 132 129 124 117 107 94 84 87 90 79 70 74 84 
65 87 76 50 55 55 43 34 38 37 36 59 85 63 54 72 81 53 41 47 49 43 49 61 72 90 102 113 122 127 137 144 144 148 150 155 155 150 152 154 148 153 151 147 150 147 144 142 137 136 127 119 109 95 90 88 87 90 102 132 153 157 153 159 154 153 162 161 165 170 170 172 166 160 142 125 111 100 94 86 78 82 85 94 96 102 78 55 76 109 109 101 92 81 74 84 87 104 125 134 133 121 115 108 94 91 89 86 84 65 81 93 
64 82 95 62 50 53 45 39 33 37 31 32 82 62 45 44 69 79 49 44 44 55 59 68 77 93 98 110 118 126 132 140 144 144 144 150 149 147 150 156 156 152 153 150 144 141 140 136 133 130 122 112 97 89 79 79 78 80 89 90 112 121 120 119 122 126 133 144 155 166 167 168 169 159 141 120 105 94 83 83 82 83 88 94 104 98 73 59 72 102 106 96 95 85 86 82 91 110 125 132 129 125 113 102 92 92 88 86 79 79 94 97 
57 76 95 90 64 53 48 43 31 27 27 31 57 67 40 33 37 61 65 54 49 41 52 68 76 89 102 109 114 121 123 132 138 138 144 148 147 145 144 149 155 152 148 148 143 134 138 136 134 128 116 108 95 83 75 72 82 91 104 105 97 93 99 99 96 103 112 129 148 149 156 150 155 148 130 115 93 75 67 84 90 93 92 98 101 97 67 60 78 102 99 98 88 85 82 87 87 107 129 134 135 126 115 99 96 85 90 85 86 89 94 95 
74 54 69 87 80 64 49 46 40 33 33 29 45 67 46 37 30 27 53 56 46 55 59 66 88 98 102 109 120 124 124 120 134 138 139 146 146 148 152 148 149 154 158 152 144 144 141 135 130 122 112 98 86 78 76 75 69 87 92 99 105 112 119 120 118 114 110 112 123 137 136 134 134 128 115 98 80 54 55 81 94 96 96 99 102 96 74 65 89 101 91 91 92 92 92 90 93 110 131 140 135 125 108 103 93 94 92 88 87 92 100 102 
69 52 51 75 88 63 45 46 44 40 32 33 40 62 65 30 30 27 31 46 54 52 59 73 91 90 104 108 115 123 124 127 132 139 135 140 146 142 141 147 150 155 156 158 154 149 145 136 127 114 104 93 81 76 70 68 66 67 64 84 106 107 118 131 129 120 119 117 113 122 126 120 121 115 108 93 75 50 61 85 94 92 97 100 106 102 73 64 88 93 89 93 93 92 95 92 99 113 128 134 131 118 102 100 95 94 92 89 94 96 98 94 
53 43 35 41 60 83 64 32 35 34 35 23 24 46 65 58 37 40 31 31 41 53 64 72 85 101 112 112 113 120 124 123 133 136 133 137 140 143 145 146 149 147 153 157 155 147 135 128 117 106 91 87 75 67 67 55 55 49 62 67 93 98 110 130 132 134 134 134 132 116 120 131 119 109 103 100 79 67 85 97 104 97 96 99 105 99 68 70 88 86 87 94 96 94 95 97 98 115 125 130 121 116 104 100 96 95 97 93 91 94 99 103 
58 46 32 36 57 76 93 71 34 28 28 35 37 42 41 56 39 30 35 32 36 51 62 74 87 100 109 113 115 119 124 128 132 135 136 141 139 141 144 144 148 150 150 153 149 145 137 126 113 99 91 77 77 73 56 55 66 74 70 70 82 92 100 125 143 149 151 152 149 133 116 118 136 127 117 101 86 82 103 103 102 99 97 101 106 100 73 86 93 92 94 100 97 101 100 103 103 114 122 123 119 108 103 101 97 98 94 92 91 95 95 95 
71 60 38 32 34 61 74 97 77 49 40 47 42 34 40 43 40 40 38 36 43 46 62 81 89 97 110 118 122 122 120 125 129 134 137 140 138 135 138 147 156 156 155 153 152 144 137 127 107 94 84 82 74 66 54 61 69 80 95 81 87 94 100 119 144 153 155 160 160 149 129 113 114 129 126 110 98 99 105 107 106 102 102 98 103 103 77 87 88 89 103 103 104 104 109 108 110 110 117 124 108 103 103 102 96 94 93 93 94 96 94 94 
66 63 59 47 40 39 51 48 68 77 63 44 44 38 29 30 41 39 35 40 42 53 63 71 84 93 106 115 120 121 124 125 130 129 130 131 133 135 140 143 152 151 156 153 148 145 136 124 105 89 76 69 67 63 53 62 47 57 70 88 96 100 102 111 133 159 161 163 162 156 138 129 116 101 96 104 103 98 103 107 106 102 102 107 104 96 73 89 97 106 107 107 106 109 106 111 111 113 107 102 109 101 104 101 99 98 88 86 96 96 93 93 
81 60 51 44 56 51 52 51 46 53 67 65 56 45 42 43 36 36 37 38 45 60 63 67 83 88 101 108 118 125 127 129 129 127 126 131 132 131 133 137 145 145 149 155 154 146 136 118 107 90 79 77 76 66 57 52 43 42 50 70 94 98 113 113 127 158 164 163 164 162 154 134 117 109 103 104 113 110 105 107 111 105 106 102 104 88 77 95 107 109 110 106 108 107 112 111 110 109 109 107 104 106 102 98 102 91 87 95 94 93 89 91 
88 63 68 58 86 84 58 45 52 45 38 56 65 59 47 42 34 39 39 43 48 58 73 69 78 90 98 104 117 125 125 132 135 134 126 130 132 133 133 137 143 149 152 153 151 144 136 129 107 98 85 79 81 69 70 54 45 32 48 60 99 96 107 109 117 154 166 166 161 164 156 142 130 111 111 113 120 126 120 116 109 109 102 100 90 67 86 108 114 111 108 111 115 116 111 111 105 110 105 104 105 102 101 97 90 94 95 96 92 91 97 97 
66 61 82 91 96 92 66 43 45 48 39 41 52 54 46 38 42 39 40 44 55 60 71 77 76 84 90 95 109 121 127 125 127 129 129 129 136 134 133 135 143 143 144 142 145 139 131 122 110 91 79 75 80 77 67 47 35 22 38 57 94 100 113 109 117 142 156 160 164 162 161 151 135 127 109 105 114 122 133 127 121 113 105 90 69 78 104 114 111 111 111 110 109 106 106 109 112 107 110 106 106 102 97 97 91 88 94 91 93 93 97 100 
80 69 80 102 89 90 76 63 70 65 47 41 37 38 38 35 45 43 48 46 57 68 69 71 73 78 90 99 108 117 123 126 130 131 128 127 128 130 130 129 138 143 144 144 142 143 132 123 110 90 77 77 80 77 73 63 48 39 48 63 95 97 114 108 113 141 160 165 166 162 159 155 140 126 119 103 97 112 127 132 124 117 104 82 66 98 111 109 109 111 113 112 110 111 109 107 107 111 108 101 103 100 96 91 97 99 93 94 93 95 96 95 
91 81 75 93 85 85 94 94 88 89 69 46 41 52 43 36 44 52 53 60 64 70 71 72 73 82 88 95 111 112 115 115 121 122 122 125 128 133 131 126 134 136 137 147 144 141 136 122 112 97 87 84 95 82 71 59 41 37 50 80 103 103 112 107 114 136 157 162 164 163 163 150 142 132 122 112 99 90 116 130 124 115 102 78 79 103 106 108 110 110 108 109 109 108 105 104 102 104 107 101 96 95 95 96 99 94 95 94 93 93 97 98 
85 78 78 86 82 85 96 107 106 100 65 50 54 57 51 43 58 56 67 69 65 83 75 74 72 80 84 93 101 115 116 121 119 121 125 130 130 129 132 132 134 135 141 142 141 140 138 126 112 106 93 87 90 88 74 68 68 71 80 90 99 100 112 106 114 136 156 163 166 163 159 157 145 139 130 118 104 88 91 122 122 107 105 90 86 99 103 103 106 115 109 103 104 106 107 108 103 102 105 105 102 99 99 98 98 99 100 98 100 103 96 93 
89 74 67 77 88 85 98 103 101 104 69 63 71 67 50 50 79 70 76 80 77 89 76 79 68 70 81 81 95 105 114 120 121 119 127 126 129 131 130 129 133 136 140 139 140 145 142 123 114 103 95 92 90 89 72 80 74 95 98 89 98 104 111 110 121 134 153 161 161 162 156 150 145 139 135 120 110 94 75 86 116 108 100 88 88 97 106 103 105 105 108 106 104 100 104 109 106 104 101 97 102 100 95 95 88 94 93 96 98 99 96 69 
80 75 65 76 89 72 84 88 81 93 78 84 86 70 69 73 84 71 77 83 85 94 90 80 73 71 68 81 88 102 108 112 115 121 126 125 121 124 126 132 133 132 134 130 133 131 135 126 115 109 101 96 96 90 72 81 66 74 80 90 95 110 107 114 121 138 151 159 161 162 160 154 148 140 133 126 116 108 91 65 84 112 106 100 93 97 100 102 107 104 109 106 104 106 104 102 101 103 99 98 107 103 100 97 90 95 98 94 96 85 56 30 
83 81 61 70 70 69 73 72 86 81 87 97 90 77 68 69 73 67 82 85 85 93 91 84 75 74 77 79 91 98 99 111 115 118 117 119 114 123 126 130 127 126 127 124 126 127 123 128 119 108 107 105 105 103 86 68 79 49 69 90 97 105 111 117 127 141 146 153 161 158 155 152 144 139 133 124 118 109 97 85 56 74 97 92 89 89 101 106 112 108 103 106 108 104 103 103 99 102 107 106 108 107 106 106 105 105 104 92 68 34 14 16 
75 74 68 71 56 63 67 59 75 74 76 86 79 69 68 69 59 69 80 93 93 90 88 88 78 73 71 79 82 87 102 109 112 114 120 119 120 122 124 127 125 128 127 128 125 126 126 126 120 110 108 103 100 104 91 66 80 72 65 90 107 108 115 127 130 146 151 156 157 161 154 149 150 135 132 126 119 109 104 93 82 61 53 71 86 103 116 118 110 106 101 107 103 99 103 100 103 105 111 109 109 111 104 106 107 102 83 40 17 13 26 20 
60 65 56 63 56 58 59 66 70 67 63 69 64 60 53 73 70 62 74 86 89 85 79 76 80 75 76 76 83 88 94 109 112 114 119 123 121 123 130 126 130 126 125 124 120 119 126 129 125 120 108 108 106 98 98 86 56 76 78 92 108 118 117 122 137 144 146 146 152 151 153 150 141 135 125 118 111 110 109 109 100 95 96 106 114 114 113 107 108 106 110 100 107 106 100 109 115 121 118 119 123 114 113 96 72 43 15 13 23 26 28 30 
70 66 65 64 60 48 52 62 66 63 60 63 63 52 69 65 59 56 70 81 81 91 83 71 83 75 73 74 82 96 103 105 110 110 111 118 119 118 117 121 118 119 116 117 119 118 123 132 130 123 113 106 109 103 91 91 87 73 86 87 106 114 123 123 132 145 148 151 151 147 148 143 143 134 130 118 114 113 111 111 110 108 105 105 109 109 107 103 107 109 102 110 108 111 113 105 112 116 114 108 91 74 49 32 13 10 21 24 27 27 29 30 
82 74 73 64 53 56 45 59 73 63 65 59 61 60 54 55 54 51 68 78 88 86 75 68 78 78 71 73 71 89 102 106 103 109 104 104 105 109 114 111 113 112 112 111 110 113 113 119 121 121 116 109 101 107 99 95 97 95 92 97 103 115 120 130 137 143 145 147 148 152 148 147 143 134 127 117 106 106 108 109 109 115 110 105 103 103 103 108 106 105 107 106 100 71 62 61 29 27 26 23 18 10 9 12 20 21 21 27 35 28 15 10 
84 79 74 65 48 49 53 51 65 58 62 60 52 68 60 51 56 62 75 80 84 80 73 71 75 70 67 67 67 67 81 95 102 101 106 105 105 106 101 105 104 107 105 107 108 105 105 104 107 112 112 110 105 94 96 95 101 99 103 107 112 115 124 128 130 134 137 140 143 145 143 140 131 127 123 115 110 103 101 103 107 104 106 109 112 110 105 103 106 110 103 87 57 50 44 66 102 50 25 8 4 12 15 17 25 24 21 22 15 20 43 54 
90 80 71 75 60 47 52 55 62 53 61 56 62 58 61 65 69 67 70 75 75 72 68 73 83 73 67 68 65 61 71 90 97 102 109 109 109 102 108 106 106 107 108 110 107 109 108 108 105 106 112 108 108 105 100 102 104 106 110 113 117 121 125 127 127 130 134 137 136 134 136 132 125 121 116 110 106 107 104 102 104 105 109 104 107 106 109 111 109 99 75 51 44 43 51 59 110 128 109 69 48 32 28 24 19 25 25 25 32 67 99 118 
92 86 67 62 77 63 62 58 61 57 51 57 57 58 67 66 58 62 70 72 70 73 62 66 74 73 64 69 69 59 68 71 87 98 104 107 103 104 102 100 104 104 102 102 105 106 106 104 107 105 101 102 98 104 109 111 108 110 110 113 120 124 127 129 128 129 127 133 133 131 129 128 121 112 108 110 107 106 103 104 108 105 105 105 112 110 112 100 87 59 44 37 44 55 47 48 74 118 124 114 106 88 80 63 64 66 75 87 101 123 128 136 
88 94 78 62 67 72 62 65 50 51 55 53 51 68 73 61 57 57 71 66 68 70 53 58 74 68 65 64 77 62 58 72 70 71 91 94 101 100 102 108 104 104 104 102 100 98 100 98 100 101 100 103 105 102 103 109 106 104 111 116 112 116 115 122 123 124 125 122 118 119 120 116 115 112 111 110 109 109 111 113 111 113 115 110 104 96 71 54 34 40 50 54 52 48 51 55 50 103 116 118 120 123 118 122 118 124 124 131 139 140 141 133 
90 86 87 59 65 77 72 67 54 54 58 57 47 58 67 55 53 70 72 72 76 70 67 65 71 68 61 53 60 69 46 48 66 65 69 88 91 96 97 96 101 105 107 105 101 101 104 103 101 103 104 105 107 106 108 105 108 110 108 108 106 109 107 106 111 110 108 111 109 110 104 102 104 104 108 114 110 111 111 106 106 95 87 72 62 52 37 44 49 51 46 53 48 52 48 49 51 72 118 123 125 123 128 122 131 136 135 135 146 144 147 134 
92 89 88 87 78 74 76 75 72 61 62 68 50 46 61 69 74 71 68 68 67 66 70 76 73 65 68 55 55 66 71 45 45 46 52 65 77 85 86 84 84 86 92 97 104 106 101 103 103 105 108 109 110 114 109 109 110 110 110 108 103 103 106 103 96 95 95 100 103 102 104 102 92 83 62 52 61 49 52 52 48 38 40 42 46 43 49 48 54 47 55 53 48 47 51 49 48 64 110 127 128 126 136 134 128 140 138 140 138 152 145 143 
88 92 90 90 80 82 75 74 79 57 65 70 73 62 74 80 79 76 75 73 74 64 74 84 76 70 61 56 47 52 58 51 39 42 41 51 59 61 64 65 64 66 69 78 82 83 89 86 88 85 83 85 84 85 92 99 97 93 86 94 91 93 86 90 104 103 107 113 113 105 101 97 96 76 47 47 47 49 39 44 48 47 49 51 45 53 49 49 50 51 45 44 52 51 48 53 51 48 74 126 126 130 129 139 132 138 141 144 130 132 144 141 
93 93 87 88 86 85 72 75 81 65 67 76 87 88 81 85 89 89 81 76 72 72 77 78 79 70 59 53 47 47 57 45 38 38 36 38 53 56 51 60 52 52 49 46 61 61 63 63 62 51 52 49 64 73 81 87 91 78 69 59 68 73 71 76 97 109 110 107 107 110 100 105 97 71 54 52 48 51 55 53 47 54 49 50 52 50 49 53 48 53 52 50 47 49 48 50 53 51 61 113 120 128 128 133 138 133 139 144 142 134 139 153 
91 89 93 92 94 87 88 75 84 87 72 83 91 80 89 86 79 78 77 73 70 76 72 67 63 64 69 60 49 30 45 55 33 33 34 37 32 39 42 36 43 49 46 46 43 50 50 41 40 46 52 64 78 98 114 111 95 80 74 74 76 76 89 101 98 102 108 116 113 106 115 97 83 55 54 53 58 50 49 50 57 56 55 50 52 51 50 51 52 52 53 54 55 51 51 54 49 50 48 81 133 124 132 131 139 137 130 141 141 144 133 140 
92 92 90 89 90 88 91 93 80 86 85 71 77 77 73 72 78 78 71 72 76 78 80 74 73 69 66 51 46 40 34 58 52 42 41 28 26 30 46 51 46 42 48 51 53 45 50 58 77 84 94 90 72 70 85 91 100 102 99 96 99 111 112 108 104 99 99 94 102 106 88 77 56 48 53 47 51 50 50 55 52 49 49 54 50 51 52 49 51 52 48 47 47 49 50 50 55 53 53 57 99 134 136 133 132 142 140 136 148 145 144 131 
92 90 91 89 87 88 88 87 94 82 90 79 66 72 75 93 84 73 75 73 66 80 73 78 74 77 66 59 45 40 42 47 54 54 69 71 63 55 66 66 65 66 53 55 54 57 49 74 106 112 102 79 71 65 64 80 81 94 104 97 98 88 84 75 63 65 50 43 48 47 47 41 45 57 56 53 50 56 54 52 53 52 48 49 55 50 52 53 56 50 52 52 52 55 51 50 50 50 50 48 59 109 130 140 134 136 144 136 132 144 145 140 
87 89 87 89 89 92 91 97 94 96 92 94 80 76 79 78 73 67 71 78 87 81 80 74 81 82 83 72 72 57 60 53 55 72 78 79 78 79 71 67 62 60 66 62 58 54 56 61 100 97 77 73 75 82 85 75 82 68 54 52 40 41 35 35 45 38 48 51 47 48 51 57 53 49 51 52 55 50 48 51 51 52 56 54 48 53 52 48 52 52 53 49 48 48 49 48 51 48 49 49 53 81 110 122 132 132 137 138 132 122 126 131 
92 88 90 90 91 93 91 90 89 87 87 89 84 72 68 61 69 72 83 91 89 80 76 80 81 76 77 77 84 85 77 76 59 65 80 82 77 76 73 69 71 66 63 60 56 57 55 53 64 72 64 52 48 48 40 42 37 41 46 46 51 51 52 53 51 50 54 52 51 54 49 48 51 53 54 50 53 51 54 54 50 50 49 53 53 53 54 52 50 50 49 54 51 49 54 51 49 51 51 46 55 92 119 118 122 129 125 121 127 120 126 131 
