10 56 55 57 55 54 50 54 52 54 61 56 57 55 61 62 58 62 58 58 58 55 55 57 54 56 56 60 56 56 58 58 58 48 40 39 40 35 38 36 39 63 69 36 22 16 10 6 26 61 96 111 106 92 93 101 91 88 94 104 119 94 58 70 89 98 92 92 99 90 63 37 36 42 36 39 32 30 34 32 35 29 30 31 33 30 35 29 35 37 35 39 34 30 34 33 35 32 34 36 31 35 35 33 63 104 136 112 101 83 78 124 
54 54 58 63 59 60 57 56 61 53 55 59 63 60 61 63 58 63 65 67 58 42 36 37 31 46 35 36 37 37 35 34 28 35 33 28 29 27 21 30 29 38 36 32 33 46 42 41 44 44 54 54 49 45 35 34 27 36 26 28 37 51 46 41 38 37 42 56 65 95 99 105 108 119 74 46 47 52 49 55 56 58 52 49 49 57 48 50 49 51 45 45 51 45 46 46 49 50 47 48 47 45 50 46 95 194 128 209 151 128 99 106 
55 57 60 55 61 59 64 60 56 65 64 61 57 58 59 59 64 62 56 43 35 37 39 35 44 33 38 30 39 35 37 32 31 35 39 41 37 31 33 26 24 20 26 23 19 16 23 20 18 27 32 41 51 83 97 96 106 91 91 82 59 46 45 58 69 77 84 86 86 91 92 90 104 109 91 52 38 32 34 29 35 40 43 56 52 47 54 51 53 49 54 51 46 45 49 43 44 40 48 41 45 41 42 46 102 211 135 206 137 169 223 227 
60 59 57 53 52 61 58 59 61 57 60 60 63 61 60 65 57 48 40 38 34 36 30 46 41 42 39 45 44 47 60 63 65 65 59 68 77 84 82 87 85 79 74 71 68 72 76 70 72 72 72 73 72 73 71 72 74 81 88 89 95 97 95 89 88 86 80 80 81 84 80 81 86 83 89 92 93 90 92 82 69 55 50 38 35 45 45 51 45 48 48 48 46 48 46 50 42 44 45 48 45 46 50 48 112 199 119 210 155 153 209 217 
59 60 59 60 58 56 59 62 61 67 64 58 60 64 63 56 44 42 42 42 34 29 36 34 32 44 55 68 72 75 78 90 87 83 95 101 94 94 97 97 89 93 99 105 102 105 103 105 100 97 99 99 98 91 95 97 99 101 99 104 102 104 103 104 103 106 105 104 100 96 93 93 91 88 88 90 94 99 101 103 102 102 102 91 79 53 40 30 37 44 48 45 46 44 48 49 51 48 46 48 48 46 46 47 118 164 80 173 180 125 189 198 
52 55 55 53 58 62 62 64 56 53 56 61 65 56 51 42 33 32 35 41 35 38 44 57 64 62 67 81 86 90 91 93 96 99 103 100 98 97 92 90 105 101 87 79 76 88 94 98 104 111 108 112 109 116 114 109 110 111 105 108 110 116 115 119 121 120 120 117 116 110 106 103 100 103 101 102 102 92 94 105 107 104 109 106 102 98 94 82 56 41 33 43 51 51 48 47 47 47 46 41 43 47 50 49 124 138 69 117 169 99 139 194 
63 57 58 61 61 55 56 52 63 62 67 66 52 44 37 36 37 38 33 30 46 55 72 78 77 82 88 90 103 101 99 112 111 112 105 106 104 104 105 111 84 71 71 77 85 92 103 102 108 110 116 117 116 111 117 118 120 113 117 114 120 123 127 129 127 124 129 124 120 122 117 106 104 97 101 99 102 109 113 102 95 106 108 108 108 108 103 102 96 93 80 50 36 41 50 50 48 52 52 52 55 50 35 49 96 135 82 154 135 116 86 186 
53 54 57 53 59 63 58 63 59 62 56 47 43 42 33 38 34 30 36 50 70 84 88 85 88 94 99 106 100 108 109 116 115 112 107 112 114 115 104 81 86 73 96 107 109 106 102 97 103 105 106 111 120 122 113 114 112 120 117 124 122 123 132 132 131 128 126 127 126 120 113 115 104 101 94 95 100 100 99 103 97 96 106 111 112 109 106 104 103 97 94 91 81 58 42 41 47 44 47 50 46 45 51 46 88 127 79 119 163 134 85 80 
56 59 54 58 59 59 60 58 57 50 42 34 32 30 34 29 25 43 67 76 82 86 88 93 95 99 102 101 113 115 119 115 111 114 117 116 117 108 91 81 97 103 105 107 114 115 108 108 105 105 97 88 96 103 113 121 127 126 130 128 130 132 130 132 128 126 125 127 127 136 131 119 104 92 90 89 94 95 98 103 106 105 101 97 100 103 105 103 103 105 99 99 98 92 84 58 39 45 52 49 48 50 53 58 113 176 105 90 125 114 54 35 
60 55 59 56 58 60 58 54 55 41 36 34 39 35 35 47 68 77 81 82 86 86 89 90 96 103 108 112 115 115 116 116 119 116 117 119 108 89 75 90 107 111 118 117 116 118 119 115 114 107 102 91 91 108 116 124 126 131 131 133 133 135 136 132 131 130 133 139 139 137 136 126 114 102 93 92 89 94 95 99 98 97 102 101 99 114 108 107 105 104 100 99 100 96 94 95 84 50 36 42 49 43 25 24 66 195 148 87 106 116 89 76 
52 57 59 60 55 56 57 57 44 40 41 43 34 37 44 67 74 77 80 87 89 96 98 103 106 110 109 110 119 119 118 114 116 116 120 103 92 87 87 89 116 123 126 130 133 132 129 125 94 79 97 84 101 113 107 112 126 127 131 134 137 136 133 129 130 136 142 145 148 142 130 129 119 111 100 91 91 95 95 101 98 98 98 104 109 100 97 105 100 99 100 100 95 96 96 95 96 98 72 35 18 31 67 91 95 125 142 138 134 145 153 164 
61 57 60 62 58 60 55 42 40 35 37 41 41 42 60 63 75 84 88 84 93 94 95 105 109 115 115 120 119 119 122 125 120 123 120 110 100 90 96 104 114 125 127 133 129 133 126 88 56 96 94 59 74 101 89 108 118 129 135 132 134 132 132 130 134 137 143 153 148 150 153 135 125 114 105 96 88 88 92 94 102 103 100 98 99 102 100 100 102 106 99 98 97 97 95 93 99 97 96 101 188 227 231 218 172 85 70 109 108 115 124 98 
56 61 53 53 59 53 39 34 34 34 30 31 42 61 83 113 95 89 95 97 97 109 111 111 118 114 116 116 118 123 117 123 128 124 121 115 106 106 90 96 104 116 128 135 137 137 106 67 113 116 78 33 71 110 100 101 124 130 126 136 130 129 128 125 131 143 148 153 154 147 144 141 130 121 104 100 95 90 88 93 94 92 90 105 108 94 104 104 101 100 101 98 95 96 96 93 90 92 94 95 81 170 226 215 227 230 154 78 108 125 117 165 
57 55 62 62 60 49 38 37 46 42 40 42 59 74 78 84 92 93 98 97 99 106 112 111 103 110 111 115 120 119 118 126 125 125 119 107 99 99 92 98 108 116 128 139 143 138 98 107 127 98 44 35 81 113 113 95 116 130 127 126 128 123 125 129 131 131 141 147 149 146 142 147 137 126 115 103 97 97 90 91 99 102 101 98 105 100 95 104 104 100 91 93 99 95 95 91 88 88 90 93 87 66 129 220 212 216 228 171 76 116 116 124 
57 61 56 51 44 39 32 40 33 30 36 48 67 78 83 87 93 98 99 101 102 110 109 110 109 116 114 118 123 119 120 128 133 127 121 112 100 97 92 95 114 114 126 135 140 114 99 125 123 65 19 34 112 133 122 88 111 127 127 127 122 121 129 133 132 142 146 150 146 151 149 145 140 131 116 106 104 87 93 88 93 95 106 112 113 106 114 101 103 100 100 96 95 86 84 88 87 83 86 84 88 85 66 105 219 212 213 224 187 104 111 112 
64 57 59 44 40 36 32 28 31 31 40 54 69 77 88 91 94 101 98 99 107 112 114 112 116 116 117 115 119 122 121 123 123 126 118 115 107 91 90 95 109 115 121 133 129 98 110 125 93 22 33 39 107 137 133 97 101 123 124 119 123 123 126 129 135 141 139 139 140 134 136 141 137 124 122 114 103 99 84 89 86 102 112 116 115 120 112 104 100 104 95 92 86 89 86 85 83 83 83 87 88 87 84 71 94 206 221 213 222 208 132 104 
58 53 44 36 27 35 31 35 39 41 49 64 77 89 93 96 100 96 98 107 114 113 114 115 117 119 115 114 115 116 121 133 134 133 126 119 108 102 87 82 110 121 129 128 110 90 118 105 45 42 127 112 91 123 122 96 91 119 120 120 116 118 129 133 123 130 138 142 134 132 131 121 125 124 121 118 105 92 91 100 104 101 109 110 118 117 119 121 102 99 94 88 89 88 86 83 83 83 80 83 84 90 91 86 79 65 192 219 211 216 178 104 
56 46 35 38 40 34 35 31 34 39 51 69 86 91 93 98 95 106 107 111 108 118 113 115 122 121 116 118 116 116 123 124 133 133 129 120 108 86 83 89 102 119 120 115 93 93 116 80 42 123 164 140 90 111 112 86 86 116 128 121 110 117 124 139 138 137 132 133 133 126 129 125 119 122 122 114 116 105 104 105 110 111 114 115 120 117 116 108 106 103 104 94 92 89 79 83 75 74 77 78 79 75 79 91 88 84 56 169 225 209 208 122 
50 35 34 35 30 36 40 33 32 46 64 87 92 94 96 95 104 108 110 112 121 116 119 116 114 112 120 116 116 120 120 129 138 144 131 131 111 81 85 86 90 110 124 122 94 107 113 57 85 103 68 136 96 97 102 78 79 116 117 111 119 119 127 127 132 134 135 130 130 129 126 124 124 122 121 113 109 110 110 117 119 111 108 105 100 108 104 102 104 101 96 96 86 83 82 79 82 81 77 76 74 71 71 72 80 88 87 60 139 230 209 157 
40 37 37 35 36 34 31 33 48 61 78 84 87 91 97 105 101 105 112 117 112 117 115 117 119 119 120 117 122 123 123 123 133 133 129 129 103 73 65 77 86 110 120 115 89 103 86 38 14 20 25 58 81 94 100 67 87 116 123 125 115 124 133 135 140 126 134 138 136 131 129 120 117 110 109 107 108 122 131 130 124 111 104 102 101 92 99 89 88 75 69 79 82 89 87 90 83 84 87 82 75 60 57 75 80 87 91 94 70 145 221 199 
43 36 38 33 27 24 34 40 48 67 78 87 90 97 99 98 104 107 110 113 117 121 118 121 121 120 118 117 118 122 128 136 134 135 135 129 97 65 68 67 77 103 117 116 89 122 101 39 35 36 33 47 87 86 97 64 93 119 117 118 116 124 130 137 139 138 140 137 134 133 129 125 124 121 113 111 114 122 113 106 115 118 105 81 69 64 69 75 72 83 72 70 80 78 83 83 82 80 82 81 75 69 70 70 75 72 75 81 82 67 140 220 
27 33 28 35 31 36 35 42 54 74 81 87 92 96 103 109 108 105 108 111 113 115 117 123 121 119 120 115 118 127 136 135 139 144 131 120 95 79 70 68 74 100 116 111 84 117 80 131 87 21 37 76 114 89 66 50 97 112 119 117 126 127 134 136 135 133 133 133 137 139 135 131 127 118 113 114 111 103 83 98 121 124 106 81 63 56 63 70 82 80 72 75 73 82 80 78 81 82 81 81 84 91 79 64 61 69 79 79 84 85 74 156 
38 33 37 35 36 28 43 46 67 89 91 90 95 96 99 104 102 107 110 116 119 116 126 120 121 126 125 118 126 127 128 135 144 154 140 128 95 70 71 69 70 96 113 103 87 106 86 18 19 37 49 108 99 80 71 74 113 126 125 123 124 130 132 140 143 136 136 139 139 129 129 132 133 127 123 122 116 98 97 105 123 106 79 78 90 90 103 104 108 112 115 107 99 91 78 80 70 77 88 91 79 62 55 57 54 57 62 89 86 87 90 72 
33 33 32 25 25 35 34 47 66 81 89 95 93 104 108 99 103 104 110 117 120 120 117 124 120 125 119 119 122 132 141 148 150 153 148 123 101 80 71 72 68 89 108 100 73 109 81 27 23 29 37 116 109 76 58 94 116 123 124 125 124 131 136 134 129 129 138 128 130 132 135 132 130 128 130 131 121 107 108 131 118 106 125 117 117 105 89 96 114 122 118 112 115 106 100 91 92 95 79 54 68 83 84 73 58 59 46 49 76 83 86 90 
34 31 31 32 41 36 44 58 72 85 90 95 102 96 102 111 114 114 115 121 120 127 130 127 126 126 124 127 129 127 134 140 148 153 141 123 100 80 66 71 71 81 100 98 60 85 72 41 42 62 81 125 88 84 76 110 123 128 126 126 127 131 133 140 128 119 114 118 117 138 144 144 145 133 132 130 127 125 119 119 122 134 110 83 57 80 124 103 89 104 111 118 113 118 109 102 97 83 86 88 98 82 65 65 56 65 56 52 51 67 77 82 
35 37 28 30 23 32 51 66 79 90 92 93 93 105 104 107 107 115 120 124 129 126 125 129 133 128 128 127 129 138 140 145 159 166 149 123 100 83 77 72 72 77 90 88 58 71 79 49 90 128 98 116 90 74 88 122 127 126 124 121 132 137 133 124 116 108 109 121 141 144 136 143 142 145 141 139 127 113 123 138 139 121 104 81 28 75 102 142 136 102 99 102 119 116 111 99 97 98 92 90 92 85 84 78 65 76 72 57 41 45 54 67 
24 29 30 34 32 39 45 62 70 83 93 101 106 101 104 108 115 118 119 123 131 134 133 133 137 139 130 129 131 135 135 154 164 163 149 125 104 80 67 65 68 76 89 95 67 64 80 48 41 94 100 103 88 84 112 124 125 129 123 134 134 138 132 119 117 127 125 112 94 85 97 114 142 150 155 145 129 123 127 138 126 110 110 71 120 153 100 77 126 115 98 101 102 105 103 104 99 97 91 98 108 109 113 108 100 83 73 51 46 41 50 55 
39 32 37 38 41 49 67 77 81 88 92 91 92 102 111 108 113 116 121 130 122 126 136 137 138 134 130 130 128 139 152 162 163 166 152 128 96 77 73 74 74 77 81 87 79 57 67 61 47 134 108 98 89 106 122 129 132 129 131 131 138 128 109 123 132 163 166 130 110 74 86 91 115 141 139 143 132 123 132 126 125 125 95 55 95 166 125 82 120 136 117 105 106 93 95 101 94 89 96 101 106 114 111 113 100 105 88 79 58 48 45 40 
31 39 34 35 34 36 54 72 84 89 89 101 106 108 106 119 118 127 136 132 141 146 139 141 148 149 128 132 134 132 145 171 179 165 156 128 106 83 68 65 79 74 76 82 93 69 71 72 28 70 99 91 97 110 121 128 132 125 130 138 135 119 122 129 137 162 165 119 93 88 83 91 102 126 154 143 117 111 115 124 127 109 78 61 98 148 133 80 98 118 115 99 100 107 91 97 100 97 94 86 88 105 117 127 114 102 85 60 44 49 41 37 
34 32 30 38 52 51 59 72 83 83 91 93 102 108 113 115 122 129 132 135 136 137 139 138 143 148 135 137 142 141 149 163 165 163 152 136 116 87 79 77 80 80 73 85 94 87 67 99 60 31 96 104 105 111 119 126 125 129 126 130 131 122 118 126 139 157 155 114 73 55 62 85 101 122 140 128 122 126 124 131 134 103 80 89 129 130 156 135 92 90 110 110 98 99 101 90 87 95 92 101 96 94 108 111 115 119 109 85 69 50 49 47 
28 29 26 32 42 47 62 75 86 90 89 99 108 106 113 125 127 131 133 138 138 138 140 145 148 147 137 136 133 144 150 152 162 164 160 140 123 105 89 74 85 81 81 77 82 86 72 67 108 97 102 107 107 120 126 126 121 120 128 124 126 121 118 127 136 149 143 113 54 35 66 83 97 120 135 121 117 121 115 138 118 92 96 112 100 131 119 119 123 117 101 105 98 91 99 98 93 92 92 86 86 84 101 103 106 112 101 78 58 53 43 47 
29 34 33 31 38 54 71 80 82 85 90 95 107 112 117 120 127 130 143 147 141 140 145 147 144 143 143 139 140 148 148 155 149 157 152 146 134 112 98 95 83 93 88 88 84 81 79 78 105 119 110 109 116 122 124 120 118 123 128 125 120 119 120 116 139 148 145 114 59 28 52 83 89 110 121 119 135 128 137 137 108 89 103 102 60 92 107 98 126 107 98 95 101 91 92 97 90 92 92 89 87 90 94 110 109 97 80 59 55 46 38 29 
29 27 32 35 35 56 64 70 77 85 101 98 104 113 115 125 128 137 146 143 144 146 139 147 147 151 145 136 133 140 141 148 156 152 152 147 135 124 104 94 97 94 107 109 115 105 97 93 112 107 109 109 118 120 118 123 128 131 123 118 121 119 128 140 154 148 121 108 64 26 51 80 100 107 113 119 125 130 146 126 94 97 96 82 51 88 139 116 110 155 125 96 89 98 91 94 97 87 84 88 99 104 97 103 116 102 90 60 44 52 37 39 
35 34 37 36 47 54 60 78 79 87 91 104 111 118 125 123 129 141 146 149 140 140 149 145 144 143 138 137 141 142 150 147 161 165 159 146 141 128 123 107 95 102 109 117 125 121 114 116 109 114 116 119 119 117 115 116 115 119 126 127 125 126 134 153 171 151 117 103 66 23 67 80 92 120 123 125 124 130 125 106 108 115 90 53 73 85 139 112 133 168 106 105 97 90 87 90 91 85 79 78 82 95 94 101 109 98 94 90 67 40 58 40 
22 21 25 33 42 52 71 71 78 89 95 104 110 112 114 130 136 140 141 146 154 153 149 150 143 152 145 148 140 141 138 152 163 161 161 147 134 118 116 113 112 110 116 127 131 134 130 124 123 122 120 117 116 119 127 127 130 131 122 128 139 139 160 185 205 183 135 115 94 35 60 82 94 112 122 128 130 134 128 104 102 97 86 89 47 81 111 124 125 125 119 100 106 94 85 88 86 76 67 68 84 93 96 104 106 99 68 55 50 54 42 33 
39 37 32 34 50 56 67 77 85 81 91 94 103 116 129 131 130 136 141 144 141 149 150 142 142 138 137 141 142 143 159 162 168 165 153 141 137 128 122 116 110 111 125 132 141 139 137 133 130 120 121 124 127 129 131 135 131 132 132 130 132 147 153 164 155 139 129 118 104 46 48 65 72 106 125 131 131 134 114 95 102 113 82 59 50 47 110 131 126 113 96 81 81 89 86 83 83 74 69 67 66 82 86 93 110 105 85 63 63 46 43 44 
37 44 35 42 54 59 68 80 82 87 91 106 115 120 136 137 143 145 142 148 151 146 146 149 143 141 139 141 142 147 159 163 166 160 153 148 138 128 122 115 114 115 117 126 140 141 142 140 130 132 134 136 126 125 129 131 137 136 138 139 137 145 141 148 132 123 119 117 108 87 63 76 82 114 133 134 127 119 103 99 115 102 84 61 61 44 99 131 134 119 101 88 89 82 85 81 77 65 62 54 57 71 88 98 99 94 90 65 58 56 53 38 
36 36 43 40 49 59 68 73 88 96 101 106 114 122 127 133 132 141 147 150 141 147 141 149 145 145 143 143 140 146 149 154 165 173 159 153 135 130 121 119 113 112 115 125 127 135 134 128 129 129 126 131 132 135 137 136 131 133 134 138 151 155 163 154 139 127 118 108 98 96 64 70 75 118 130 133 134 129 112 105 108 81 50 46 65 46 72 120 144 130 107 88 82 89 80 76 78 63 53 52 58 70 83 95 108 103 74 73 70 46 46 38 
25 24 27 39 48 68 66 76 82 86 104 109 109 120 125 131 141 134 146 151 153 152 157 151 145 146 141 147 143 147 150 159 168 180 170 156 151 131 118 114 108 110 119 133 143 144 141 136 130 127 133 131 130 131 138 142 142 142 146 152 159 179 159 148 137 127 117 100 87 72 74 53 67 109 124 125 132 121 96 96 105 83 53 50 63 62 87 117 138 139 106 86 83 84 83 77 63 51 47 48 47 59 81 100 106 106 89 81 80 73 69 49 
30 38 35 47 50 62 71 81 81 85 97 111 115 123 129 134 132 135 137 143 146 150 143 145 146 137 140 141 141 141 150 168 177 183 164 152 142 135 124 120 110 113 132 143 147 150 145 138 136 134 134 134 129 131 138 137 135 134 139 147 178 202 192 156 143 124 109 97 84 71 59 57 69 117 125 132 130 99 92 104 85 95 72 37 58 81 89 110 147 142 114 83 65 71 72 72 64 57 45 45 52 64 86 97 110 115 113 93 71 78 55 41 
30 30 41 49 52 62 73 78 88 92 93 112 116 114 119 124 130 132 146 148 143 146 151 144 133 137 136 138 141 144 155 169 180 188 180 160 138 125 121 107 102 108 114 131 145 146 144 132 123 121 122 125 127 137 139 129 132 131 148 156 187 214 190 145 126 114 103 87 74 56 46 45 51 94 123 129 142 107 115 107 96 110 83 65 81 106 102 112 147 168 116 84 71 69 78 72 60 49 45 49 50 59 76 103 108 109 109 97 69 57 48 44 
32 33 37 41 55 74 78 83 89 89 93 101 110 120 121 125 131 132 130 143 148 136 141 143 142 135 136 137 140 145 156 164 180 183 172 142 131 122 118 115 99 98 117 123 123 121 118 121 124 123 126 125 124 126 136 132 129 130 129 147 164 195 189 149 126 110 103 92 77 61 43 30 30 77 104 121 138 111 108 91 102 96 100 73 87 95 97 104 132 166 113 84 64 64 70 69 63 47 42 49 46 57 82 107 113 104 111 86 57 51 54 56 
27 29 33 55 62 65 69 82 90 96 107 111 117 114 124 130 134 132 139 150 138 133 139 131 132 135 136 143 144 149 144 173 188 182 173 148 130 123 107 101 102 104 105 106 108 116 116 115 116 117 114 118 123 124 124 125 125 130 133 142 150 177 160 138 126 116 109 92 76 55 57 35 22 69 104 113 154 120 121 112 108 116 84 58 65 73 84 106 149 150 115 85 63 67 80 74 62 50 41 36 41 53 80 105 108 100 101 111 89 70 49 42 
25 29 42 49 56 73 76 86 91 100 102 93 107 116 121 124 129 136 124 124 124 135 131 139 133 131 137 140 143 147 160 169 184 171 149 131 119 97 100 90 92 91 100 110 110 111 109 110 117 115 121 119 123 124 118 119 121 123 128 131 137 132 133 135 121 110 95 84 79 81 66 31 74 97 105 122 137 116 107 95 70 80 73 56 55 38 22 105 149 141 109 80 61 69 79 68 60 50 42 44 41 49 82 113 116 116 108 91 69 53 53 41 
33 29 31 46 61 68 71 81 94 89 90 101 104 105 110 130 128 128 132 137 140 127 129 135 136 130 135 141 149 150 159 170 167 152 134 111 101 107 91 80 84 88 93 98 103 101 98 95 100 105 113 114 115 120 128 121 121 116 120 122 130 144 136 124 125 111 86 84 60 44 15 33 121 129 118 130 112 98 95 87 72 85 67 46 57 65 121 134 159 133 98 81 57 57 73 69 62 44 33 32 38 38 74 104 110 103 105 99 63 57 45 47 
29 33 38 39 58 70 78 88 88 91 97 100 105 107 112 125 133 133 130 134 127 133 136 138 127 131 137 140 141 153 165 170 167 145 124 109 91 77 80 78 77 85 87 90 83 79 77 84 95 103 105 110 114 113 111 116 119 120 124 121 122 123 129 127 113 99 87 59 36 18 18 75 132 130 129 129 119 86 86 78 90 69 64 45 64 69 117 141 197 135 93 74 62 65 66 61 51 40 39 37 38 51 82 111 110 111 95 74 60 48 55 47 
26 36 38 49 58 74 71 79 84 87 96 96 104 114 112 114 115 123 130 136 126 129 128 129 127 126 126 139 148 153 165 170 160 142 129 115 102 91 76 75 71 79 72 60 55 48 53 68 89 97 102 111 112 113 117 115 110 109 107 115 123 131 134 124 109 94 76 29 17 19 40 99 118 122 117 115 113 87 76 92 79 71 38 40 64 78 121 168 187 118 80 77 58 55 66 62 56 43 29 31 34 40 83 113 120 106 95 75 57 35 39 35 
24 28 24 37 54 66 77 81 85 88 94 92 97 111 118 123 123 125 126 128 133 130 134 135 127 127 133 131 137 153 160 167 160 142 133 113 88 79 76 60 68 60 56 62 56 81 101 95 82 82 94 105 105 114 123 120 113 108 109 109 113 121 134 130 113 99 60 29 28 37 64 109 117 113 118 118 107 84 82 92 61 71 38 43 76 106 129 207 208 104 75 68 57 57 61 57 48 38 39 39 39 57 94 108 116 119 109 87 70 62 52 36 
33 26 31 37 52 65 74 80 86 86 88 99 105 105 120 122 127 128 126 129 122 121 122 126 128 128 134 132 136 147 165 173 162 153 122 96 89 81 70 69 66 63 62 58 85 124 131 126 108 85 86 99 109 109 112 128 112 110 106 107 104 106 126 130 117 93 57 22 39 44 72 110 118 121 118 124 113 87 88 78 52 50 42 41 73 119 147 224 127 65 65 67 54 53 60 52 48 39 39 39 37 58 93 109 125 120 90 69 64 56 40 33 
29 36 28 43 48 62 74 78 88 92 89 99 105 97 103 124 122 129 130 127 128 130 131 123 125 128 129 126 136 148 173 183 146 122 113 100 83 77 72 62 63 67 72 76 103 111 108 116 113 108 89 92 99 104 117 112 120 109 113 106 111 118 128 135 117 91 43 22 39 59 89 107 114 113 113 109 99 82 79 104 74 40 29 39 67 118 127 119 89 70 70 86 56 57 62 56 41 35 32 34 42 60 93 104 112 118 100 79 58 43 40 34 
29 27 28 31 46 57 72 73 76 80 90 86 94 111 105 111 121 118 127 123 119 122 125 125 117 121 122 129 134 146 158 157 129 124 99 74 72 66 57 60 63 74 72 74 93 90 93 45 93 110 102 99 107 113 111 120 126 122 108 105 112 121 139 139 125 90 39 23 52 60 81 107 107 111 104 117 102 84 79 86 85 64 49 39 125 131 118 91 76 65 70 81 62 59 57 56 46 35 36 34 45 76 103 117 123 119 99 93 85 79 54 51 
30 35 41 44 38 58 73 80 87 88 90 100 102 104 111 120 126 115 113 120 118 128 124 116 116 122 129 133 146 159 166 165 139 115 87 74 72 68 63 74 77 79 64 75 77 83 65 46 102 116 95 105 108 107 111 117 125 121 112 113 116 130 138 135 116 83 34 31 51 53 78 102 106 105 102 110 107 80 89 87 64 38 42 74 103 119 86 97 89 67 74 63 58 61 57 51 40 39 36 45 65 84 101 111 131 121 103 94 71 59 57 49 
28 30 33 28 42 57 70 68 77 83 86 94 99 106 109 112 116 124 118 115 119 113 116 118 116 121 117 126 135 145 156 147 128 100 67 61 74 66 58 74 80 71 78 66 74 78 58 67 102 113 97 104 109 115 116 119 120 108 111 112 123 124 131 135 111 80 35 32 47 55 83 107 99 98 105 113 106 79 85 85 76 41 48 97 144 96 106 80 96 87 78 75 66 60 57 54 45 38 40 47 69 87 106 120 120 106 95 84 82 67 45 29 
31 29 42 37 34 46 64 76 83 88 85 90 93 103 109 106 104 108 120 115 112 118 118 114 115 120 123 126 137 148 166 147 121 90 65 65 68 64 69 83 89 89 80 84 84 72 37 91 92 92 97 95 118 121 116 116 120 95 100 118 122 127 141 149 115 73 44 32 42 63 85 103 97 103 101 105 106 77 79 94 78 45 46 97 148 117 99 115 83 82 73 70 68 62 63 53 42 41 40 65 87 99 105 124 124 108 90 99 93 65 52 48 
35 40 25 25 25 44 61 67 73 79 83 86 95 101 104 116 118 108 104 111 114 115 113 119 113 115 123 123 127 141 141 138 103 92 62 63 64 61 76 100 101 99 79 87 88 55 37 86 99 115 103 91 103 113 113 117 116 104 82 82 117 125 139 139 105 73 60 38 49 69 96 109 100 87 105 107 106 82 65 78 80 35 79 137 116 98 81 81 79 74 78 77 68 67 59 60 50 47 44 65 78 87 104 112 124 106 99 88 88 57 37 35 
26 31 38 34 37 42 54 67 74 83 82 90 89 88 95 101 105 111 109 106 109 111 114 113 114 118 121 121 131 131 127 124 108 59 57 65 57 66 90 109 114 97 92 102 85 45 92 128 95 103 101 84 97 117 117 113 120 129 103 69 82 100 103 99 89 78 49 38 51 76 103 122 112 106 102 117 116 85 80 72 63 53 86 129 98 82 77 74 70 81 81 76 63 67 69 59 47 39 54 68 79 88 97 107 104 106 93 80 56 59 57 50 
30 30 31 32 32 38 47 67 78 77 82 81 86 95 102 104 103 95 103 105 107 107 111 107 99 109 110 115 125 134 128 116 99 85 69 60 59 75 102 121 120 97 108 109 76 59 139 151 111 121 104 82 86 110 122 118 122 122 127 97 86 101 116 111 85 44 25 33 71 108 122 117 113 109 109 110 119 101 68 80 86 73 117 119 83 84 70 88 93 85 85 76 76 83 74 57 49 55 58 69 76 91 102 104 102 92 87 83 67 54 36 35 
34 27 34 37 36 33 47 67 72 78 81 84 88 94 94 100 101 101 105 110 110 109 109 108 105 103 110 119 125 130 124 115 100 72 60 65 75 91 112 119 121 107 122 111 55 25 46 100 108 99 108 81 76 113 109 113 112 124 126 111 94 92 106 123 142 138 136 124 128 130 122 119 111 106 114 112 114 107 76 67 50 67 115 114 77 66 77 82 91 86 77 76 87 79 62 61 56 55 62 66 83 97 102 106 97 87 84 72 69 53 44 31 
29 29 34 31 32 38 45 60 72 74 81 80 85 80 86 92 98 100 101 98 102 104 107 107 103 108 111 115 117 123 118 106 89 73 72 64 77 95 112 123 111 110 127 104 40 23 25 34 96 112 101 84 61 102 117 117 120 126 132 121 98 98 105 112 124 139 139 140 130 125 124 119 107 104 114 112 115 111 71 62 52 89 159 115 60 62 92 95 98 86 81 89 85 79 69 62 61 61 61 70 88 101 100 102 106 98 79 64 55 47 40 30 
29 30 33 28 24 32 48 62 65 76 80 84 81 88 88 90 94 100 100 105 104 105 106 102 105 105 103 112 115 111 115 105 76 74 61 68 79 95 115 119 108 112 122 87 60 82 39 47 120 119 104 80 44 90 110 112 117 123 131 125 116 107 109 111 112 119 134 137 132 137 127 113 103 106 111 118 114 116 75 43 41 112 152 89 53 107 107 102 86 79 85 84 73 72 67 61 66 68 67 80 92 94 97 102 85 72 77 67 49 34 38 32 
36 29 32 32 31 27 32 42 65 69 73 73 83 83 87 91 96 95 93 101 102 104 100 104 100 110 105 105 107 117 116 100 99 78 74 69 85 104 115 115 101 106 125 101 39 17 19 45 114 118 97 80 46 93 116 112 117 117 125 124 117 106 102 106 117 114 118 124 126 115 119 118 116 107 115 117 117 115 85 47 39 113 83 52 97 106 108 81 78 90 89 76 82 83 70 69 67 61 69 82 87 86 103 107 107 92 77 59 36 22 28 31 
27 36 24 29 35 32 32 47 56 68 76 78 77 82 91 96 95 96 99 98 99 95 103 99 96 101 101 102 110 102 104 99 85 69 71 80 99 109 117 115 97 94 120 93 35 26 30 36 76 95 102 83 41 84 114 111 111 123 131 144 130 118 124 128 113 116 119 116 112 117 121 117 107 113 112 114 115 112 74 48 15 32 94 121 110 102 88 89 90 85 77 74 76 76 72 68 67 76 76 74 72 85 75 74 88 81 60 52 46 57 38 34 
32 33 33 29 35 37 37 43 54 59 69 76 82 78 87 85 86 97 94 100 101 99 103 103 101 103 100 109 105 105 99 92 84 78 76 84 104 108 111 114 98 89 107 86 33 23 29 32 84 89 98 77 42 82 111 115 114 117 128 133 139 128 118 114 122 116 106 108 105 105 118 117 108 109 103 105 108 114 85 50 52 106 112 111 101 89 84 92 92 95 92 86 76 72 61 66 69 73 68 78 96 101 98 88 70 64 44 49 46 37 29 36 
31 33 39 40 32 29 32 32 44 62 67 69 73 79 78 88 91 94 99 96 95 95 98 100 99 95 103 99 103 97 90 87 91 79 62 87 102 107 113 105 93 77 100 88 46 21 24 57 79 86 97 81 41 82 111 112 106 117 128 136 142 141 138 137 129 123 115 99 86 102 94 104 109 104 103 110 108 117 117 104 87 73 88 85 89 98 95 92 91 93 83 81 80 69 68 64 69 61 75 91 106 107 99 89 85 67 56 34 30 31 36 31 
27 31 33 35 36 30 28 36 45 55 61 71 75 74 77 87 91 94 99 99 99 106 103 104 104 100 99 105 97 103 92 88 90 94 77 75 99 106 106 108 97 74 98 102 57 38 98 112 77 93 105 75 45 87 108 108 110 115 124 141 146 145 139 142 131 115 106 103 90 86 88 96 112 121 110 107 106 101 111 98 80 71 80 94 101 100 96 100 104 97 95 86 75 71 66 62 62 83 92 93 105 96 93 75 63 52 47 36 38 31 27 41 
34 40 36 33 30 29 29 34 41 47 58 67 64 73 78 76 79 88 90 100 105 101 102 103 103 99 94 101 105 103 80 89 80 94 73 72 100 101 111 105 101 72 89 94 57 28 62 80 83 103 99 69 44 98 109 113 112 110 126 139 139 140 146 145 130 116 112 104 87 73 76 95 108 115 110 104 97 93 93 85 66 82 84 82 96 103 96 100 93 95 89 77 68 64 70 81 93 93 91 93 81 84 99 91 68 49 37 27 33 32 24 24 
28 28 26 26 32 34 35 28 27 40 51 60 70 77 69 80 83 86 91 92 94 97 98 102 104 100 102 104 101 101 84 72 82 78 69 76 97 102 106 115 111 78 86 102 81 35 16 33 91 105 95 65 62 108 114 126 117 122 130 143 145 147 139 133 131 116 105 99 89 74 70 80 94 107 110 113 109 95 94 80 74 65 89 83 99 98 99 95 95 95 82 77 76 81 83 83 86 97 100 98 102 90 68 43 58 56 34 37 27 34 31 43 
36 27 31 36 31 28 30 33 36 35 47 52 64 66 78 75 84 86 85 89 97 96 100 100 99 107 103 100 101 102 99 76 72 72 79 90 92 96 105 115 109 91 79 105 93 52 29 49 94 105 91 62 98 112 121 119 116 127 127 124 131 137 136 130 125 106 106 91 79 75 70 68 84 91 92 88 95 95 95 87 74 82 68 72 76 89 83 79 78 72 70 72 82 84 79 84 84 90 95 96 93 81 57 45 35 32 41 29 34 30 35 36 
41 37 32 31 33 29 29 33 32 31 41 59 60 63 68 75 77 77 82 86 87 91 93 98 101 100 100 104 99 98 101 77 66 66 71 83 88 90 104 108 115 107 69 90 107 65 31 56 86 107 80 64 106 119 125 126 122 125 126 138 141 131 124 119 111 108 98 93 84 69 67 67 75 76 78 77 84 83 87 93 94 73 67 71 79 75 74 71 64 64 71 81 79 81 81 83 86 78 83 80 66 59 53 38 32 32 28 29 38 39 39 46 
50 39 31 30 30 32 39 35 34 30 28 33 54 59 64 67 76 81 82 85 89 92 92 97 103 104 101 101 99 99 99 97 79 64 77 81 79 100 105 112 112 107 88 69 97 81 45 45 82 97 61 88 119 120 124 125 122 127 131 130 128 132 128 118 112 104 97 89 89 83 71 70 69 70 74 80 80 82 86 91 87 85 75 73 74 63 60 61 55 58 67 74 66 67 63 66 64 76 71 70 52 35 32 37 42 36 32 33 34 36 51 46 
60 51 35 27 30 32 29 31 23 21 28 35 38 51 57 69 72 77 80 81 84 86 91 91 96 99 101 101 101 95 94 96 85 68 69 85 97 102 105 111 112 111 96 67 75 84 42 65 92 82 75 114 115 120 123 129 131 129 130 133 131 129 126 116 114 106 100 91 82 80 78 76 79 82 79 76 80 85 90 92 76 77 86 68 57 70 59 61 65 69 66 59 61 55 53 67 67 65 63 51 47 39 36 37 39 35 29 39 48 57 53 51 
55 50 35 35 37 33 33 34 37 34 32 32 38 49 54 61 65 74 78 86 83 85 84 88 94 94 101 98 102 100 99 93 95 84 76 80 88 98 102 101 107 112 101 90 69 82 60 76 91 69 102 125 125 125 130 132 126 130 131 131 130 132 124 119 121 111 100 92 96 84 80 74 75 83 94 76 75 89 86 91 98 89 83 96 77 78 71 67 71 63 62 59 60 59 61 58 57 44 48 40 33 35 34 33 31 41 41 50 53 58 60 41 
58 55 47 32 26 28 29 30 30 31 30 30 29 33 47 50 55 61 61 69 76 74 78 86 91 96 92 100 97 102 98 96 92 89 74 68 79 95 102 103 109 107 105 89 83 87 61 89 94 90 111 116 119 122 123 126 126 125 122 126 132 125 124 121 114 113 109 95 89 79 71 74 75 75 77 82 89 84 86 93 87 80 81 69 72 79 76 68 60 63 60 56 52 51 47 46 43 43 31 32 39 41 44 38 38 37 51 58 61 57 45 94 
54 54 56 49 42 38 33 32 27 28 28 31 31 33 35 41 45 51 57 68 69 70 75 79 88 95 91 96 102 96 89 88 85 86 85 73 74 88 99 101 100 104 96 89 93 94 80 98 100 97 105 115 116 122 111 118 124 119 123 124 128 130 128 124 124 115 97 90 81 83 83 74 72 79 81 82 85 84 90 79 84 87 81 77 67 64 69 66 65 56 57 53 47 51 50 44 45 44 46 50 45 30 33 41 50 58 61 64 63 54 69 149 
60 57 61 49 38 38 37 33 32 30 34 33 32 27 31 39 50 43 46 54 69 68 69 69 74 83 90 95 97 94 94 92 92 85 84 82 73 68 83 92 100 97 86 81 95 83 82 94 102 102 107 112 118 117 120 120 124 121 120 120 130 135 132 125 119 101 94 86 79 74 72 73 69 74 72 75 81 81 81 81 76 71 69 74 75 60 56 56 54 56 56 54 50 53 49 52 51 49 54 46 45 51 50 57 61 65 67 58 52 53 116 87 
53 56 58 60 45 33 29 36 33 29 30 30 31 33 31 34 34 41 44 51 52 59 52 60 65 79 86 89 97 97 93 91 89 85 88 88 82 73 72 82 85 92 89 92 88 81 99 100 100 103 108 110 111 114 117 118 119 120 123 128 122 127 122 121 106 98 90 82 73 68 63 59 65 65 66 66 69 73 77 80 82 84 80 72 76 71 64 66 64 63 58 53 54 51 54 46 50 51 44 48 50 53 58 62 63 61 53 54 54 82 88 62 
51 55 52 57 59 44 40 28 33 40 27 30 34 35 32 34 35 36 40 39 46 43 61 78 71 73 78 83 85 86 87 94 93 90 87 85 91 88 86 82 85 89 99 98 98 95 101 100 101 101 102 106 105 111 112 121 116 118 115 117 118 124 124 116 103 90 79 75 68 61 55 58 64 58 72 81 76 83 90 90 84 74 75 86 68 67 68 69 68 62 58 60 65 57 42 41 47 47 51 53 55 62 64 64 65 59 57 60 52 68 63 88 
57 58 57 54 55 59 42 40 33 27 35 33 33 35 35 34 32 33 25 29 26 51 45 42 58 68 72 70 79 83 86 88 91 90 89 88 82 88 88 85 85 89 91 91 94 98 101 99 104 101 100 105 112 112 114 113 120 116 120 116 120 112 106 106 93 81 77 67 58 54 47 48 55 70 76 84 89 92 87 83 78 77 70 74 75 59 69 62 65 61 51 57 58 56 57 55 50 54 51 61 69 67 69 62 57 62 57 34 65 88 104 94 
54 55 58 57 59 59 57 45 34 36 28 30 35 34 33 30 31 30 36 40 44 34 39 38 29 42 51 61 68 69 86 90 89 85 87 84 87 83 87 88 87 84 85 89 88 94 97 104 101 105 110 108 106 112 111 110 107 108 109 108 106 107 104 97 86 75 63 59 55 50 57 65 71 78 84 88 85 92 87 87 85 78 82 75 72 68 75 68 61 51 60 57 47 42 53 55 58 59 63 67 65 58 59 60 57 52 40 67 74 84 77 76 
52 60 54 52 57 57 64 59 43 31 32 35 28 31 24 28 36 28 32 36 33 34 34 38 38 35 39 44 61 70 71 77 84 81 78 80 82 87 85 83 82 87 85 84 88 89 94 95 98 101 102 104 108 104 109 109 104 104 106 105 99 95 92 89 81 79 76 65 61 65 73 82 85 76 85 88 86 83 85 83 82 69 66 71 72 68 59 58 63 57 58 54 51 56 55 55 59 61 66 62 63 61 58 60 55 45 61 83 100 84 96 162 
53 52 54 58 58 60 56 56 51 41 38 38 39 33 34 36 31 31 35 34 34 33 31 36 37 43 37 42 53 59 65 72 80 83 83 82 82 79 80 84 90 91 90 86 85 82 80 83 87 89 94 102 100 102 101 106 104 102 102 96 96 89 91 88 78 75 70 73 71 75 78 78 79 85 82 85 87 86 86 79 72 74 69 68 62 60 54 62 59 59 51 58 51 56 61 64 68 67 65 60 59 60 55 47 39 60 77 85 89 134 188 184 
56 56 60 53 51 50 56 57 52 48 37 36 31 32 33 30 34 35 31 35 31 29 33 37 36 37 31 36 40 49 56 63 58 65 66 69 69 78 82 82 80 75 78 80 77 80 81 79 77 84 89 91 97 100 100 101 103 97 96 92 93 92 94 85 89 83 83 76 80 82 80 81 83 80 81 85 81 85 86 75 75 68 64 68 59 61 60 57 54 55 55 53 58 61 60 65 64 60 54 56 51 45 39 39 62 78 98 130 180 196 194 201 
52 58 52 55 60 60 61 57 61 59 57 51 46 41 35 32 32 27 22 25 26 29 30 30 34 31 28 28 25 34 24 34 42 51 59 59 69 64 64 69 69 75 73 74 78 73 72 77 83 82 85 83 86 88 92 93 95 98 94 95 101 97 96 97 87 76 74 81 86 85 82 70 74 79 82 84 77 78 80 78 77 62 68 60 52 55 50 48 57 51 55 61 64 61 66 66 65 59 66 71 72 67 89 108 126 163 198 210 205 194 172 122 
55 51 53 59 56 57 51 57 55 57 59 64 49 39 37 30 30 33 37 32 32 36 34 32 29 31 36 38 35 24 40 33 37 43 44 42 43 44 52 49 50 46 49 54 56 63 66 69 71 71 72 77 83 84 81 88 92 94 89 93 86 91 86 82 86 88 88 86 79 75 85 87 73 75 72 78 76 75 72 67 56 62 57 57 56 52 53 53 54 64 58 59 63 70 64 51 37 35 35 53 75 89 91 100 153 170 157 136 114 91 66 54 
56 54 59 58 55 56 60 59 59 60 60 53 58 52 40 34 31 31 31 28 33 32 33 32 32 34 32 28 27 39 33 31 31 28 29 36 35 39 34 37 34 37 36 26 34 40 39 41 36 47 44 55 66 74 81 78 80 82 85 82 82 74 78 79 76 75 72 67 72 77 74 76 74 72 74 68 69 70 66 58 59 54 58 57 54 51 55 63 65 55 61 63 63 44 36 33 37 34 33 28 29 35 78 85 28 22 34 52 64 55 60 86 
48 56 54 53 58 58 56 54 56 53 55 58 60 61 58 47 41 36 33 39 33 33 33 29 33 31 28 31 35 26 29 28 30 29 34 31 35 32 34 32 36 31 27 36 28 25 35 44 52 56 72 75 60 51 61 71 70 75 74 70 72 72 72 72 68 71 69 73 73 72 78 76 74 70 66 70 69 61 59 61 56 61 60 57 57 60 59 54 58 65 63 49 38 34 34 38 34 31 35 42 36 38 89 106 46 73 100 101 51 22 62 76 
59 52 54 54 56 52 52 54 57 57 56 57 55 58 63 57 44 31 32 27 27 30 32 29 23 28 27 36 31 33 29 34 24 30 34 34 31 29 28 31 28 30 29 29 36 40 56 68 75 81 58 28 17 15 18 47 59 57 61 68 68 60 64 65 63 64 68 66 75 76 74 65 63 70 74 68 64 67 62 59 62 57 61 59 55 57 61 68 59 44 34 34 34 38 38 35 40 41 40 32 38 33 66 116 72 118 108 77 65 89 108 106 
55 54 52 55 56 59 58 54 58 55 59 58 57 56 59 59 64 58 41 38 37 32 31 27 38 37 30 30 33 25 30 35 32 28 29 31 27 25 29 24 22 21 23 23 28 47 60 60 88 105 49 23 21 19 24 31 46 71 81 48 52 57 57 64 65 69 69 69 63 68 64 71 95 71 64 60 60 65 65 61 58 57 58 60 63 56 51 40 30 33 34 36 39 39 34 38 40 33 35 39 34 34 43 108 83 136 109 67 88 110 106 103 
54 51 59 57 58 57 58 58 59 60 51 56 55 56 56 58 56 50 57 54 46 34 30 36 29 30 26 32 31 34 33 21 29 26 22 22 29 30 26 26 28 30 31 35 29 34 46 61 79 102 70 44 32 33 22 22 27 24 28 34 25 40 48 51 51 56 62 69 70 66 65 68 65 65 62 66 66 58 60 63 65 59 53 54 42 35 29 30 34 36 42 38 32 36 41 36 29 33 33 35 35 33 33 86 84 152 114 72 108 106 110 106 
53 57 53 58 56 58 53 59 55 52 53 55 59 57 60 63 56 59 60 55 56 55 52 45 43 38 36 32 29 29 26 27 22 27 27 28 31 30 28 28 28 27 34 48 81 93 88 77 78 86 71 51 46 31 25 25 25 33 38 36 66 68 72 63 55 53 57 52 43 45 52 51 52 57 59 55 51 55 48 43 36 32 32 30 27 33 33 38 36 33 33 40 41 40 34 39 38 38 36 38 39 34 36 89 83 124 122 89 96 154 137 121 
57 51 54 51 53 53 59 57 53 58 57 58 56 56 58 58 58 55 56 57 59 58 61 57 52 54 59 52 42 36 38 31 31 27 29 30 26 24 28 25 24 41 59 68 98 120 117 105 102 94 77 61 51 41 40 38 38 37 44 42 68 89 91 81 74 71 83 91 61 37 34 37 30 26 27 33 32 26 30 26 28 34 34 34 35 37 34 31 37 43 36 33 31 34 39 37 34 34 36 29 32 38 35 77 88 132 134 89 75 113 143 156 
50 52 55 55 55 54 55 59 57 53 57 60 59 56 57 62 56 60 57 56 56 57 57 60 58 59 51 53 57 55 51 45 40 42 37 28 27 30 28 29 32 70 53 18 22 41 78 102 110 108 95 70 62 62 60 62 58 62 62 86 101 88 86 99 94 83 94 107 83 55 38 33 34 36 36 34 34 38 38 37 36 35 34 37 34 37 34 33 32 29 34 38 40 37 34 35 38 35 36 37 34 32 33 73 98 126 134 91 86 71 154 181 
