10 46 56 52 53 54 51 48 46 55 53 55 55 54 52 57 61 55 53 59 56 57 50 53 60 52 57 54 57 55 55 55 49 55 61 55 55 51 48 43 38 35 29 35 34 49 65 58 30 21 19 20 15 7 20 41 69 90 95 86 77 76 81 98 95 58 24 45 67 67 65 72 83 68 40 32 34 32 32 32 33 31 35 32 30 30 34 35 34 37 33 32 32 34 31 35 28 31 30 31 25 28 28 36 26 62 96 123 122 101 80 80 
58 51 55 58 57 54 57 56 55 57 57 63 58 57 57 58 56 57 58 63 60 65 67 60 47 42 38 31 38 43 38 40 37 37 41 43 43 31 32 36 44 39 33 33 36 41 34 34 40 46 32 53 42 28 30 24 12 7 5 21 33 65 84 102 116 124 127 111 63 82 103 101 97 103 114 104 61 47 48 50 45 46 53 54 45 47 46 51 48 48 43 40 43 44 47 45 41 47 47 44 46 54 48 41 42 50 125 155 159 201 124 111 
55 59 52 52 56 56 61 58 57 59 60 51 55 61 65 60 55 58 60 56 62 55 48 36 32 36 35 34 35 34 33 33 33 38 31 30 35 36 30 34 32 37 39 35 34 34 46 40 32 35 39 39 54 34 21 21 29 50 91 110 125 126 123 97 81 79 88 117 115 107 98 94 98 120 124 91 56 39 39 41 45 49 47 43 52 50 49 42 50 52 50 50 50 50 46 45 47 44 40 49 49 41 45 45 47 44 140 181 164 202 106 203 
52 55 57 55 56 56 56 55 57 54 59 62 60 60 61 59 59 60 60 62 51 37 35 39 38 32 39 37 33 39 41 35 36 39 31 29 20 28 28 25 26 21 29 27 27 26 30 40 34 26 25 34 41 47 53 86 124 133 130 129 119 100 86 72 45 37 43 66 85 77 78 78 84 93 93 73 60 57 53 44 43 35 33 37 41 44 48 52 44 45 44 46 49 43 45 49 50 48 47 42 45 44 39 46 46 42 149 179 148 209 120 195 
54 53 51 58 58 61 57 58 58 61 58 55 57 63 59 55 63 60 55 44 40 37 31 33 34 33 35 37 32 39 39 39 27 25 41 43 44 35 45 51 51 50 40 45 41 39 40 30 37 43 40 49 44 49 61 63 87 93 93 86 79 83 80 78 87 92 86 87 88 91 90 86 95 88 92 97 97 100 102 102 95 92 78 69 57 41 33 35 41 41 43 47 45 43 47 41 47 45 44 47 47 44 49 44 51 41 152 146 101 205 150 153 
55 47 57 50 55 56 57 56 56 59 62 62 61 55 59 64 60 65 50 38 34 34 32 28 36 44 36 35 40 34 41 50 63 61 51 48 64 74 81 79 85 81 86 80 84 84 84 86 87 89 92 86 94 93 94 97 86 83 86 90 92 95 101 96 91 94 97 94 91 92 95 96 90 90 85 87 91 101 101 103 96 96 102 94 94 92 80 67 46 34 42 49 46 53 47 47 46 44 48 45 43 42 43 42 39 45 141 119 67 159 167 90 
53 64 46 59 55 56 55 50 55 54 50 56 56 61 65 62 59 45 40 36 39 32 35 37 39 37 46 44 48 58 57 66 65 68 77 80 80 89 89 85 85 89 88 90 90 94 100 106 101 89 89 94 92 94 96 92 100 104 105 106 102 105 103 105 106 106 103 106 103 102 104 107 106 104 105 99 102 89 94 103 109 105 102 104 99 88 88 85 82 74 52 37 49 43 45 51 48 50 46 50 54 48 51 47 49 50 110 125 101 172 160 84 
55 48 63 56 54 53 54 61 61 61 62 59 59 55 52 42 38 34 31 33 39 37 32 34 35 41 45 62 71 77 79 82 94 92 91 99 99 92 94 103 95 90 96 103 104 104 102 100 102 105 109 109 112 111 108 111 108 108 106 105 110 107 109 111 112 114 114 107 117 115 111 112 113 112 109 112 107 105 110 101 97 103 105 106 105 106 101 95 92 91 90 73 48 44 49 50 50 44 52 48 45 49 44 42 43 45 106 131 70 157 192 110 
57 59 53 56 58 58 55 57 55 55 58 55 53 58 55 41 40 35 35 38 35 34 42 48 55 56 63 63 77 77 82 89 89 94 99 101 98 101 98 90 95 105 101 97 88 96 102 106 115 116 120 121 116 121 119 114 115 112 115 107 113 117 122 116 121 123 123 122 125 116 116 115 114 110 111 109 109 108 102 101 93 94 104 107 106 104 98 100 95 95 90 88 85 75 45 40 47 45 47 49 49 49 49 49 48 45 136 173 87 117 134 87 
48 50 58 57 52 55 58 55 57 62 54 61 64 50 40 39 36 36 34 29 32 40 49 65 69 71 68 78 83 94 95 96 101 103 104 109 103 99 100 104 111 103 91 81 94 105 109 108 110 119 112 124 124 122 123 120 116 117 114 117 122 122 120 127 124 126 130 129 119 123 118 115 112 111 106 106 107 100 101 107 109 106 99 93 97 103 105 102 100 95 94 94 91 88 86 56 34 43 50 48 47 47 50 44 50 43 110 208 114 90 117 99 
58 58 53 57 60 55 54 56 59 55 60 60 50 45 33 33 30 30 26 33 43 66 77 84 81 83 84 91 95 97 95 101 116 109 104 99 105 110 109 107 92 85 81 88 88 99 104 107 109 109 117 125 124 123 120 114 117 119 119 117 118 125 124 131 129 127 126 121 127 128 126 117 112 110 108 103 102 109 109 102 102 98 102 100 97 106 102 101 99 100 97 96 93 91 89 91 79 43 39 47 52 29 12 20 42 57 58 144 142 137 142 156 
54 58 59 58 58 61 56 59 56 60 56 45 33 29 38 26 27 25 38 51 67 72 80 79 84 83 91 96 101 100 103 112 108 112 108 118 116 114 108 95 86 71 97 113 117 113 112 107 108 107 101 99 108 117 115 121 113 120 122 126 128 131 134 132 133 126 128 132 132 132 131 127 111 105 105 108 104 103 101 103 102 98 95 96 98 96 97 99 100 95 97 92 96 92 86 90 90 89 54 5 17 83 121 136 125 106 139 123 120 122 121 111 
52 50 54 58 56 54 58 57 54 56 52 42 37 35 30 32 35 45 59 74 81 80 82 88 91 98 94 98 101 109 109 113 112 107 109 109 111 114 95 87 95 99 113 113 123 119 113 115 112 114 107 99 94 108 118 124 130 122 126 130 129 132 130 133 131 128 129 131 134 142 134 130 120 111 97 91 100 106 107 106 106 105 100 101 98 96 95 99 91 99 95 92 92 93 92 89 90 90 90 137 220 229 234 231 223 187 88 77 105 112 120 135 
60 60 55 52 57 58 56 59 62 50 42 31 31 30 37 35 49 69 77 74 75 84 87 90 88 90 101 105 106 108 110 108 109 113 113 116 120 96 89 92 108 116 117 118 116 123 124 121 115 104 107 89 101 119 121 122 123 124 125 129 131 140 137 131 130 133 135 137 137 137 142 132 128 122 110 103 100 98 104 100 104 100 89 90 95 95 92 93 100 98 95 95 92 91 88 90 86 90 88 80 143 226 216 212 216 223 227 128 80 114 116 112 
54 54 56 58 59 57 60 53 42 38 32 38 37 40 37 44 65 76 79 83 85 84 89 90 97 101 101 106 105 112 110 111 109 111 111 112 96 87 73 92 107 114 125 128 133 129 129 121 107 85 97 83 95 115 114 118 119 125 130 133 135 137 135 133 130 136 140 140 143 141 141 138 127 120 115 107 106 96 95 102 108 104 104 101 98 93 89 91 94 88 88 90 94 92 95 89 87 84 88 84 62 113 214 224 212 211 217 224 134 74 118 115 
58 59 60 56 56 57 53 54 39 36 39 37 41 35 30 55 66 71 78 82 84 92 95 95 97 104 104 107 113 111 111 108 111 109 114 100 97 88 91 98 121 119 126 132 130 136 128 106 58 96 103 69 92 99 103 111 122 127 133 132 131 132 131 132 135 134 138 143 140 144 142 135 135 124 114 111 111 110 102 91 98 106 106 105 105 102 99 96 93 93 89 88 91 89 87 85 84 83 82 90 80 60 55 145 227 218 210 215 232 175 88 113 
59 56 59 61 57 60 58 43 35 30 30 26 25 35 54 67 81 88 83 85 90 90 90 95 106 107 106 113 110 107 113 111 113 116 112 107 95 95 95 94 109 123 124 130 136 140 121 57 98 114 69 33 76 112 101 110 123 127 123 134 130 132 128 124 128 135 142 142 141 135 137 134 130 129 121 114 109 103 104 109 100 99 104 110 109 108 108 99 95 98 101 95 89 85 83 86 85 82 84 84 90 88 86 64 92 190 223 209 214 224 191 119 
55 54 55 55 56 54 52 43 24 34 34 39 33 44 57 72 101 91 90 95 95 97 107 109 108 107 109 107 109 113 108 114 123 117 117 110 100 95 86 95 103 116 122 128 129 133 89 100 127 107 45 40 82 114 117 102 116 132 128 127 127 125 126 129 132 135 131 135 138 136 129 131 127 127 122 116 117 106 105 101 107 104 110 119 115 116 114 108 94 99 92 86 87 82 86 85 81 79 74 79 82 83 82 85 84 96 163 231 211 214 216 157 
59 58 54 58 60 50 39 36 42 38 40 31 46 59 71 77 78 91 93 92 95 96 104 107 99 100 101 107 115 114 111 115 116 121 115 102 94 98 91 100 102 110 120 133 137 124 95 117 125 63 23 30 96 118 115 99 113 124 130 125 125 125 125 129 125 131 138 139 134 134 134 134 131 124 118 120 112 115 104 110 117 114 117 117 116 117 113 113 108 93 96 93 86 83 80 82 83 85 84 81 81 76 85 86 83 75 91 143 221 211 210 192 
56 56 58 60 46 34 41 38 34 36 26 29 40 57 74 82 85 88 95 99 101 98 105 100 101 101 105 106 109 109 113 119 121 117 116 106 96 83 82 90 104 110 120 127 128 96 104 128 106 33 25 33 104 128 120 89 107 127 124 124 128 124 128 127 134 136 136 137 135 134 129 125 124 117 118 118 119 120 119 118 121 120 121 121 118 121 110 108 103 93 90 91 85 85 85 82 79 76 81 75 72 74 73 83 85 84 82 102 127 228 210 206 
58 51 57 44 46 38 29 31 25 30 34 35 51 64 78 83 91 92 96 95 94 99 105 104 108 117 115 110 115 114 114 117 116 122 114 105 97 89 89 102 109 111 121 125 115 85 103 118 56 28 117 115 94 114 122 98 105 120 124 122 120 122 126 131 125 129 135 135 134 123 128 119 117 117 114 115 113 110 112 116 118 122 114 105 106 101 109 104 99 102 102 95 88 91 79 79 73 75 69 74 79 74 77 77 75 84 87 86 113 135 224 212 
63 61 51 52 32 38 42 37 33 36 34 44 54 72 82 95 98 100 96 97 106 112 111 115 111 111 111 114 106 111 117 124 124 128 123 109 98 96 80 83 107 117 123 124 103 84 114 89 32 93 157 136 88 104 99 91 92 121 125 119 113 118 121 133 132 129 133 138 135 132 123 123 116 110 116 110 103 106 109 113 112 107 96 96 84 84 84 92 91 86 77 86 77 74 80 81 86 84 87 82 81 59 51 67 81 82 84 82 90 113 114 226 
51 58 51 25 36 28 30 30 31 25 38 39 61 74 85 86 94 96 95 97 106 110 107 105 113 118 118 113 114 112 118 120 128 130 122 112 99 87 85 84 100 118 119 117 80 93 110 61 82 131 71 131 90 97 95 86 97 117 118 116 114 117 124 126 132 140 139 131 131 128 126 125 120 114 109 102 102 110 121 115 105 89 86 82 79 73 76 74 75 72 72 71 80 89 85 88 84 84 88 82 72 66 69 79 70 79 83 88 79 87 96 111 
59 49 37 41 34 33 32 44 29 31 41 60 74 87 92 99 95 97 108 111 110 106 119 113 113 113 110 116 117 123 119 126 130 134 126 115 98 78 79 87 100 115 125 119 88 111 116 51 17 19 27 66 88 89 95 74 95 116 120 120 118 122 127 132 136 133 132 136 138 138 131 121 114 113 106 102 103 108 97 86 82 81 79 67 63 53 50 57 66 75 77 70 76 86 88 90 88 82 85 82 80 75 71 71 68 63 73 79 87 84 100 86 
49 38 35 30 28 32 27 33 36 38 43 63 79 85 87 90 101 104 104 108 110 116 112 116 115 114 116 119 113 116 121 126 130 134 125 124 104 68 70 80 86 111 127 118 90 115 94 33 42 30 36 44 98 96 94 75 102 116 116 121 117 119 128 133 140 139 140 142 132 132 130 127 120 113 108 103 105 104 88 71 76 75 73 66 52 44 47 56 72 86 81 94 91 89 88 87 89 91 81 79 87 84 77 64 61 70 73 80 85 84 82 109 
47 42 35 34 38 33 33 25 34 35 54 70 79 85 97 103 99 99 106 111 113 109 113 110 118 117 120 119 120 126 126 125 132 135 127 125 98 71 66 74 85 111 124 121 92 125 88 127 122 32 39 65 107 80 81 70 102 114 117 120 115 125 133 138 147 145 140 132 135 132 126 120 117 118 117 110 110 93 84 90 97 77 40 34 45 66 83 90 107 116 117 116 110 105 96 91 80 89 99 102 83 72 65 53 61 41 59 78 79 85 85 85 
44 37 30 30 21 31 29 33 34 37 54 68 82 91 90 93 106 106 103 108 110 115 118 119 116 118 115 113 115 119 124 134 135 134 132 127 93 64 63 63 74 105 124 117 86 120 84 19 22 27 42 103 134 92 74 77 102 117 116 115 127 125 128 140 141 143 135 136 136 125 122 122 133 131 117 112 107 97 97 110 96 85 109 105 89 96 109 123 120 128 130 122 123 121 111 102 99 107 88 50 63 67 65 57 50 59 54 65 75 82 85 76 
39 29 32 27 38 35 37 32 33 47 71 88 90 90 91 98 105 104 108 110 114 111 111 117 121 120 121 121 120 128 135 140 143 144 138 123 93 72 65 68 74 108 119 111 86 104 79 26 26 38 26 90 97 83 80 91 110 125 121 120 121 129 132 137 142 136 137 135 122 123 122 123 120 120 120 114 100 104 109 108 113 125 126 101 56 77 120 128 126 128 125 120 120 116 118 110 109 94 93 96 96 91 77 62 60 52 46 41 60 78 79 81 
33 33 30 31 29 20 22 29 32 50 66 85 85 91 95 96 99 100 107 108 113 119 120 121 117 121 122 116 121 127 129 135 143 151 141 124 94 72 71 74 65 92 118 111 76 97 83 39 28 44 79 114 111 88 78 101 115 125 126 126 127 131 136 141 138 133 123 117 106 113 125 138 140 132 120 114 113 107 112 124 130 134 114 74 27 33 91 110 134 134 127 130 119 120 117 108 102 96 98 86 86 67 71 54 65 66 59 51 37 48 66 76 
33 33 28 31 30 31 37 31 37 55 73 83 95 96 99 107 102 104 105 114 120 122 124 124 125 124 128 123 121 124 135 143 152 158 152 128 101 72 65 67 71 91 113 109 67 86 76 45 109 140 109 124 92 91 90 113 121 127 123 127 127 130 133 145 138 127 109 110 120 131 135 135 138 130 123 115 112 121 126 127 129 127 103 45 17 28 72 107 110 127 128 125 117 116 116 112 103 104 100 107 102 98 94 87 78 81 51 42 40 45 49 72 
31 30 37 31 27 31 32 34 50 63 72 84 87 94 97 95 104 108 113 120 123 124 127 130 129 130 127 123 129 132 138 141 146 162 147 131 105 80 61 73 80 80 100 103 63 67 75 49 59 99 60 104 87 87 100 126 127 124 123 125 122 138 140 140 128 118 115 120 136 139 150 147 139 132 123 129 132 122 126 129 126 118 81 47 20 26 109 128 115 114 124 131 123 117 103 108 110 104 98 105 106 103 104 96 82 71 54 52 42 41 50 43 
30 40 32 30 27 28 26 39 46 60 75 89 89 95 100 105 105 105 112 117 125 131 127 130 130 133 133 132 125 128 135 148 166 176 168 134 104 86 76 76 71 86 94 100 78 58 81 51 20 120 103 100 102 103 112 121 123 124 122 127 136 134 140 131 110 111 117 127 139 148 145 147 143 126 127 131 112 114 120 131 134 114 83 64 28 29 89 117 112 118 121 129 131 127 119 108 101 100 102 103 111 112 105 91 98 85 85 57 49 43 28 46 
34 27 26 26 35 35 33 35 53 69 75 79 93 104 99 99 105 111 119 122 130 133 137 137 138 139 141 131 131 134 142 146 158 172 167 134 111 80 70 66 69 79 92 99 90 57 64 69 33 187 172 104 95 117 125 123 128 126 127 127 135 132 118 116 124 133 135 124 102 78 85 106 134 137 139 129 131 132 129 123 127 109 94 84 56 25 90 122 131 115 121 125 130 126 119 104 97 98 100 97 101 110 116 115 99 83 52 39 45 43 44 42 
28 28 35 36 32 34 39 50 65 70 77 87 87 87 95 108 110 113 117 125 130 124 134 138 136 137 134 134 124 128 134 158 169 169 159 139 106 78 71 68 74 76 83 92 96 74 59 77 38 53 77 93 112 110 117 129 127 131 129 127 130 134 120 121 137 174 159 118 107 97 92 106 122 139 134 119 123 129 127 140 132 112 99 88 77 84 108 135 127 109 106 119 123 130 126 108 97 92 95 99 92 101 105 105 108 103 75 64 49 54 43 37 
32 26 23 34 36 32 42 36 49 71 84 84 92 99 104 104 114 118 123 132 133 139 140 140 142 146 142 127 130 128 137 157 180 173 157 135 107 87 69 73 82 86 79 93 103 98 60 83 73 34 96 114 105 107 116 127 127 126 130 131 138 138 123 126 132 164 145 108 74 66 93 102 122 133 129 124 134 125 131 139 126 113 105 87 75 101 107 130 119 127 122 110 119 119 116 108 98 90 89 90 95 97 95 94 97 87 68 56 49 35 50 46 
30 34 43 32 26 30 43 43 57 66 77 83 90 97 108 109 112 117 124 135 138 136 141 141 145 150 145 134 130 136 138 152 171 175 163 143 119 92 84 76 78 85 76 82 93 91 83 68 114 100 109 111 104 114 120 128 127 128 123 129 139 121 115 131 147 161 123 88 43 39 66 99 112 128 121 111 122 132 146 129 120 116 120 91 52 94 116 118 122 144 134 118 112 113 117 109 96 83 81 80 86 86 102 109 97 80 58 48 47 37 30 38 
25 23 19 27 37 33 29 51 62 75 85 83 88 99 98 111 118 124 129 128 132 138 144 138 144 149 150 136 129 133 140 144 157 170 157 140 123 101 84 76 86 88 89 82 77 92 89 81 110 125 109 107 118 119 128 123 123 122 127 130 120 117 118 125 140 152 124 67 22 25 39 94 115 124 116 127 127 128 129 124 122 111 92 77 58 93 111 115 118 117 148 174 141 122 115 120 100 82 70 74 83 91 99 112 95 84 45 38 41 31 37 50 
35 36 33 34 18 27 37 52 62 75 77 87 90 95 109 105 112 124 132 138 147 135 138 140 141 143 140 134 132 136 139 147 147 150 158 155 129 115 101 93 90 94 97 99 100 90 92 98 104 109 106 107 118 125 123 132 128 130 131 123 120 115 113 128 142 140 116 56 19 27 69 107 121 121 121 119 118 129 126 122 126 122 101 77 54 99 105 103 115 114 133 163 163 134 104 105 106 85 70 63 78 86 95 103 103 100 81 60 39 47 33 38 
36 26 32 27 34 27 37 48 61 64 74 85 96 98 104 117 118 124 132 140 144 149 145 137 146 149 140 134 131 129 139 136 147 151 147 147 145 125 105 94 93 91 104 108 118 117 103 100 104 106 116 125 124 119 122 124 131 127 123 122 118 123 128 143 160 144 112 55 21 35 98 104 114 123 115 124 127 130 121 118 119 110 89 69 48 57 38 69 112 119 117 131 129 114 111 98 99 86 63 54 60 77 78 101 99 58 45 50 45 41 34 36 
26 31 30 24 28 34 40 44 56 69 77 84 89 100 110 114 120 121 130 137 143 138 138 139 138 143 141 136 132 132 133 142 147 161 164 155 139 129 122 107 98 100 108 120 126 126 120 118 122 128 127 117 118 127 125 125 118 127 124 124 125 128 136 161 154 124 108 53 21 44 102 106 115 113 118 120 127 124 114 122 113 103 86 63 66 165 88 75 106 115 109 105 117 112 110 106 87 87 55 43 52 66 86 94 97 96 64 46 43 43 35 37 
30 22 24 35 28 31 34 51 64 72 73 82 90 96 108 115 118 123 132 132 140 145 149 149 139 136 147 136 137 137 138 141 157 161 161 146 143 127 114 110 108 109 113 123 134 138 134 129 128 123 116 121 127 123 124 124 130 127 127 124 127 137 145 172 180 141 113 71 24 50 94 102 112 119 121 119 112 112 112 112 115 91 68 48 56 115 90 77 108 129 132 119 104 96 89 93 77 78 57 46 48 60 85 99 89 87 54 49 51 41 38 32 
28 30 30 27 34 36 44 56 57 67 76 76 86 92 103 112 123 131 134 135 134 143 152 146 142 141 143 139 135 135 136 148 159 165 165 153 137 125 120 118 111 107 120 127 133 137 133 138 130 124 124 125 125 132 132 136 131 127 125 139 141 147 152 163 159 152 118 89 19 49 82 84 102 123 121 126 134 122 119 120 107 88 53 40 62 110 76 74 106 124 137 142 129 106 95 89 75 75 60 33 37 46 73 98 106 66 69 70 40 38 30 28 
28 21 30 37 34 33 44 46 63 73 76 79 88 98 108 118 128 120 135 132 137 137 136 138 139 140 130 129 134 135 141 150 158 169 159 146 139 129 122 117 111 111 116 121 134 134 139 133 126 129 132 131 129 129 131 134 132 132 135 133 138 145 150 135 134 134 126 110 61 52 52 62 91 123 124 131 134 125 125 125 111 71 43 40 51 63 25 75 97 129 143 146 133 114 86 83 76 64 51 37 43 49 70 97 107 100 89 67 63 49 43 47 
27 31 31 30 35 38 42 55 62 68 83 89 96 100 113 114 121 127 133 133 134 137 140 140 143 135 135 134 133 134 138 147 151 165 156 151 138 127 120 120 119 118 117 130 134 133 128 124 128 131 129 137 128 131 132 135 136 136 131 133 147 161 170 164 139 127 120 106 96 47 53 56 76 126 134 133 135 125 123 117 106 89 51 43 74 151 135 85 101 119 151 176 167 120 101 90 70 62 54 32 38 40 63 99 111 107 97 67 60 49 29 31 
24 29 29 30 26 36 44 53 58 70 75 80 93 99 97 112 119 122 126 130 138 138 145 144 145 139 140 135 142 133 134 139 152 167 171 163 154 136 122 114 111 117 119 139 146 150 144 139 130 127 130 131 133 140 140 141 133 135 140 150 160 195 172 153 145 125 107 91 78 71 35 45 54 92 98 121 143 124 121 112 106 93 59 48 69 125 111 62 93 116 142 201 197 135 105 89 70 57 47 28 34 42 60 90 111 111 89 63 40 40 44 39 
36 33 30 26 34 43 43 54 63 73 76 83 92 101 110 114 119 124 121 123 131 133 133 139 141 137 132 132 132 127 132 144 156 172 170 147 143 137 123 127 112 107 124 142 146 142 142 129 132 134 134 133 126 134 138 135 138 136 143 155 178 206 192 153 136 117 100 81 70 68 55 46 47 62 100 122 154 127 125 124 112 84 64 54 74 127 105 78 98 118 152 198 198 122 105 89 69 54 48 34 35 44 51 87 97 113 81 45 47 47 45 35 
30 26 26 34 34 39 48 58 58 70 77 73 88 101 101 100 110 114 119 130 133 133 138 133 136 129 126 127 133 134 134 144 158 172 178 160 150 134 127 115 106 109 110 117 130 133 126 129 116 120 126 131 137 135 136 137 131 132 137 160 190 219 192 165 127 115 93 83 52 41 44 40 49 55 104 123 137 128 118 114 103 91 64 54 83 115 68 67 113 130 151 185 170 131 107 89 64 51 44 26 34 34 52 84 106 96 97 69 57 38 31 37 
28 28 29 24 25 32 42 55 73 75 81 89 85 95 99 108 106 112 116 118 125 131 126 130 135 132 131 129 129 130 139 145 158 169 172 160 135 123 116 120 110 101 107 119 119 114 114 110 114 120 121 120 121 129 127 126 127 139 146 150 189 205 167 133 124 103 87 74 64 45 39 29 31 53 100 125 163 135 138 130 125 99 68 53 93 126 62 78 114 138 140 204 177 124 107 86 71 58 41 30 32 37 40 75 94 102 76 49 46 39 40 32 
33 28 26 25 31 41 53 61 65 76 79 84 93 95 101 101 112 114 117 124 132 130 121 126 122 127 122 124 126 130 138 141 157 179 172 156 135 128 120 107 105 103 108 107 107 115 115 115 114 111 113 117 121 122 127 126 123 119 128 130 135 156 148 130 117 112 102 84 64 65 49 38 39 58 104 118 139 125 129 115 100 77 56 44 22 38 34 71 130 141 140 182 162 129 115 96 79 56 42 29 32 33 45 79 92 88 81 65 51 52 38 35 
28 33 30 27 28 31 41 56 64 69 84 89 87 84 95 105 107 116 123 117 118 118 124 123 126 124 123 127 133 133 136 140 162 177 166 150 133 116 102 101 92 91 96 106 114 117 108 110 109 108 110 115 116 117 119 120 120 126 128 130 134 132 139 133 120 108 92 78 75 57 25 42 58 71 105 122 110 106 103 91 89 74 49 52 85 91 42 85 131 127 142 191 177 124 108 89 63 56 45 24 26 31 46 73 97 75 48 37 35 38 39 38 
32 33 32 28 27 36 41 55 69 77 77 79 83 93 95 97 115 118 120 119 119 122 122 118 125 123 118 127 131 136 140 148 160 161 145 131 110 103 103 87 84 89 89 94 102 102 99 90 97 102 108 114 112 116 115 116 114 115 117 126 131 130 124 123 116 100 89 68 38 33 31 35 54 110 122 130 122 107 107 91 81 62 46 52 94 116 65 90 127 138 164 184 146 114 106 78 63 48 36 28 29 34 42 78 85 93 70 58 38 41 36 25 
26 32 32 32 32 43 39 55 64 73 86 85 88 87 87 90 94 111 116 115 120 121 122 123 124 126 123 124 131 130 140 151 153 152 143 121 105 92 84 86 80 83 89 89 91 91 74 70 84 93 96 99 107 106 109 106 113 108 115 117 128 133 137 135 114 83 73 32 30 34 29 42 82 131 130 127 113 101 104 111 100 64 47 62 96 113 64 86 136 158 171 211 181 110 91 77 65 41 35 22 26 34 40 82 103 80 61 49 56 39 22 30 
27 32 26 22 35 30 39 53 66 69 67 74 85 86 92 101 97 106 105 115 116 115 119 121 119 114 115 116 125 134 141 150 161 149 128 116 101 89 80 75 74 69 75 70 69 63 66 75 74 85 89 104 109 115 109 112 106 109 109 108 114 132 146 123 95 86 41 20 29 35 41 50 97 106 110 111 105 113 117 98 93 76 44 44 105 129 57 94 123 135 184 219 162 105 85 73 49 43 42 28 23 34 47 82 106 97 58 62 46 35 29 25 
33 21 31 31 25 31 33 49 62 70 76 77 81 84 88 98 106 103 106 108 114 118 115 112 119 119 113 114 121 128 141 152 154 152 133 127 113 94 81 73 65 73 63 64 77 90 112 122 105 91 86 90 104 104 115 112 104 102 99 107 114 128 137 118 100 74 33 16 26 44 43 76 104 108 106 112 106 107 104 99 88 60 39 58 113 135 74 99 127 141 153 212 147 87 73 62 46 40 33 22 30 29 42 85 101 77 82 61 48 34 32 33 
35 37 36 24 32 25 32 44 58 67 72 79 80 87 91 92 107 109 111 110 111 113 114 111 110 111 114 116 119 120 130 144 157 146 136 118 91 74 71 69 70 61 73 80 84 100 98 95 113 113 97 93 92 103 103 116 118 103 104 105 101 110 130 131 113 79 29 18 30 69 67 81 103 101 105 109 98 100 107 99 85 59 41 52 117 104 74 111 119 126 139 121 82 75 67 58 45 40 32 25 27 32 58 96 98 93 86 62 59 47 43 28 
27 28 24 32 20 27 33 43 56 69 70 78 81 83 92 87 88 105 107 113 112 114 111 110 112 112 113 117 117 121 135 157 161 147 133 104 87 82 70 63 59 66 80 86 91 85 80 98 48 81 111 103 102 102 105 105 110 108 101 98 96 102 117 134 112 80 34 21 32 74 78 92 97 103 106 111 102 102 100 90 77 54 40 52 67 45 84 108 117 119 115 94 80 68 69 54 42 44 33 21 29 31 63 96 97 88 71 65 50 42 36 32 
32 32 38 25 38 32 38 43 53 67 73 77 78 83 80 95 93 95 101 106 114 109 109 113 111 109 110 109 110 118 128 137 151 123 107 96 78 70 70 62 62 74 94 87 86 68 87 45 75 94 102 101 102 108 103 103 106 113 111 103 106 111 120 136 124 81 34 20 33 83 80 96 106 108 106 110 103 102 103 94 75 54 41 50 87 81 90 103 116 104 97 89 74 71 69 58 46 40 32 33 34 40 72 99 99 91 101 82 68 43 27 33 
33 28 22 28 26 36 28 32 54 63 60 75 82 81 89 92 97 103 108 98 99 107 109 112 104 100 102 107 115 125 135 150 140 124 111 87 68 68 60 59 67 86 85 81 52 75 69 30 64 78 105 99 109 106 115 109 105 111 112 109 108 118 122 128 119 84 38 16 16 57 70 89 99 101 106 116 105 97 100 101 91 61 41 66 109 110 98 108 113 107 84 75 79 68 58 48 46 44 28 23 28 48 79 97 101 94 76 69 46 40 48 33 
29 25 34 33 23 31 35 32 36 55 72 73 74 81 87 87 91 92 103 112 102 103 104 102 103 105 107 109 111 117 128 137 138 121 98 71 61 66 65 61 76 92 94 76 81 84 63 40 222 175 98 91 107 119 119 117 114 116 119 111 110 116 125 141 127 89 50 28 31 55 74 89 102 108 108 108 110 96 105 103 81 58 35 53 67 52 137 117 99 90 112 113 78 73 64 56 55 37 26 33 34 49 75 92 96 89 78 68 51 48 39 28 
39 37 31 31 34 28 23 26 37 54 58 72 73 79 78 85 94 94 93 100 110 102 101 108 107 102 104 103 107 118 125 137 130 117 91 62 59 63 60 64 88 100 92 68 90 90 44 59 147 98 112 99 98 110 117 115 116 115 112 102 104 113 121 143 127 88 57 39 44 62 65 90 106 102 109 110 113 103 103 104 89 59 42 45 64 79 92 110 97 99 106 101 97 74 65 63 57 39 33 32 43 70 83 89 91 85 75 53 51 33 35 25 
41 28 29 29 38 39 32 26 35 49 62 63 72 70 82 86 89 95 104 92 97 98 100 100 99 102 103 109 111 112 126 135 128 99 81 62 59 63 59 74 103 117 86 98 113 84 59 138 142 96 112 95 82 104 111 118 119 115 120 115 99 103 115 131 121 93 70 62 57 64 80 100 101 102 106 109 117 99 98 105 100 66 46 67 89 89 114 106 99 141 146 102 85 78 67 74 52 39 33 33 50 72 87 93 91 81 75 62 44 40 27 26 
41 36 35 33 31 29 31 35 30 43 57 74 72 76 77 76 84 89 90 98 90 96 100 102 98 100 108 107 109 114 118 116 115 99 61 53 53 57 56 90 111 115 92 116 113 73 68 121 173 121 103 87 73 93 109 114 119 112 116 118 120 98 94 90 91 77 67 52 50 62 86 104 112 95 105 110 114 104 93 97 86 57 50 79 135 135 118 104 120 162 115 84 87 74 80 63 48 34 34 46 56 78 84 88 90 78 64 54 42 37 33 28 
49 35 30 23 30 34 31 32 32 43 55 64 76 75 72 80 89 90 94 89 94 96 93 95 103 95 94 97 106 112 120 123 115 97 77 70 66 49 78 98 118 115 93 117 118 50 12 13 39 92 119 96 88 77 108 111 110 117 122 119 125 115 100 99 106 113 85 44 42 63 90 111 112 107 105 109 120 119 99 100 91 73 43 38 25 67 111 105 111 96 88 97 83 91 83 67 51 49 46 53 69 75 88 86 79 68 57 48 37 33 30 35 
58 37 36 37 32 25 35 29 33 34 54 61 64 68 72 77 72 81 88 90 90 94 98 95 92 95 90 96 100 111 120 113 106 92 71 60 59 71 77 103 119 112 97 128 118 48 67 49 38 118 120 81 73 68 94 111 109 117 120 125 126 125 117 114 116 120 125 123 122 121 120 118 117 112 106 111 113 114 97 92 88 60 54 34 42 99 100 96 109 98 92 95 99 85 76 61 48 45 54 60 65 78 90 92 83 66 62 39 25 31 33 27 
55 58 39 32 33 36 31 26 26 33 41 58 69 72 72 72 76 82 87 86 93 94 90 96 93 97 99 101 106 107 111 115 105 84 69 66 59 68 88 102 110 101 98 128 108 97 176 57 35 56 117 84 80 56 89 105 108 112 118 122 128 120 120 117 117 126 121 128 126 126 118 113 116 108 104 109 107 114 97 84 74 59 38 21 37 101 121 96 82 91 100 104 99 83 73 60 55 60 66 70 76 74 71 71 68 62 54 38 36 32 27 33 
53 53 42 28 30 29 28 33 32 26 38 53 61 66 69 75 79 79 78 88 86 90 97 95 96 91 95 93 95 101 105 108 99 81 66 64 61 72 90 104 112 98 92 101 78 33 29 22 35 49 81 76 82 48 77 104 111 109 112 122 123 126 126 121 120 125 119 124 120 122 121 119 113 107 105 108 109 108 109 68 59 49 27 14 50 99 102 96 95 102 107 105 94 84 70 68 66 66 72 68 73 85 80 76 60 51 44 40 33 36 39 28 
54 55 56 44 35 37 30 26 37 43 32 47 57 66 69 67 74 78 90 87 84 90 87 89 92 96 98 99 99 101 99 100 98 91 74 60 70 81 91 105 105 89 82 104 101 39 17 26 43 38 69 77 85 53 73 108 115 104 119 118 117 124 129 128 126 120 124 115 119 123 125 121 111 106 97 107 116 113 99 75 44 35 20 22 74 101 92 94 103 110 105 91 81 74 73 73 69 72 66 75 89 95 88 81 74 50 38 26 36 26 25 34 
55 57 50 41 38 25 36 36 28 25 35 33 51 56 63 72 71 80 82 85 90 89 98 91 91 93 90 95 92 100 104 100 91 81 67 72 73 85 100 107 111 103 79 95 90 47 20 21 14 69 73 71 85 55 67 101 107 114 106 118 127 123 131 133 132 134 134 126 116 109 117 110 107 92 100 105 107 107 110 73 48 23 11 16 62 79 95 110 110 104 97 93 87 84 80 77 75 69 74 83 83 90 82 67 56 50 45 39 29 34 32 32 
55 54 55 52 33 37 33 39 33 30 26 36 42 50 58 66 71 70 76 78 87 87 85 89 92 95 96 94 97 97 95 89 79 82 77 69 70 94 101 107 111 99 78 96 88 45 53 61 106 120 80 83 88 59 66 104 114 109 109 115 115 122 126 126 132 113 123 121 124 114 105 107 108 99 91 97 103 97 99 80 42 16 19 70 97 115 115 105 98 93 96 93 89 85 80 80 76 73 84 82 86 77 77 75 64 51 35 25 27 22 26 45 
57 54 52 57 55 36 38 33 31 28 29 28 35 52 58 63 67 65 80 82 87 90 88 93 93 93 94 93 93 92 94 92 86 80 83 66 62 83 101 107 106 103 75 89 99 69 30 91 138 117 76 84 92 61 62 109 111 109 106 107 120 122 124 122 122 121 119 116 115 110 102 100 101 91 84 82 83 95 97 89 66 63 65 93 111 105 102 102 98 95 94 94 95 88 80 72 73 89 93 86 80 75 62 55 47 54 42 33 29 40 36 45 
53 59 60 60 52 50 30 27 25 26 31 28 25 34 53 55 62 67 65 75 78 87 93 92 91 94 93 91 94 93 95 83 74 78 81 79 67 85 101 103 109 109 82 87 100 76 35 34 97 88 89 98 92 63 71 112 109 111 107 114 104 122 125 126 125 128 128 111 100 97 89 94 95 83 86 84 92 93 78 85 89 69 72 82 88 94 94 100 98 103 96 94 93 87 81 82 88 83 93 97 91 83 68 48 36 33 38 29 32 27 35 47 
51 52 55 56 60 55 51 34 36 30 31 29 33 31 42 58 58 68 71 75 75 78 83 84 86 90 92 93 92 100 96 94 71 71 72 80 67 86 100 102 110 114 96 75 90 91 48 22 25 50 97 104 92 71 89 111 111 122 113 108 115 122 122 123 123 126 115 107 103 103 95 82 87 85 84 85 89 87 90 75 75 64 63 71 77 80 99 102 95 97 102 95 87 78 87 90 84 85 85 82 73 73 58 50 38 36 29 23 34 49 47 47 
55 53 57 52 57 58 51 42 29 29 30 35 30 29 31 41 56 60 67 72 75 75 81 84 92 92 91 94 93 90 95 99 83 64 66 61 70 87 97 105 110 114 109 73 101 100 61 24 15 50 97 106 81 72 105 115 114 113 110 115 118 118 119 122 119 119 121 107 103 100 92 90 80 86 90 79 78 81 85 86 76 75 69 65 77 75 73 87 89 94 96 90 78 83 85 85 83 88 76 65 77 54 47 33 39 30 27 34 39 57 54 48 
47 55 50 56 54 57 64 52 39 37 30 30 24 29 31 35 42 52 57 67 65 69 76 79 75 84 87 90 88 95 95 92 90 70 61 67 72 80 89 95 110 116 116 99 69 98 93 46 32 56 89 98 80 79 106 111 114 118 115 117 113 119 123 122 116 118 115 104 104 99 88 86 84 79 86 93 90 77 79 84 85 84 77 70 66 65 69 78 84 87 78 80 84 93 85 75 69 66 67 69 62 48 36 34 34 36 30 48 57 44 43 32 
55 49 55 53 56 54 58 55 46 30 34 32 29 29 28 27 34 49 58 59 73 75 74 78 87 82 91 88 94 93 88 93 94 86 64 61 67 71 85 99 108 112 110 103 77 74 84 61 42 50 77 93 77 97 110 115 118 116 117 112 118 121 119 121 119 111 107 111 103 99 100 94 87 88 86 84 84 77 74 78 76 76 80 82 61 64 68 67 67 73 70 81 81 73 63 60 57 66 60 54 41 37 36 37 35 32 49 53 50 53 47 68 
48 52 51 56 54 52 54 57 58 47 36 29 32 27 34 34 33 36 45 57 59 64 71 77 75 79 79 86 87 93 93 94 93 92 82 58 64 82 96 103 106 110 110 109 94 71 74 75 50 61 83 78 85 103 117 111 114 112 114 116 120 123 121 124 121 119 119 110 107 96 98 99 88 83 86 86 78 83 83 77 80 81 80 77 75 68 69 68 61 66 76 71 67 58 64 56 63 56 52 37 36 36 38 42 48 57 51 49 51 45 44 104 
56 55 56 49 56 55 59 57 55 53 44 39 29 29 24 27 27 26 36 42 46 59 62 69 68 74 82 85 86 86 90 97 93 92 88 78 68 69 84 101 101 106 108 108 100 91 78 85 62 70 88 88 94 108 113 119 114 119 121 116 120 117 123 122 126 117 116 111 107 106 99 94 92 88 88 85 88 82 81 79 84 88 82 72 76 79 64 65 69 61 66 58 63 59 51 54 48 46 37 43 38 41 35 44 60 56 59 52 47 40 58 65 
53 48 52 55 53 57 55 56 56 59 50 43 34 29 27 32 27 33 28 37 42 41 54 57 63 68 71 80 84 88 88 89 91 85 91 83 67 57 79 88 97 90 99 102 94 82 83 88 71 88 97 101 97 96 110 109 115 119 118 117 110 121 123 125 121 121 120 122 114 102 103 99 93 89 80 80 91 88 70 78 78 79 88 85 77 82 76 72 66 65 56 57 56 52 47 53 47 48 54 52 49 44 58 62 62 53 50 51 39 37 74 78 
53 55 52 56 56 56 51 56 54 53 62 52 42 35 34 29 31 31 34 31 39 43 45 55 59 57 64 68 74 81 85 85 83 83 84 84 88 77 62 73 88 99 93 93 82 83 80 75 74 87 98 104 105 111 109 110 113 108 112 116 115 116 115 121 121 123 120 114 107 100 96 94 82 81 86 85 84 82 82 87 81 81 82 76 75 68 61 55 57 54 52 51 55 52 50 46 52 42 48 43 50 63 61 55 54 54 58 47 45 75 67 95 
49 49 51 53 54 52 56 54 60 56 55 62 60 40 33 29 31 32 27 28 28 31 38 44 47 47 52 56 69 68 71 82 83 85 84 82 79 82 78 64 68 76 86 83 78 77 83 89 97 102 100 101 104 109 112 109 109 115 115 116 116 114 114 125 127 119 118 113 104 98 91 87 89 86 78 79 80 84 84 85 84 85 76 78 68 62 61 63 55 54 58 55 54 52 55 51 41 41 49 60 61 63 55 55 54 54 39 28 59 84 91 70 
54 54 55 54 48 56 53 56 54 54 58 55 52 53 35 31 32 35 32 32 30 35 29 32 39 49 54 60 60 66 69 72 71 75 79 79 75 78 79 76 72 72 75 79 91 93 90 91 101 102 98 100 104 102 104 109 111 110 117 115 116 119 120 118 121 119 115 105 96 94 87 81 80 80 77 72 78 73 74 72 70 64 65 59 65 61 61 64 52 56 57 57 57 58 55 52 50 55 56 58 58 50 59 57 53 33 35 63 80 78 88 141 
50 54 51 51 57 58 57 53 51 57 55 55 57 56 53 39 34 31 31 32 32 25 34 32 35 33 39 36 49 54 54 53 60 69 71 73 79 71 75 82 79 79 75 80 80 87 94 97 100 102 98 101 98 101 103 107 107 106 111 113 112 112 109 110 116 117 113 106 96 92 83 76 69 70 72 69 67 70 69 61 64 70 74 70 58 68 59 50 61 59 59 50 48 49 42 43 51 58 69 60 53 48 46 31 21 32 54 71 86 126 170 186 
56 54 57 50 53 52 56 57 55 53 61 58 60 60 57 54 42 37 31 29 33 31 36 38 33 36 28 33 23 30 44 57 61 61 64 72 67 72 72 71 77 78 77 76 84 83 86 92 101 103 108 99 102 105 104 104 109 109 106 108 108 109 107 111 111 108 106 97 87 85 72 68 68 63 63 67 67 69 64 73 78 70 68 63 63 61 65 60 58 60 61 56 56 53 57 61 73 69 56 52 66 56 39 47 76 89 99 144 184 200 197 202 
51 54 55 56 51 55 49 56 59 60 56 57 54 56 57 54 55 38 32 33 32 29 28 29 35 26 30 32 34 36 33 39 48 54 55 58 60 61 64 71 70 74 76 84 77 78 84 88 88 87 90 100 96 99 102 98 101 104 109 105 106 106 106 104 104 101 98 91 86 74 69 65 60 63 66 67 70 75 82 76 77 74 72 71 68 69 63 62 62 54 46 49 54 51 57 66 51 32 29 34 37 68 100 102 106 121 187 191 173 151 129 76 
54 50 47 52 56 55 59 55 58 54 55 58 56 53 53 57 54 48 38 32 36 32 28 31 23 29 34 37 33 30 30 29 31 32 32 31 42 52 50 54 62 63 70 65 73 77 75 76 77 81 85 85 88 89 95 97 98 98 100 99 101 106 99 99 93 94 92 89 87 81 79 72 70 75 76 70 70 73 77 74 73 70 73 70 60 62 61 59 50 53 59 59 58 66 56 34 31 36 39 29 34 29 20 54 83 50 23 33 50 63 52 54 
47 52 55 53 55 56 58 54 50 55 57 53 59 59 60 57 58 58 50 37 32 30 27 28 30 31 30 26 34 31 30 24 26 24 26 29 31 29 27 30 31 36 40 47 44 44 54 56 64 67 68 72 76 82 86 89 94 92 94 98 98 95 92 90 91 93 92 88 80 82 78 70 73 71 77 73 73 76 73 79 78 79 67 63 59 57 55 47 56 49 47 60 57 43 27 33 36 32 34 39 36 34 35 53 121 55 55 81 95 68 22 54 
52 53 50 48 55 52 48 52 59 53 51 55 52 52 55 59 62 63 61 60 46 37 32 28 29 32 32 30 30 33 34 30 28 29 27 31 30 26 32 38 31 25 23 25 31 29 21 24 25 34 35 48 54 53 62 74 80 86 86 87 86 85 84 85 86 89 84 84 89 83 79 78 76 70 61 69 72 75 75 71 66 65 66 59 52 55 44 51 50 55 55 40 32 31 38 33 33 36 31 34 34 36 30 41 120 82 95 109 90 49 81 101 
49 47 51 58 55 55 52 50 56 54 54 47 60 59 56 58 53 53 59 55 50 53 38 34 31 29 29 24 26 23 26 28 31 32 29 29 21 30 30 26 33 35 34 29 27 23 25 27 27 29 41 46 63 108 80 52 49 54 74 74 85 79 72 79 83 80 79 82 71 73 79 72 75 75 72 64 64 63 67 59 62 57 51 55 56 56 65 61 55 37 31 28 36 31 30 35 33 27 38 30 32 35 36 31 98 82 112 128 67 77 98 93 
56 57 53 52 50 50 55 60 53 55 56 63 55 51 50 48 55 57 55 57 57 55 50 49 47 37 30 30 29 34 31 31 31 27 31 27 29 27 26 30 24 20 22 25 27 27 28 25 23 44 66 71 71 89 88 49 38 36 27 42 44 64 77 73 67 68 70 70 70 70 58 64 64 68 75 66 60 57 60 63 60 55 60 58 60 58 44 31 27 35 30 34 32 37 34 35 37 39 30 34 33 33 31 31 83 92 106 139 70 85 120 112 
51 54 53 52 55 54 56 56 53 57 54 52 55 58 55 60 57 60 61 58 59 53 55 57 55 52 49 41 40 36 33 29 32 28 28 32 28 23 24 24 28 27 28 25 25 25 24 40 63 93 119 101 98 92 83 66 48 36 29 15 18 17 18 30 48 57 57 55 59 59 63 66 68 68 61 65 64 69 61 63 65 65 51 47 37 30 30 30 30 32 33 35 38 34 32 32 33 34 35 31 33 35 29 32 80 96 91 141 85 77 133 142 
48 45 51 55 54 53 54 56 57 56 53 57 56 53 55 57 55 56 55 53 53 57 59 57 54 56 55 58 55 44 42 44 40 38 32 27 24 27 26 28 27 24 29 25 28 32 51 47 45 68 88 108 105 104 91 73 63 46 34 32 26 25 21 16 45 63 60 53 49 59 65 61 56 52 58 65 60 45 43 38 34 28 32 30 30 30 30 35 36 31 33 32 32 32 32 36 33 35 33 33 29 30 33 28 82 93 96 142 89 78 74 131 
55 49 53 50 54 52 52 59 52 51 56 54 55 59 57 54 54 56 56 56 52 56 54 52 58 57 60 55 55 58 57 59 55 53 49 49 41 27 27 26 22 26 26 25 22 40 70 33 17 8 11 30 66 86 98 93 75 61 52 43 35 34 36 60 78 58 54 66 66 53 76 76 53 38 29 22 26 32 31 33 34 33 29 31 33 34 36 35 31 36 34 37 35 37 38 36 36 32 35 37 38 35 31 34 71 88 108 128 91 82 67 115 
