10 121 122 122 119 121 119 121 120 116 121 120 106 102 113 114 82 54 52 41 44 45 43 38 48 41 36 36 31 45 40 39 37 36 44 39 33 29 29 41 45 47 63 71 76 92 106 106 105 106 110 107 101 101 100 101 99 99 97 97 95 91 90 92 85 87 88 86 84 84 84 81 85 86 85 86 92 88 89 91 89 90 95 92 92 95 95 94 89 92 89 91 94 92 89 91 90 93 95 93 93 90 91 85 84 87 86 83 81 84 85 79 
122 122 122 123 125 124 124 121 126 125 123 123 126 122 123 124 122 123 119 123 127 125 123 110 112 102 87 83 77 65 50 51 63 55 44 48 46 47 52 61 63 60 65 79 94 102 109 106 104 106 99 95 95 92 95 94 91 91 93 94 90 90 90 88 90 89 89 90 91 89 87 86 84 84 85 83 86 87 84 84 89 88 84 87 87 83 82 80 84 79 81 82 80 81 77 79 81 78 79 78 76 77 77 77 78 78 77 75 76 73 74 74 
121 124 123 122 121 120 122 122 122 124 125 123 122 124 123 123 124 124 123 123 119 113 96 85 61 63 71 68 59 51 48 44 40 36 54 64 60 51 54 60 60 53 54 61 56 55 60 68 78 92 100 100 94 93 95 93 93 92 91 88 87 87 89 90 87 87 86 87 85 85 84 88 83 85 86 86 82 83 82 81 81 81 79 84 85 83 82 83 80 82 82 82 77 79 80 82 80 77 75 77 75 78 78 77 76 78 76 77 77 75 72 73 
121 124 122 123 124 123 123 123 123 121 123 124 127 122 122 122 126 122 109 113 100 91 69 46 55 75 65 58 56 59 57 57 57 70 67 55 54 52 65 59 55 54 43 52 54 50 52 41 35 39 49 66 86 96 95 90 91 93 87 91 90 87 91 87 85 86 87 85 85 85 83 83 86 85 82 83 88 86 85 80 81 85 77 80 83 84 82 79 81 80 77 79 81 77 78 76 74 77 76 74 78 73 76 75 76 77 71 71 74 75 75 72 
123 126 123 123 124 123 124 124 121 123 125 125 124 126 123 124 120 110 112 99 82 59 49 53 77 67 67 67 61 55 54 53 58 66 61 54 60 66 61 61 60 58 58 41 33 37 46 52 59 63 60 59 61 67 81 93 91 90 90 90 89 95 85 84 89 84 86 84 84 87 85 81 83 85 85 84 80 79 80 83 82 82 82 81 78 76 77 79 82 82 82 79 76 77 77 77 78 80 76 78 73 73 73 73 73 77 75 75 75 75 73 75 
124 125 125 124 123 123 125 124 126 123 126 121 124 123 127 126 114 100 97 75 61 63 63 71 71 66 56 48 53 50 49 60 78 81 69 62 59 67 73 66 64 56 48 50 47 40 41 36 36 47 54 55 51 55 70 73 81 86 89 81 84 70 81 83 85 90 84 89 85 86 88 87 81 82 80 82 83 83 83 81 81 80 80 79 81 81 80 81 75 78 76 77 77 78 74 77 76 73 76 72 73 74 74 76 74 74 72 71 72 71 70 71 
123 123 126 127 123 124 124 124 122 123 122 124 121 124 121 106 86 82 69 63 71 72 68 75 65 51 41 49 50 52 64 81 78 64 48 50 63 67 68 69 66 60 49 41 34 40 55 55 42 35 41 49 47 51 57 56 63 63 70 80 89 89 77 64 58 53 67 73 76 81 77 81 82 87 88 86 81 84 79 80 77 80 82 81 74 82 80 78 77 75 76 76 74 75 75 75 72 75 74 76 74 72 71 71 72 73 75 71 73 71 72 74 
121 125 123 122 124 126 121 125 125 124 124 121 126 119 105 82 71 61 55 66 65 53 67 78 62 60 61 60 60 66 72 52 39 45 53 60 57 61 64 61 63 59 52 38 34 36 40 49 43 45 51 53 57 54 44 41 31 31 46 87 117 145 164 172 168 144 116 92 85 69 74 65 50 43 52 64 78 81 75 81 80 81 78 79 81 77 80 79 79 75 76 73 76 73 73 70 73 76 73 71 72 75 71 71 75 70 67 72 67 67 91 99 
125 122 126 125 122 124 124 124 127 124 125 119 110 95 82 70 62 59 59 58 44 55 86 74 60 65 65 52 46 48 32 46 65 75 72 65 63 66 62 64 72 68 64 57 46 37 35 42 52 50 43 39 36 36 42 49 55 44 42 60 71 76 82 100 134 164 177 180 179 184 167 165 164 162 124 93 67 71 80 79 76 79 83 81 78 78 75 77 74 78 74 74 74 72 72 75 70 71 71 71 72 71 71 70 71 69 68 69 69 83 95 74 
124 123 124 124 127 124 126 127 124 121 118 105 82 64 55 57 62 54 55 48 54 92 105 80 72 63 47 41 50 55 80 83 78 71 62 67 63 57 57 47 53 57 53 49 41 43 56 58 43 38 48 52 50 41 34 41 51 53 52 54 71 87 95 109 125 146 169 188 195 197 199 186 155 173 184 170 140 101 71 78 83 77 77 76 73 75 78 77 76 74 76 74 72 72 70 70 71 69 71 74 67 72 65 70 69 68 69 66 79 105 127 96 
125 126 126 123 124 127 124 127 121 113 91 71 60 63 58 62 65 65 57 49 57 97 73 52 54 44 39 54 59 67 68 71 68 71 71 63 61 61 57 67 63 55 47 47 39 42 54 51 57 51 45 44 48 37 31 30 30 38 56 60 55 77 112 140 150 160 170 186 199 199 194 192 183 171 152 145 160 165 131 78 69 80 78 78 82 80 73 75 76 75 72 71 69 73 76 73 70 73 71 69 74 69 70 67 64 64 64 80 103 86 104 118 
125 125 124 124 122 123 119 114 107 90 68 57 56 59 72 72 63 52 46 49 59 71 57 47 41 44 50 49 50 46 51 58 69 81 77 69 58 49 44 42 52 41 36 38 43 47 50 42 44 44 45 34 32 30 27 26 27 32 37 55 78 83 97 128 137 137 151 169 191 197 193 187 189 197 179 158 163 160 155 128 84 73 81 81 73 76 75 77 74 73 73 74 78 73 69 72 71 69 72 69 66 70 68 68 69 66 67 60 82 108 69 57 
124 127 123 125 126 117 111 102 87 66 62 50 59 63 62 70 62 50 58 60 67 56 45 37 40 49 46 40 37 36 42 49 61 62 63 54 54 54 57 53 44 48 51 45 44 42 53 47 41 38 31 33 27 31 35 35 37 37 45 62 85 100 101 103 94 97 116 142 182 201 198 181 173 200 200 180 169 167 163 152 120 81 80 78 80 78 76 77 75 73 75 71 73 73 71 71 70 71 72 66 71 63 70 71 68 69 68 103 66 79 92 78 
127 121 125 122 118 120 103 90 69 67 54 59 63 53 57 64 59 51 51 58 65 56 45 45 46 44 41 37 38 33 36 42 43 46 46 52 51 50 45 47 47 51 46 43 41 38 41 37 32 27 35 31 37 38 36 38 34 38 34 57 81 103 116 109 98 88 94 120 154 168 161 153 143 166 190 185 163 170 175 160 138 99 77 79 79 76 75 75 73 77 70 72 69 71 71 70 70 69 68 68 67 71 65 67 64 65 71 125 116 84 84 86 
122 126 121 123 117 110 84 66 54 57 52 56 50 66 68 63 54 55 56 62 53 44 45 43 43 47 43 45 45 44 44 42 45 45 46 54 56 48 45 46 51 54 58 51 40 42 37 32 35 36 30 33 38 37 39 40 49 56 72 79 91 103 117 126 132 133 136 132 127 128 126 123 125 117 114 114 115 128 139 140 118 89 78 79 78 76 78 77 75 72 76 73 75 71 73 73 69 70 70 67 69 68 69 68 70 67 83 81 70 70 65 65 
123 121 118 118 112 96 67 55 55 52 42 47 68 79 71 69 63 59 57 60 55 44 39 49 47 46 46 41 45 47 42 51 52 51 54 49 56 55 63 69 60 50 52 59 49 39 44 52 52 56 67 71 72 71 63 67 76 92 110 124 130 130 133 136 136 137 140 143 137 134 137 134 135 134 129 123 117 107 102 100 95 75 70 73 78 77 77 75 77 75 73 75 74 73 72 70 71 71 68 69 68 68 66 65 67 69 66 56 52 46 37 35 
121 121 118 107 97 79 63 52 53 48 45 74 79 68 64 55 62 61 65 70 54 45 52 60 53 42 40 47 47 45 45 52 59 59 52 59 62 73 81 71 64 66 67 62 68 62 73 86 96 108 119 126 129 127 122 119 116 124 132 136 135 137 133 135 141 142 144 143 145 146 145 144 137 140 135 133 127 127 123 115 107 103 91 85 70 74 74 77 78 73 78 75 75 73 81 70 76 72 74 71 71 72 70 73 62 55 40 23 19 6 3 13 
119 116 113 102 94 73 53 49 50 41 49 78 86 76 75 75 77 77 74 66 56 63 60 52 42 46 54 46 45 49 46 62 61 57 61 72 81 91 87 82 84 87 85 81 92 99 116 134 137 147 147 153 156 155 156 154 153 149 147 148 147 145 144 141 142 144 139 144 148 149 149 149 148 138 138 136 134 131 129 127 123 117 110 97 99 82 76 72 70 71 68 68 64 62 56 58 55 56 54 56 53 51 51 45 40 28 31 39 59 88 111 121 
123 112 103 96 89 77 54 46 48 54 60 89 86 82 79 92 91 89 75 65 70 70 59 49 48 39 44 49 56 54 59 62 57 59 72 85 98 98 102 102 103 105 108 104 114 126 137 151 156 159 160 162 160 159 156 157 161 157 159 159 154 153 151 148 146 143 146 144 146 147 150 148 150 150 147 139 138 136 133 129 125 123 120 112 107 105 93 83 76 76 76 85 86 93 95 103 101 105 108 112 113 116 117 117 117 119 123 121 124 125 124 123 
124 113 95 93 76 74 50 46 40 54 72 97 96 87 80 98 90 86 76 72 76 67 58 53 50 56 58 58 54 50 58 60 64 75 87 100 105 110 118 118 122 131 135 137 143 145 152 157 161 157 159 160 163 166 162 159 162 163 165 165 165 164 161 157 157 152 151 151 150 148 151 150 151 148 148 149 140 140 135 130 128 124 119 126 118 113 107 101 93 84 84 94 111 117 117 115 117 121 119 121 123 121 123 123 126 126 120 123 123 119 120 119 
110 98 93 90 73 67 54 40 53 68 72 96 100 81 87 93 79 81 80 72 79 74 63 57 47 48 49 52 48 63 69 73 79 95 108 118 122 131 134 137 143 148 150 155 159 159 160 164 161 161 158 161 159 160 162 164 160 161 164 165 165 165 167 163 159 164 161 154 154 156 152 153 155 153 149 145 144 137 138 133 130 129 128 120 126 119 118 113 105 100 91 83 79 86 97 106 111 112 114 114 112 120 118 119 118 122 123 122 120 128 126 122 
103 94 84 84 73 62 40 33 61 64 77 79 91 73 84 86 71 82 90 82 72 64 57 55 51 51 54 50 58 71 81 88 100 114 126 134 142 152 157 160 164 168 162 165 166 167 166 165 168 168 167 165 167 167 169 166 168 166 168 170 172 171 172 171 168 165 167 164 158 157 154 155 151 153 152 150 145 143 141 142 140 135 134 131 127 123 122 120 118 114 106 97 87 77 74 82 91 99 104 108 109 112 112 114 116 115 122 121 126 124 125 125 
107 101 77 74 62 48 40 32 49 49 79 81 90 76 81 80 77 81 93 79 74 73 69 60 55 51 47 50 63 73 84 95 105 123 140 152 155 166 172 176 178 178 173 174 175 175 177 176 174 176 175 178 176 176 172 171 172 169 172 177 178 180 177 178 178 172 167 166 164 158 158 157 156 154 152 155 153 150 149 151 149 148 138 139 141 137 131 129 122 122 116 107 102 91 82 74 79 85 92 100 100 101 106 110 115 116 115 121 123 121 124 126 
103 99 79 73 71 52 39 33 43 46 71 74 86 81 81 75 77 81 84 83 77 72 71 62 62 61 58 52 54 74 96 107 113 126 146 155 163 171 176 176 182 179 180 176 172 177 179 176 175 178 179 180 174 173 171 170 171 168 172 176 182 183 184 181 177 175 175 171 166 163 160 157 161 160 158 151 154 154 157 156 153 148 145 145 140 137 137 137 134 127 126 121 115 108 98 89 77 75 80 88 88 91 96 100 103 109 108 115 119 116 120 121 
82 77 71 66 64 51 36 32 68 55 80 84 78 88 78 75 84 81 87 83 81 76 71 71 65 58 56 55 62 71 103 112 114 125 141 157 163 171 178 181 182 181 180 178 179 179 180 183 179 183 181 176 181 178 168 165 170 169 171 176 182 190 188 188 184 183 180 174 169 169 168 160 160 164 161 161 159 159 156 158 160 157 152 149 152 148 143 139 136 139 134 125 121 115 112 100 93 79 71 74 76 88 91 94 99 99 100 107 112 117 117 118 
67 58 59 54 51 48 32 53 83 62 78 85 81 81 68 78 93 87 93 89 80 76 79 73 67 61 60 66 73 72 91 109 112 120 133 148 161 174 182 183 184 184 184 181 179 179 181 179 183 182 181 181 179 170 164 165 168 167 165 173 179 188 193 193 194 189 185 182 178 173 172 167 165 167 166 166 163 161 160 161 160 157 155 153 152 151 148 145 144 141 142 134 128 123 117 112 99 91 78 73 72 75 82 88 93 97 98 98 103 104 111 115 
70 64 49 43 48 55 46 53 75 61 76 88 83 73 74 90 91 82 90 94 83 81 76 72 69 69 71 70 72 80 78 101 115 117 141 155 166 177 184 187 188 185 185 182 182 183 181 183 179 184 180 174 169 159 146 157 164 166 162 170 176 187 191 193 195 194 193 187 181 175 173 171 168 164 165 165 167 161 159 161 159 151 152 154 156 153 150 151 148 146 140 133 129 127 120 117 111 98 90 80 73 74 71 76 81 80 86 96 101 101 103 110 
68 59 46 45 49 54 60 72 87 62 78 87 90 74 78 82 78 88 88 88 81 83 75 74 67 77 77 74 78 82 88 102 112 118 143 158 169 178 181 186 186 189 188 188 188 184 184 184 179 179 180 167 156 149 143 143 155 158 157 158 172 178 188 194 196 196 193 189 186 181 176 176 174 174 172 173 169 163 165 159 159 158 158 153 149 146 147 149 151 148 145 140 137 133 130 120 114 109 102 89 79 75 72 71 73 76 74 86 91 92 98 99 
70 63 56 41 41 51 61 78 88 60 59 80 85 75 88 86 69 78 87 91 82 78 78 79 73 79 81 73 85 91 91 94 111 125 151 160 171 182 189 191 191 190 190 189 187 185 185 185 184 179 179 162 146 137 138 142 145 152 151 149 158 171 184 195 197 198 197 195 191 184 179 183 177 170 177 175 172 168 168 166 158 154 155 156 150 145 142 145 150 151 146 143 141 136 133 127 119 111 108 97 84 76 67 71 68 75 70 74 83 89 94 94 
73 64 47 46 48 48 51 74 77 58 52 74 71 83 89 89 64 69 82 86 89 87 76 74 76 78 74 79 84 95 101 95 108 132 152 164 177 186 192 193 193 191 192 191 189 185 181 182 183 183 172 152 141 138 139 141 140 140 137 138 147 166 185 193 198 200 199 197 194 189 184 182 183 180 177 178 174 169 169 167 162 159 153 156 151 149 145 144 145 148 151 144 140 137 134 129 124 113 112 107 101 90 79 69 70 66 71 73 73 81 85 90 
58 41 44 60 59 36 43 69 80 66 47 59 67 82 82 80 59 62 72 75 95 92 90 72 78 78 81 84 88 99 97 98 108 135 157 172 181 189 194 198 197 197 192 192 190 189 186 184 186 187 172 144 135 136 146 141 137 136 129 130 143 173 191 197 200 200 201 200 198 195 189 186 185 181 180 183 179 172 173 172 167 164 156 158 155 151 148 145 152 148 149 144 141 142 140 137 130 126 117 109 100 95 83 75 70 66 68 69 75 76 77 78 
74 67 73 69 61 38 41 56 69 66 49 53 60 88 85 75 60 63 72 79 88 89 87 76 70 79 87 91 97 106 99 105 119 145 163 174 184 191 196 196 198 197 195 193 192 191 187 187 189 185 168 140 129 141 142 133 128 126 122 124 149 178 193 197 200 201 202 201 199 199 192 186 187 185 184 183 181 177 175 169 165 163 155 157 157 151 153 147 149 148 148 145 146 141 142 141 135 129 120 116 107 99 91 83 76 72 64 69 71 76 77 82 
78 76 68 58 53 45 41 50 68 74 54 49 57 91 91 70 61 57 73 76 80 74 80 84 75 85 91 99 105 100 97 111 127 153 170 182 188 192 197 197 197 199 195 194 194 193 193 189 187 185 162 139 124 141 141 133 119 117 119 122 150 181 191 197 199 201 201 202 202 200 194 192 187 187 187 187 186 181 181 173 166 166 158 159 156 153 151 148 149 146 149 146 143 141 142 142 136 130 126 117 111 105 96 85 80 70 71 68 69 72 77 80 
70 55 51 52 66 48 34 47 66 60 67 52 58 92 91 77 71 66 66 67 74 74 74 84 82 90 96 95 92 93 102 110 137 162 178 186 187 195 198 198 198 197 200 197 197 196 197 193 189 179 157 136 125 137 141 118 101 105 102 115 147 178 190 195 200 200 202 202 202 202 198 193 194 191 193 188 185 185 181 175 170 166 159 158 157 150 150 152 146 142 146 148 149 142 141 141 138 132 129 122 112 110 102 97 84 80 67 69 71 73 76 78 
76 69 50 48 55 52 37 51 59 47 50 58 57 84 74 75 73 62 60 56 70 71 81 89 81 93 91 91 91 94 105 119 152 175 184 188 192 195 198 197 199 199 200 201 199 200 195 196 191 180 157 136 126 138 132 106 92 92 87 100 135 175 189 196 199 200 202 202 202 202 200 198 195 196 194 191 188 182 180 179 175 169 161 160 157 153 154 149 147 143 145 146 147 144 143 142 137 130 125 122 115 112 103 95 85 80 74 67 68 71 74 78 
76 69 65 55 62 54 38 46 51 43 45 54 49 70 67 69 60 56 52 55 65 65 84 81 78 92 91 86 90 105 118 139 167 184 188 188 192 197 197 200 200 199 199 200 199 200 200 195 189 178 156 133 130 137 118 97 94 77 70 101 123 162 186 196 199 202 201 201 200 200 202 198 197 197 197 193 190 188 184 180 175 172 169 166 160 156 148 149 147 144 143 143 144 145 144 143 138 133 126 127 120 115 108 99 92 82 76 68 68 76 75 74 
69 71 65 64 63 43 52 43 48 42 43 54 50 65 52 58 52 54 45 50 57 57 80 71 82 85 74 82 94 113 138 161 179 186 191 194 195 197 199 200 200 202 202 200 201 200 201 197 189 176 157 132 126 133 111 94 95 86 102 124 136 157 182 193 199 199 201 202 200 200 201 201 201 200 198 196 193 190 186 183 176 178 174 170 164 154 153 144 145 141 146 147 148 149 143 142 135 131 127 130 124 119 113 99 91 86 76 73 66 68 75 79 
67 62 73 64 53 52 48 39 41 39 38 47 49 54 49 54 49 43 41 47 51 60 73 69 74 78 78 86 101 120 152 172 182 185 192 193 197 197 199 201 202 202 202 201 201 201 199 197 187 176 152 126 127 127 101 91 79 91 128 146 146 160 182 192 199 200 202 201 200 200 200 201 199 201 197 198 195 192 188 182 177 175 176 172 162 157 148 143 138 137 137 146 151 148 149 142 137 135 132 126 127 121 117 107 97 91 79 74 69 72 75 76 
74 68 64 64 51 49 43 35 39 33 41 44 50 62 54 54 47 45 43 39 45 54 66 67 74 74 89 98 112 142 158 177 186 186 191 196 199 201 200 202 204 205 204 204 202 201 200 196 189 171 151 124 127 120 107 94 62 72 112 159 151 157 179 191 195 200 203 203 202 201 200 202 200 199 198 197 195 192 188 183 177 176 172 169 167 154 148 138 128 125 132 142 151 152 150 143 136 137 130 127 128 122 117 111 103 88 77 75 68 69 72 78 
73 74 67 64 48 43 26 36 35 33 38 44 45 51 52 43 42 38 50 50 55 59 60 67 73 99 113 121 139 158 164 180 188 191 194 200 200 202 201 202 203 203 204 203 204 202 202 194 179 161 138 122 129 122 111 80 49 66 85 128 155 159 175 186 197 198 201 203 203 202 202 199 200 201 200 199 197 192 189 186 183 178 168 162 162 154 141 133 120 117 128 140 152 152 150 147 141 140 135 134 130 128 125 113 103 92 82 79 75 73 73 75 
81 71 67 64 50 39 34 30 30 28 36 38 38 47 52 41 34 40 43 46 54 57 68 78 92 107 113 136 164 165 169 180 190 192 194 198 202 203 203 201 204 204 203 204 203 203 201 197 179 155 124 111 134 125 116 90 91 71 89 113 149 159 173 185 196 198 200 199 201 201 201 200 202 201 199 198 196 193 189 186 185 182 171 163 163 155 143 127 117 114 124 138 148 152 153 147 147 143 137 136 137 131 126 118 108 91 79 75 75 73 72 75 
88 73 69 59 45 43 42 39 35 34 38 35 36 42 45 44 33 37 41 48 56 61 70 87 98 108 113 147 178 169 177 180 190 194 197 199 202 203 203 203 205 204 204 205 206 203 202 198 175 150 119 108 132 124 115 80 121 67 92 122 151 154 167 181 195 200 198 201 201 200 201 201 203 202 202 199 197 191 186 186 187 182 175 171 164 156 140 122 109 113 124 133 147 152 156 150 151 144 143 140 141 140 130 121 112 100 83 74 73 76 71 73 
73 59 58 62 65 63 57 60 47 44 52 32 30 40 46 36 35 36 43 51 61 62 74 91 102 108 122 153 176 172 186 183 195 201 201 203 201 204 204 206 205 205 206 205 205 203 203 201 181 138 110 103 127 124 112 73 81 77 99 125 154 154 165 186 195 201 202 201 202 202 202 202 202 202 201 200 198 194 187 186 184 183 183 176 164 153 141 118 105 105 117 132 148 156 163 157 150 150 149 145 146 142 130 123 119 102 84 72 71 74 78 75 
60 63 70 68 61 54 56 47 40 38 51 42 27 34 41 39 33 34 45 47 55 61 69 79 94 105 134 157 169 170 185 187 197 200 204 204 204 203 205 205 205 203 206 205 205 204 204 199 178 135 104 103 126 118 108 78 81 109 142 152 150 158 167 187 192 195 199 202 202 201 201 202 202 202 200 198 197 193 190 185 185 186 184 180 168 150 134 115 98 97 125 135 149 165 169 157 151 148 148 148 149 143 135 129 118 110 93 74 70 72 76 72 
66 69 76 68 59 49 50 43 36 39 39 33 39 38 42 39 40 39 44 50 59 56 61 76 94 107 137 159 159 167 186 188 197 203 205 204 205 204 203 205 204 205 205 206 203 205 203 199 175 126 97 96 121 115 111 100 131 160 187 168 157 152 169 186 192 193 199 202 202 201 201 203 201 200 198 197 194 189 186 186 187 186 186 177 161 142 130 110 89 89 129 142 155 166 173 163 152 147 149 151 149 145 135 131 127 115 100 78 64 65 69 70 
81 77 70 61 52 39 44 38 30 38 35 35 39 44 43 40 40 44 45 52 66 68 72 68 103 115 134 149 154 172 187 193 201 204 205 203 203 204 205 204 205 205 207 204 206 206 204 197 178 128 100 101 120 119 108 105 138 181 198 166 160 158 174 188 195 199 201 202 203 201 199 200 201 201 199 196 192 192 189 190 192 189 185 178 165 145 126 103 86 85 134 147 154 168 172 162 155 148 146 153 149 151 144 138 131 124 108 89 68 61 69 68 
86 79 69 55 39 41 43 51 32 38 30 33 42 44 49 45 52 50 51 68 78 71 71 67 95 108 127 146 155 175 187 192 202 204 205 206 204 205 205 204 205 204 205 205 204 203 201 198 182 132 98 101 123 123 97 109 108 154 174 149 153 158 177 186 194 198 200 202 202 200 200 199 198 196 197 194 190 190 191 192 191 189 184 172 159 139 123 106 84 81 132 145 161 169 171 166 159 156 150 151 152 149 145 142 140 130 118 94 72 63 62 65 
75 75 69 57 38 40 46 45 40 32 37 43 46 49 48 46 48 50 49 66 77 73 76 68 96 105 121 137 155 175 186 195 200 204 205 205 204 205 207 206 207 205 205 205 204 203 200 196 180 137 106 105 123 132 111 110 105 124 158 148 154 165 179 189 194 198 199 199 199 199 198 198 197 195 192 191 191 190 189 191 191 188 179 169 154 141 120 105 91 78 129 146 158 168 170 165 160 156 151 150 150 149 148 145 144 135 121 103 83 64 60 62 
72 81 69 64 49 39 43 48 46 41 41 48 48 46 44 43 46 49 54 58 71 79 69 63 94 107 118 135 164 179 187 198 201 201 205 204 206 205 206 205 207 206 204 205 206 204 199 194 181 143 116 109 125 136 126 109 124 114 142 156 169 175 183 192 195 199 200 202 201 199 198 198 197 196 191 189 190 186 191 192 193 189 185 175 160 146 128 110 98 80 127 157 166 164 165 161 155 153 151 150 154 152 153 150 146 136 125 107 90 69 56 60 
76 77 70 66 50 42 48 49 42 43 54 51 52 45 38 35 35 36 45 56 63 73 69 62 84 105 123 144 169 181 193 198 200 202 203 204 203 205 206 206 205 205 207 204 202 199 199 192 182 153 128 121 129 138 138 123 131 145 135 164 173 177 184 191 193 196 197 196 197 197 197 195 191 187 182 180 181 183 192 192 192 189 183 171 161 152 133 115 102 79 130 159 164 164 160 152 149 148 143 147 152 157 156 152 145 140 128 108 90 71 63 55 
62 61 70 67 48 47 49 51 48 53 53 46 40 33 31 26 26 35 49 52 61 68 77 72 103 118 138 159 177 186 194 196 197 201 203 204 202 205 205 206 206 207 206 206 203 198 196 192 183 158 132 121 130 140 142 131 134 153 159 168 173 176 182 188 189 191 190 194 196 194 193 191 178 173 167 161 164 168 185 194 191 186 183 174 162 151 140 122 108 82 128 160 166 159 157 149 146 141 138 140 154 159 157 153 148 136 127 110 92 71 56 55 
61 71 83 72 51 47 53 49 49 49 52 44 28 28 25 27 26 33 47 55 63 81 87 92 120 141 156 171 183 194 199 201 200 201 201 202 205 204 207 204 204 204 206 207 202 199 195 191 180 157 134 132 135 145 147 139 137 146 160 164 174 181 188 190 190 188 190 190 191 192 190 182 170 166 156 149 146 145 162 189 191 185 178 175 166 154 144 132 114 84 129 160 167 166 155 147 143 138 135 139 155 158 155 155 150 144 130 114 92 71 56 54 
70 68 80 65 55 59 55 55 60 56 49 41 36 27 26 22 25 28 36 40 62 83 96 100 129 147 165 176 181 194 199 199 200 199 200 201 200 201 202 204 203 202 203 202 200 197 196 189 179 161 144 137 141 146 150 144 137 143 151 166 173 181 186 187 188 187 187 190 186 183 175 168 166 165 162 147 135 125 128 170 190 180 175 170 161 154 145 138 120 85 127 159 167 163 153 148 141 136 138 139 154 157 150 151 147 137 127 112 95 76 57 53 
70 76 80 65 56 61 61 64 72 70 48 37 30 27 20 23 22 28 26 36 55 74 96 96 120 142 161 173 183 192 193 195 198 198 196 200 200 202 203 203 203 200 199 201 199 198 193 188 177 162 151 146 139 146 152 154 152 155 160 171 178 183 185 185 186 185 185 184 181 175 169 165 165 167 163 150 131 123 111 136 184 180 174 170 160 160 153 147 121 89 129 158 163 166 151 143 140 129 136 140 153 157 148 144 144 136 130 110 90 70 57 54 
71 74 85 66 62 56 57 71 70 76 60 46 35 25 25 23 27 26 29 36 48 67 82 92 115 135 154 172 185 190 196 196 195 198 197 197 198 199 201 201 202 202 199 200 199 197 193 186 181 173 160 156 145 149 159 164 165 168 172 177 181 186 188 188 188 185 184 183 177 174 171 169 168 170 167 151 129 125 117 121 176 185 173 172 159 158 158 154 126 90 135 160 161 166 150 147 138 133 143 145 157 160 154 143 139 137 123 107 87 74 55 51 
66 73 83 72 71 64 71 76 65 70 53 42 37 33 31 28 29 28 28 34 43 55 70 96 122 134 154 172 181 190 192 193 194 194 195 195 197 198 199 200 201 200 199 197 193 195 193 189 183 178 168 168 170 167 168 172 178 179 179 183 187 188 188 186 182 183 181 173 172 169 163 162 164 164 163 137 105 126 123 121 168 182 178 171 160 159 160 157 128 89 140 153 161 160 141 137 131 131 150 150 155 161 154 144 137 127 123 104 87 70 55 51 
68 69 83 77 74 62 67 75 77 72 62 49 47 38 31 36 29 30 32 34 44 59 74 91 123 139 155 166 183 187 192 194 195 195 196 196 195 198 197 198 198 198 200 200 196 197 195 192 188 183 177 180 180 184 182 186 190 188 190 187 190 189 188 186 186 180 179 174 169 165 161 162 160 164 156 113 78 130 134 121 158 181 177 176 166 162 163 162 123 94 146 157 160 157 142 138 131 136 158 153 153 155 152 142 134 126 118 107 85 70 52 53 
85 82 90 86 70 64 66 78 73 72 78 53 61 45 43 40 33 21 27 41 51 63 80 98 119 130 144 156 172 187 191 195 196 196 196 197 198 199 200 199 198 199 201 200 200 197 195 192 192 187 185 186 188 194 196 197 199 198 194 195 190 191 190 187 188 185 182 175 173 168 164 166 162 156 146 80 43 132 137 125 154 174 176 173 167 164 170 164 126 94 147 161 158 149 135 131 124 138 167 158 156 152 148 141 132 120 108 102 82 67 56 50 
84 81 102 90 79 69 68 80 70 77 76 68 56 57 51 43 29 30 43 48 61 71 91 114 123 124 134 150 163 176 185 190 194 197 198 195 197 198 199 199 198 199 199 199 194 192 189 189 189 186 185 187 185 194 200 203 203 202 203 197 194 192 190 189 188 187 186 182 175 175 177 171 159 151 127 53 57 125 137 135 152 168 173 174 168 166 173 168 122 89 144 161 157 142 132 130 121 149 175 163 151 146 140 137 130 121 107 95 81 64 50 52 
81 83 95 87 70 66 67 65 67 79 74 66 77 63 56 52 36 40 48 53 62 74 90 112 128 130 142 157 174 174 182 191 193 194 195 199 197 198 201 200 199 200 201 198 193 189 189 186 184 183 176 174 181 188 198 202 205 204 203 200 198 194 193 191 193 192 189 185 184 183 184 173 156 144 121 56 70 123 138 140 153 169 167 165 165 168 173 166 121 90 138 161 152 134 133 126 117 155 179 165 150 148 141 134 123 115 106 95 83 63 52 47 
72 76 86 76 71 63 59 60 71 79 75 83 92 76 63 56 44 56 56 57 68 76 85 99 118 128 136 159 174 176 182 187 192 197 199 197 198 200 200 199 201 200 199 199 197 194 191 185 181 174 167 159 169 184 193 198 202 202 202 201 200 198 197 196 197 192 191 191 191 193 192 177 150 142 128 68 67 117 132 145 153 158 162 155 159 171 176 166 122 86 132 161 152 135 132 121 112 157 183 167 153 144 139 129 120 114 105 94 82 64 50 54 
72 69 68 71 64 62 53 56 64 72 78 87 96 72 69 60 59 69 59 65 70 74 67 76 83 96 105 143 158 176 185 187 194 197 197 196 196 197 198 199 200 200 201 197 195 192 190 184 178 168 156 150 151 164 175 187 194 195 196 199 198 198 195 195 196 195 191 189 191 198 197 181 157 143 133 103 79 107 131 142 146 148 147 147 155 176 181 173 133 89 122 153 147 135 132 118 113 152 176 163 151 144 136 126 116 111 103 95 81 59 47 46 
72 74 76 75 56 55 50 60 69 70 76 81 86 80 83 76 79 69 54 59 61 54 48 62 79 88 113 139 148 172 188 188 192 193 195 196 194 196 199 200 200 200 198 199 195 194 189 180 174 167 156 141 138 146 149 148 156 168 180 188 192 191 192 198 195 195 190 186 189 199 199 188 163 146 133 115 88 96 117 133 138 139 140 142 155 177 185 177 134 91 124 151 145 134 130 117 111 143 166 156 153 142 131 119 111 102 102 89 77 61 48 49 
65 77 84 70 56 64 60 79 74 74 82 82 88 87 89 83 78 53 48 58 56 58 57 88 102 110 136 151 152 166 182 189 190 195 196 195 197 194 198 202 201 200 199 197 194 194 193 179 168 163 148 135 131 135 125 125 126 134 144 162 168 179 181 189 193 197 192 188 186 194 198 191 171 146 129 122 104 94 111 125 132 134 143 147 159 179 188 177 135 92 128 147 146 132 124 114 112 139 154 144 145 133 127 117 108 102 96 91 76 57 47 48 
78 75 78 60 56 65 69 86 78 72 80 80 97 96 93 83 70 49 45 49 54 57 71 96 105 117 137 153 164 168 180 184 188 193 193 192 193 196 197 196 199 195 194 197 197 191 186 171 154 147 133 123 119 111 111 107 111 121 125 131 144 151 163 177 185 188 189 186 185 190 196 190 172 145 121 111 102 89 108 125 131 139 145 147 160 175 178 158 118 94 130 140 140 128 123 114 113 132 140 135 139 125 124 117 105 96 94 85 71 54 47 49 
75 84 80 61 58 61 85 94 82 77 76 73 90 98 89 75 52 54 47 48 52 63 69 89 110 125 136 151 165 177 180 190 188 189 191 189 191 195 196 197 190 192 195 197 194 192 185 168 144 132 122 115 109 109 103 113 128 136 142 142 141 143 141 150 163 180 183 185 183 186 192 189 170 143 118 105 86 87 108 124 129 138 144 147 154 166 163 135 100 95 126 129 138 135 121 113 111 125 134 128 129 123 117 113 112 99 97 87 75 55 48 46 
77 80 74 68 56 70 87 92 78 79 70 71 89 93 82 74 64 63 58 47 49 58 71 90 114 125 135 147 166 174 181 186 187 189 191 191 189 192 196 192 189 189 197 199 195 188 180 162 138 120 111 104 107 103 99 121 121 126 142 145 144 149 146 139 144 155 170 177 182 186 190 185 165 137 114 91 65 88 105 120 132 136 142 143 150 154 150 125 91 101 124 127 135 133 121 109 109 119 121 118 127 122 120 116 111 103 98 82 66 49 47 49 
82 74 65 58 67 72 75 85 75 75 61 60 79 75 72 70 64 72 62 57 52 60 83 92 106 131 142 149 162 172 179 184 185 183 187 187 187 189 189 192 193 191 196 197 194 188 176 150 126 112 104 103 107 91 104 116 135 145 139 149 146 151 153 154 147 142 148 157 168 179 183 171 145 126 102 70 68 104 108 123 134 135 132 142 140 143 139 118 85 106 116 125 131 134 119 114 112 114 116 117 125 121 120 120 115 107 97 84 66 50 44 48 
89 86 65 63 68 68 81 74 73 74 59 55 69 69 62 70 71 78 70 57 52 61 88 94 104 126 140 148 163 176 181 182 182 185 183 184 185 187 190 193 192 195 199 199 194 186 165 138 117 106 99 101 99 95 102 132 177 174 145 142 145 159 164 164 161 158 154 152 153 161 160 144 119 104 86 61 86 106 104 132 138 138 136 136 139 135 132 110 78 105 110 120 128 127 116 109 112 113 113 117 126 129 127 125 116 107 95 82 60 42 45 48 
93 78 62 63 58 66 72 78 76 75 61 49 69 59 67 70 69 73 63 53 50 64 94 85 96 116 134 146 165 178 181 183 182 182 186 187 185 186 189 190 194 194 197 198 194 185 155 129 105 96 98 108 96 103 87 93 125 157 146 141 140 154 166 173 173 175 172 164 160 160 148 125 106 105 97 89 98 99 113 141 146 139 133 133 131 128 124 104 73 101 107 121 125 121 117 117 114 111 115 122 131 131 127 122 113 108 92 74 54 48 50 52 
101 78 58 54 68 71 67 70 73 71 68 57 64 55 59 56 66 68 51 51 54 65 92 74 87 113 122 144 157 172 176 179 177 179 179 182 182 184 186 186 188 192 197 196 193 184 154 116 98 88 99 107 102 105 55 73 90 103 155 139 135 153 162 173 173 180 180 181 173 165 154 138 124 112 109 108 98 103 131 147 144 138 134 129 128 125 118 98 65 92 104 116 119 118 115 116 117 113 115 121 124 125 122 116 111 100 88 67 48 47 51 57 
94 72 57 56 69 74 67 68 74 73 69 62 62 54 52 56 71 68 48 52 55 70 89 83 89 105 120 132 153 170 177 181 182 180 178 180 181 180 184 186 188 190 192 194 192 187 155 114 91 83 107 118 113 102 130 102 91 106 152 133 131 150 164 169 179 182 186 186 183 183 182 172 169 152 140 136 132 140 149 149 146 142 132 130 123 117 110 89 64 102 115 119 119 117 119 118 117 113 116 125 128 128 123 113 108 96 81 57 50 50 60 63 
100 75 60 59 74 75 68 66 75 72 77 64 56 55 57 62 72 59 46 52 61 69 80 76 92 97 112 131 145 158 165 178 176 176 180 178 177 181 183 182 185 187 190 191 190 185 156 118 98 88 109 115 114 86 130 108 79 92 134 130 136 142 164 169 178 183 184 186 185 184 185 185 183 180 172 167 166 165 160 151 147 141 134 124 119 109 97 75 73 109 121 123 123 127 124 123 119 115 119 125 128 126 118 111 101 87 62 46 54 67 74 78 
97 83 73 60 80 74 61 65 74 73 70 66 56 58 55 66 67 60 48 49 65 72 81 73 82 101 111 120 145 153 159 162 170 174 176 176 176 177 181 181 182 185 186 188 186 180 154 124 97 88 114 116 108 73 73 84 77 86 126 127 141 144 164 166 176 185 185 187 188 188 188 186 188 188 185 183 177 173 166 156 150 146 137 123 113 104 87 69 79 120 130 132 132 130 129 123 121 121 123 123 121 113 111 100 91 73 51 66 69 65 46 38 
95 87 76 70 74 72 63 64 82 72 67 60 55 58 66 72 69 44 55 53 54 66 83 69 68 85 105 115 127 148 160 164 168 171 169 171 172 172 177 175 181 181 186 184 182 174 146 116 96 101 122 115 103 79 56 62 81 114 131 125 143 142 163 171 174 182 188 187 188 189 193 190 187 186 187 180 179 176 173 163 156 146 136 131 114 100 83 74 96 128 143 151 147 143 133 127 122 119 121 120 116 111 102 94 74 53 57 57 57 54 54 24 
99 90 78 72 79 94 54 67 86 81 64 56 59 65 75 77 61 50 57 61 57 61 76 72 68 76 86 102 113 137 156 163 164 165 170 166 169 171 171 175 179 181 182 181 181 176 151 108 91 107 124 118 101 83 84 111 134 148 133 128 144 145 162 170 175 180 188 188 187 186 187 188 189 184 184 180 183 179 177 172 165 149 141 134 122 109 94 91 102 126 145 154 149 144 129 121 120 116 115 114 108 99 90 72 57 60 59 60 62 60 58 63 
100 95 79 69 88 92 63 76 96 84 70 67 74 85 82 71 59 43 57 48 53 65 65 72 63 76 75 86 107 123 147 156 160 162 164 165 165 168 174 171 173 173 177 176 178 173 151 109 85 105 127 118 94 94 73 120 148 150 129 127 142 147 158 170 171 179 181 186 185 184 184 185 184 186 186 178 181 179 173 173 169 155 148 138 128 116 112 104 110 123 138 147 143 136 127 120 118 114 113 110 106 97 79 65 56 60 60 63 62 58 58 55 
109 112 107 88 88 71 75 86 90 87 71 67 73 72 78 65 46 45 59 48 56 66 69 63 62 53 55 65 84 102 122 143 157 156 158 157 156 159 166 169 170 169 172 173 173 170 152 120 97 105 127 119 88 100 66 76 103 128 123 129 140 149 159 168 177 182 179 179 181 184 187 185 185 185 186 181 180 180 176 173 169 163 154 143 132 127 116 113 110 121 133 138 137 136 126 116 115 114 111 106 94 82 63 57 63 63 61 61 59 61 61 59 
107 108 96 90 81 79 78 99 88 80 78 74 92 76 74 62 52 48 62 43 54 60 68 60 57 50 46 50 60 79 109 132 143 150 154 154 157 157 160 162 164 167 170 169 167 165 149 128 103 106 126 123 90 81 82 53 75 106 112 124 140 152 162 171 175 182 181 180 179 180 182 179 181 182 182 179 178 174 175 169 166 161 154 148 135 126 123 116 112 123 130 134 133 127 124 119 112 106 103 97 88 70 65 66 66 67 63 64 63 62 62 64 
107 100 92 93 84 88 80 101 88 80 78 71 83 76 68 60 50 57 54 42 50 59 61 66 55 50 48 45 36 59 92 121 135 142 145 151 150 156 157 159 160 160 161 162 162 159 150 130 105 104 123 125 101 69 73 56 61 81 99 119 132 145 157 165 177 181 182 177 180 178 179 178 176 178 177 175 171 168 167 163 160 155 148 143 133 127 116 110 111 123 133 134 131 119 118 113 105 99 99 87 70 64 57 67 64 64 65 62 63 59 60 54 
100 96 94 102 91 76 87 100 95 91 79 68 84 65 69 67 59 54 51 46 47 57 57 52 60 50 41 45 39 21 38 80 109 123 137 138 146 144 147 150 157 156 157 158 159 161 151 130 111 95 115 127 112 91 81 86 64 72 92 117 132 141 153 164 172 180 180 179 180 181 181 178 178 175 172 165 165 159 158 157 151 146 140 133 129 122 116 113 118 130 132 129 123 119 108 104 93 87 79 71 64 68 73 67 67 63 63 63 63 64 61 67 
116 105 107 108 85 79 88 88 95 102 82 75 84 60 64 65 63 54 49 49 43 40 58 55 50 49 48 31 43 31 27 39 69 93 114 123 125 133 133 137 139 144 145 146 152 154 154 132 113 99 121 132 118 108 97 98 95 83 98 117 131 143 150 160 175 186 182 178 177 178 176 174 172 171 168 155 156 150 148 145 144 138 133 130 124 117 112 113 118 120 118 115 110 104 98 92 88 78 74 66 68 67 67 67 68 68 64 65 65 63 66 63 
115 108 106 110 94 91 81 92 103 100 81 84 79 60 62 60 59 48 53 57 47 39 47 58 42 39 47 35 34 41 28 26 37 52 66 104 116 122 122 126 127 128 129 133 133 136 147 131 117 98 121 125 117 107 108 109 109 102 101 118 136 145 155 159 170 178 182 174 168 168 171 166 168 164 159 155 150 144 137 140 134 131 127 125 120 117 117 114 114 112 115 107 105 102 90 82 80 71 66 71 69 74 72 72 71 70 69 64 68 67 61 62 
119 114 105 102 96 84 81 97 105 94 83 83 82 65 61 64 55 58 56 51 42 35 42 46 45 40 44 48 30 38 35 32 35 53 58 37 51 84 110 125 129 128 122 121 121 122 121 132 114 104 103 116 115 113 111 110 108 109 115 120 131 149 156 161 165 168 170 170 163 161 162 158 158 154 152 148 147 139 134 130 130 127 128 121 118 116 115 115 112 112 105 102 97 95 79 77 67 71 76 70 72 72 72 70 72 75 73 76 72 69 72 74 
120 119 112 100 90 86 69 92 97 91 84 76 73 65 58 64 61 54 60 66 48 40 45 52 46 43 47 52 45 33 39 46 40 38 53 50 34 16 17 38 64 82 108 118 129 130 126 117 102 87 90 97 108 107 104 106 109 117 126 131 137 141 153 157 159 160 161 164 158 154 157 153 151 146 143 141 133 134 127 128 128 127 121 122 115 116 117 109 107 101 95 91 84 75 79 71 78 81 78 81 80 80 81 82 79 78 76 77 77 77 76 73 
121 120 108 107 86 79 82 81 95 94 85 75 66 67 66 61 61 52 58 62 48 41 37 43 51 47 39 54 53 45 34 44 57 62 61 64 54 54 38 38 26 14 18 27 44 68 87 105 111 105 100 100 101 103 103 106 112 122 127 138 142 143 141 144 145 144 145 146 144 141 145 141 140 137 134 131 129 123 122 121 121 120 117 114 113 110 107 101 98 94 87 78 76 72 78 81 83 84 85 80 82 79 83 82 83 78 80 80 78 80 75 78 
121 121 113 93 87 86 80 78 86 86 79 78 75 53 65 64 64 54 53 72 54 42 39 40 42 45 52 53 53 54 50 37 49 62 74 69 77 69 66 63 54 54 50 36 27 20 9 14 28 45 64 76 86 96 110 121 128 131 141 137 137 132 133 128 126 128 128 131 127 131 123 127 120 123 119 119 112 115 111 111 112 107 107 105 104 100 98 96 83 78 72 75 75 80 82 84 83 82 86 84 84 85 84 81 79 82 77 79 75 75 79 75 
120 121 116 101 70 65 76 95 89 90 85 71 68 60 63 62 62 53 57 60 56 46 37 34 43 38 43 47 55 55 53 45 40 36 45 62 78 74 65 53 50 39 33 32 30 31 26 24 18 16 13 16 12 20 24 34 50 72 82 107 114 120 117 119 119 118 119 112 114 107 113 112 110 107 109 108 112 112 108 109 103 105 102 99 92 90 84 77 81 80 86 82 86 85 83 84 85 87 83 81 85 80 82 85 83 80 80 80 81 77 79 78 
120 120 122 116 105 83 60 75 94 82 71 64 68 64 59 60 59 55 48 58 50 42 42 38 37 45 39 42 42 46 54 46 46 40 42 42 42 51 50 54 53 46 36 27 29 28 28 31 25 27 26 21 24 17 37 51 48 48 53 63 71 81 81 85 81 83 84 85 87 86 86 76 85 86 86 87 87 87 85 86 84 86 82 81 80 79 82 82 83 84 87 88 85 87 87 88 85 87 88 87 83 84 85 82 85 85 80 76 76 80 79 75 
123 120 123 120 114 116 84 73 68 64 62 57 70 69 56 58 52 53 52 52 52 40 32 36 34 38 47 36 41 35 48 44 38 39 41 53 54 50 45 43 42 49 44 39 33 30 32 35 31 23 20 24 29 71 91 96 97 93 90 82 86 82 81 79 77 80 76 77 74 75 76 79 74 79 76 73 77 73 80 81 82 80 85 86 90 88 87 86 89 88 90 86 89 88 88 92 88 87 86 88 88 83 85 86 85 82 86 85 83 78 81 81 
119 119 118 121 119 113 111 105 96 92 91 88 67 65 54 64 63 55 53 55 53 47 34 36 38 33 31 40 42 41 39 44 38 40 34 37 41 50 61 51 49 35 36 38 38 38 31 25 23 21 26 33 60 94 99 97 91 93 88 90 86 86 83 84 83 82 82 82 85 86 85 86 89 83 85 86 82 85 85 87 88 91 88 91 91 89 92 90 89 91 89 89 88 89 88 85 87 87 88 86 87 87 85 82 84 85 77 81 79 83 78 78 
120 120 121 121 117 120 117 115 115 105 92 95 96 89 78 53 61 51 48 51 52 51 52 43 40 40 36 40 44 38 33 34 39 36 42 32 31 45 47 55 57 45 38 48 67 80 91 92 89 82 82 95 101 102 98 98 95 94 90 91 90 87 87 86 84 82 86 87 85 82 86 85 86 90 87 85 85 88 85 86 89 88 91 89 89 91 89 90 89 88 88 89 90 92 88 90 87 87 88 86 85 85 91 90 87 81 87 85 84 83 83 78 
