10 43 47 45 43 43 43 45 46 47 46 47 47 45 50 49 52 53 53 52 52 50 52 53 55 54 51 56 52 57 56 56 54 57 56 56 55 57 58 56 57 56 55 58 55 47 49 87 110 125 111 107 77 58 47 47 56 54 60 57 55 61 61 56 57 57 53 52 52 53 53 55 55 51 54 52 55 59 54 55 52 54 55 56 53 58 58 54 53 54 58 56 53 53 54 57 57 54 56 59 55 52 52 53 50 51 52 51 51 54 54 52 
36 37 36 38 41 41 39 40 40 41 46 48 47 47 44 41 40 41 40 41 46 47 46 50 52 46 46 49 53 51 51 46 45 48 48 49 48 48 46 51 49 46 75 135 146 120 103 92 79 68 68 71 77 95 123 137 146 138 128 102 85 62 38 24 29 32 43 44 42 43 43 43 44 44 41 43 46 43 44 41 42 45 44 47 53 47 47 48 50 47 47 49 47 47 47 47 49 51 46 49 48 48 48 49 52 50 49 48 48 48 44 42 
39 45 40 39 38 40 39 37 37 45 40 38 36 38 47 36 29 40 41 42 33 37 45 44 40 42 39 46 40 38 41 49 55 53 50 48 45 50 48 46 47 55 109 143 134 134 128 129 131 137 129 121 110 94 84 88 81 90 96 109 118 126 136 128 101 63 30 28 43 44 42 42 41 41 41 40 43 42 39 45 47 47 47 44 41 47 46 46 44 48 48 49 48 48 48 48 45 46 52 50 49 46 47 47 45 46 47 47 44 45 44 45 
45 40 41 40 43 38 34 37 36 33 39 39 39 42 29 26 37 40 37 31 35 35 34 31 35 37 40 35 35 42 45 43 33 30 30 41 49 51 51 49 50 64 109 134 147 142 138 133 126 127 127 130 136 144 149 159 162 153 146 138 131 121 108 111 131 138 136 100 42 25 41 44 43 41 43 46 41 42 45 45 42 44 46 43 44 44 46 43 44 46 47 47 47 47 48 49 47 48 47 46 48 49 50 50 51 49 46 47 46 46 47 41 
45 37 39 38 35 38 38 34 32 36 35 32 35 30 28 37 39 42 28 32 34 36 31 35 38 36 32 39 41 40 34 33 34 33 29 28 29 36 43 45 47 54 99 128 140 143 133 116 124 138 146 160 163 169 171 167 144 138 130 143 150 151 153 133 102 117 132 141 143 110 55 21 39 46 41 44 42 44 43 42 44 44 42 44 41 45 42 44 47 41 45 47 43 49 49 50 53 50 51 50 47 49 49 46 44 47 44 45 45 43 43 44 
36 37 37 32 36 31 28 26 30 30 31 35 30 33 35 43 40 34 36 34 29 40 44 39 35 32 42 47 46 45 40 33 31 29 30 32 33 32 30 37 36 38 48 100 132 143 151 154 161 179 158 153 159 165 159 151 126 105 115 121 124 124 138 154 151 125 114 127 138 147 151 127 57 27 42 43 46 46 44 42 45 44 44 43 42 40 45 43 45 46 46 49 50 47 49 51 47 50 51 48 47 47 48 45 48 49 47 44 44 45 44 44 
36 34 32 36 36 34 31 38 33 31 37 37 34 32 36 33 39 38 41 34 45 45 49 52 58 53 54 48 38 29 29 35 32 37 43 42 35 31 39 42 37 40 41 43 71 119 142 150 160 169 154 146 152 172 162 151 131 111 105 112 116 111 113 132 144 145 140 142 141 144 142 146 144 86 29 40 42 40 40 45 43 42 42 44 40 44 45 41 42 47 46 45 45 46 46 47 48 47 46 48 49 49 48 51 46 44 46 47 50 44 43 42 
34 36 37 31 28 27 34 36 31 35 34 37 34 37 35 40 36 36 41 49 43 50 44 46 43 48 40 35 34 41 37 33 39 52 47 52 53 50 40 42 43 32 31 35 35 55 97 124 143 148 133 114 151 179 154 136 130 114 109 104 99 106 116 110 129 147 152 155 152 151 153 144 144 141 69 40 42 44 46 41 44 44 47 42 43 43 43 45 45 42 43 46 46 46 46 45 47 50 50 47 50 49 48 45 43 44 47 46 43 47 47 43 
37 33 37 27 36 26 37 35 32 35 33 38 41 34 37 43 35 41 45 41 38 42 38 39 39 46 45 53 57 45 39 44 46 44 56 47 50 49 58 59 50 56 71 62 46 42 47 80 123 152 161 154 149 145 111 110 121 125 117 112 109 102 98 108 129 139 142 157 165 159 155 150 150 156 125 39 42 42 41 45 42 45 43 43 43 47 42 44 41 43 43 45 43 41 44 48 49 48 50 53 48 47 47 50 49 49 43 43 41 40 40 41 
36 33 42 35 32 32 36 33 40 41 37 48 51 41 39 40 42 37 35 30 34 35 34 34 38 42 50 60 52 45 46 50 49 53 59 55 50 47 47 38 49 48 52 57 60 62 53 50 53 81 120 130 137 140 125 113 125 125 130 140 143 152 148 111 92 108 126 150 165 166 156 147 146 146 146 75 39 44 46 42 42 44 43 43 44 39 42 45 45 46 41 43 42 43 45 46 46 47 46 46 51 49 46 46 44 45 48 47 45 41 40 40 
37 44 43 35 32 34 33 33 41 45 44 72 62 46 43 39 41 37 36 32 34 37 39 37 47 50 52 58 55 59 60 73 90 90 103 105 104 103 102 101 100 95 98 105 102 96 97 95 100 106 115 116 119 120 126 120 118 118 119 123 130 138 139 149 131 91 88 127 162 167 156 152 150 154 153 124 38 46 43 48 45 42 46 44 46 46 45 41 41 42 46 46 46 46 47 48 48 49 49 50 46 48 50 48 46 43 45 43 41 43 44 40 
38 47 41 36 33 32 35 43 44 38 49 70 50 53 52 44 41 34 35 38 40 45 41 51 53 56 67 70 71 75 83 101 105 112 118 124 120 125 126 132 133 134 132 133 132 132 132 134 136 134 133 135 135 132 136 136 129 133 129 126 127 130 133 130 138 139 133 135 153 158 154 155 156 158 163 148 72 45 44 40 41 45 44 43 44 46 44 46 46 47 45 44 46 47 48 47 44 46 51 47 47 49 47 46 42 42 41 41 41 40 40 42 
43 43 38 34 34 37 39 42 40 40 51 53 54 59 47 42 42 45 48 55 57 59 60 54 66 74 73 71 75 95 105 112 119 126 128 126 131 133 133 133 134 133 135 138 138 140 141 136 129 137 140 139 142 142 142 142 142 140 139 136 134 132 133 136 138 139 143 142 144 144 142 142 147 155 160 150 65 46 50 50 45 45 41 42 42 43 44 47 43 43 46 47 43 42 42 46 45 48 47 47 42 41 43 45 44 43 44 44 40 43 39 41 
40 42 37 36 38 40 50 37 36 38 47 54 51 47 59 63 57 55 65 64 63 61 70 80 87 81 87 82 99 109 111 125 118 121 130 135 135 134 137 138 137 137 138 139 139 141 143 141 143 146 145 144 148 149 142 139 141 141 140 138 134 134 131 131 131 133 134 136 136 136 136 139 135 135 135 130 82 46 31 22 30 38 41 46 50 46 46 43 44 45 45 45 45 45 46 43 46 45 42 41 41 44 42 44 43 42 40 42 41 40 38 22 
41 39 41 39 40 38 43 41 39 40 47 50 54 56 62 73 72 69 74 84 84 84 78 81 91 92 97 103 109 118 119 129 133 134 137 135 138 138 137 133 134 138 135 136 134 140 140 144 147 145 147 143 143 143 144 147 140 142 144 143 142 142 138 136 134 133 130 130 131 133 131 129 131 133 132 136 142 144 138 121 92 71 47 26 21 36 46 48 44 46 44 44 47 45 43 42 43 44 44 44 45 42 40 39 40 38 41 41 32 20 28 95 
41 39 43 43 43 37 36 39 47 45 50 57 54 58 62 72 78 83 84 91 94 102 104 89 100 100 105 115 123 129 131 135 134 136 136 135 134 135 134 129 131 130 131 134 138 137 145 148 151 154 153 152 149 148 146 142 144 140 143 145 147 149 148 147 141 142 142 140 134 135 135 134 130 134 138 137 138 141 135 138 142 142 140 133 110 73 36 18 38 47 48 47 46 42 46 47 44 43 43 39 41 40 43 40 40 38 23 15 47 119 187 210 
38 39 43 45 39 42 52 43 45 49 67 68 59 67 75 80 90 90 81 88 95 108 116 100 108 108 108 125 126 128 130 131 133 134 133 132 132 129 126 128 124 121 126 133 136 139 147 147 149 154 145 145 147 146 149 142 142 144 149 149 155 153 148 150 154 154 147 143 146 148 149 147 147 143 141 136 133 131 135 135 136 147 143 143 147 150 146 117 68 26 32 48 49 47 45 44 43 48 44 46 43 42 41 36 17 25 82 160 214 226 225 221 
40 48 43 49 42 41 44 46 51 56 71 64 71 81 87 93 89 95 93 101 104 102 116 102 114 120 124 120 126 133 130 129 132 133 132 128 126 126 127 122 116 121 127 129 139 146 151 153 153 156 153 149 146 145 144 144 146 149 145 150 155 161 161 155 151 155 160 159 167 165 160 160 157 156 159 157 156 152 150 148 142 144 147 147 148 146 146 146 151 143 82 28 32 49 47 45 43 41 44 42 42 39 23 37 116 193 215 211 187 172 166 168 
44 50 41 52 61 50 48 45 50 67 77 74 80 87 93 93 94 96 102 108 115 114 103 108 120 122 125 127 127 128 128 130 130 132 127 127 124 128 118 110 113 116 127 134 141 144 149 147 151 152 147 139 143 143 140 143 142 143 147 148 151 156 157 152 159 158 160 157 160 163 160 163 161 160 165 166 166 167 164 159 156 151 147 150 149 152 151 151 149 148 157 150 90 39 29 37 40 44 41 42 32 32 111 187 201 181 155 153 190 210 216 212 
39 44 39 48 45 48 53 52 56 60 78 79 86 92 94 92 99 97 103 107 117 117 99 120 124 128 126 129 127 127 126 131 130 132 131 131 130 127 116 113 113 119 130 137 141 151 156 154 146 142 135 134 142 140 139 142 140 143 143 151 151 157 161 156 160 164 167 164 166 165 163 159 161 158 162 170 170 170 168 170 167 167 162 160 162 163 155 154 156 152 152 152 154 144 99 72 54 36 28 25 47 122 166 154 125 116 115 103 95 102 131 169 
43 44 44 45 44 47 56 57 61 67 81 84 88 77 83 94 94 95 112 122 124 96 105 122 128 130 132 131 127 131 132 135 133 132 133 129 126 113 108 108 111 127 137 141 145 151 146 124 123 121 116 129 135 140 145 143 140 143 140 143 150 152 160 162 163 162 159 158 159 164 167 160 162 167 170 168 165 172 173 171 173 173 166 167 166 165 166 163 163 159 154 156 152 154 156 150 145 145 139 125 119 110 80 58 53 45 46 56 78 96 79 63 
45 46 46 49 44 51 57 53 69 75 82 84 81 80 88 92 88 111 120 126 89 101 124 131 129 130 128 131 130 134 134 137 134 134 135 130 112 105 105 109 110 119 132 144 147 133 113 111 108 110 117 126 136 141 146 144 146 142 145 149 145 147 147 152 154 158 159 160 156 162 161 166 170 168 172 172 171 170 172 176 175 170 172 173 174 169 173 173 172 166 164 161 160 160 161 154 153 151 147 155 153 154 151 151 132 90 52 51 57 54 43 42 
45 41 48 45 44 66 53 58 64 72 77 70 71 71 88 89 100 115 110 82 95 116 124 127 129 129 121 127 131 131 133 134 131 131 125 119 114 109 105 108 120 128 141 146 131 110 108 79 92 103 113 131 134 134 143 143 137 145 140 139 141 145 153 155 159 156 158 157 161 156 161 160 156 167 168 162 171 179 177 175 175 177 176 178 177 174 177 169 167 167 169 169 168 165 163 161 164 164 156 148 156 158 156 154 158 160 138 92 93 91 95 100 
44 47 42 45 48 56 54 59 68 73 62 54 62 75 78 84 80 91 79 99 111 117 121 130 126 129 125 110 127 126 132 133 133 132 122 107 104 104 103 106 121 136 148 138 106 104 76 88 75 77 109 122 133 129 142 142 145 144 142 143 146 146 148 152 151 156 157 158 160 160 160 160 165 167 165 162 178 184 178 176 175 174 176 173 177 173 172 175 173 168 171 175 171 171 172 171 170 165 164 166 153 156 159 159 158 158 160 141 101 100 101 101 
50 48 40 43 43 43 53 62 63 64 57 60 61 78 91 90 81 82 100 105 106 109 118 124 125 126 121 103 125 123 133 128 130 128 121 110 111 105 99 102 116 133 137 118 98 86 98 144 147 108 99 119 138 153 146 145 143 134 139 142 141 139 141 150 150 155 154 160 157 152 154 157 161 164 169 169 176 177 179 182 177 179 180 181 178 172 175 175 173 169 169 169 168 168 167 170 169 171 166 170 169 163 160 161 159 160 159 157 131 102 100 103 
49 43 35 57 48 48 54 59 65 61 59 60 64 79 86 85 86 100 103 107 109 106 118 117 122 127 123 112 119 122 131 132 130 125 119 110 112 109 103 104 111 129 131 110 92 78 123 140 149 151 101 104 142 159 154 146 140 134 135 137 143 141 143 147 153 157 157 151 151 153 155 159 162 160 164 168 172 170 178 180 177 184 182 173 171 176 173 175 175 174 172 174 172 169 165 168 170 167 166 167 164 168 164 162 164 162 162 164 152 119 100 102 
49 39 43 46 47 45 50 64 61 58 53 54 70 90 80 77 82 98 98 103 112 112 112 113 117 111 120 105 120 121 127 130 131 133 125 113 105 104 102 106 108 127 127 95 71 61 53 45 67 100 134 117 134 156 159 150 141 137 135 139 143 142 141 142 145 146 151 155 153 155 160 163 161 163 165 165 171 169 172 172 171 177 181 177 174 174 167 174 177 174 178 174 177 181 170 167 164 163 163 169 171 169 170 166 162 171 163 163 168 150 117 102 
51 42 41 48 42 41 64 66 68 57 62 69 78 79 77 74 90 101 99 103 111 116 110 112 109 106 118 98 114 121 132 133 130 129 126 124 108 98 95 103 106 128 121 83 71 40 43 43 101 135 90 103 111 132 139 139 129 128 129 131 136 135 136 139 145 154 153 154 152 156 156 155 160 168 168 169 168 169 172 166 164 168 169 167 166 165 159 158 165 169 173 170 175 174 177 176 170 166 170 165 164 166 171 171 162 162 164 158 162 161 128 101 
45 38 42 37 45 59 59 63 59 59 61 60 74 81 73 87 99 100 96 113 115 110 108 108 109 112 101 93 116 127 135 134 134 135 131 121 111 94 89 100 114 127 104 79 67 36 29 25 26 28 53 93 110 121 128 124 126 129 123 123 134 135 140 138 143 150 147 148 152 156 156 160 160 164 165 167 165 162 157 159 165 160 161 171 161 161 167 162 160 161 163 159 158 156 159 160 165 165 162 164 163 166 164 168 163 162 164 168 162 162 148 125 
41 40 44 42 56 49 60 57 56 62 71 71 74 77 81 91 96 95 104 108 106 100 96 102 106 102 78 100 120 130 129 132 135 132 133 126 111 93 87 94 117 123 89 79 73 39 64 77 30 42 51 86 100 112 116 117 118 126 127 126 132 135 139 143 148 147 150 155 155 157 160 160 165 164 162 165 160 155 154 156 157 160 159 163 163 169 165 159 160 157 149 151 148 145 150 151 146 147 164 171 162 156 163 163 166 163 166 168 169 168 153 134 
41 35 47 49 48 55 57 56 60 63 64 73 71 72 85 85 90 97 104 108 105 97 99 104 94 82 90 99 118 121 131 139 138 133 132 127 114 97 84 90 120 122 84 68 75 40 30 28 38 39 66 89 96 105 112 116 119 117 123 125 128 133 140 146 153 151 146 148 155 158 160 162 158 161 154 148 143 142 149 154 156 155 155 158 160 163 159 157 152 149 148 147 142 140 138 141 142 149 156 155 161 157 158 162 165 164 159 163 164 167 158 138 
45 40 45 45 45 59 53 57 56 56 72 72 68 79 75 83 90 91 105 109 92 94 94 94 83 88 97 104 115 126 132 135 133 137 130 125 115 93 88 87 113 120 77 60 72 46 39 32 42 71 87 82 88 101 109 111 119 117 120 121 126 138 142 146 152 152 150 154 155 157 158 160 156 155 150 139 141 144 151 154 155 162 155 159 160 156 136 126 120 126 136 147 149 148 143 140 143 141 143 149 153 162 162 156 161 164 161 164 166 167 163 151 
43 48 40 41 55 46 53 55 52 64 70 68 78 73 74 86 90 101 106 104 90 97 90 85 85 104 92 109 115 125 134 134 136 136 134 120 119 102 93 93 109 114 83 52 66 63 73 93 101 100 84 84 91 98 104 111 114 117 118 122 133 137 144 149 150 149 147 150 154 157 156 154 151 143 137 144 146 143 146 143 142 156 159 156 160 132 94 98 109 118 135 143 152 150 155 147 147 155 148 145 152 158 157 150 153 160 164 163 171 172 170 159 
39 40 44 52 44 50 50 48 57 65 68 66 78 74 88 87 93 95 92 87 89 81 82 89 95 93 100 111 122 122 127 135 128 134 135 124 117 105 89 95 123 125 94 63 65 76 55 86 99 93 79 90 92 102 104 109 112 110 113 131 138 143 148 151 151 148 148 151 148 148 146 143 138 136 140 143 142 140 144 144 139 143 152 160 162 124 84 110 118 132 142 148 156 156 155 152 146 146 147 152 153 153 149 151 150 149 156 161 161 171 167 165 
43 46 43 41 41 44 40 57 65 59 65 70 65 68 80 88 91 83 78 78 79 90 86 93 89 87 101 111 116 122 131 136 139 138 133 127 110 108 99 106 131 124 92 59 65 76 88 53 70 71 75 84 89 93 103 108 109 113 123 135 135 142 147 150 153 150 148 148 139 124 124 124 128 131 136 144 145 145 142 142 144 144 156 164 163 118 89 125 141 145 145 148 149 158 160 156 157 153 155 152 148 155 156 153 149 153 153 152 153 161 170 161 
44 52 40 41 40 45 57 57 55 53 55 62 65 67 70 67 72 76 84 81 92 90 91 83 82 98 103 104 113 119 128 134 141 138 131 132 129 129 126 120 137 131 103 61 59 68 79 83 89 92 69 80 92 103 112 110 110 122 131 139 141 143 147 145 149 149 146 143 136 125 121 120 126 134 141 143 142 140 139 135 137 140 151 166 160 101 77 115 145 161 164 160 159 163 165 162 158 152 150 151 152 150 149 150 151 151 154 152 153 162 172 171 
43 44 41 49 44 46 48 52 54 55 63 64 64 66 67 65 73 86 88 80 84 75 81 85 85 96 98 115 122 119 128 131 130 133 132 124 119 123 127 135 147 143 118 97 62 66 72 76 75 81 68 77 88 97 97 104 120 131 137 144 144 139 140 144 148 148 146 134 125 134 131 132 141 140 138 138 135 135 133 136 136 145 149 164 145 103 86 96 131 164 168 161 159 165 162 156 149 152 148 145 144 140 151 160 158 156 157 158 158 153 163 173 
37 43 44 39 38 43 47 51 51 51 56 62 63 64 71 79 87 85 76 78 76 78 87 82 86 93 112 125 124 119 129 133 135 135 131 127 120 113 122 133 135 145 131 114 99 80 76 76 68 71 70 78 86 87 91 110 120 134 138 144 142 138 134 142 148 147 143 138 142 144 144 138 133 139 138 128 135 132 127 126 133 133 145 163 140 111 93 101 110 148 168 167 169 165 164 164 158 148 142 141 142 145 144 152 150 154 150 149 159 160 159 169 
41 48 47 36 42 40 43 49 49 50 57 56 59 68 73 72 73 78 78 75 76 87 80 85 94 104 116 126 124 111 125 138 136 134 138 134 129 130 135 144 152 152 138 120 110 97 78 85 77 59 74 74 82 86 98 120 138 140 142 140 142 142 146 146 150 149 145 139 138 148 157 158 146 129 142 140 138 129 129 136 126 130 146 156 134 109 91 107 115 134 170 167 163 163 162 156 147 142 144 148 151 150 147 143 146 160 165 157 158 160 160 170 
43 43 46 38 42 44 49 46 48 52 54 56 60 61 64 74 78 73 72 75 80 82 82 95 104 111 120 119 106 118 128 135 141 147 141 138 137 138 142 154 155 159 146 133 117 97 81 78 107 100 88 83 90 94 111 132 140 143 146 149 149 145 146 145 140 136 132 136 141 148 171 177 169 138 126 128 127 127 125 122 125 128 144 150 138 124 89 104 115 118 161 168 166 165 167 163 152 143 143 144 144 147 149 153 156 162 164 159 159 157 158 162 
44 38 49 39 36 47 47 50 52 55 58 57 53 59 65 70 73 70 73 74 80 89 98 102 111 116 115 113 117 118 121 133 135 138 146 142 138 137 136 149 154 154 150 147 136 123 124 104 93 127 119 97 94 107 131 140 139 141 143 145 144 148 146 148 135 128 139 141 145 146 158 146 132 134 121 122 119 112 112 116 127 128 142 143 135 125 84 105 119 116 151 167 164 165 164 161 147 143 145 143 145 146 142 153 150 161 161 158 164 156 156 153 
41 40 43 39 44 43 45 48 49 59 57 56 64 64 67 75 75 74 79 86 83 89 97 106 112 111 113 114 115 119 121 133 140 143 140 142 140 142 141 141 148 153 149 149 145 141 134 114 110 123 130 104 95 114 125 138 144 142 142 142 142 142 141 136 129 132 134 138 147 158 154 74 74 138 154 130 122 113 111 116 129 134 148 141 137 111 76 101 122 124 143 162 156 163 162 151 140 146 143 144 145 149 147 147 152 156 161 161 157 155 160 159 
44 38 44 39 36 42 48 50 48 55 55 61 66 64 72 72 74 78 78 85 91 95 100 110 115 117 120 118 121 119 122 131 138 142 141 141 142 140 141 146 157 157 162 156 147 138 129 117 119 109 101 106 125 136 139 134 137 137 138 136 137 135 133 133 135 135 136 145 139 141 152 109 55 116 139 136 129 123 112 112 117 128 148 134 134 109 74 98 123 122 134 159 154 155 157 144 135 144 148 144 140 141 143 143 149 160 162 158 160 155 156 154 
38 41 44 44 39 43 47 55 56 48 53 59 59 62 71 70 73 78 83 83 89 97 105 111 120 120 120 128 121 123 121 125 135 140 138 135 134 139 141 141 149 159 167 164 166 158 152 147 142 140 134 131 133 135 134 135 131 131 131 134 136 135 136 138 135 140 139 140 148 157 153 145 84 110 144 143 142 133 126 123 126 126 144 131 134 104 71 93 119 122 126 155 157 160 155 135 125 135 143 143 141 142 145 151 155 162 160 157 157 160 165 162 
44 33 42 41 38 49 45 57 56 55 63 59 54 59 64 67 74 79 84 91 95 102 115 118 116 121 122 117 120 122 121 120 123 136 140 145 140 140 133 133 137 143 153 154 159 156 154 156 153 150 148 146 138 138 138 133 138 136 135 129 131 132 138 137 143 143 140 142 139 157 162 145 148 116 141 158 151 146 137 131 123 133 149 128 130 105 72 90 117 118 123 154 152 143 145 125 117 133 139 144 144 140 144 148 151 152 159 157 162 161 160 158 
40 35 42 40 39 44 50 59 54 53 56 61 65 64 70 68 75 83 84 92 100 109 116 120 120 119 117 120 120 125 122 127 132 140 142 142 140 136 126 136 143 144 150 154 154 150 157 157 154 154 150 152 148 146 135 133 136 131 130 142 136 137 138 140 139 149 149 143 147 152 173 185 159 150 123 154 155 150 147 135 127 122 141 134 125 109 70 90 108 113 118 143 150 139 135 117 118 136 140 141 140 145 148 150 145 146 148 156 160 164 163 161 
36 39 46 37 43 45 55 46 47 53 53 61 68 69 73 82 88 88 90 93 109 113 113 114 113 114 121 123 125 127 125 127 130 142 146 138 140 139 132 133 138 139 140 140 148 157 158 160 158 161 158 153 152 145 149 147 142 134 140 137 141 151 147 147 155 155 151 151 148 152 158 167 169 169 167 156 144 138 128 119 110 108 127 147 131 113 74 83 94 108 118 148 146 140 136 108 105 133 144 145 145 151 152 152 150 149 151 155 159 159 152 156 
40 38 42 40 41 53 46 41 50 59 60 65 68 69 76 86 88 90 96 103 115 116 118 117 114 115 121 121 120 123 122 126 128 131 138 137 137 135 132 128 132 132 141 142 143 151 159 164 165 167 170 164 162 166 174 164 158 156 159 159 151 155 159 154 161 155 154 154 149 156 146 147 154 165 170 168 153 135 124 97 84 91 119 140 130 113 73 87 110 106 114 140 151 136 130 109 109 132 136 143 145 149 149 150 152 150 151 154 156 152 152 156 
33 33 40 46 48 44 41 43 50 54 59 65 69 72 75 77 85 87 91 102 114 113 112 112 107 114 123 126 122 122 122 126 133 139 138 140 145 142 135 133 133 140 144 148 150 152 154 160 163 163 167 169 169 166 177 175 169 169 167 162 165 168 168 160 157 158 147 143 152 154 148 150 157 167 168 163 153 142 140 142 115 100 130 136 127 104 72 88 105 107 108 140 149 151 141 120 114 132 141 142 151 153 152 144 147 151 148 160 161 157 147 158 
30 36 46 48 50 45 44 48 57 55 55 67 68 75 76 80 79 89 99 108 111 112 119 120 124 126 127 128 121 122 127 133 137 135 142 142 138 137 144 141 137 140 154 151 152 148 152 153 156 154 155 155 149 149 150 148 152 160 167 163 169 163 166 154 156 158 150 151 149 163 154 152 155 169 172 163 149 149 147 133 127 121 135 133 132 102 71 85 100 109 118 148 157 156 143 120 117 139 147 150 151 151 147 143 143 152 157 161 165 163 154 158 
32 37 54 48 42 41 40 48 47 45 48 62 69 71 82 82 86 94 101 109 113 114 119 125 129 126 127 125 127 122 128 136 142 142 140 141 140 145 143 140 147 149 152 150 144 142 139 136 136 134 140 140 141 132 130 132 126 132 136 144 148 155 154 158 167 169 159 152 151 149 151 163 162 163 148 124 134 134 133 128 121 119 135 131 135 101 70 92 108 108 115 145 149 152 146 128 126 141 151 150 143 146 145 146 149 149 150 155 158 158 157 160 
33 38 57 51 42 36 40 41 42 46 60 68 67 76 84 87 92 98 106 116 116 116 121 121 125 125 122 124 125 131 139 135 133 137 140 142 142 140 142 148 151 151 146 139 130 125 126 122 115 110 96 93 97 115 125 129 129 126 127 129 133 139 143 145 148 151 153 150 150 154 161 163 146 130 119 122 113 115 114 113 113 111 131 135 136 107 74 94 111 113 126 147 149 155 150 136 140 148 148 149 151 150 147 144 153 159 153 159 154 154 156 160 
31 40 46 40 35 41 42 46 51 58 65 67 71 80 87 90 98 102 109 113 112 114 115 117 123 125 125 125 128 132 139 138 137 142 141 138 135 140 143 139 146 147 140 131 123 126 128 132 113 106 123 124 108 95 101 119 134 137 136 131 135 135 134 140 142 148 147 147 148 151 143 141 129 102 118 126 121 116 115 112 109 114 128 139 129 109 85 100 112 115 133 154 156 157 150 142 140 151 147 147 147 147 147 146 152 154 153 159 152 152 151 158 
37 40 37 34 35 39 46 49 53 57 65 74 75 86 91 95 103 97 106 114 108 114 120 118 119 121 126 126 128 133 132 136 140 139 141 143 138 135 144 152 150 142 133 124 131 134 126 121 113 120 126 115 113 108 107 111 127 143 141 135 133 133 136 139 138 138 143 145 147 149 144 130 72 98 131 125 121 117 111 106 112 117 124 135 126 108 78 101 109 117 145 158 152 150 150 145 143 147 149 149 149 148 149 151 158 150 147 146 155 157 151 156 
34 42 37 38 39 36 40 48 58 59 66 70 81 85 90 99 95 98 108 115 116 114 118 123 123 125 128 129 127 126 133 134 139 139 144 143 136 140 132 138 137 128 128 134 131 120 113 89 102 120 94 105 97 102 104 104 117 134 144 148 144 145 144 139 134 139 139 140 142 134 135 135 103 103 116 121 122 117 114 114 120 124 128 153 126 110 84 99 110 123 148 149 152 152 152 154 151 151 151 146 146 149 152 153 156 156 153 150 152 152 152 154 
38 38 35 40 40 40 43 47 46 56 72 88 98 100 97 94 99 105 110 106 115 121 121 126 127 125 125 126 129 135 135 136 138 145 140 145 139 130 130 129 129 135 135 134 126 113 91 87 97 91 74 90 95 92 97 107 111 127 136 144 145 146 146 148 146 141 140 138 139 139 141 154 166 149 129 136 135 138 138 135 128 133 138 144 130 95 85 108 112 138 152 155 155 158 156 153 153 151 152 148 146 151 150 149 149 146 147 148 156 147 151 151 
39 39 34 32 36 36 40 50 61 69 78 87 91 91 94 105 111 113 106 116 117 117 116 120 122 126 128 129 133 133 131 134 133 135 140 132 138 136 130 128 129 132 133 122 113 92 79 84 96 103 71 85 91 98 97 98 111 121 132 145 148 147 150 147 152 150 145 140 134 136 140 145 148 137 137 136 138 146 143 140 131 131 130 136 125 104 86 106 107 144 161 155 157 162 161 161 155 149 151 151 150 152 155 155 157 155 145 142 139 141 149 150 
41 35 37 34 38 39 42 52 64 69 75 77 75 82 90 101 104 108 112 115 120 124 124 129 129 128 126 130 131 132 135 134 134 137 138 140 140 128 120 112 117 129 133 114 81 73 79 90 84 93 86 74 93 99 104 105 109 114 121 138 146 149 152 154 154 159 157 155 151 151 148 145 143 145 149 143 141 141 141 134 137 136 121 124 121 105 86 103 121 152 163 160 157 161 159 158 157 156 155 155 146 149 147 148 152 152 150 150 147 145 144 146 
36 34 32 31 34 38 41 48 56 64 73 74 74 81 93 96 103 110 119 118 118 118 119 121 121 126 123 125 130 131 135 130 135 140 141 139 138 123 110 103 114 123 117 91 67 69 80 76 68 79 77 78 89 99 106 110 108 109 115 130 140 143 151 158 160 160 163 158 156 151 146 144 145 149 150 147 142 148 147 141 132 136 136 142 138 104 75 106 135 158 157 157 154 153 154 154 153 151 149 150 149 147 151 144 142 141 141 149 140 143 146 149 
36 32 38 39 38 43 51 59 63 69 75 76 80 82 89 92 98 100 105 111 117 116 116 123 123 126 129 131 134 135 133 136 132 136 138 143 133 109 98 96 115 125 103 69 71 77 81 82 102 109 93 81 86 96 100 114 117 116 117 129 141 148 152 156 165 161 163 154 154 147 137 137 137 146 153 157 155 149 146 144 149 149 150 154 147 115 76 111 137 155 159 158 157 159 156 155 150 152 149 150 150 151 145 143 151 156 148 143 146 142 153 155 
34 31 35 40 36 38 51 57 65 71 76 76 82 93 102 111 103 102 106 117 111 114 109 113 126 129 129 131 134 140 142 139 138 135 136 141 128 111 95 85 100 122 93 66 70 79 54 60 73 98 109 86 94 101 112 115 121 123 119 121 134 141 148 154 160 161 164 169 158 155 153 141 146 145 149 150 156 154 150 152 147 149 146 150 136 117 88 122 135 144 155 160 156 160 160 154 152 151 153 146 143 143 141 145 150 146 152 151 140 142 158 162 
30 35 35 33 36 53 57 66 70 72 80 85 90 102 99 92 90 99 102 107 114 113 112 118 121 125 134 139 138 143 140 135 138 140 141 141 129 112 87 81 96 122 98 69 78 77 44 44 39 39 74 83 81 100 110 115 120 123 120 129 126 141 147 152 165 160 163 161 160 155 160 152 143 144 142 145 148 155 157 156 154 147 152 154 146 129 100 115 126 139 153 158 162 157 147 146 147 148 147 151 151 148 148 155 146 146 144 142 144 150 157 159 
33 32 45 49 61 63 58 52 61 68 70 72 73 81 87 92 97 92 91 99 110 112 115 115 121 130 130 137 135 133 137 138 143 142 142 138 127 112 94 84 106 124 97 73 81 54 31 35 25 42 47 75 83 97 112 123 125 131 129 126 129 134 145 154 162 165 161 164 167 158 159 158 152 148 146 147 148 149 147 152 154 149 141 150 145 132 109 114 123 139 148 154 152 151 155 150 145 147 148 148 151 155 146 143 149 154 146 136 146 150 153 157 
38 36 47 51 57 47 50 59 65 64 64 67 73 79 83 91 91 86 92 104 112 114 114 114 125 126 126 128 137 139 137 142 142 138 138 133 125 106 86 79 98 120 101 79 82 46 37 97 33 33 46 63 96 107 123 129 129 129 132 131 137 136 142 153 158 158 161 162 160 160 160 155 159 157 153 151 148 150 153 155 155 151 148 153 151 139 124 120 124 137 145 149 148 152 144 147 150 154 152 147 145 150 150 151 151 145 143 144 154 156 157 157 
35 45 52 57 49 47 55 52 59 58 60 71 77 77 78 78 75 88 99 99 106 108 112 115 123 125 131 131 137 143 144 143 143 148 146 136 121 114 88 72 92 115 104 82 89 49 39 22 46 66 45 84 106 119 122 129 132 139 138 131 139 142 144 153 158 163 164 164 163 169 165 159 160 161 156 155 155 153 150 156 162 154 154 156 162 162 156 150 144 141 139 135 136 141 149 147 151 151 145 155 158 153 152 152 150 148 148 153 153 155 158 158 
40 51 52 49 38 43 55 63 61 63 72 70 72 88 86 80 94 95 95 103 110 117 113 118 126 128 129 136 137 141 142 144 144 145 143 137 129 117 104 87 102 119 116 84 89 69 30 25 30 54 96 123 105 112 143 145 135 144 149 146 145 144 144 156 164 165 166 163 160 158 159 163 167 164 161 160 156 156 154 156 160 164 156 156 159 154 148 150 152 159 155 147 139 146 154 163 155 152 150 145 149 147 151 148 150 147 153 151 152 154 154 154 
50 49 50 50 41 42 53 63 75 75 76 81 85 80 85 100 106 101 92 106 111 105 118 124 126 131 133 134 143 146 146 146 147 147 136 128 127 118 117 100 114 123 121 94 93 68 91 93 88 121 140 113 116 155 152 149 138 141 147 142 147 148 150 152 155 160 158 165 164 164 165 162 162 165 163 159 160 161 161 156 161 153 165 165 150 157 162 163 167 165 164 168 164 156 157 158 159 159 157 158 152 155 156 154 147 151 151 148 150 155 155 154 
44 48 49 47 52 53 56 69 87 87 77 70 79 90 95 101 98 83 88 94 100 114 112 112 124 132 137 140 140 143 145 144 143 135 133 133 123 123 117 109 105 125 131 103 95 83 77 133 146 150 132 122 131 144 147 143 143 148 147 149 146 146 145 153 164 166 165 170 168 164 165 168 168 167 165 168 166 168 166 167 160 161 157 159 164 165 165 164 167 164 165 162 160 161 157 154 161 157 155 158 158 158 159 149 145 146 147 149 153 152 151 152 
53 49 44 48 50 56 59 61 59 70 73 80 84 84 85 84 89 95 105 103 102 109 113 122 128 128 133 135 142 139 143 144 140 134 124 127 124 120 122 113 120 133 138 124 96 106 71 115 135 116 109 107 114 131 136 137 145 151 152 155 151 152 155 153 154 161 164 169 170 165 166 167 165 170 169 173 174 173 173 173 171 166 168 170 167 168 164 167 162 154 158 156 161 162 159 160 158 157 159 154 154 157 153 149 149 145 147 148 150 151 152 152 
55 55 50 44 45 55 61 71 77 70 74 68 66 67 63 81 91 101 107 117 119 114 126 123 122 122 127 134 134 138 139 141 141 139 126 118 118 120 114 113 125 146 153 143 106 99 102 69 92 87 104 106 120 126 132 142 145 144 145 155 153 156 152 160 162 162 159 167 167 162 161 162 168 169 167 173 172 176 176 167 169 167 167 170 165 172 170 168 167 160 166 170 161 159 161 164 160 159 160 157 155 153 146 147 146 145 143 148 148 151 151 152 
45 45 50 42 48 51 60 60 73 76 82 90 107 109 105 92 106 108 114 117 118 121 113 129 135 130 127 131 134 134 136 137 139 139 138 121 118 115 117 103 108 134 138 148 136 107 111 95 79 88 101 117 128 135 143 146 149 151 151 154 153 153 155 155 159 162 149 150 153 148 152 162 168 169 170 167 171 175 170 171 165 167 172 169 165 162 166 166 167 160 162 165 165 163 159 157 158 156 155 154 147 144 148 153 155 157 159 157 156 155 153 148 
44 44 48 41 40 55 50 49 55 74 78 80 76 83 93 103 102 105 112 111 121 123 118 119 124 131 130 127 126 129 132 132 129 129 128 118 117 111 115 105 111 131 138 141 141 132 116 125 111 104 114 125 132 139 146 150 149 149 149 151 150 148 155 154 151 156 159 164 162 157 161 157 162 167 170 167 163 163 165 166 162 164 162 162 163 164 164 164 161 163 161 156 156 161 164 162 155 150 159 160 154 142 127 111 101 80 75 80 76 81 90 80 
41 49 46 50 38 37 57 47 45 47 66 78 83 84 87 90 95 104 105 114 119 120 123 125 125 126 128 127 126 126 129 130 133 133 126 120 120 114 116 112 114 126 137 134 139 136 141 137 136 124 119 130 139 142 149 148 148 148 148 149 151 154 161 161 161 157 160 159 160 156 156 156 159 158 161 165 165 168 166 164 164 162 161 159 158 160 160 154 153 161 163 164 162 161 157 153 155 154 117 69 51 54 52 48 66 73 67 84 88 90 102 94 
37 45 53 51 45 39 56 48 45 40 39 54 72 82 84 89 91 95 100 97 100 103 107 109 109 110 115 117 120 125 128 129 131 131 129 122 119 114 116 116 113 119 131 135 138 136 134 140 139 133 138 134 142 148 145 150 151 155 151 149 148 159 165 159 159 156 155 159 162 162 159 155 161 160 155 159 159 162 162 162 159 155 153 154 157 158 158 161 162 159 155 156 151 149 154 149 116 71 106 79 65 65 81 82 97 105 96 99 102 94 106 100 
41 45 55 53 54 45 44 58 42 55 48 41 44 59 73 85 90 89 94 95 97 104 103 119 120 124 126 127 124 126 125 128 130 130 129 125 129 124 113 111 114 119 122 128 136 142 143 142 146 143 142 148 149 149 148 148 149 151 155 154 152 162 159 153 152 153 151 153 157 159 159 153 152 157 156 156 157 158 158 157 152 155 157 154 151 151 152 149 150 152 150 147 149 151 129 78 48 46 68 118 82 74 64 82 100 127 114 107 109 101 107 110 
41 39 38 54 62 50 42 46 53 44 52 38 44 48 49 57 68 75 82 95 102 103 106 104 108 110 123 125 135 131 135 130 129 129 130 131 127 127 125 118 113 116 115 121 133 141 144 146 148 149 152 146 146 144 142 151 151 149 147 153 152 153 156 157 155 149 145 152 155 157 157 154 154 155 154 149 152 153 154 151 151 148 150 148 151 149 145 145 144 145 148 154 130 83 49 45 47 49 49 88 126 101 100 67 73 73 90 92 104 95 74 93 
39 40 43 41 51 67 60 46 45 53 47 53 45 38 38 41 39 47 62 65 77 89 97 96 101 101 96 117 110 124 129 132 132 131 129 130 130 129 129 126 124 125 121 126 128 135 136 139 142 145 148 151 151 151 143 138 139 151 149 148 150 150 148 150 151 150 146 140 142 147 149 147 151 147 147 147 147 145 142 139 140 142 141 144 137 139 138 142 146 151 129 85 50 42 50 53 53 55 52 50 111 146 103 113 89 76 92 87 75 90 95 92 
44 42 36 44 44 44 58 59 51 41 55 48 49 47 46 37 40 42 39 49 53 63 66 69 62 71 86 83 91 93 110 117 127 128 128 133 133 134 134 131 126 127 130 128 133 136 137 139 145 149 147 146 145 145 147 148 145 142 135 139 138 136 138 138 140 139 140 139 137 137 134 137 132 136 133 134 131 133 134 140 138 141 144 144 154 155 155 134 98 59 41 44 51 53 56 51 54 54 51 52 47 115 175 134 128 128 91 106 112 108 118 129 
46 38 41 38 47 49 52 49 47 55 47 50 48 47 41 41 39 38 49 50 46 47 50 55 57 57 57 60 55 71 75 88 103 117 123 125 122 125 129 128 133 136 137 137 135 137 138 139 139 142 142 143 146 145 143 140 139 143 139 137 135 133 127 131 130 131 132 133 131 135 136 134 131 130 132 138 138 142 144 145 149 150 143 127 107 84 62 44 44 49 51 54 54 51 48 52 55 53 57 56 53 41 97 186 164 132 123 109 118 109 95 100 
47 48 40 38 42 47 42 43 41 37 40 48 50 50 48 36 33 31 33 45 42 37 46 38 41 47 45 45 48 51 59 59 64 73 84 95 107 117 122 125 128 129 134 139 138 139 139 141 143 142 142 141 144 144 142 138 134 136 133 132 132 134 131 129 126 127 131 131 129 129 126 127 128 126 127 130 122 116 105 85 66 53 50 45 40 44 47 51 48 52 53 51 48 51 54 53 52 56 54 53 53 53 43 71 177 207 166 134 104 126 141 118 
41 46 38 53 53 48 49 47 59 55 41 38 43 43 42 46 42 31 32 35 34 38 41 44 35 35 54 48 47 49 53 47 52 53 52 54 50 49 54 64 67 73 80 84 96 109 117 123 125 129 136 139 136 133 133 133 130 125 123 119 119 123 128 135 135 127 125 125 129 131 135 138 138 148 153 155 100 41 41 42 47 49 50 54 55 50 50 49 48 54 53 49 54 53 54 56 55 52 51 52 58 56 56 47 44 115 210 202 182 151 124 138 
49 43 48 37 55 52 52 40 38 57 54 51 49 41 41 37 33 46 45 37 40 37 39 42 44 47 47 51 47 46 58 58 50 44 45 58 62 60 54 43 47 46 51 47 42 39 48 49 59 65 68 61 110 118 117 110 120 130 143 146 150 143 119 104 109 134 145 157 167 168 165 162 159 151 153 131 58 52 53 53 51 55 54 52 50 52 54 54 53 48 52 54 54 52 52 53 55 58 58 55 50 53 52 53 50 37 60 168 221 200 189 170 
55 61 49 48 44 59 52 52 40 30 54 55 49 57 42 50 54 44 48 47 39 44 42 43 47 48 47 49 48 53 49 54 50 42 46 51 50 52 55 63 57 55 55 50 55 67 71 75 53 36 43 81 161 150 130 116 116 124 129 146 152 129 109 111 123 158 167 160 159 159 164 157 149 161 157 95 53 50 50 53 52 46 52 49 49 48 52 51 50 50 51 54 53 53 53 55 55 52 53 52 52 52 54 55 53 52 43 31 76 203 219 211 
50 56 60 55 51 46 55 52 44 40 33 41 41 40 59 46 45 50 41 37 38 37 35 38 37 45 48 49 43 40 42 46 55 50 45 48 47 35 41 44 49 55 58 60 53 46 44 63 88 107 122 145 160 160 148 140 121 118 120 119 116 108 113 122 141 155 151 155 146 150 153 151 146 155 137 62 51 53 52 51 54 53 53 51 53 51 51 53 51 53 53 52 54 54 53 53 53 55 56 51 53 53 54 52 51 54 54 50 38 30 129 213 
44 53 51 53 62 58 51 47 53 49 43 50 43 39 38 45 40 39 44 47 41 42 43 41 41 35 42 44 44 51 57 46 44 46 49 48 49 51 46 49 48 46 45 50 74 111 143 153 143 141 154 151 151 155 156 147 134 123 107 103 106 115 132 160 170 157 146 139 142 143 150 147 153 145 73 49 49 50 51 53 50 52 50 50 54 52 52 53 55 53 55 54 55 55 56 55 54 55 52 50 53 52 52 51 55 54 53 51 48 47 31 59 
49 50 50 47 51 56 58 56 47 46 50 43 42 36 39 39 38 44 43 43 45 44 46 42 38 44 43 40 38 38 45 42 50 47 42 46 48 51 53 51 52 54 60 107 135 150 158 181 188 177 174 171 164 161 151 146 139 138 136 146 146 153 165 166 151 135 129 139 148 141 148 148 115 62 47 49 51 53 53 49 52 51 48 54 53 51 51 55 57 54 56 55 51 54 52 54 53 54 54 54 47 48 51 52 53 53 52 49 50 47 47 39 
48 48 53 49 49 48 50 47 52 54 45 41 42 50 47 44 45 38 38 41 39 37 35 38 37 38 36 41 40 47 48 57 55 57 57 56 58 58 55 55 56 55 85 127 150 155 144 149 162 170 194 199 196 198 195 195 186 183 169 160 162 167 158 138 124 129 140 147 157 146 99 61 45 47 53 53 53 52 52 51 53 58 60 50 56 55 55 59 55 60 52 54 57 53 53 54 54 52 51 51 58 56 53 49 52 49 52 55 52 52 51 46 
40 47 46 48 48 49 48 53 44 46 50 49 45 45 43 55 52 48 42 37 44 47 48 43 45 44 46 55 55 58 56 54 59 61 58 58 58 56 59 61 61 63 109 152 153 143 148 144 142 137 139 137 135 137 136 138 140 145 141 139 134 125 118 123 138 155 158 150 103 56 44 49 51 56 49 51 52 53 56 54 54 55 53 59 56 56 51 55 58 54 54 55 52 59 53 51 56 53 56 53 51 50 53 49 52 52 53 52 53 50 54 50 
47 47 51 47 45 46 50 49 54 48 48 51 52 54 54 48 51 51 53 55 54 54 55 53 55 58 58 57 58 57 58 56 57 57 57 60 59 59 56 57 57 61 109 147 142 153 157 160 158 150 143 141 147 146 140 132 123 113 106 104 108 125 145 155 150 121 85 53 42 47 53 53 54 49 52 52 56 54 53 55 58 54 56 53 55 52 56 56 56 55 56 55 55 51 53 54 51 50 50 51 55 54 51 54 50 52 49 51 49 53 51 51 
46 46 48 49 48 49 48 50 49 52 52 52 52 52 50 49 50 53 51 51 52 53 56 55 55 53 54 56 56 54 59 57 59 58 60 58 57 58 58 56 56 56 93 147 145 125 139 143 149 157 166 160 134 104 87 88 93 109 129 141 145 135 111 77 55 45 45 49 54 56 56 58 55 55 53 53 53 56 55 53 51 54 53 56 52 52 54 54 54 56 55 52 53 54 55 53 53 55 53 50 49 51 53 54 55 51 53 56 52 51 52 51 
47 47 47 46 45 47 45 46 46 46 48 48 51 49 51 51 53 50 54 53 51 52 53 50 52 53 54 56 55 56 55 55 52 55 54 55 56 57 54 55 59 59 62 120 153 137 98 86 80 79 78 81 91 119 143 153 148 135 107 79 60 48 45 50 58 59 59 56 53 55 53 55 55 50 54 56 53 53 55 56 54 55 56 56 61 56 58 54 59 56 56 57 56 55 53 53 54 55 54 49 51 52 53 55 57 56 54 53 52 51 52 52 
44 44 47 48 49 48 48 47 49 49 50 51 51 53 51 51 48 51 52 53 54 53 53 51 49 54 56 56 52 53 57 60 58 56 57 57 56 56 57 58 58 60 53 57 109 156 168 155 148 145 151 149 150 126 103 68 58 51 47 54 53 57 57 55 55 57 58 55 57 57 54 53 56 59 57 54 55 57 50 51 52 56 57 58 51 55 53 55 56 53 56 55 55 53 54 53 51 50 52 53 54 51 52 52 53 51 51 51 47 47 51 51 
