10 45 45 50 48 50 46 44 44 46 48 49 51 50 49 51 47 50 52 52 51 51 55 52 54 54 57 58 57 55 56 56 58 58 57 58 60 58 59 55 57 54 60 58 50 60 107 141 149 143 133 112 82 60 50 49 58 55 59 62 60 61 63 59 56 56 56 55 55 57 57 61 58 56 56 55 54 51 55 50 52 57 57 52 53 56 55 57 54 52 49 52 52 55 55 54 51 52 52 51 52 53 58 53 54 53 50 52 58 52 55 50 
37 36 36 41 40 38 41 42 36 39 42 39 41 46 49 48 48 45 48 43 40 45 44 45 44 49 50 45 46 48 49 49 49 54 49 52 48 47 47 47 43 33 35 59 84 105 128 141 138 114 91 60 38 24 28 34 34 37 46 47 48 44 49 45 43 41 43 44 41 44 46 49 44 46 43 45 47 48 45 43 47 48 46 46 45 49 49 48 49 50 44 47 46 51 49 48 48 47 47 45 46 46 45 48 49 49 45 45 44 45 43 37 
36 38 39 40 39 42 40 42 41 37 40 41 40 43 43 43 39 41 37 40 45 48 44 42 46 42 46 50 46 45 47 49 47 46 50 47 47 46 46 43 57 112 140 137 134 120 102 91 90 100 116 135 140 130 116 99 84 70 51 36 25 29 33 45 43 43 44 42 45 43 41 42 41 41 42 47 46 47 43 46 47 45 46 49 50 50 48 47 48 48 48 48 49 50 46 48 48 48 46 49 49 47 48 42 44 46 45 45 47 43 44 40 
38 38 40 38 40 40 36 43 42 46 45 48 49 46 43 35 42 40 45 47 47 48 55 49 44 52 48 49 50 48 52 49 50 49 48 46 49 47 47 57 122 141 127 111 100 101 108 110 103 96 85 85 88 90 96 106 113 121 124 130 124 99 64 32 25 38 45 44 45 45 41 42 43 45 44 45 45 46 45 46 47 49 47 45 45 44 43 47 48 49 47 44 49 44 47 49 51 46 49 48 47 48 43 48 47 45 49 45 44 41 42 40 
41 36 38 39 40 36 36 41 43 40 39 34 38 42 30 34 40 41 34 31 36 41 36 36 43 39 35 36 43 45 47 44 44 48 48 48 49 47 50 76 122 144 141 145 149 141 134 131 127 130 132 133 140 147 143 138 133 127 122 111 112 131 139 137 103 49 23 37 41 41 42 47 44 45 43 42 42 41 42 43 44 46 47 45 50 50 50 46 47 48 47 48 48 51 46 47 49 48 48 46 49 47 53 49 45 44 44 41 47 45 45 46 
41 41 39 40 37 36 38 33 33 35 36 38 40 30 28 39 41 31 33 37 34 31 31 35 35 33 38 43 44 37 29 28 26 32 41 45 51 48 56 73 116 137 149 138 113 114 130 139 149 160 160 171 173 156 144 136 144 151 151 154 136 101 112 129 139 148 124 68 18 42 40 43 40 43 42 43 44 43 43 44 42 41 41 46 45 47 44 41 46 46 45 48 48 47 50 48 47 51 46 47 47 47 48 49 48 45 45 47 47 43 42 39 
41 40 38 36 38 37 36 31 35 39 36 36 28 28 42 40 34 33 38 34 35 36 40 32 32 38 41 37 35 32 37 31 31 30 29 30 28 39 36 46 83 125 136 144 155 139 148 157 154 156 163 161 155 136 112 113 121 125 124 134 154 153 128 118 128 134 144 152 142 67 33 41 46 44 44 43 44 45 43 46 47 42 43 43 42 42 42 46 47 46 50 49 48 49 46 49 50 47 48 50 49 47 47 51 48 45 46 45 44 44 45 41 
34 35 29 33 33 29 27 30 32 30 34 32 31 37 40 40 37 37 29 35 43 44 39 45 45 49 47 42 36 36 31 32 35 38 33 34 40 38 38 37 40 62 107 142 149 157 185 177 151 150 165 168 156 141 116 107 113 119 111 111 128 142 143 144 143 145 143 145 143 148 87 33 42 43 44 42 43 43 44 46 43 43 45 46 43 42 47 46 48 45 48 48 50 46 50 51 50 48 51 47 47 49 47 47 47 48 45 44 42 43 38 44 
35 36 40 37 31 27 35 33 27 34 34 37 35 36 33 37 34 36 40 46 43 46 51 51 53 43 37 32 35 34 34 42 47 46 48 41 36 38 39 34 34 38 41 80 119 136 146 140 123 134 174 166 148 135 121 110 108 106 105 116 114 127 146 152 155 154 153 154 146 144 146 61 38 46 43 46 43 43 45 43 41 42 42 42 44 44 44 42 44 44 45 48 52 51 51 48 50 50 52 50 49 45 49 45 44 43 45 43 45 43 45 83 
36 33 31 29 33 30 35 29 33 35 36 37 32 35 43 35 37 43 45 41 47 45 45 45 43 44 42 46 39 38 41 44 49 54 53 56 58 62 49 45 61 55 40 38 57 97 141 159 154 142 156 130 119 121 124 122 114 111 103 98 108 121 131 136 150 165 160 155 148 151 157 127 38 42 46 44 44 43 42 43 44 43 41 46 44 42 44 44 47 47 48 46 47 47 49 51 49 48 48 46 46 46 46 46 45 43 47 45 44 40 38 128 
31 35 29 31 25 34 33 33 36 37 38 40 34 36 43 38 38 43 37 40 40 38 34 44 45 51 55 50 45 45 51 46 54 49 40 40 46 37 52 49 56 60 66 61 51 50 57 98 128 138 144 134 108 114 123 120 133 139 148 153 124 88 102 121 148 162 168 157 150 146 148 150 73 36 45 41 45 45 44 44 43 43 41 43 44 47 41 45 45 46 43 46 48 48 45 46 48 49 48 49 47 48 46 45 48 48 44 44 37 38 55 164 
33 41 35 32 31 37 35 35 42 37 44 54 43 40 37 40 36 37 31 33 37 33 36 40 49 49 57 52 51 56 65 73 87 89 92 89 88 84 82 82 83 90 89 88 90 85 91 97 111 117 117 120 127 120 120 121 120 126 131 134 142 142 108 90 116 156 167 156 153 152 156 155 131 39 42 45 45 44 46 44 43 46 49 43 44 41 45 43 45 44 46 45 47 50 50 50 50 49 48 48 46 46 50 46 44 44 42 40 43 38 90 178 
39 42 35 34 31 32 34 38 48 43 67 66 47 47 42 42 37 35 32 34 40 38 44 53 54 62 63 61 71 79 96 102 108 117 118 121 124 124 128 129 126 130 131 131 130 131 134 135 131 132 132 131 134 133 130 131 130 126 128 131 131 134 141 141 136 145 150 147 151 155 160 164 153 63 45 43 44 43 43 46 45 44 44 44 44 45 44 42 45 44 43 41 45 45 47 50 48 47 46 45 47 48 43 43 43 40 42 42 41 36 126 179 
39 47 33 37 35 36 38 42 41 42 64 56 54 53 44 43 40 40 44 48 50 47 55 57 71 74 68 79 92 100 110 116 122 126 127 131 130 132 131 134 134 134 136 135 139 138 131 138 139 139 141 142 141 140 142 139 137 137 132 131 133 134 135 137 142 140 143 142 140 139 146 156 147 46 29 38 40 47 47 44 42 43 44 44 45 44 43 45 42 42 44 46 49 46 45 47 48 48 48 47 46 42 44 45 45 42 43 40 38 54 157 170 
43 45 36 33 36 39 47 38 36 45 51 45 51 46 53 49 46 51 56 58 58 63 69 79 78 78 78 93 104 111 120 118 124 130 135 133 132 138 135 136 136 138 136 140 142 139 139 145 143 141 146 144 142 141 141 141 143 139 135 134 131 131 131 134 131 136 134 133 137 136 136 133 135 121 98 66 35 18 20 30 38 49 44 46 43 45 47 47 46 46 46 47 46 44 45 47 46 44 43 45 42 41 40 43 41 41 40 41 41 80 169 158 
39 38 37 37 38 39 41 39 41 42 51 57 54 56 63 64 60 66 70 72 73 74 80 87 86 94 97 108 113 121 126 127 130 135 135 135 135 133 132 137 137 135 135 135 140 141 144 145 146 144 143 146 142 144 141 141 143 142 145 143 141 139 136 134 133 131 129 131 131 130 133 134 133 136 141 142 145 135 120 87 50 26 25 38 44 49 43 47 47 45 46 44 46 46 46 47 45 42 43 43 41 41 38 43 40 39 37 38 37 117 150 137 
45 36 39 39 38 43 40 37 40 41 51 55 55 62 76 74 77 77 89 89 89 90 88 95 93 103 113 119 124 128 132 134 137 134 135 134 136 131 129 129 130 131 136 136 145 146 150 152 151 149 150 147 147 144 142 141 143 145 148 152 148 146 145 146 141 139 137 139 140 137 138 137 137 134 137 137 137 138 143 143 146 138 117 69 35 26 36 42 44 48 43 45 43 44 44 44 44 42 40 37 43 41 41 38 39 41 38 33 23 122 158 199 
40 42 46 44 41 36 42 42 44 47 63 55 58 63 70 81 86 82 84 94 103 111 97 102 104 109 121 126 130 129 133 132 131 132 131 130 132 127 127 123 123 129 136 139 144 146 148 151 152 147 147 148 146 143 141 143 146 150 152 155 154 151 151 154 151 147 154 152 153 151 147 147 145 143 140 138 139 138 142 144 145 147 148 149 139 110 61 35 36 42 47 45 45 44 40 41 40 43 41 42 40 36 35 39 40 27 19 53 134 191 199 197 
34 42 42 46 37 44 49 45 49 53 74 61 67 74 83 86 91 91 92 97 103 116 105 108 115 117 121 127 131 129 129 130 135 131 129 128 127 124 122 119 124 129 133 140 146 153 152 152 153 149 146 146 145 143 146 147 148 149 152 159 160 154 152 155 155 157 163 162 160 160 158 155 162 158 158 156 152 149 147 144 145 147 148 145 148 150 147 123 70 31 33 45 46 42 46 46 42 43 40 40 39 38 40 24 15 63 145 200 210 206 206 208 
38 46 43 52 49 41 44 51 52 68 74 70 77 85 91 93 94 95 103 110 108 107 104 115 120 125 124 126 130 127 129 132 130 130 130 125 129 116 113 113 118 129 133 141 147 149 148 153 149 139 144 144 140 141 141 141 144 148 152 158 161 156 157 161 164 161 162 165 162 159 162 160 165 167 169 166 165 162 156 153 152 150 153 151 147 149 148 153 153 123 65 23 39 47 47 41 43 40 41 45 38 16 25 94 174 218 223 221 218 216 207 196 
45 48 41 51 56 54 54 49 56 70 80 78 84 92 94 94 96 98 107 113 116 103 110 120 127 128 127 128 127 130 133 132 132 130 129 130 126 115 112 112 120 130 138 141 150 149 145 141 135 131 136 142 144 141 142 143 141 147 147 153 159 157 162 164 163 163 162 165 165 161 164 161 165 166 168 169 171 172 168 166 160 161 160 159 157 157 153 150 149 151 149 120 47 23 36 46 40 40 40 21 44 130 200 217 207 190 180 174 171 174 182 185 
38 44 45 48 48 48 52 55 56 65 82 82 87 87 90 98 96 102 110 120 114 100 117 125 130 130 132 127 128 132 132 131 133 132 130 125 112 112 109 110 122 137 140 145 152 142 133 124 119 123 136 139 143 144 140 142 143 145 149 152 154 159 161 161 162 159 159 162 168 163 164 167 170 168 166 172 172 171 175 171 167 168 167 164 165 165 162 155 156 153 153 155 147 105 42 21 31 35 37 113 176 189 176 159 176 197 209 208 208 206 206 206 
45 48 45 43 45 49 59 58 67 74 83 83 81 76 89 91 92 109 121 116 101 111 123 129 130 126 129 128 132 134 135 135 131 134 130 119 107 107 108 113 124 137 140 148 140 123 113 103 108 121 135 141 144 147 144 142 141 144 145 146 149 152 157 160 162 159 159 160 163 162 164 167 169 165 171 172 171 175 174 174 173 173 176 172 171 169 165 163 165 163 159 161 155 158 151 111 76 63 116 129 106 91 94 106 112 121 146 184 212 218 208 205 
47 45 48 46 46 60 55 59 70 77 80 79 77 80 91 89 101 113 115 97 101 122 128 131 129 129 127 130 129 133 135 133 132 128 119 111 105 103 109 118 125 143 146 141 121 114 94 78 100 117 132 137 139 147 144 144 141 141 142 143 147 151 157 159 159 158 162 159 160 161 160 167 167 164 170 179 175 174 172 174 177 174 174 172 174 171 169 164 168 169 164 166 162 163 164 162 161 155 142 124 88 48 20 21 24 43 52 49 59 102 177 207 
44 41 46 47 44 58 55 62 68 76 71 64 73 75 86 84 100 100 91 96 110 120 129 128 128 124 119 126 128 132 134 130 133 126 114 112 104 103 105 117 135 147 141 123 106 106 88 97 91 114 133 138 141 145 146 142 140 142 144 144 145 146 151 155 158 157 161 156 158 157 161 162 166 163 173 179 178 178 176 175 179 176 177 170 171 174 170 170 171 169 168 168 167 167 165 165 166 161 157 154 153 148 102 67 65 56 47 43 42 42 43 87 
48 46 43 45 48 52 54 63 67 66 61 58 64 83 87 87 84 88 97 104 110 118 124 126 127 128 113 115 123 131 132 130 129 120 111 107 106 102 106 111 136 139 133 103 110 93 110 134 102 98 130 148 152 150 147 141 139 138 141 139 138 144 150 153 156 154 157 151 154 157 159 164 167 167 175 172 176 178 180 181 184 179 174 173 176 174 176 172 170 171 169 164 166 169 168 164 165 165 165 161 162 161 153 110 84 94 97 100 98 92 92 85 
48 47 40 49 48 47 53 62 67 66 56 61 66 83 89 87 83 97 103 108 108 109 118 122 125 123 115 113 122 130 133 130 130 122 113 109 107 103 105 107 128 133 123 94 102 93 129 157 174 101 117 144 161 150 143 137 134 135 140 141 139 141 148 150 154 155 151 152 154 160 159 161 161 164 169 171 175 178 173 178 182 176 172 174 170 171 174 173 175 173 173 175 168 164 163 163 166 167 167 166 163 161 160 147 103 84 94 98 99 103 102 104 
50 46 39 52 47 47 53 64 63 60 58 60 69 84 82 78 87 102 102 107 111 107 113 115 119 118 119 111 120 125 131 130 131 123 118 107 104 100 105 104 129 131 112 89 85 102 138 157 202 118 109 134 150 149 137 132 130 133 137 139 138 137 140 145 152 154 150 153 157 158 161 163 167 166 171 169 171 171 170 171 174 173 171 168 166 165 169 171 177 171 173 176 171 168 166 166 166 166 168 169 167 163 164 162 132 91 87 97 101 106 103 107 
48 42 41 47 47 43 55 66 65 56 56 58 77 85 77 79 91 96 95 106 113 111 112 114 111 116 112 108 117 129 132 131 130 128 122 111 102 97 105 104 127 132 99 87 77 91 107 139 187 115 106 121 135 133 128 126 127 126 134 135 135 137 138 145 148 150 152 151 155 155 160 164 165 166 167 166 167 164 166 168 163 167 167 160 165 161 160 162 165 164 165 164 169 170 167 164 165 161 164 165 168 164 160 167 159 119 88 90 102 106 109 106 
50 43 38 48 44 50 65 68 63 55 59 68 75 82 76 83 96 97 99 113 113 109 107 107 108 112 96 110 119 129 132 133 135 130 124 111 99 84 94 110 132 127 89 79 64 43 37 80 122 97 101 110 121 125 118 125 124 122 127 132 134 139 136 144 147 144 147 149 154 157 159 162 164 165 164 159 160 158 159 161 158 166 163 165 168 161 158 158 155 154 150 151 157 159 157 160 166 166 159 162 168 165 163 160 163 144 101 88 94 102 106 103 
44 40 43 37 47 53 59 62 59 62 67 66 76 83 78 89 99 98 105 107 110 105 102 105 105 100 88 110 123 130 132 134 131 132 128 114 103 90 90 114 132 122 76 87 54 47 51 34 29 61 98 105 112 115 113 120 124 124 126 128 133 134 143 146 146 144 151 153 158 156 161 162 159 159 153 153 149 154 158 159 161 161 164 164 163 158 154 149 143 148 146 144 151 149 146 152 163 162 159 155 158 164 162 162 163 154 124 93 91 100 108 108 
44 36 43 45 52 50 62 58 59 63 69 73 72 75 83 88 92 95 103 109 103 97 99 101 97 86 91 108 122 127 134 136 135 130 131 117 101 87 87 111 135 111 69 78 54 50 46 30 40 53 89 101 107 110 115 117 118 123 123 127 132 137 146 150 147 147 150 150 155 158 158 155 156 152 147 146 147 153 153 155 157 156 161 158 152 143 136 137 141 144 148 148 143 144 145 149 150 153 157 161 155 159 162 161 163 165 138 105 87 93 101 107 
41 41 46 48 47 53 56 56 58 60 67 73 72 75 82 87 89 93 104 106 96 96 98 93 83 90 96 110 118 128 133 134 133 133 126 120 104 92 88 108 133 106 60 74 57 31 27 33 36 54 83 91 101 108 113 115 116 119 122 127 136 138 146 149 147 146 148 153 157 154 156 150 150 145 146 145 147 150 150 151 159 159 162 156 130 117 119 126 130 142 151 151 150 145 145 148 144 152 155 162 158 155 157 160 159 165 153 123 97 89 98 108 
38 48 43 45 47 52 53 53 56 60 72 70 71 79 78 87 91 98 104 104 92 97 89 85 88 97 99 110 121 127 134 135 136 137 128 119 109 91 90 107 128 100 54 65 60 34 34 38 43 66 82 89 100 106 112 115 116 118 125 132 137 142 145 148 146 147 150 149 149 147 143 144 143 142 146 145 145 146 145 144 154 159 164 151 106 104 116 124 135 142 153 155 155 150 148 151 148 147 153 155 151 150 151 154 160 160 162 145 112 94 92 101 
38 50 40 45 47 48 49 56 54 63 68 68 73 75 82 88 92 96 99 89 89 85 85 87 96 93 100 114 122 125 132 134 132 129 128 117 111 96 95 113 127 101 59 58 71 48 45 61 67 74 82 89 98 106 109 109 112 120 130 135 139 142 147 148 148 148 150 145 138 137 137 135 138 140 144 147 145 144 144 141 150 161 166 149 93 113 131 137 138 145 150 158 157 154 151 149 149 149 150 155 154 152 150 152 156 156 161 158 130 103 94 98 
38 45 41 44 48 49 48 48 55 61 66 69 73 70 81 87 89 90 84 83 86 88 85 92 89 94 106 112 118 124 132 135 136 137 132 124 115 112 103 121 132 106 59 59 66 74 61 75 71 71 80 90 97 104 110 111 117 128 136 137 137 143 147 149 148 148 145 140 132 130 126 131 136 141 145 143 142 145 138 144 147 160 168 140 82 110 137 150 153 153 153 158 162 155 154 151 147 150 150 152 152 152 151 151 152 154 154 160 143 113 98 93 
42 45 43 41 43 44 49 57 63 58 60 64 70 69 77 76 81 82 83 79 87 90 90 87 81 99 103 112 115 123 130 134 137 133 131 126 119 123 118 134 139 112 79 56 61 74 65 69 73 70 79 91 98 106 109 116 123 133 142 142 142 142 142 147 145 147 143 135 131 131 128 137 142 140 138 140 136 134 135 138 146 158 162 135 83 98 127 157 165 162 160 165 163 157 155 150 148 146 142 143 152 156 152 154 157 157 157 155 158 134 107 92 
44 45 45 43 47 41 49 53 55 53 55 61 64 64 71 69 73 81 86 81 86 84 85 83 88 98 102 113 119 121 130 131 133 135 127 122 121 123 126 137 145 125 103 80 73 72 75 69 70 75 88 91 95 101 111 121 131 138 144 144 140 141 143 148 148 148 137 135 140 138 134 135 139 138 133 135 131 130 132 134 142 157 156 130 91 100 113 150 167 163 160 162 163 159 153 147 143 143 144 141 148 152 152 157 154 158 159 158 164 155 124 102 
43 38 43 40 49 41 48 50 56 52 59 63 66 64 69 71 79 86 83 77 81 79 82 83 90 98 111 124 123 119 132 132 137 134 132 124 122 124 135 140 146 133 116 102 91 79 84 76 64 76 83 88 91 102 115 128 138 142 146 144 141 142 146 147 148 141 136 135 147 154 151 143 131 138 133 135 132 128 133 130 135 153 152 129 96 103 109 132 164 169 165 164 163 160 151 143 142 146 146 147 148 146 154 161 155 156 160 163 164 163 139 111 
41 42 50 37 44 38 49 49 50 51 54 61 61 59 70 73 80 79 76 77 78 84 86 86 93 104 116 123 120 119 130 136 139 138 135 129 130 131 142 150 153 146 129 112 101 86 83 94 84 81 87 92 92 102 122 135 140 143 144 143 145 145 148 146 143 139 137 144 148 163 161 150 131 131 132 130 129 126 128 128 132 151 147 139 101 103 113 124 157 169 164 163 166 161 150 143 142 147 147 146 147 148 154 164 161 160 158 158 162 161 150 123 
41 46 50 39 40 39 45 46 51 47 54 52 59 64 69 72 76 78 74 76 80 88 86 92 103 112 118 120 113 115 125 136 136 142 141 136 135 134 145 152 156 151 141 129 116 106 94 99 115 109 94 92 99 118 134 139 142 145 147 147 145 147 146 140 132 137 141 146 155 165 144 139 135 127 127 125 123 120 123 132 132 151 143 137 99 93 115 122 145 165 162 165 167 161 148 146 144 145 148 148 150 151 155 162 160 160 158 157 156 159 159 142 
37 44 43 44 40 41 46 48 51 54 54 56 59 61 63 71 74 75 78 77 80 85 93 101 107 113 118 116 115 119 126 134 138 142 139 139 141 137 141 151 152 153 146 141 133 130 115 101 124 124 101 97 109 127 136 142 142 143 145 144 144 143 140 132 133 135 139 144 151 160 107 107 139 136 127 119 116 116 120 130 137 151 138 134 91 89 116 125 140 161 161 161 161 152 140 146 145 145 148 149 150 149 153 161 162 157 159 156 156 160 164 159 
41 42 40 44 38 42 47 49 50 53 59 58 58 62 66 71 73 74 75 81 85 89 97 103 111 113 115 116 117 120 124 135 139 141 142 141 139 140 140 149 154 158 151 148 142 138 120 114 118 122 105 109 121 132 136 139 138 139 139 141 139 138 135 134 132 135 142 147 153 150 95 74 133 144 135 129 124 115 121 130 135 149 136 132 87 85 116 127 133 158 156 158 156 144 134 144 145 144 144 148 147 150 154 159 159 156 158 160 156 161 161 167 
39 45 38 43 42 42 45 47 51 52 58 56 61 64 68 71 75 77 80 84 90 93 98 108 114 115 119 117 120 119 120 134 139 141 141 140 136 139 139 146 154 158 163 155 149 138 132 129 126 119 122 127 134 135 134 136 135 136 135 136 135 134 137 136 139 140 143 142 155 156 126 92 123 146 145 137 129 127 123 128 139 146 131 127 81 82 110 123 123 152 158 155 154 133 124 138 143 144 141 144 147 151 159 162 161 160 158 163 161 162 158 171 
37 45 43 44 37 38 46 49 53 54 54 57 61 62 68 71 72 76 79 84 88 95 103 113 120 124 120 121 122 121 121 124 134 139 138 136 137 139 135 144 148 157 161 161 159 151 149 147 142 140 136 136 137 138 136 134 135 133 135 135 134 136 137 139 141 140 141 144 154 161 155 127 125 141 154 147 144 136 135 130 138 148 131 126 81 81 106 119 123 144 154 149 145 122 115 134 141 141 140 144 150 151 155 155 155 159 160 165 155 164 163 172 
38 40 38 45 42 37 48 47 58 55 55 62 61 63 64 71 72 79 85 88 94 101 111 117 119 118 121 120 121 123 121 124 131 139 142 141 137 136 130 138 141 148 154 155 158 154 155 154 152 149 149 145 142 138 135 138 134 133 135 133 138 142 141 144 147 147 144 144 156 165 169 155 145 150 157 152 146 140 129 126 129 144 133 125 84 80 100 113 117 144 152 143 138 113 112 133 140 143 143 146 150 149 148 152 154 159 161 165 157 161 164 167 
42 42 39 43 41 42 48 54 59 50 55 61 60 60 63 72 73 81 85 91 99 108 116 117 119 119 121 119 124 124 121 123 132 141 141 140 139 134 130 134 140 142 148 149 151 156 159 159 155 158 153 153 148 147 144 142 139 139 142 140 145 146 145 152 153 148 147 147 152 163 166 160 160 156 161 148 143 134 121 110 117 139 141 128 90 79 98 109 114 138 152 139 135 108 110 132 140 142 145 147 150 148 148 148 153 158 158 160 154 163 168 164 
43 36 39 44 39 43 49 55 48 53 59 59 63 66 69 74 82 86 88 92 101 112 114 116 117 116 120 122 124 121 123 125 130 139 144 138 138 135 130 134 137 137 143 145 152 156 158 162 160 161 160 161 158 161 157 153 148 149 152 149 154 157 154 159 157 152 148 149 155 153 160 161 169 164 164 149 139 128 118 107 108 136 141 127 91 80 102 110 111 135 150 144 133 106 110 130 139 142 144 150 146 150 151 148 153 159 156 156 152 160 165 164 
40 39 42 46 40 45 51 49 50 53 53 58 67 69 72 78 85 88 91 98 107 114 114 115 112 114 121 123 123 124 122 127 130 137 138 139 137 135 131 127 133 139 143 144 146 154 158 164 163 166 166 164 162 170 165 161 162 160 162 159 161 164 155 158 155 147 148 148 156 147 150 161 168 169 162 150 143 140 129 115 113 135 134 128 87 77 98 109 110 134 153 145 137 114 113 128 137 142 148 152 149 145 149 151 150 161 158 156 152 160 163 162 
41 36 38 41 45 44 49 45 43 54 57 65 72 69 76 79 84 89 92 99 110 114 116 115 114 118 123 123 123 122 123 127 131 136 140 140 141 137 136 133 136 143 151 149 150 148 153 157 158 160 161 159 156 159 160 156 155 159 159 160 164 164 157 157 160 151 150 152 159 150 154 158 168 163 153 145 145 144 136 120 122 140 134 130 82 78 104 110 111 136 154 154 144 116 116 130 142 144 148 147 143 144 147 150 153 163 159 156 155 164 166 160 
43 33 36 42 49 49 44 43 51 57 56 60 68 70 76 78 82 86 92 104 111 112 112 115 118 122 123 125 123 121 124 129 136 141 135 140 138 139 140 139 142 147 151 149 146 146 143 147 144 143 147 147 144 140 141 142 143 148 149 153 154 156 154 157 160 154 150 149 153 153 161 156 156 149 133 133 135 131 127 122 124 137 132 133 87 83 98 107 116 139 151 154 144 126 126 136 148 148 147 147 144 144 149 153 154 160 160 157 156 163 163 160 
44 30 42 48 48 45 43 43 51 52 51 57 68 69 77 81 82 89 96 107 112 112 117 119 125 125 124 123 126 126 130 134 139 141 139 140 138 140 141 143 148 150 148 143 138 136 135 130 126 124 121 121 124 129 131 130 131 133 138 139 145 145 145 152 157 152 149 148 151 154 158 146 134 130 127 122 122 121 121 117 119 138 134 132 86 85 108 115 116 143 152 157 150 134 131 140 145 148 146 147 146 146 153 151 154 157 153 156 155 165 163 161 
38 32 38 54 49 42 40 41 46 47 49 63 67 71 79 85 87 95 102 109 114 113 116 119 122 124 123 124 126 127 134 136 138 139 140 140 137 140 143 142 150 148 142 133 128 128 128 123 110 111 118 109 106 112 119 126 133 133 132 133 136 138 144 144 147 149 147 147 152 150 149 118 110 126 125 120 116 113 114 116 120 134 134 131 92 90 106 118 123 148 155 155 151 139 136 145 147 146 148 146 146 146 155 150 152 155 153 155 151 163 163 162 
37 34 44 51 43 37 38 43 48 48 57 66 68 72 84 89 96 98 101 110 112 115 115 116 123 123 124 124 128 131 135 138 138 142 144 138 137 138 143 145 147 144 136 127 128 127 124 117 109 122 125 113 104 105 110 125 136 138 135 136 137 137 137 140 141 141 143 145 145 142 139 100 105 123 124 121 120 114 117 119 123 133 138 124 92 95 109 118 131 154 153 149 150 142 139 147 149 145 146 148 149 150 155 150 151 149 156 154 152 162 156 158 
36 34 44 44 39 40 41 45 49 54 59 67 73 75 85 89 94 96 106 109 114 110 119 117 123 124 125 127 129 131 135 135 142 142 141 143 136 137 139 145 144 135 129 127 131 119 106 100 108 111 113 105 105 107 108 116 130 138 142 140 140 143 140 139 142 141 142 141 142 138 140 128 123 123 128 128 122 122 120 123 128 135 140 122 88 90 107 118 139 151 151 152 152 150 150 147 148 145 144 149 150 150 152 149 148 150 155 149 152 158 148 156 
33 36 42 39 36 36 40 45 51 57 62 71 78 88 92 93 100 99 102 109 113 115 116 122 125 123 126 128 127 129 133 136 138 140 142 141 139 134 134 136 133 130 132 131 126 109 92 87 102 86 94 95 93 97 105 114 125 134 141 143 144 144 144 145 140 140 138 137 135 138 147 149 137 127 133 134 136 135 133 129 130 133 143 117 89 100 107 123 147 154 153 156 154 152 152 149 149 146 147 148 150 148 153 151 147 148 147 145 156 155 153 158 
29 37 39 33 41 38 39 44 52 57 63 72 83 94 96 96 99 101 107 109 113 116 117 121 124 126 125 129 131 133 133 136 138 139 141 138 140 136 128 129 131 133 133 129 116 96 82 85 97 85 85 91 92 97 102 113 122 129 139 143 143 144 148 149 148 147 145 140 139 143 147 152 139 139 140 140 143 142 136 135 133 129 135 115 86 99 106 130 156 158 154 155 155 157 153 148 150 149 147 150 151 151 154 152 144 147 143 145 152 151 152 158 
33 37 38 38 38 38 39 44 52 58 67 80 91 95 96 98 106 107 111 111 113 118 120 120 124 124 128 130 130 132 131 133 135 138 138 139 138 133 128 123 124 131 133 123 102 83 78 83 87 77 73 89 95 99 104 109 115 121 134 140 141 146 148 152 153 152 151 148 147 145 145 144 144 146 143 140 146 141 138 136 134 128 135 120 86 96 111 139 158 159 158 157 158 156 154 152 151 151 148 149 151 148 151 150 144 148 141 146 148 147 151 160 
33 39 36 34 32 37 41 42 54 63 74 80 84 84 90 95 104 107 110 112 119 120 122 123 126 128 125 128 131 130 133 132 134 137 138 137 142 127 122 111 119 125 128 110 78 75 83 90 88 76 75 88 94 100 107 109 113 118 130 137 142 146 150 153 159 160 157 154 152 143 143 144 147 150 147 146 148 144 137 136 138 138 143 125 82 92 119 149 159 157 154 154 152 153 151 150 148 149 144 147 146 142 144 147 144 146 140 147 147 150 158 164 
40 35 38 39 37 40 38 46 53 63 66 77 79 78 87 95 101 105 110 117 118 120 120 121 122 123 127 128 129 132 132 130 131 134 136 140 136 120 106 99 116 127 118 86 75 77 84 85 92 91 82 90 98 105 113 115 115 119 129 136 139 145 146 157 157 162 157 155 152 147 140 143 144 151 153 154 152 147 148 147 144 146 147 131 87 97 127 146 153 155 157 156 156 150 150 147 149 147 147 146 144 144 152 148 149 148 146 146 143 148 158 164 
35 37 33 36 36 37 41 48 55 63 70 77 75 78 87 95 97 103 108 113 117 115 114 117 122 127 127 128 130 132 134 134 131 136 136 143 137 115 99 90 108 125 118 82 74 83 78 75 95 104 86 92 103 110 114 118 121 121 128 133 138 143 144 153 156 160 163 158 156 152 146 144 142 146 149 153 152 149 151 149 148 150 150 133 100 107 127 141 153 157 158 158 154 150 148 150 151 145 147 147 146 148 148 147 147 144 142 141 146 157 160 165 
33 36 33 37 43 37 44 54 66 68 72 79 81 87 94 98 102 100 104 108 114 117 112 111 119 123 127 130 133 137 137 135 136 136 134 140 132 113 92 86 101 125 117 81 74 89 86 90 111 125 103 85 102 113 117 123 123 120 126 129 136 141 147 159 158 161 164 164 156 159 153 148 144 145 147 151 150 150 153 150 147 150 149 137 109 111 125 135 148 157 158 157 151 149 145 148 147 148 147 148 146 147 144 148 145 147 145 142 156 163 163 165 
37 37 33 36 40 44 47 57 62 70 75 77 83 86 96 100 97 99 100 103 111 110 111 114 119 124 128 133 134 139 138 136 134 138 141 141 134 117 91 81 97 125 117 82 77 85 81 87 96 117 114 85 99 116 122 124 127 126 125 129 132 139 146 154 159 160 163 162 155 157 155 153 149 146 147 148 148 151 156 152 148 147 150 139 120 112 120 133 146 151 153 152 149 147 145 148 149 146 148 150 144 148 147 147 143 146 141 147 159 168 165 165 
31 33 36 41 46 47 59 57 59 67 69 74 73 80 89 88 90 93 92 95 103 113 112 114 117 125 126 131 135 136 136 138 142 140 138 139 129 112 92 81 101 123 116 81 82 77 49 50 54 78 100 95 100 117 130 128 127 129 129 135 133 135 143 151 157 159 162 161 161 160 156 155 152 151 146 150 150 148 154 152 150 150 154 147 137 129 126 135 142 144 145 148 145 145 147 151 146 146 148 151 148 148 146 147 145 139 140 152 160 157 158 166 
33 34 35 45 55 58 59 56 58 62 67 69 73 78 81 86 89 88 88 95 106 112 112 110 115 124 126 128 132 139 135 138 140 142 141 137 126 112 92 78 96 118 119 82 89 73 47 63 29 40 64 89 108 123 135 132 134 136 134 137 139 141 147 153 156 161 161 159 163 162 159 161 160 154 152 154 152 151 156 161 155 155 156 157 150 143 142 143 142 141 136 141 147 151 149 151 149 151 149 147 150 149 150 147 145 145 153 158 156 158 162 165 
34 38 42 47 54 56 49 54 55 60 58 62 68 72 80 82 83 86 91 98 100 107 112 114 120 125 126 129 129 137 138 142 141 144 144 137 129 113 99 77 91 116 122 87 96 79 43 39 42 49 57 88 111 134 145 137 138 139 138 141 141 143 148 155 159 161 161 159 160 163 159 163 162 158 158 155 157 152 155 158 155 160 157 154 154 152 155 156 156 152 146 146 151 157 154 153 147 151 149 146 149 148 150 146 147 153 155 160 161 166 164 166 
35 39 44 54 54 44 46 54 59 63 65 69 71 79 85 84 86 93 93 97 102 111 113 113 120 127 126 131 133 141 139 142 143 145 144 136 132 116 114 93 102 121 123 98 96 81 40 32 71 74 62 102 125 149 154 142 140 144 143 144 145 144 149 154 158 160 164 163 161 162 162 164 165 161 161 163 161 159 157 157 159 160 157 156 160 161 161 165 161 162 159 155 157 159 156 155 156 154 154 155 154 149 144 142 150 155 157 161 158 161 162 160 
42 46 50 53 52 45 40 56 67 71 72 73 74 79 86 89 95 103 96 95 105 108 113 120 124 126 131 132 136 141 143 145 145 143 140 132 126 120 121 104 103 123 128 111 92 86 46 41 43 66 87 107 138 150 143 139 147 147 148 145 145 143 147 154 159 162 166 166 162 162 165 164 166 166 166 167 170 166 167 162 159 161 161 163 163 163 163 162 158 158 159 160 156 153 158 156 156 157 154 154 155 147 144 148 150 154 159 158 157 157 158 160 
42 49 48 53 54 50 51 55 68 78 78 77 75 83 85 89 98 92 89 94 99 103 113 115 117 128 133 138 136 139 142 141 140 138 132 133 127 120 122 112 110 127 136 129 101 102 66 77 102 102 100 108 126 136 134 142 144 147 153 153 148 150 153 155 159 162 168 168 164 163 166 165 168 168 171 172 171 171 169 166 163 168 166 165 167 166 162 158 158 163 159 161 160 160 157 157 157 154 156 159 151 143 150 153 153 155 156 159 157 162 163 164 
45 55 47 47 50 49 56 60 65 68 76 77 76 76 83 87 91 93 95 99 104 106 111 117 122 128 128 130 136 139 138 143 141 137 133 124 121 119 123 112 117 137 145 141 113 102 94 83 99 90 103 111 124 131 138 144 146 147 151 151 152 153 154 157 158 155 156 162 159 158 161 165 169 168 169 172 175 170 170 166 165 169 166 165 166 165 166 160 163 165 162 160 160 159 157 160 157 156 154 149 147 151 148 152 155 160 155 152 161 163 165 168 
44 53 52 49 49 48 55 63 72 76 74 79 77 76 77 75 85 98 104 111 114 113 115 125 126 124 125 130 134 135 138 140 140 140 132 123 120 117 119 108 112 135 144 146 132 108 107 91 75 90 103 119 127 132 139 144 145 150 150 151 151 152 155 156 160 151 153 156 151 155 160 167 168 170 168 168 170 169 166 164 167 166 164 162 166 165 165 163 160 161 160 160 162 162 157 155 156 156 150 149 145 151 150 154 159 158 154 159 158 162 163 163 
47 54 51 54 48 43 53 60 66 78 79 79 83 93 95 90 93 102 108 112 115 121 116 120 127 129 128 129 132 134 137 136 135 135 137 124 116 118 120 105 109 131 138 143 139 127 117 120 106 102 112 127 132 139 146 149 148 149 150 150 148 154 156 153 157 157 157 159 155 158 158 163 164 166 166 164 166 164 163 161 161 159 160 162 160 160 155 158 160 158 158 161 160 158 154 153 152 148 146 147 150 153 157 156 156 154 157 157 159 162 162 165 
49 51 50 49 41 44 54 52 52 61 76 82 86 88 94 97 97 102 106 114 115 120 121 118 125 129 130 129 128 128 129 131 133 132 131 124 117 111 113 113 110 127 137 140 139 138 134 133 130 120 122 130 139 143 148 148 149 150 150 151 150 158 161 159 158 156 159 160 157 157 156 161 158 162 163 163 165 164 164 163 160 156 156 155 159 154 159 159 160 162 159 158 157 154 150 146 141 145 146 151 157 159 156 155 160 161 164 165 163 157 148 127 
47 44 45 49 54 39 46 55 45 50 58 67 79 85 86 91 94 100 102 107 110 116 116 117 118 119 121 124 125 126 130 133 131 131 132 124 124 117 117 116 110 122 134 133 144 138 138 141 141 132 134 137 144 146 144 150 151 152 150 148 155 162 159 157 156 154 157 159 160 158 155 156 155 154 157 158 160 158 158 152 151 152 154 155 155 157 156 159 156 155 151 150 147 139 138 144 150 156 161 165 161 154 146 137 125 115 108 98 90 96 96 99 
47 40 44 51 51 40 38 56 48 43 43 48 64 73 87 88 92 92 98 101 101 104 106 113 115 117 119 123 123 123 124 127 130 130 129 125 125 122 116 116 112 120 124 131 139 142 143 145 142 139 140 144 147 147 149 151 153 152 155 154 158 162 158 157 153 151 154 154 159 157 153 156 158 155 155 156 158 154 151 151 154 153 150 150 152 150 150 151 151 148 148 152 150 149 145 139 134 120 105 90 88 97 90 95 106 102 119 114 94 93 105 109 
38 40 46 55 55 56 42 48 57 44 55 41 41 53 67 75 89 92 91 96 98 100 105 110 116 119 121 123 127 128 127 130 129 130 131 128 126 125 120 116 112 119 118 127 136 141 144 145 147 147 148 147 147 146 149 150 151 150 152 154 154 154 156 153 150 147 148 151 154 156 153 152 153 150 148 150 150 149 149 145 148 149 145 146 144 146 144 146 147 149 132 89 63 50 69 116 81 79 103 114 101 122 118 100 110 104 107 107 97 97 89 112 
37 36 42 45 54 55 47 43 47 48 49 50 42 43 47 54 64 67 78 85 96 100 103 101 106 110 113 126 124 128 133 132 132 130 130 131 131 129 128 121 117 119 118 121 129 138 140 142 146 148 146 149 150 148 142 142 147 150 149 150 150 149 149 150 149 145 140 144 144 146 145 147 143 144 144 143 138 140 142 145 144 144 144 143 143 144 146 147 132 92 55 45 48 51 50 111 121 104 92 110 113 135 128 107 113 109 101 112 99 95 81 73 
36 46 41 39 45 58 62 55 46 51 52 47 49 45 39 40 43 45 51 62 74 83 92 96 96 98 97 106 109 112 121 128 132 131 129 132 134 129 130 131 126 126 127 127 129 135 137 140 143 147 149 148 146 146 147 145 146 142 140 140 139 138 138 143 139 142 137 137 137 135 136 135 137 136 133 134 138 140 138 142 142 147 147 153 154 145 116 81 50 45 49 53 56 55 56 61 138 115 106 73 85 97 129 122 121 118 103 117 115 99 98 65 
35 37 45 43 45 48 53 62 56 43 44 56 50 49 48 41 40 43 41 47 50 55 64 68 69 67 72 82 81 85 94 106 119 125 125 127 124 131 133 133 133 132 132 135 134 135 136 139 144 142 143 144 145 147 144 143 145 142 137 138 137 132 133 131 133 132 133 133 135 136 133 134 130 133 142 138 143 140 146 151 151 141 131 110 83 52 47 44 52 52 53 53 52 54 52 52 82 152 112 117 82 79 70 77 83 97 86 72 81 90 77 72 
42 43 41 39 38 48 47 51 53 53 48 45 50 48 44 40 38 38 42 48 51 47 47 53 54 56 56 53 58 63 71 77 89 97 112 120 125 125 126 124 127 131 137 136 135 137 139 141 141 142 142 143 143 143 140 135 133 134 131 129 130 128 129 127 126 132 132 132 133 135 130 130 129 130 130 139 136 120 104 83 72 57 45 42 46 49 51 50 53 54 52 53 53 53 56 56 49 97 174 126 124 121 91 108 98 92 111 123 119 108 125 132 
40 42 48 41 39 39 46 44 49 42 44 46 50 50 50 46 35 33 31 41 47 38 40 43 38 46 48 48 46 51 56 57 60 60 68 76 81 91 96 106 110 113 115 118 127 134 133 135 137 137 140 140 138 137 136 133 128 127 124 124 127 130 133 133 130 126 125 125 124 126 134 140 143 152 134 57 42 42 40 45 47 52 54 54 52 53 53 53 53 54 52 54 53 56 57 55 57 48 95 192 168 134 135 108 117 114 107 113 126 131 121 118 
46 41 45 44 48 50 49 49 44 55 48 42 41 41 45 45 44 39 34 29 37 35 35 44 39 35 41 50 48 48 54 56 50 51 51 57 55 52 47 46 54 49 61 58 55 64 76 78 85 93 90 93 115 119 121 122 129 132 136 133 133 118 114 117 129 139 158 165 168 164 157 148 152 150 105 49 51 51 53 53 55 53 52 56 55 54 55 55 53 51 53 51 56 55 53 55 53 55 42 66 182 197 153 125 102 126 121 96 88 112 127 130 
49 39 42 48 43 58 54 49 41 45 58 50 49 51 41 37 41 40 45 41 38 39 44 41 41 48 47 51 47 48 55 58 54 44 45 54 61 58 59 54 51 49 49 52 54 56 58 66 49 40 43 119 141 120 108 112 126 141 159 165 139 114 102 125 162 165 156 161 165 159 156 159 159 141 59 51 52 51 50 53 51 52 52 52 51 46 51 53 55 54 51 56 54 52 56 54 54 54 56 50 47 136 215 179 155 125 119 161 158 116 87 83 
50 54 57 49 43 45 59 53 50 37 37 56 53 48 55 44 49 49 42 48 47 44 45 44 44 47 45 49 51 47 49 51 53 47 42 46 44 45 48 58 64 71 61 55 57 52 51 51 68 85 121 156 161 144 134 122 119 122 126 121 110 108 121 145 156 160 159 153 155 160 150 146 162 102 46 53 53 54 53 53 54 54 53 49 50 54 54 50 50 54 58 55 60 61 57 54 53 52 54 55 51 36 72 192 219 193 177 134 114 156 194 194 
46 55 57 61 60 49 49 57 50 47 40 36 40 41 43 57 46 45 50 44 37 39 37 41 39 42 48 47 48 48 42 44 49 53 52 48 55 48 45 47 39 39 46 46 59 88 119 142 141 140 150 152 156 155 146 132 121 112 106 108 114 129 155 164 155 143 140 139 151 151 147 163 125 51 53 52 52 52 52 50 51 54 51 52 55 53 50 53 57 56 54 54 55 56 54 57 58 52 53 54 55 53 47 39 122 214 213 201 193 158 123 146 
48 47 53 54 53 61 50 43 50 52 44 42 50 40 37 40 44 39 43 42 48 41 44 41 45 43 36 39 40 43 58 51 47 46 43 49 48 51 48 48 50 53 60 98 128 150 168 164 158 161 160 152 150 148 146 140 134 125 131 132 145 162 166 157 136 133 141 146 143 156 145 105 58 51 51 49 51 52 52 51 54 51 53 53 52 50 53 54 57 57 56 56 54 55 55 54 50 52 53 54 53 54 50 46 32 55 162 220 213 212 208 178 
46 47 51 55 50 55 60 60 52 48 52 52 43 43 37 43 39 40 42 45 44 46 46 48 38 40 46 42 40 42 39 39 43 48 45 46 48 51 52 51 55 55 101 139 153 155 153 176 188 193 209 204 206 192 182 172 176 172 165 171 174 163 142 127 132 142 150 159 139 101 63 48 52 52 53 57 55 52 54 55 53 50 55 56 57 57 56 55 55 54 55 54 55 54 52 55 54 54 56 53 52 49 54 56 51 39 33 96 203 213 205 217 
47 48 44 53 49 52 51 50 46 49 47 43 43 44 47 42 47 42 41 40 38 39 32 35 37 39 39 44 41 46 51 60 64 58 58 64 60 60 57 57 60 71 126 153 153 141 145 144 144 144 152 148 150 153 158 157 152 143 139 133 128 120 125 138 154 159 146 99 51 41 49 53 52 52 51 50 52 55 53 53 55 57 55 54 54 57 55 56 57 56 55 56 55 55 56 50 53 53 51 52 54 62 54 51 48 54 46 33 35 135 219 195 
50 48 51 50 48 48 49 49 52 48 50 53 50 45 44 46 50 49 41 43 44 47 47 47 48 48 49 51 56 57 59 58 59 60 56 54 58 58 58 58 62 75 136 154 147 154 151 150 143 142 132 139 136 139 135 133 125 121 111 111 125 140 157 150 127 87 56 41 52 53 56 52 54 52 57 56 57 56 62 56 55 56 59 59 58 55 57 56 58 54 53 50 54 56 55 57 54 52 52 53 52 51 55 53 53 49 49 51 45 31 56 172 
47 47 47 49 52 48 49 52 49 54 52 49 52 52 51 54 56 52 53 53 54 54 56 52 55 55 58 57 60 56 58 56 56 57 59 58 59 57 58 60 55 67 128 154 134 153 159 165 169 170 170 156 132 103 90 89 101 118 134 142 141 122 86 59 46 48 50 55 55 56 56 59 55 54 54 57 57 55 54 63 56 56 56 55 57 56 57 55 52 54 55 55 52 53 53 50 52 53 52 53 53 52 50 53 53 52 56 52 50 45 38 31 
45 43 50 49 50 48 49 50 49 47 50 49 50 54 55 53 51 53 52 53 53 53 56 54 54 56 57 58 57 58 57 57 60 55 57 59 58 59 58 56 59 59 102 150 146 102 92 84 85 90 90 89 102 125 142 150 144 122 97 71 51 51 51 59 56 56 53 54 58 55 56 53 54 56 55 55 54 56 57 55 57 60 56 56 57 58 58 53 55 56 55 56 56 55 52 54 53 56 53 54 49 50 52 52 54 53 52 52 49 51 49 40 
42 46 48 48 44 48 50 50 48 48 48 49 48 49 47 50 54 56 56 56 52 55 55 58 59 55 56 56 59 57 57 60 56 57 58 57 59 56 59 56 59 57 55 100 157 160 142 128 129 129 136 145 146 127 98 72 55 49 51 54 53 57 56 57 58 58 59 59 52 58 55 55 55 53 56 57 58 54 55 56 54 54 56 55 54 54 52 56 58 56 54 55 54 54 55 54 52 51 54 51 55 52 52 52 52 50 54 49 51 46 48 50 
