10 112 112 114 112 113 114 114 112 114 111 115 113 114 114 112 113 116 116 114 115 113 114 112 103 112 108 110 104 93 74 72 66 69 65 75 86 108 118 113 113 111 112 111 112 110 108 110 112 111 108 109 108 105 105 103 106 104 101 100 99 99 103 101 100 102 101 101 101 100 100 99 100 100 99 99 98 98 100 100 99 98 97 95 97 96 96 95 94 96 97 94 94 94 97 95 93 95 95 95 93 93 92 94 107 109 115 107 101 101 102 100 
118 119 122 120 121 122 120 122 122 121 120 121 122 120 120 120 121 121 118 119 120 119 122 123 121 119 120 121 124 126 128 124 119 97 75 61 51 54 88 112 108 106 134 154 168 174 169 158 146 140 130 134 136 144 150 158 156 143 124 129 146 179 177 182 164 144 97 91 96 100 98 97 98 95 96 98 97 95 95 96 95 96 94 96 94 91 93 93 94 125 116 82 57 72 95 106 120 121 116 116 113 113 113 114 116 120 125 130 130 129 132 128 
119 120 120 120 122 122 120 122 121 120 123 123 120 121 119 120 121 122 122 123 121 120 119 121 120 119 122 126 114 92 74 68 57 47 38 33 34 44 54 65 82 110 110 114 116 128 149 170 181 179 177 171 179 183 188 193 192 188 189 191 189 185 186 183 177 166 152 108 93 97 96 97 96 96 95 95 94 95 95 94 95 94 94 92 95 97 92 93 108 108 64 69 105 124 130 130 131 126 130 128 128 123 110 109 120 129 133 135 138 135 137 139 
122 121 123 123 120 122 121 120 120 122 121 121 121 120 122 122 119 122 121 120 121 122 121 121 124 121 112 93 65 51 46 44 37 38 43 45 41 39 41 48 60 81 93 95 98 101 115 129 143 155 163 170 171 165 152 152 166 179 184 178 176 176 178 180 181 177 172 150 111 95 96 96 95 95 96 97 97 94 95 96 92 96 95 93 93 92 92 97 113 72 69 114 124 121 120 117 121 120 120 130 132 138 134 125 111 100 94 95 92 92 91 95 
120 119 119 121 118 121 120 120 119 119 118 119 119 120 122 121 120 119 120 119 122 121 125 121 116 80 69 56 59 55 47 44 41 43 45 41 40 44 48 45 42 36 56 99 121 122 134 145 163 173 178 178 184 192 197 182 156 152 171 172 165 173 180 183 183 185 181 166 127 95 98 96 99 98 96 95 96 97 94 95 94 94 92 95 96 94 87 95 95 78 114 121 124 121 118 111 107 106 106 108 113 122 124 130 132 130 129 123 122 121 121 117 
123 121 122 122 122 119 122 121 122 122 124 121 122 122 121 120 119 119 120 120 124 123 101 69 53 61 55 51 51 42 43 44 48 44 41 44 45 40 49 48 47 46 40 38 81 142 144 150 152 143 143 145 153 154 163 182 193 186 185 171 174 188 185 180 181 181 178 169 139 106 96 96 95 96 96 96 94 96 96 95 95 95 98 95 91 85 101 125 135 144 145 151 150 149 146 148 147 135 122 109 103 104 109 111 113 119 124 129 127 119 122 128 
122 122 123 120 121 124 122 122 122 121 119 120 117 120 117 119 122 123 122 125 111 78 46 47 57 61 56 54 39 40 45 46 38 36 35 35 43 63 50 40 41 32 30 35 31 87 135 143 137 130 123 124 145 152 148 137 162 190 192 192 192 187 184 185 184 186 181 162 131 94 91 90 95 94 97 93 95 96 95 94 94 94 93 88 103 132 138 130 122 114 102 100 101 106 117 124 137 148 154 151 136 121 108 96 99 103 107 115 112 116 118 114 
120 121 119 123 121 119 119 119 121 121 121 121 120 118 120 117 116 119 110 93 68 50 53 55 60 56 59 50 45 47 45 37 41 37 36 41 50 41 30 37 34 33 33 31 32 46 105 131 127 113 111 115 123 148 172 161 154 160 154 159 186 190 178 176 172 164 149 127 113 105 102 98 95 97 93 94 93 88 88 90 90 91 93 108 114 93 70 57 45 43 48 51 57 61 71 75 85 91 109 128 146 151 149 145 129 111 100 94 100 110 106 109 
122 122 122 120 120 121 122 121 122 122 123 122 123 122 120 116 111 85 64 55 49 44 54 54 54 62 53 48 50 53 46 47 44 46 48 48 45 38 41 35 34 38 35 35 40 47 72 106 115 85 78 91 113 152 173 175 188 180 171 159 150 143 142 133 131 126 133 127 128 131 126 128 127 125 122 118 114 115 106 106 100 97 105 104 73 40 31 30 30 28 30 35 42 55 53 62 65 79 88 101 110 124 135 149 147 134 131 127 100 82 86 102 
120 123 120 120 122 122 121 120 119 121 119 119 120 118 110 98 79 61 56 53 52 48 61 65 70 62 57 56 60 60 57 57 55 52 54 54 47 44 41 40 34 39 36 37 40 50 70 95 105 109 110 108 114 134 155 162 155 143 133 130 131 131 134 134 133 134 134 139 140 126 129 125 127 130 125 119 118 111 111 109 110 109 111 114 117 120 125 130 130 129 127 128 127 124 122 116 103 92 77 80 92 105 115 127 143 148 144 142 140 145 123 96 
121 119 124 122 115 118 120 119 119 121 123 121 115 101 81 62 59 58 52 55 49 55 62 91 74 74 64 74 72 67 71 70 65 62 61 55 57 56 45 42 42 38 36 37 39 39 50 83 110 121 132 138 138 139 137 137 131 131 139 139 136 135 139 134 134 135 134 122 120 124 126 129 126 127 127 122 119 120 115 109 107 102 103 105 108 111 115 116 118 122 125 126 130 133 134 135 135 131 131 116 101 89 87 106 125 135 138 151 153 140 108 114 
121 121 120 123 121 122 119 121 120 121 121 119 111 67 54 56 67 63 57 54 63 71 89 83 91 79 92 86 84 88 76 71 76 71 63 67 69 61 57 50 49 47 42 39 41 51 58 74 103 128 141 144 145 149 147 144 144 138 135 132 133 136 132 136 135 139 141 134 133 130 128 130 123 118 122 126 130 125 123 120 112 108 99 99 95 99 106 110 112 115 118 121 120 124 125 129 137 140 136 134 131 122 116 104 104 116 122 134 127 38 62 95 
123 124 121 120 122 120 121 121 121 120 120 113 83 71 62 62 68 62 65 68 76 98 98 91 85 77 98 97 93 85 85 87 78 75 77 76 68 64 66 58 55 50 53 58 80 91 99 110 123 136 141 142 144 146 146 146 150 151 150 152 148 148 144 146 146 148 147 146 139 144 144 143 144 141 139 138 135 137 135 135 134 126 118 110 101 95 93 100 107 112 113 114 116 117 122 129 127 130 131 138 135 131 129 124 118 109 115 118 113 67 17 46 
120 120 121 122 123 122 122 120 120 120 117 91 64 70 68 67 70 74 74 87 104 103 94 91 85 85 106 103 93 87 93 92 83 82 82 81 79 74 71 70 70 74 83 96 111 121 132 138 145 147 149 148 148 153 156 158 158 152 158 159 160 157 157 155 160 159 160 153 159 157 157 147 145 142 143 143 144 142 143 142 142 139 133 128 126 117 104 97 96 106 109 113 112 115 115 118 126 124 129 132 137 136 136 132 128 125 116 118 120 139 122 35 
121 123 123 122 120 121 120 123 120 117 105 78 63 71 73 76 81 85 100 96 96 87 96 80 78 88 102 96 93 96 100 91 92 93 93 91 94 91 88 91 101 105 117 127 130 135 145 150 150 149 153 156 157 159 162 166 167 169 166 165 169 171 171 164 163 165 164 166 168 166 160 157 156 153 148 142 146 148 149 148 146 144 145 137 128 124 122 115 104 93 101 105 113 113 109 116 115 123 125 128 133 135 138 134 132 131 128 122 121 112 130 150 
121 122 121 119 120 120 120 122 120 109 100 83 85 81 89 88 91 105 92 86 76 74 74 78 74 97 102 101 100 106 101 102 103 108 106 108 110 112 119 124 128 136 141 141 152 148 153 152 155 156 162 162 165 164 161 165 165 165 174 171 171 174 172 176 178 179 182 179 174 170 164 162 159 153 150 147 146 153 154 150 152 151 150 144 142 135 128 123 120 114 100 98 100 108 109 112 110 115 120 125 126 128 132 133 133 125 130 132 126 123 115 104 
122 119 119 121 121 120 121 118 114 107 91 74 77 89 93 88 100 88 62 64 69 72 64 77 92 98 105 105 108 115 120 125 126 127 130 129 131 135 141 144 150 152 154 153 156 157 160 161 160 160 161 165 165 165 164 166 168 166 170 174 178 176 179 180 181 182 178 177 176 176 170 162 161 155 152 148 151 149 154 156 151 152 147 147 141 140 130 129 120 119 114 106 95 94 102 106 108 111 115 120 125 124 127 126 133 140 130 132 130 128 126 130 
119 120 119 122 119 119 121 120 108 93 79 72 77 80 80 78 76 66 54 56 65 70 68 84 94 111 120 127 130 137 142 143 143 142 146 155 151 152 150 153 154 155 158 157 157 153 154 154 155 157 158 156 160 160 154 163 163 167 179 176 179 181 183 185 187 186 180 180 178 163 159 165 162 162 156 148 147 152 156 158 163 156 154 146 146 143 131 110 115 117 115 114 108 100 93 93 99 105 112 112 117 124 123 123 126 126 137 132 132 130 124 127 
123 121 120 121 121 121 124 115 102 84 76 73 76 78 71 71 56 48 47 56 66 77 91 108 115 133 141 145 147 152 157 160 160 161 165 167 164 164 161 161 162 162 158 163 163 161 154 157 157 160 150 144 145 151 150 152 169 177 183 181 180 182 185 186 187 186 186 180 179 178 173 170 169 162 160 157 146 142 150 156 161 165 161 154 151 154 147 132 117 117 120 118 115 113 105 93 90 93 98 107 109 116 121 121 128 130 127 136 126 130 128 127 
122 120 121 121 120 116 103 97 87 83 78 76 86 77 70 75 69 53 59 64 82 112 116 125 137 145 149 157 154 161 161 160 161 164 169 171 166 170 172 172 168 168 170 170 169 165 164 164 166 158 136 128 130 134 140 146 157 175 181 183 186 185 187 188 186 184 183 182 180 183 182 179 175 168 161 158 155 150 150 155 159 161 159 156 156 154 150 137 132 124 117 121 116 116 108 107 97 84 86 90 98 106 112 118 121 124 125 128 134 128 132 126 
121 120 119 121 123 107 86 70 64 70 64 60 64 66 66 61 64 60 74 92 105 139 143 149 152 153 158 157 154 158 160 163 165 172 174 174 177 172 170 174 175 173 173 174 178 180 177 172 163 150 133 133 133 136 140 135 134 157 179 184 187 186 189 189 189 185 182 187 189 185 184 182 175 166 161 159 154 149 149 151 148 154 160 156 156 156 150 146 140 131 127 121 118 119 118 112 105 102 93 88 91 96 106 109 116 122 120 123 131 134 127 126 
120 123 122 121 106 92 85 68 57 58 57 56 60 64 62 54 57 65 90 109 110 141 147 157 155 166 164 167 169 170 172 175 173 176 176 181 177 179 180 180 182 183 185 183 186 184 182 181 175 152 136 134 133 146 144 125 113 137 174 184 189 193 191 190 191 189 186 189 192 191 189 183 176 170 165 160 152 145 139 136 140 148 154 160 163 157 153 146 144 131 126 126 118 119 121 124 119 104 99 92 87 88 91 101 103 112 117 122 118 132 133 125 
119 121 123 116 96 96 92 81 68 61 61 56 62 56 67 58 79 89 88 114 115 140 149 158 170 172 174 176 178 180 178 176 182 184 184 183 183 182 183 182 184 187 184 184 187 188 186 187 169 154 145 137 136 143 137 111 98 136 171 184 191 190 193 195 194 192 193 195 192 194 190 187 181 175 168 160 151 139 128 115 118 127 133 126 145 165 157 155 144 141 130 124 121 129 122 120 120 113 101 93 92 88 88 91 99 105 110 116 118 120 129 131 
119 122 118 105 100 100 92 86 77 56 54 59 60 63 71 74 85 94 88 102 109 135 156 173 176 181 183 185 183 184 180 179 185 190 188 187 187 185 185 186 190 192 190 190 190 190 189 178 166 151 137 138 154 148 122 85 103 140 160 178 193 194 195 195 195 194 193 194 197 193 190 187 185 178 169 153 143 133 110 85 89 94 91 87 104 123 141 152 151 141 138 132 130 130 129 123 125 121 111 100 97 94 87 86 91 99 104 110 113 117 120 131 
120 120 112 100 97 93 87 75 73 70 55 57 56 63 74 92 95 100 95 105 102 122 162 179 180 180 182 185 189 189 190 189 188 189 191 190 188 189 190 189 189 189 187 189 187 190 191 174 158 145 135 147 161 151 102 74 104 137 153 172 188 194 195 195 195 192 194 193 191 189 189 187 182 177 168 153 137 122 98 102 108 97 96 100 93 108 130 144 154 149 143 135 128 127 126 124 122 116 115 111 102 99 95 90 87 89 91 101 109 110 116 123 
120 120 111 110 97 84 79 68 63 65 64 53 58 61 78 94 92 97 98 98 109 129 160 181 182 182 187 187 191 193 192 192 193 193 191 192 190 191 189 191 190 191 189 185 188 191 181 168 155 147 136 140 157 141 75 67 119 149 152 156 177 193 194 195 193 192 196 197 195 192 186 182 181 174 162 148 134 107 97 120 117 105 93 89 95 90 105 129 138 146 145 140 141 138 136 133 131 123 115 112 107 102 102 98 88 87 86 93 96 105 109 108 
120 114 113 108 101 101 93 70 59 60 57 60 57 77 87 90 87 93 98 100 107 143 168 183 187 189 188 191 191 192 192 194 194 192 196 193 194 197 195 196 194 193 194 192 193 191 174 164 150 138 132 133 147 123 58 76 128 162 163 148 163 185 190 195 198 198 198 199 197 194 192 182 171 172 162 146 127 105 118 125 111 102 104 110 97 89 100 124 128 132 137 139 144 149 146 140 136 130 119 113 104 109 110 101 94 86 85 86 89 93 98 107 
117 120 117 110 95 102 101 75 71 62 56 65 62 67 78 88 88 94 95 98 111 132 151 183 187 190 194 193 192 195 197 196 195 195 194 196 194 192 193 197 197 195 198 197 192 185 165 154 144 131 126 129 140 108 73 93 122 155 165 149 155 184 190 192 194 198 198 195 193 191 189 178 171 164 155 137 116 102 121 123 117 116 103 86 87 105 113 124 138 138 145 152 151 155 154 147 142 133 126 113 108 105 109 107 104 100 91 86 85 90 91 91 
123 125 117 107 100 98 80 85 71 70 55 58 60 64 69 71 80 80 85 104 118 131 151 174 187 190 193 195 197 197 197 196 195 194 197 196 196 196 195 195 196 197 196 197 193 187 161 143 146 133 124 130 141 95 79 124 133 155 171 140 146 182 185 188 198 200 199 199 193 192 190 186 175 163 148 133 110 109 125 127 114 110 98 94 97 102 117 131 140 147 152 158 158 155 156 154 153 146 129 115 106 105 108 111 107 101 94 91 85 85 88 95 
120 123 114 114 96 88 84 85 74 68 54 56 61 60 61 72 68 74 80 108 125 139 156 173 186 192 193 196 199 199 197 198 197 197 196 197 196 198 197 197 195 197 196 199 196 192 167 145 136 127 117 132 145 89 67 93 133 150 169 145 142 183 186 190 196 198 200 199 198 193 193 185 175 156 139 122 110 121 134 130 122 113 108 101 86 83 100 118 136 140 149 158 157 162 159 156 156 146 140 127 111 102 103 107 109 105 102 98 90 84 83 82 
123 117 115 109 102 87 85 78 82 68 67 59 65 68 57 60 60 71 78 123 136 143 159 170 182 196 199 201 200 199 200 198 198 194 194 198 196 194 198 197 198 196 199 198 199 191 170 145 134 118 118 132 146 80 63 80 118 146 162 143 138 177 185 188 193 199 197 199 195 193 187 181 171 151 132 119 121 129 131 121 116 123 117 99 96 96 98 118 134 145 155 165 164 171 168 164 168 167 154 144 132 108 97 102 101 104 101 100 97 88 83 82 
122 115 119 111 100 87 86 73 83 70 60 60 59 56 63 65 56 71 87 136 142 143 160 182 193 197 198 200 200 201 201 199 196 197 200 197 199 199 199 198 197 199 199 199 199 194 171 145 139 119 112 137 145 68 57 91 108 142 150 142 145 172 181 189 192 198 198 198 194 192 185 175 162 147 127 126 135 133 122 121 132 144 139 114 102 109 110 119 132 146 161 165 172 171 172 179 174 173 161 158 148 135 108 94 93 103 103 98 96 97 90 86 
119 118 125 111 103 94 86 77 88 74 67 61 71 55 58 59 62 70 93 145 133 136 164 182 193 195 199 200 202 201 202 201 198 200 199 200 199 200 201 201 200 200 200 200 194 191 173 144 131 110 96 127 137 63 63 90 110 136 149 135 142 170 182 188 199 197 197 196 194 190 180 168 153 139 131 138 145 142 148 139 123 128 134 131 128 112 104 119 135 147 155 166 172 178 172 171 175 180 175 168 161 144 128 106 98 98 97 98 98 91 94 86 
108 117 123 107 96 98 83 82 86 77 69 60 69 63 56 67 69 72 101 125 145 140 161 175 187 197 196 198 199 198 197 197 198 200 200 200 200 202 201 200 200 200 198 199 198 191 174 150 124 107 97 112 121 65 77 93 124 142 147 131 147 170 186 194 199 200 199 198 195 187 175 156 146 136 139 146 151 158 160 139 129 125 124 116 116 119 115 113 121 131 146 159 168 176 183 172 176 178 175 173 163 156 143 117 97 91 100 100 96 95 90 86 
104 125 122 108 99 93 75 81 78 74 72 62 73 68 68 68 66 79 98 122 145 140 166 184 187 194 198 199 199 197 195 199 196 196 199 199 200 199 199 198 198 199 198 199 199 196 179 156 127 109 93 106 105 59 82 134 150 146 141 126 149 172 185 192 196 198 197 195 192 189 173 147 132 129 141 150 150 163 167 153 145 144 145 140 128 115 110 116 123 133 144 157 166 169 176 178 176 172 170 177 166 153 145 132 109 90 95 98 97 97 96 91 
108 132 124 103 100 88 81 80 75 78 75 59 75 70 65 67 70 81 95 119 152 131 165 191 197 198 197 198 198 197 197 197 197 196 198 198 199 200 200 201 200 200 199 200 196 194 183 153 133 117 101 95 98 94 138 163 154 147 130 123 153 172 188 193 193 196 196 192 191 179 159 142 130 125 129 135 137 149 147 143 132 133 131 122 122 128 147 131 130 132 143 151 159 167 174 179 178 170 171 176 168 163 150 135 114 95 91 95 95 95 94 94 
101 122 109 107 104 87 85 76 79 84 79 67 82 75 71 68 72 73 93 114 145 150 165 190 199 203 204 202 197 199 199 200 201 199 197 198 200 200 199 198 200 199 198 196 198 194 188 165 134 115 98 99 92 68 118 145 138 137 122 130 156 174 183 192 196 197 192 190 187 177 159 160 171 176 181 171 141 123 128 134 137 135 133 136 137 123 114 107 127 137 133 140 153 158 167 174 180 181 177 178 175 163 152 143 124 102 84 93 95 100 92 91 
111 123 113 110 97 84 91 82 90 87 83 72 85 79 77 68 76 81 106 113 143 157 172 194 204 205 205 202 201 202 203 200 199 200 201 201 199 201 200 201 201 200 199 201 195 193 191 178 146 122 97 97 101 76 91 123 124 129 119 141 157 178 191 193 194 195 192 191 191 181 180 185 187 188 189 186 171 128 110 121 134 128 133 139 128 108 97 93 110 121 126 127 140 153 158 173 167 178 177 172 171 169 150 136 125 102 86 88 87 87 94 93 
113 126 119 111 100 92 97 92 91 85 79 79 91 83 82 79 87 90 109 120 132 154 173 192 199 204 203 203 200 200 198 201 200 201 201 200 199 199 197 198 199 200 199 198 198 195 192 184 154 122 105 99 105 78 80 95 133 144 130 145 155 173 186 190 192 192 191 193 192 186 184 184 189 186 183 185 176 143 105 106 121 144 147 141 137 123 115 102 107 122 127 124 134 141 155 162 161 170 175 164 162 163 155 132 115 100 82 82 88 94 94 93 
137 121 112 111 100 105 105 97 99 91 79 81 91 84 87 78 89 93 101 125 130 155 177 197 199 203 203 201 202 200 198 199 201 200 200 200 199 198 200 201 202 200 200 198 194 193 193 191 176 133 108 104 107 99 86 102 116 151 145 145 161 169 187 193 193 191 189 193 192 185 179 181 182 181 183 180 163 145 105 104 119 134 137 138 121 102 91 91 101 116 123 124 123 132 147 166 170 171 171 167 164 160 154 135 117 98 84 82 88 91 92 93 
138 121 121 114 107 109 105 104 103 87 81 83 93 80 85 87 89 93 102 118 131 156 169 189 200 203 203 201 201 201 201 200 199 201 202 201 199 200 198 200 202 200 198 197 193 193 193 191 184 153 108 106 108 107 102 119 150 150 142 149 165 175 186 188 189 185 190 191 193 187 179 169 172 180 185 186 175 146 107 86 93 118 119 111 97 89 89 94 100 106 112 113 114 130 147 163 167 177 175 173 165 161 146 132 116 100 83 79 85 91 94 96 
127 127 120 112 107 106 103 104 101 91 90 99 87 87 84 91 90 89 93 119 132 155 183 195 199 206 202 200 201 201 199 199 200 199 199 201 201 201 201 201 200 200 201 196 196 192 191 188 182 162 129 110 115 108 109 129 142 139 139 154 163 178 183 185 189 191 191 190 192 191 186 187 186 188 190 191 183 163 130 83 78 91 115 130 128 126 118 122 129 134 116 109 119 123 139 165 169 173 173 172 159 147 132 123 113 96 79 82 90 93 94 92 
130 127 115 112 101 94 100 102 102 99 86 92 86 89 90 94 88 92 107 124 128 165 179 191 200 200 200 203 202 201 199 196 200 199 200 201 201 201 199 200 203 203 201 200 201 194 191 188 189 174 152 137 131 125 115 108 126 141 151 159 167 171 178 184 186 191 189 186 186 191 192 191 193 191 192 192 191 177 155 121 76 73 86 111 136 136 128 125 122 109 111 122 126 128 140 163 164 170 169 161 150 145 130 121 109 97 80 79 87 91 92 93 
134 121 102 107 101 92 93 93 99 95 95 93 84 87 86 97 89 105 111 124 139 165 179 194 202 202 201 200 202 200 200 199 199 199 200 201 200 200 201 202 201 202 202 201 195 195 192 190 185 178 165 153 142 143 144 131 126 133 148 165 175 183 186 187 191 186 161 177 192 190 193 196 197 197 195 192 187 182 168 135 102 68 71 115 147 137 128 98 102 110 128 130 127 124 138 164 169 171 169 159 142 132 132 123 108 90 79 81 85 91 92 89 
142 115 101 104 95 90 89 84 93 85 100 92 79 78 85 96 99 108 113 127 145 172 172 194 198 200 200 199 201 202 202 201 199 199 200 199 199 200 200 200 202 201 200 199 195 194 191 187 188 181 169 162 157 159 168 174 177 175 182 190 191 194 197 199 199 198 196 197 196 199 197 200 203 199 196 191 185 181 172 145 115 80 70 79 107 111 93 80 137 130 130 123 120 123 134 162 169 171 158 148 137 130 127 122 105 93 80 78 87 92 87 86 
117 105 95 91 84 76 80 71 86 91 99 88 72 71 89 97 104 115 119 137 156 173 185 196 196 201 201 199 200 200 200 199 200 198 198 201 201 199 197 200 200 200 201 200 198 194 190 186 184 185 179 175 173 174 178 185 192 194 197 198 200 198 198 200 198 200 199 196 200 199 198 193 194 199 200 197 189 180 166 139 113 85 64 64 75 88 98 91 133 126 129 125 121 117 135 159 165 169 163 156 146 133 127 119 107 95 82 80 84 86 87 87 
108 99 79 87 82 73 75 68 79 93 97 75 71 74 95 100 111 116 122 135 158 182 185 194 192 198 199 199 200 200 200 200 200 201 198 197 199 198 199 200 199 200 197 197 195 194 189 189 185 182 177 182 183 182 186 188 192 198 200 199 201 202 201 200 201 202 204 201 200 200 198 192 191 189 199 198 191 181 169 137 111 85 59 61 91 99 78 66 104 111 121 127 125 119 126 151 163 163 161 159 146 138 133 119 106 94 79 81 84 86 85 79 
101 95 76 80 74 69 65 63 79 88 83 75 70 76 98 97 118 120 125 148 168 177 186 190 193 190 195 199 201 202 202 201 201 201 202 199 198 196 197 197 199 197 193 196 195 189 187 186 183 184 180 174 177 183 187 190 192 196 201 202 201 201 201 202 200 201 195 198 193 193 188 193 189 195 191 195 186 175 161 141 113 86 72 80 105 115 113 108 97 95 101 107 109 117 134 146 156 160 160 155 144 140 134 124 107 92 78 71 80 84 84 84 
96 85 68 74 72 66 57 62 77 87 78 68 70 87 97 97 112 114 129 159 167 176 182 188 190 191 193 197 196 199 201 202 201 201 201 199 197 198 196 195 196 195 196 195 194 193 191 188 180 176 181 180 185 187 188 190 193 197 197 200 199 200 198 195 195 196 194 192 194 190 188 186 187 189 192 188 182 176 163 142 110 74 74 106 134 133 121 121 111 100 98 102 102 110 128 143 149 155 155 153 150 139 131 120 108 94 78 74 78 81 81 83 
95 83 70 71 71 61 57 67 72 78 70 63 68 86 90 96 108 120 135 161 167 173 182 190 193 194 193 194 198 198 202 202 202 201 199 201 200 198 195 196 197 195 195 196 193 193 190 187 186 186 185 182 183 181 181 183 185 186 188 187 186 186 182 184 184 186 182 177 179 181 180 178 182 189 181 180 174 167 156 136 97 62 62 80 95 104 104 104 109 114 96 102 106 114 130 144 144 150 146 143 138 134 126 116 103 90 73 72 77 81 81 76 
91 91 74 65 70 60 55 66 74 68 62 60 67 78 86 98 119 131 138 157 172 179 186 189 191 194 195 195 199 200 201 200 198 198 196 191 197 196 197 195 196 197 199 198 196 194 195 191 189 184 176 175 175 178 176 172 171 174 172 175 176 167 165 163 163 165 162 166 165 166 168 172 173 175 179 177 170 161 150 122 74 69 90 116 120 102 90 75 83 100 102 105 107 115 122 138 144 145 148 137 130 123 126 117 106 89 72 76 78 82 80 77 
83 84 63 64 68 59 59 61 67 66 61 66 74 85 89 101 119 127 147 160 178 184 185 186 189 189 193 194 195 196 199 198 198 195 193 197 195 193 195 193 195 196 196 196 193 196 193 189 187 178 172 167 165 161 162 160 159 154 143 136 135 139 137 141 143 143 147 150 157 162 162 165 166 166 163 162 158 148 127 90 67 82 98 98 98 105 92 94 60 75 96 107 110 120 131 141 146 139 136 136 133 123 122 116 102 86 71 74 73 76 73 76 
87 80 80 70 57 54 56 61 65 64 60 61 72 71 76 99 118 142 145 162 176 184 187 183 189 193 193 193 192 196 196 193 195 194 196 195 194 193 193 195 194 196 198 195 194 192 194 190 184 178 163 161 156 151 145 144 133 120 118 123 127 128 134 133 142 145 146 147 149 146 144 145 139 146 150 150 145 132 108 63 62 100 91 92 91 71 78 79 84 73 96 96 106 123 137 139 141 146 138 129 135 131 124 113 100 77 71 74 81 79 75 67 
80 79 70 74 68 46 48 64 63 55 61 61 69 75 82 105 115 140 151 160 176 182 186 179 188 190 192 194 200 198 197 197 194 196 194 192 194 196 194 192 195 195 195 193 194 193 191 189 178 173 166 159 147 138 132 117 101 105 124 137 140 142 146 146 149 150 150 150 149 142 131 119 124 128 134 137 131 124 102 68 75 105 118 94 80 81 73 70 81 101 92 103 112 119 133 143 141 141 143 143 137 129 118 107 87 70 77 81 79 74 73 70 
89 78 71 65 62 62 51 52 55 53 56 61 63 73 95 107 126 141 156 164 176 180 177 176 184 188 189 190 194 196 197 196 194 195 193 192 191 193 193 194 193 194 193 194 192 191 191 186 179 170 164 151 145 131 112 96 106 130 134 126 130 136 137 144 150 153 153 155 150 142 135 139 147 166 159 146 136 126 103 81 79 97 115 122 110 109 104 88 80 90 99 102 120 131 141 144 140 139 139 139 128 118 114 106 79 73 77 81 77 70 68 74 
91 76 73 70 56 56 47 51 53 52 55 55 63 74 93 111 127 142 150 169 173 172 176 183 184 184 187 189 191 194 194 195 193 194 194 194 193 194 195 192 190 191 193 192 189 186 186 184 172 168 160 152 136 115 97 93 112 140 156 150 138 148 150 140 146 154 158 153 154 146 135 130 140 160 163 154 140 121 96 84 97 97 93 101 110 102 92 94 93 91 93 109 121 130 135 140 136 142 137 132 125 119 110 87 71 76 83 81 76 70 71 77 
90 80 68 69 66 56 49 45 59 51 55 56 65 73 95 111 133 150 170 168 173 168 178 186 185 188 189 192 191 193 193 193 191 192 191 190 192 193 192 190 188 189 188 194 191 187 182 178 174 171 162 143 125 99 91 95 101 98 139 140 146 149 168 169 159 163 165 165 165 163 153 136 126 117 121 124 124 112 108 115 112 103 97 94 90 90 90 97 93 93 101 109 124 133 139 138 140 132 130 122 122 111 82 71 81 88 85 78 69 65 75 84 
91 84 69 62 55 53 47 47 44 48 52 59 67 89 98 119 129 149 158 173 173 175 178 180 183 185 184 187 190 188 190 184 187 185 188 190 186 189 188 190 187 190 190 189 184 184 182 180 174 169 155 132 116 96 92 76 85 110 132 131 130 141 156 175 177 169 177 178 180 176 167 159 139 124 112 117 129 135 133 135 113 99 97 95 93 82 76 81 84 93 106 116 126 132 138 140 139 134 126 119 101 78 74 86 91 91 85 75 69 72 80 95 
82 84 80 65 66 50 45 42 45 48 58 58 69 86 100 113 128 150 163 170 176 175 178 180 185 182 185 188 186 186 187 188 183 182 183 180 181 186 184 185 189 189 188 186 184 182 182 182 181 176 138 118 102 90 85 76 100 117 122 129 118 135 154 169 182 178 172 180 179 181 176 165 151 135 123 118 126 127 127 133 144 127 115 105 89 93 90 82 90 102 109 114 123 130 131 127 126 116 103 93 79 82 94 94 89 81 75 68 68 79 87 95 
91 78 85 60 51 51 41 42 46 49 53 61 70 84 107 126 134 158 167 171 176 176 179 181 180 183 187 188 190 190 188 187 186 185 186 184 185 185 187 186 187 187 191 189 184 185 184 183 178 175 137 108 93 90 84 81 141 159 142 140 123 121 145 153 171 178 184 183 184 186 185 179 161 146 129 118 121 123 123 129 136 134 118 110 96 80 87 90 95 101 113 121 129 125 123 123 121 110 94 90 94 103 101 89 81 73 68 67 73 83 93 97 
100 68 78 76 53 49 45 34 45 48 55 68 79 96 112 131 134 158 166 174 175 172 178 179 180 182 183 188 190 190 188 184 181 184 186 185 185 187 189 188 186 185 182 186 187 181 181 180 178 171 131 99 83 82 77 72 106 149 153 143 133 114 130 157 163 172 182 184 186 186 184 176 169 153 140 123 115 113 121 124 123 129 130 110 100 80 69 76 92 95 110 117 123 122 120 116 111 104 105 105 103 102 97 81 75 69 64 72 80 88 96 103 
98 92 80 83 72 45 46 40 37 48 50 57 79 98 103 118 136 159 171 174 173 174 173 179 179 181 186 187 189 186 188 186 182 180 180 183 184 183 185 189 185 185 187 186 180 180 180 185 178 166 135 100 81 86 87 45 74 79 107 137 137 131 114 157 166 168 182 184 184 187 182 179 177 169 150 142 122 108 108 115 112 100 107 96 104 110 103 92 88 101 111 116 122 123 118 116 114 111 109 110 106 99 85 78 73 66 72 82 88 90 95 96 
109 101 76 84 84 56 37 42 45 52 64 70 69 93 107 126 134 164 171 171 174 173 172 178 179 182 183 188 188 188 183 180 179 180 181 183 183 185 185 183 184 183 185 185 183 178 179 181 184 170 135 101 82 85 102 59 60 103 102 139 134 144 114 142 173 172 176 179 189 187 190 189 180 171 161 150 132 114 92 96 101 94 79 97 83 82 99 83 100 109 119 127 125 119 120 122 116 109 113 111 101 94 83 74 65 69 77 80 83 94 101 94 
116 104 84 66 83 71 49 35 39 47 61 74 90 102 111 123 139 150 160 163 171 176 172 178 186 179 182 182 184 182 179 180 176 170 172 178 179 181 180 181 180 181 187 187 183 181 180 173 174 164 140 101 83 85 123 91 110 68 90 114 131 142 127 135 170 166 176 184 183 186 184 180 181 173 164 155 142 127 108 83 105 114 101 77 95 86 67 86 101 124 130 135 129 122 117 112 113 112 115 105 97 87 74 67 71 77 77 88 93 97 88 80 
112 104 99 76 71 78 57 46 39 47 69 80 94 104 109 129 151 153 161 165 169 173 175 174 179 177 179 182 180 180 176 175 174 172 173 176 179 179 179 179 180 180 186 182 183 182 180 177 173 152 130 109 83 88 134 88 49 78 90 104 120 141 126 129 170 175 177 182 182 187 183 181 178 176 166 159 148 135 121 96 83 108 98 88 77 91 98 101 125 136 140 131 123 115 111 109 108 112 105 101 90 75 66 73 78 84 88 89 90 79 68 75 
112 105 94 82 67 73 63 48 37 44 63 86 107 123 133 135 145 164 164 167 168 171 177 180 177 175 180 180 180 178 175 171 164 169 168 165 170 171 177 179 174 178 180 177 174 174 178 177 174 150 129 106 83 88 136 107 48 63 78 116 124 145 132 122 149 154 179 180 182 182 186 184 177 172 160 157 149 142 130 109 80 88 109 103 96 105 130 140 140 141 131 127 111 107 111 106 111 109 96 90 76 70 72 77 84 88 86 81 65 55 68 94 
115 113 93 86 66 68 78 64 54 35 42 77 96 117 134 141 147 152 160 172 173 179 181 181 183 178 176 177 175 176 171 167 167 167 163 162 168 171 173 171 175 178 178 176 172 173 174 180 181 153 123 100 94 90 127 122 56 70 101 123 126 145 126 121 157 151 171 182 180 184 177 179 177 168 165 160 154 142 132 123 101 72 79 95 98 120 137 149 143 134 124 113 107 108 107 106 103 94 89 73 70 72 79 87 87 81 64 39 45 70 86 84 
118 113 111 75 76 62 66 70 59 45 41 61 97 113 137 146 149 158 156 166 173 193 185 190 187 184 178 177 176 174 167 166 172 169 162 163 169 171 171 175 174 174 167 173 179 181 182 183 181 161 128 107 103 103 115 132 61 66 103 108 115 135 124 121 160 167 174 178 178 181 175 174 170 165 164 159 152 144 134 124 115 100 88 110 138 148 149 144 136 127 114 111 105 106 107 101 100 88 74 71 73 84 88 81 60 29 26 58 87 90 90 92 
117 118 117 112 72 55 64 59 61 55 47 52 83 115 133 145 153 153 161 169 171 168 187 193 194 186 180 170 167 167 170 172 167 162 158 161 161 166 169 164 163 170 170 174 178 177 176 178 173 154 127 120 110 102 108 126 86 39 59 95 116 129 120 123 150 165 164 171 172 175 176 173 166 162 155 155 145 138 130 126 118 115 116 125 140 141 137 137 126 114 108 106 109 104 96 94 82 74 79 86 89 74 49 23 15 46 77 90 92 103 107 97 
112 115 113 111 107 75 49 56 54 60 46 39 62 97 116 130 149 156 148 159 160 167 161 173 180 179 174 171 166 165 159 156 147 147 157 161 163 165 168 167 162 169 169 173 169 176 182 182 169 159 147 121 113 109 104 120 104 51 36 57 96 113 117 137 151 164 167 168 167 168 163 167 162 159 155 147 143 135 129 120 117 117 119 129 125 124 136 123 109 106 106 106 106 101 95 89 86 86 78 57 33 19 17 37 67 83 91 96 97 100 114 119 
116 113 114 117 113 113 91 52 46 56 61 47 52 79 109 123 132 145 154 149 152 158 163 161 170 168 166 168 162 159 157 155 153 147 154 154 151 157 163 169 173 173 168 171 172 174 177 171 167 153 154 142 122 107 104 108 110 69 54 51 79 102 119 144 156 160 164 164 161 160 163 161 154 154 152 145 136 132 125 117 112 117 117 125 129 129 130 115 102 106 106 107 100 91 86 64 45 24 15 11 18 33 51 69 77 78 81 84 86 97 62 40 
113 116 112 117 117 111 114 97 64 50 57 52 34 48 90 120 134 133 131 152 153 155 154 161 162 169 162 165 157 155 151 149 153 155 158 159 160 164 169 167 167 168 166 165 172 170 168 170 166 156 146 147 122 103 100 105 110 100 50 63 71 102 124 143 153 159 160 161 154 156 156 155 154 147 141 136 126 119 115 112 112 117 118 123 124 122 114 110 111 107 109 105 95 83 41 16 17 24 33 39 46 55 68 70 86 101 100 104 107 121 77 12 
116 116 118 114 115 113 113 116 102 71 50 50 46 36 55 101 119 132 134 132 146 153 147 148 150 155 159 154 153 153 156 155 150 155 160 164 164 163 161 162 166 168 169 157 167 170 168 170 159 152 133 132 114 106 103 93 102 99 95 74 85 97 128 134 150 154 156 153 153 154 155 153 148 147 134 124 124 110 106 110 105 109 117 119 118 113 113 115 109 106 99 90 71 29 20 30 29 36 38 50 60 78 93 108 111 113 125 121 115 122 129 82 
115 116 113 113 116 115 115 114 119 110 82 46 44 42 33 52 95 117 134 135 136 138 146 153 151 150 150 151 154 155 151 155 153 154 158 161 163 161 162 156 157 161 161 163 159 156 154 149 145 148 137 121 118 95 96 89 87 100 102 92 89 107 128 142 135 148 151 149 143 124 129 142 142 139 139 130 123 115 110 107 108 111 114 113 114 117 110 107 103 100 92 84 71 75 79 79 75 77 85 92 103 108 112 112 117 115 115 117 119 115 119 124 
118 115 117 117 117 117 114 114 112 115 107 69 46 39 39 36 41 77 97 128 129 131 136 142 149 152 152 150 150 149 153 153 155 150 153 151 145 141 145 148 158 157 154 153 153 152 145 143 141 135 143 136 126 101 83 84 90 93 97 93 100 119 133 144 144 146 145 147 140 145 133 138 134 135 135 130 118 116 111 106 109 112 113 113 112 111 107 102 95 83 77 80 82 67 63 78 92 96 110 117 116 114 112 109 109 107 103 92 89 88 90 93 
117 114 116 116 118 114 115 118 118 115 113 101 76 56 45 46 39 43 66 72 115 130 128 131 132 142 148 150 152 151 147 143 143 139 136 136 139 140 145 145 147 151 150 147 144 142 143 141 136 135 131 128 120 103 88 77 84 91 91 99 113 129 133 136 143 143 145 145 136 137 141 136 135 128 119 118 116 110 107 108 109 108 110 109 107 104 97 91 83 82 82 82 82 77 48 21 26 40 32 51 66 82 84 79 64 65 69 77 81 88 88 91 
114 116 117 117 115 117 117 115 113 117 115 106 89 72 61 52 45 43 54 43 45 95 119 122 120 121 126 136 136 142 139 139 134 134 132 133 133 133 135 136 132 134 136 138 134 135 134 136 130 127 123 117 117 96 74 68 73 84 85 99 122 132 138 137 138 137 138 133 134 132 132 132 128 125 121 113 109 108 106 104 106 106 108 105 102 91 83 79 78 84 84 82 83 88 88 72 42 24 36 23 25 45 66 80 97 95 92 89 84 80 79 83 
116 115 113 114 117 117 116 116 116 113 113 112 106 86 74 62 61 48 61 53 42 33 64 106 124 118 110 106 113 106 112 111 117 119 120 122 121 125 130 126 126 131 133 128 129 126 122 116 113 111 105 107 106 109 107 87 88 88 105 115 123 129 132 132 128 132 130 131 127 121 117 118 116 118 110 108 108 106 103 101 100 100 97 95 80 82 81 85 86 82 84 83 81 80 88 103 95 80 74 76 67 50 44 35 36 47 61 74 85 92 102 103 
117 115 117 114 116 115 115 116 116 115 116 112 112 104 98 78 75 76 57 61 58 38 31 54 67 100 121 115 119 120 121 119 117 117 118 119 118 119 117 118 118 115 117 115 114 109 105 102 104 101 105 110 112 112 116 124 122 119 117 123 121 120 118 117 115 113 113 108 105 106 104 100 100 95 98 98 100 101 97 97 88 86 80 78 85 87 87 85 85 86 84 86 87 85 81 90 95 88 91 86 91 87 84 86 79 72 60 57 52 51 47 43 
114 115 116 114 114 115 116 116 114 113 113 116 114 110 98 98 77 77 71 65 57 62 37 34 43 43 60 84 88 106 108 112 116 123 118 115 119 114 118 116 110 109 104 103 100 101 104 108 108 110 108 108 111 109 110 110 113 115 119 115 115 111 108 104 102 98 98 95 95 94 91 91 92 96 95 93 93 86 86 82 84 82 85 86 86 85 86 85 85 85 83 84 84 87 86 84 100 105 98 98 102 102 101 99 100 100 102 101 101 100 99 102 
114 115 115 116 117 116 117 115 116 113 115 114 113 114 108 96 99 90 84 82 81 72 80 36 36 43 41 52 62 56 76 79 81 87 98 99 96 98 95 93 95 90 84 82 83 77 82 85 86 80 77 76 75 71 73 78 86 97 107 113 111 108 100 103 100 104 105 107 112 117 119 128 131 124 110 80 82 85 85 85 86 86 89 87 87 86 84 85 85 87 84 85 86 86 85 85 87 104 104 97 102 104 104 102 104 102 105 107 108 107 108 107 
113 115 112 114 117 114 113 115 115 117 113 114 111 110 111 102 99 97 92 92 94 92 78 94 56 36 47 51 66 54 45 59 59 50 63 68 76 72 77 73 68 68 65 54 52 58 47 43 31 33 36 38 37 36 35 33 31 47 55 47 49 59 98 133 149 147 144 147 145 146 148 150 142 130 102 89 87 87 87 88 86 87 85 85 86 87 86 86 89 86 89 88 89 91 91 91 87 97 105 96 95 99 100 101 100 106 105 102 105 105 107 107 
119 116 115 114 116 117 117 115 114 114 116 113 117 116 114 110 97 99 94 100 108 102 92 67 91 83 48 48 45 65 62 51 66 56 39 56 60 65 65 61 67 61 58 66 64 56 58 48 52 46 44 48 47 41 37 28 51 56 54 61 80 117 123 107 117 132 133 127 138 140 140 136 129 116 96 87 90 88 86 86 87 86 86 89 90 89 88 88 86 87 88 87 86 89 91 90 92 96 110 112 106 100 99 103 103 101 99 102 103 102 100 100 
112 113 114 115 116 115 116 113 112 115 114 111 114 111 114 111 101 98 98 91 83 102 111 114 99 92 100 93 78 69 78 66 51 63 57 44 54 63 59 70 65 66 70 70 61 61 55 54 53 52 52 47 42 30 25 52 76 83 92 112 124 113 111 129 140 135 129 131 139 140 143 132 125 92 87 88 88 88 91 88 89 90 89 88 88 90 91 90 93 93 93 94 94 93 94 93 92 91 102 106 104 105 103 97 98 96 96 94 93 94 95 95 
116 115 114 115 117 116 116 115 115 114 114 115 112 113 114 119 112 93 91 94 88 78 83 95 94 99 97 83 86 83 89 105 99 81 70 62 59 59 63 60 55 54 57 60 61 60 63 62 55 50 43 38 36 34 67 91 98 101 113 118 120 132 145 147 138 133 116 113 120 134 121 108 89 86 87 90 88 87 89 91 87 90 91 90 92 94 92 92 92 91 91 92 94 92 92 93 90 91 97 105 111 110 104 102 99 99 100 104 102 102 97 100 
112 113 114 113 115 115 113 116 114 115 116 115 114 115 117 114 112 100 83 84 95 87 87 83 90 84 86 94 84 60 52 63 72 89 94 85 84 76 59 54 57 53 55 54 45 45 43 41 37 36 38 31 31 39 53 68 88 107 116 127 127 125 114 106 92 88 82 85 81 80 79 84 87 91 91 89 92 93 91 88 92 94 92 94 91 93 91 93 94 92 93 94 94 93 94 92 92 92 91 104 103 106 104 99 99 101 94 90 89 89 89 82 
113 114 113 117 114 113 115 112 115 115 116 114 114 114 112 115 117 114 92 82 91 92 85 87 76 84 76 67 67 75 59 47 39 23 27 39 49 59 72 57 48 43 42 39 32 32 34 28 29 26 26 27 38 64 89 101 105 103 102 93 91 85 85 82 91 89 94 92 93 92 93 90 95 94 95 91 94 93 95 96 95 94 96 91 94 94 96 95 96 95 92 94 91 94 95 95 93 94 92 97 108 105 103 101 83 96 99 100 103 105 108 105 
114 116 114 109 112 114 117 116 114 115 115 117 115 114 114 115 115 116 111 78 79 95 88 81 100 79 79 76 76 65 51 47 49 45 36 31 32 35 32 42 44 42 39 44 36 30 41 30 29 22 21 53 94 106 103 100 101 98 97 95 97 97 95 98 96 97 97 92 95 95 90 93 94 94 94 95 96 96 95 97 93 96 95 97 93 96 94 93 93 91 97 94 94 95 93 93 91 92 92 92 102 105 107 107 108 90 102 103 99 95 92 92 
112 111 114 118 117 117 114 114 114 114 114 114 116 116 116 115 113 117 116 103 79 76 95 95 73 91 83 88 79 75 73 58 46 49 48 41 44 50 53 44 40 35 35 25 36 33 32 30 28 63 88 108 108 106 104 104 101 102 98 103 98 100 97 97 98 95 94 100 93 96 93 94 96 95 94 93 95 96 95 95 96 97 96 96 96 95 96 95 94 98 91 93 92 92 91 96 95 94 94 93 93 102 103 99 87 96 94 98 105 107 105 102 
113 113 111 112 114 114 115 113 116 116 114 114 115 113 116 115 114 113 117 116 86 101 82 86 97 75 72 66 67 71 75 78 74 66 64 57 54 48 37 34 31 34 32 31 22 25 37 54 78 104 111 108 106 104 105 104 103 103 101 101 100 100 99 101 100 100 98 96 99 97 98 97 98 99 99 96 96 96 96 99 96 96 95 97 96 98 97 93 96 93 97 97 94 99 97 95 93 95 93 92 93 100 104 102 105 108 97 101 97 96 98 97 
111 112 113 115 113 114 114 115 114 112 113 113 113 114 114 115 116 112 112 117 115 91 107 90 86 96 83 72 64 57 55 57 57 57 53 52 47 47 67 97 98 97 99 96 92 88 101 114 113 111 107 108 107 106 103 105 102 102 105 102 100 102 101 100 99 99 100 99 99 99 98 97 96 96 95 98 98 98 99 96 97 95 96 95 93 95 96 96 95 97 95 94 93 94 91 92 95 93 95 94 92 91 102 108 107 99 98 94 94 97 97 97 
115 115 114 114 116 113 114 114 114 115 114 114 114 115 115 116 114 115 113 110 117 112 99 113 94 83 87 78 72 65 59 54 51 49 49 44 49 81 111 116 117 117 115 117 117 115 112 112 108 109 109 105 106 107 107 104 104 105 100 103 102 103 102 101 100 103 99 98 97 99 98 98 99 97 99 101 94 97 96 97 97 97 98 97 97 96 96 94 97 94 97 99 96 94 95 95 92 91 93 93 93 92 99 105 106 101 102 100 102 98 101 102 
