10 42 40 40 40 40 39 43 44 40 44 45 40 44 44 40 47 47 43 45 44 41 49 45 42 39 31 27 33 36 35 37 47 42 44 36 45 47 43 43 44 52 43 38 48 54 61 85 115 106 48 38 26 30 52 89 107 58 21 12 15 25 23 24 27 35 27 30 24 34 29 31 28 28 32 30 28 29 33 31 28 28 30 30 36 34 28 27 25 33 35 33 28 27 30 33 32 34 30 31 24 26 30 31 24 19 22 23 26 21 24 25 
41 38 48 43 46 48 46 45 47 49 48 46 45 49 49 52 50 52 54 52 55 43 37 38 49 56 51 57 57 55 54 51 54 58 52 50 108 180 154 122 82 71 55 64 92 141 167 181 209 212 195 195 189 193 186 189 208 210 195 177 212 215 184 68 49 60 45 52 55 56 56 54 52 49 56 55 52 51 53 54 58 56 53 51 54 55 45 55 56 53 56 53 54 50 59 57 46 40 51 52 54 64 59 56 52 49 49 47 49 51 53 52 
49 49 45 45 39 46 45 47 47 49 48 50 47 50 46 41 37 31 42 46 40 39 45 49 50 47 57 59 57 63 61 63 64 64 63 62 83 94 89 89 106 110 127 141 156 182 205 217 205 192 194 166 158 165 155 166 193 207 210 209 204 199 201 171 60 56 58 58 56 49 47 56 54 57 55 54 57 58 59 54 58 57 55 57 57 51 61 56 53 54 52 54 54 52 51 53 58 57 55 48 57 65 54 47 46 46 44 48 51 55 53 56 
45 44 48 43 52 43 46 48 45 45 47 47 48 42 37 35 34 43 36 38 41 37 50 46 51 62 55 54 51 45 49 48 56 58 59 70 65 61 55 80 110 140 154 179 165 127 90 67 111 135 123 189 169 135 146 175 173 191 191 191 191 193 182 166 93 54 58 54 55 55 58 52 52 56 55 55 57 53 55 56 55 53 52 51 56 53 54 54 52 57 50 50 54 52 51 52 49 54 53 60 63 59 48 43 42 39 44 44 40 40 27 11 
42 44 46 45 42 48 49 46 48 50 48 46 32 28 28 33 45 32 38 35 40 46 40 52 55 57 65 82 82 81 68 71 67 63 69 74 70 64 63 57 36 28 31 46 69 106 132 74 30 33 49 210 214 191 128 88 111 170 195 192 195 192 192 161 92 61 51 52 50 52 54 52 55 53 55 50 49 50 51 51 50 55 57 57 50 54 49 55 52 43 59 54 47 51 49 53 58 53 51 49 62 59 49 45 43 46 33 37 29 12 5 55 
46 46 39 46 41 46 52 47 45 46 48 42 38 41 39 39 35 37 32 38 35 42 56 60 59 75 82 77 73 64 78 77 76 74 62 46 37 27 21 48 69 78 78 75 68 49 48 65 79 102 13 128 167 179 195 219 221 202 181 187 194 192 185 153 89 50 55 57 57 53 56 62 60 59 62 55 54 51 47 50 50 47 48 50 55 52 54 51 50 57 48 52 57 56 59 52 57 51 55 55 55 46 39 37 38 39 40 27 15 11 62 92 
44 47 48 46 50 46 46 46 46 40 34 32 36 40 38 39 27 28 28 31 50 55 58 56 79 81 74 85 80 79 79 80 80 60 55 56 59 61 70 41 54 73 67 63 50 26 23 38 43 138 112 71 48 55 65 74 78 154 198 205 202 208 189 92 25 20 18 14 28 19 26 19 26 19 23 25 33 48 54 52 45 53 54 51 51 48 43 50 47 50 48 53 51 53 49 50 51 55 55 54 59 50 41 41 40 32 26 14 11 56 76 61 
44 44 43 45 41 47 46 49 46 46 41 47 51 40 42 31 24 28 43 62 69 69 71 80 86 82 81 72 69 59 51 49 56 56 57 65 69 72 72 75 41 60 84 87 79 124 139 118 158 133 122 179 208 223 212 185 146 72 42 149 188 162 173 158 97 85 86 95 104 111 122 120 120 112 109 85 46 20 12 22 43 54 47 52 50 55 50 49 49 45 48 47 48 53 48 54 52 56 47 53 52 36 35 41 26 19 4 13 61 89 102 97 
46 50 47 45 43 46 51 48 40 41 44 51 42 44 36 21 33 58 60 50 61 69 83 81 63 76 85 83 79 62 51 40 27 44 58 64 56 59 57 64 65 61 67 72 93 98 133 118 54 55 78 112 154 167 171 178 182 197 188 81 87 169 145 154 165 169 166 167 174 171 172 180 182 175 176 182 190 176 153 101 53 22 15 34 46 51 46 44 46 43 47 50 50 55 57 54 57 48 57 65 48 39 28 5 4 23 79 153 161 164 161 164 
43 45 48 51 53 47 44 36 36 43 51 50 41 42 26 35 51 47 49 70 73 72 75 73 93 96 84 79 77 80 74 65 70 73 65 58 74 83 88 94 97 84 128 166 116 104 120 118 145 169 183 185 176 166 161 165 169 173 173 178 115 118 193 184 181 177 176 172 171 168 167 164 164 169 165 164 163 166 165 164 154 140 102 49 29 22 48 46 49 49 51 46 53 47 49 46 38 34 25 26 27 39 45 76 124 150 166 157 155 156 158 165 
46 46 45 45 50 44 38 33 35 40 48 39 41 37 40 48 44 50 65 64 67 57 55 95 100 101 106 104 104 93 84 88 101 126 141 156 174 180 184 192 191 176 140 135 104 174 177 182 183 180 175 169 170 175 181 188 186 187 183 180 191 109 138 185 182 177 175 179 181 176 174 169 172 173 173 169 167 173 174 161 163 160 154 147 122 76 25 17 25 17 20 20 16 28 39 60 74 89 108 136 154 168 172 176 170 163 159 158 160 168 169 170 
41 38 47 42 38 33 27 29 38 50 52 38 35 38 36 39 43 57 43 56 50 68 87 92 106 109 119 120 113 122 129 164 185 194 194 192 189 184 184 189 192 192 181 80 126 169 180 177 176 179 179 183 181 185 184 185 187 188 192 191 192 194 72 171 190 186 186 177 178 187 185 187 182 179 184 183 181 177 176 176 168 168 165 159 149 147 140 108 116 131 148 144 152 162 172 171 173 171 172 168 163 165 164 162 159 165 168 166 168 167 166 168 
51 49 45 42 31 29 33 33 36 42 35 39 32 36 44 46 54 47 56 65 93 102 119 123 128 131 144 147 152 160 173 182 179 178 178 178 178 179 174 173 173 168 165 89 142 115 144 179 185 185 186 183 186 187 189 185 186 190 197 194 194 197 168 111 194 190 186 182 180 187 188 184 181 183 176 178 178 173 177 177 166 167 166 167 160 150 142 139 130 128 137 155 171 164 157 165 168 165 163 164 164 158 167 168 168 167 168 169 172 174 171 170 
43 46 43 30 30 28 29 35 41 38 41 37 43 38 47 47 52 68 96 110 119 133 142 141 157 164 169 168 176 179 179 178 181 178 175 172 173 162 159 159 163 164 132 109 168 155 140 172 181 185 186 185 184 185 189 193 194 190 191 190 193 195 198 88 177 199 194 185 191 189 182 175 169 172 166 156 155 165 164 159 168 169 165 162 158 160 151 141 127 117 121 114 123 149 161 151 150 162 171 169 168 168 172 175 179 172 173 177 171 171 172 177 
49 45 35 32 20 29 37 45 46 38 41 36 43 54 57 73 91 110 123 130 144 154 162 168 176 177 183 188 187 184 184 179 179 175 175 170 162 163 159 154 157 158 105 118 175 174 148 164 182 191 190 189 191 191 186 186 195 195 193 201 198 197 201 178 106 197 195 182 183 189 185 176 168 163 161 168 160 167 173 178 176 172 171 167 161 152 159 154 142 136 126 126 111 107 117 156 168 159 153 173 176 167 172 174 175 179 179 176 176 181 181 178 
43 36 26 26 36 45 51 37 39 47 42 44 52 57 90 113 130 135 149 156 169 175 179 183 190 190 184 183 183 184 186 191 186 183 183 180 192 184 162 149 144 162 89 145 165 173 153 156 183 188 185 189 189 188 191 191 191 189 191 193 201 202 200 213 147 200 191 172 187 192 183 179 173 176 175 180 182 183 183 177 178 175 174 175 174 166 148 157 150 142 143 122 117 121 119 100 118 157 168 147 156 174 176 176 174 176 179 182 183 183 183 180 
46 37 30 35 39 49 32 29 31 38 41 43 72 106 132 147 151 166 171 167 170 177 182 185 184 186 185 189 194 195 190 188 189 191 194 199 201 191 158 150 143 149 81 164 176 163 147 138 166 185 191 188 187 193 193 198 202 201 199 196 195 202 204 202 175 186 190 184 189 192 186 183 177 181 186 188 187 188 178 177 180 182 175 174 167 167 162 155 153 144 140 142 135 132 127 107 94 94 136 167 168 145 152 168 175 178 179 183 177 179 183 182 
31 24 36 42 46 33 32 28 28 29 33 68 120 148 158 162 168 170 172 173 176 179 180 178 184 184 191 193 196 193 195 198 199 198 199 201 202 186 141 131 145 164 78 175 184 152 117 129 166 189 185 185 173 172 180 189 188 182 190 191 190 196 201 199 166 170 184 176 189 186 186 181 181 185 188 185 182 185 187 181 183 183 178 172 175 166 158 149 148 144 142 145 144 137 132 126 113 100 82 98 150 170 153 157 160 169 173 175 181 179 180 175 
38 31 41 47 34 30 23 26 38 34 72 130 142 153 164 165 159 161 167 170 169 174 162 183 183 192 193 198 199 200 202 201 200 201 202 203 199 185 145 129 131 171 82 187 184 113 107 126 164 182 190 188 183 193 193 186 187 188 182 183 188 196 191 190 167 142 177 172 181 188 181 176 176 177 179 175 180 182 169 172 173 166 163 161 156 147 140 143 137 133 142 133 137 141 137 139 140 129 119 90 77 121 170 162 152 156 163 170 173 176 176 182 
24 33 43 38 37 26 21 28 26 56 123 146 159 167 162 157 165 161 168 172 180 178 184 185 191 193 199 202 201 199 199 200 198 198 196 198 194 168 131 114 138 193 87 190 159 80 99 133 137 160 178 173 169 176 187 188 178 178 183 181 180 181 183 189 171 136 166 156 188 187 176 172 172 175 174 170 171 162 161 163 153 145 135 137 141 132 125 118 119 140 137 139 134 134 144 147 133 133 138 127 113 78 79 144 159 151 146 146 158 172 175 173 
38 41 48 37 21 21 26 26 51 116 146 156 162 162 158 163 165 167 181 187 186 190 192 192 194 200 198 203 201 197 194 194 197 196 197 192 178 155 123 119 150 205 93 177 131 96 114 151 158 167 184 181 172 179 181 185 185 176 172 168 173 180 185 187 168 128 153 146 177 176 169 163 164 168 157 157 158 162 170 164 155 139 131 120 114 112 114 123 128 140 136 133 131 133 136 143 135 136 126 127 131 123 97 90 132 156 145 141 140 147 159 167 
43 50 38 39 33 25 27 39 98 142 156 159 163 159 159 163 169 176 178 179 184 189 190 193 197 198 200 197 198 193 191 190 193 193 192 189 174 139 121 115 141 201 102 157 108 83 93 112 159 164 179 179 164 180 186 180 179 170 169 173 174 176 186 184 150 130 146 147 179 167 163 164 157 161 152 153 159 146 149 144 141 138 117 117 118 123 126 128 134 137 140 149 146 144 147 146 137 136 137 148 134 135 118 103 85 121 155 138 140 145 143 152 
49 48 46 37 22 22 21 69 128 151 159 160 160 164 166 170 174 179 184 184 191 188 189 191 191 194 198 197 195 191 186 192 194 196 195 191 159 137 123 118 146 188 113 139 110 52 140 185 150 152 158 161 154 165 178 179 171 167 168 170 179 179 172 177 142 134 141 150 172 166 159 148 144 146 149 161 135 140 159 159 140 114 93 115 130 132 145 155 154 164 152 148 143 150 154 143 136 140 141 145 141 140 139 142 122 87 109 157 133 122 135 141 
53 44 39 30 24 26 49 116 141 154 163 165 166 171 168 174 177 180 184 182 183 187 189 189 188 191 191 195 192 193 193 191 192 194 191 182 159 139 127 112 133 182 103 123 97 181 201 177 146 153 150 156 149 158 176 171 173 169 170 162 169 178 180 183 127 136 135 148 169 164 154 145 139 141 151 136 130 152 152 140 131 115 87 117 131 135 150 161 158 161 153 151 146 150 150 150 142 148 143 137 131 137 131 129 125 120 91 105 154 135 128 132 
50 46 51 33 24 26 95 144 152 156 158 160 166 170 173 178 178 179 184 188 188 191 189 187 184 187 188 190 195 193 193 192 191 194 189 184 161 139 128 114 135 169 121 117 90 120 161 142 170 149 139 144 137 144 171 174 171 167 167 162 174 179 181 179 104 142 137 150 162 152 141 135 135 143 142 136 142 153 156 122 113 105 66 99 131 148 159 161 156 157 154 160 154 147 153 146 151 154 149 144 143 147 148 151 141 127 118 92 109 152 144 136 
45 48 68 39 27 72 131 145 153 157 158 164 163 173 175 177 183 186 189 191 193 190 187 186 186 187 187 193 191 194 191 190 189 189 190 177 155 135 122 118 131 166 92 100 71 51 72 63 97 157 149 140 139 143 166 166 174 168 166 167 176 181 177 175 102 155 130 151 157 142 134 130 139 146 148 151 159 156 144 135 128 119 51 60 141 158 168 165 165 167 164 164 164 159 148 153 142 153 153 149 145 152 144 140 130 128 117 113 82 133 145 141 
44 64 47 41 48 106 137 148 155 155 163 167 171 172 179 183 183 185 191 190 190 187 190 184 187 191 190 188 192 193 197 197 197 194 188 180 165 144 125 103 112 166 186 121 70 23 38 81 94 148 152 135 121 132 161 159 173 170 173 176 173 178 181 157 109 143 127 155 155 141 129 130 148 152 160 161 163 165 159 146 140 133 107 32 119 169 170 170 170 169 166 163 159 149 146 140 135 131 142 149 154 153 147 150 146 132 122 117 112 82 147 140 
49 61 49 40 79 120 144 153 155 158 167 172 176 181 186 186 184 188 190 191 189 189 191 195 187 180 180 187 195 197 199 196 197 193 187 183 163 135 116 94 107 155 142 113 82 139 37 61 98 149 142 137 127 132 153 151 162 169 171 172 174 178 182 118 138 137 133 151 138 129 129 145 156 161 167 164 174 182 174 170 158 152 158 73 49 119 154 174 177 177 170 165 153 155 155 151 144 143 138 140 149 152 153 145 140 135 139 119 109 88 97 142 
60 48 48 51 96 124 145 157 161 164 167 175 176 178 180 185 189 189 191 192 198 194 190 187 187 180 181 189 200 199 201 203 199 197 190 182 162 131 108 89 99 143 153 128 78 31 28 81 96 150 147 133 121 128 154 154 161 167 170 175 172 181 175 100 158 131 136 150 131 132 144 153 166 173 173 177 180 178 168 167 151 161 163 111 21 80 110 141 169 176 167 162 166 157 157 150 143 143 140 145 153 144 144 145 140 135 134 120 108 101 73 123 
41 55 59 69 105 129 154 157 160 164 169 170 178 184 185 184 184 191 191 188 190 190 189 189 187 189 191 193 195 198 203 201 201 198 196 192 169 140 112 91 102 144 142 94 87 57 102 97 99 137 136 125 125 138 151 155 162 169 168 170 172 184 129 130 149 105 127 142 147 148 158 175 178 181 179 182 182 179 180 173 156 176 180 114 28 16 98 128 132 148 168 164 155 152 149 142 135 141 143 149 152 159 149 157 146 143 136 136 129 98 78 92 
46 45 56 76 109 133 150 157 157 163 169 174 176 178 180 181 186 189 187 187 185 187 188 186 189 193 195 196 197 200 202 203 203 203 199 192 177 143 118 95 106 131 141 124 99 57 82 101 134 147 140 124 115 136 147 154 173 175 174 178 178 167 95 166 143 114 137 148 155 164 176 179 183 181 184 184 182 178 158 157 161 183 175 109 70 57 75 120 135 131 136 155 153 146 141 140 138 140 144 148 154 157 158 152 149 143 141 134 118 108 85 53 
42 49 51 77 109 134 150 155 157 164 172 176 178 180 184 186 184 186 188 187 190 190 186 188 189 190 192 197 197 198 199 201 204 202 203 198 181 152 121 100 109 124 134 104 106 78 109 135 140 147 144 123 123 137 153 167 178 181 172 168 185 110 146 165 123 127 152 159 163 160 173 181 187 185 184 178 179 173 158 155 157 183 172 102 58 49 25 93 130 139 143 141 151 142 135 131 134 132 141 149 149 157 150 147 143 148 140 123 124 113 92 63 
38 34 60 82 109 137 146 148 154 164 167 163 171 179 179 183 182 188 186 186 188 189 191 193 192 193 193 196 195 199 198 198 202 205 201 198 191 165 124 105 105 117 135 113 108 83 91 126 140 131 133 126 127 137 149 166 178 180 175 189 138 117 186 148 127 134 149 145 160 174 164 160 184 191 183 177 183 184 179 172 179 185 157 104 98 142 128 55 113 136 144 136 136 148 134 126 128 129 134 142 147 152 158 155 156 139 132 116 118 112 93 60 
37 48 52 72 103 135 148 152 163 167 163 171 176 179 180 182 184 187 185 189 190 187 189 189 184 191 196 197 199 197 200 200 197 197 199 196 190 164 129 114 112 113 124 93 96 90 78 110 122 129 147 132 131 150 155 173 181 190 207 166 112 198 173 143 137 139 134 174 200 204 186 140 128 185 185 183 182 162 164 173 173 175 148 103 85 110 132 93 92 129 149 142 125 128 119 108 108 113 131 139 147 155 153 151 151 138 136 140 132 112 88 56 
34 37 45 62 97 132 140 139 153 161 165 167 177 177 177 182 186 187 188 189 189 191 192 191 190 194 194 196 198 196 199 201 198 202 200 195 185 167 139 125 125 117 120 104 76 85 84 90 140 129 157 145 137 152 157 177 189 212 170 91 171 163 147 149 139 138 176 196 190 188 177 153 104 128 170 176 170 160 158 154 170 180 151 102 88 75 105 87 49 101 140 147 127 123 117 100 89 102 121 140 143 147 149 147 141 136 144 136 122 114 92 72 
30 36 41 69 111 125 128 135 156 164 166 169 176 177 174 180 188 191 194 193 193 191 190 191 196 193 191 193 198 197 199 199 200 196 198 195 192 180 156 137 129 124 128 134 102 101 89 85 108 142 172 159 143 152 184 192 203 142 72 148 140 131 131 128 137 170 190 181 174 167 154 142 111 128 139 155 161 153 158 156 163 162 150 102 84 46 79 84 75 104 123 144 132 120 116 83 82 87 111 129 145 149 151 149 148 141 130 128 137 125 110 79 
28 36 44 70 101 125 129 137 157 161 163 167 171 178 179 180 186 187 186 193 195 195 190 191 191 191 192 196 196 197 196 197 197 197 198 196 191 184 168 150 137 128 124 115 61 126 88 120 113 143 196 159 137 153 143 175 85 66 156 134 146 175 185 181 182 186 184 185 187 195 171 134 127 138 142 133 150 152 148 149 163 168 139 97 95 98 145 152 120 114 126 136 126 126 111 85 55 89 103 120 138 146 149 146 146 139 130 126 120 114 100 81 
27 31 42 61 97 111 120 134 158 166 168 169 173 176 176 185 187 189 190 194 190 190 188 191 191 192 194 192 195 194 195 195 196 198 197 195 191 184 171 164 152 146 145 129 71 43 131 126 180 194 193 179 179 162 114 35 61 138 136 159 184 191 190 191 198 194 198 200 213 216 176 132 127 134 133 120 112 124 152 146 162 171 165 112 93 74 110 122 116 98 117 139 137 117 113 84 45 86 103 113 131 141 149 141 135 132 139 133 130 115 97 77 
30 27 40 59 95 108 119 131 156 163 166 168 175 175 178 174 180 187 191 195 190 193 191 189 187 191 193 194 197 200 201 200 201 199 196 197 192 185 181 170 164 160 162 137 76 81 42 122 162 178 159 109 69 36 20 47 123 163 186 195 189 186 191 192 195 196 191 198 201 193 178 152 127 126 113 101 101 98 115 137 153 163 154 126 86 60 79 100 104 75 119 130 128 119 104 85 43 75 96 113 135 146 143 141 133 129 130 121 121 120 102 87 
27 32 40 53 76 99 115 127 150 160 163 169 170 171 176 180 182 185 190 191 194 193 187 190 187 189 192 197 199 199 202 202 198 196 198 194 190 186 180 174 171 166 165 141 72 136 129 87 46 15 70 106 111 86 125 173 190 191 195 193 195 197 195 196 193 184 182 175 174 178 172 162 132 116 118 93 88 73 74 102 117 138 144 139 104 55 67 86 96 128 122 129 137 118 104 95 57 72 100 104 125 133 136 132 142 139 135 126 116 112 107 93 
24 34 38 52 62 87 109 129 148 164 173 171 175 180 178 177 179 183 186 185 183 187 186 185 182 187 188 190 192 199 201 202 203 205 203 200 191 184 182 177 172 172 170 154 65 149 157 162 159 119 176 155 143 167 189 181 180 187 189 187 189 181 183 181 186 184 190 215 221 196 162 152 133 102 90 91 64 62 45 60 91 122 144 149 129 79 61 79 77 107 124 125 124 113 110 104 53 52 86 105 129 137 132 135 132 129 131 130 126 113 107 79 
24 28 38 44 67 89 104 123 149 165 169 173 173 176 179 180 184 186 181 188 186 185 185 188 180 186 191 193 193 190 199 198 200 203 200 197 195 186 179 169 175 174 170 163 75 168 198 197 188 194 156 143 165 185 183 175 180 184 186 187 183 193 197 197 195 194 196 205 201 179 163 143 125 91 69 68 58 49 46 38 41 93 131 151 134 61 38 53 72 66 100 120 131 118 110 95 51 47 92 108 124 130 133 138 136 131 137 133 113 113 100 88 
27 33 38 49 59 79 88 111 141 161 169 172 177 179 181 184 181 185 190 189 187 183 184 187 185 187 184 186 190 192 192 194 200 204 209 201 190 176 175 175 173 170 168 163 76 178 212 209 204 193 146 159 181 185 184 184 187 183 186 195 192 193 194 185 183 176 186 171 185 168 161 146 121 88 62 45 36 41 48 47 46 72 123 148 129 65 48 68 79 62 102 133 146 118 105 99 51 56 87 101 120 132 135 135 133 132 135 133 124 116 110 90 
22 28 37 44 51 64 86 96 130 159 160 166 175 175 177 184 185 192 190 191 184 187 182 184 181 180 179 187 184 188 192 197 199 200 201 196 189 186 178 180 176 172 171 174 87 142 193 190 139 157 138 159 172 180 171 165 169 176 163 169 165 160 161 166 170 171 171 166 159 172 167 153 132 97 77 63 41 47 47 57 68 77 126 152 109 61 51 67 77 78 111 130 133 121 108 89 52 59 97 107 124 125 130 142 141 139 127 128 115 109 97 79 
24 26 31 40 45 58 83 99 132 160 165 168 166 170 176 180 182 184 185 187 187 182 184 183 184 185 183 180 183 185 182 185 191 197 202 204 196 190 182 177 177 169 166 169 104 146 200 187 125 147 141 168 168 158 166 182 169 170 176 169 169 177 182 178 184 182 176 173 174 171 163 149 124 88 77 67 46 31 38 46 56 98 138 144 87 61 48 65 86 85 113 116 139 119 97 102 60 62 100 103 120 129 133 138 139 129 139 132 127 110 100 87 
24 28 26 43 55 63 73 90 131 160 170 171 167 168 171 180 181 189 193 186 187 189 181 185 183 184 185 181 186 188 188 186 193 199 202 202 198 194 190 184 180 169 170 167 107 120 204 187 115 130 133 157 167 167 158 165 169 165 166 172 180 175 174 165 167 169 181 177 175 177 163 146 108 96 96 84 73 62 54 60 66 83 123 123 79 69 56 70 96 72 88 122 130 116 93 95 63 68 102 114 126 140 138 139 138 138 134 133 131 112 99 79 
23 27 38 39 50 57 71 86 124 157 168 176 174 175 175 176 177 182 189 181 184 183 177 176 185 182 186 187 184 180 184 190 190 193 192 194 193 188 183 179 173 169 170 164 107 102 187 179 136 125 137 134 151 168 173 178 177 179 179 187 192 177 173 172 175 172 169 177 193 199 193 143 100 95 93 95 72 65 74 76 77 90 128 134 80 69 57 62 63 64 100 117 112 106 102 94 70 81 102 115 121 130 136 135 143 136 137 131 123 108 88 77 
33 32 39 51 56 69 71 81 116 150 170 171 170 170 175 181 180 180 187 187 185 189 189 191 187 187 182 179 186 187 186 191 194 198 205 204 198 188 177 170 167 164 164 165 120 97 187 195 171 113 169 120 111 116 140 170 170 182 180 163 141 142 142 159 166 174 171 167 175 191 173 129 107 82 84 103 108 103 95 77 88 102 129 142 100 65 41 38 73 78 110 124 133 105 106 92 82 96 104 113 123 129 133 135 137 137 134 129 120 120 94 56 
20 26 34 53 53 59 79 97 117 153 167 170 172 173 178 180 181 181 181 187 186 185 190 187 189 189 187 187 187 190 189 190 189 194 195 196 192 186 179 175 171 171 163 161 119 89 185 194 180 101 154 142 106 94 74 71 110 135 136 140 141 138 142 143 154 155 162 167 169 174 151 126 105 63 86 119 106 95 93 105 97 106 131 151 113 67 49 60 86 51 101 128 123 115 111 90 92 104 113 114 122 134 135 136 130 125 125 123 120 114 89 68 
30 26 27 35 54 63 83 101 120 150 166 171 175 176 177 174 176 184 186 183 187 185 182 184 187 182 184 184 186 191 193 189 193 196 198 197 192 185 181 177 169 165 165 160 116 89 156 167 173 118 114 162 173 147 145 167 92 87 106 119 133 147 153 152 140 143 142 149 155 155 140 121 105 52 69 119 115 107 100 80 100 109 120 142 122 69 53 74 97 40 106 120 122 114 115 96 94 107 119 120 124 126 134 140 131 133 134 122 117 100 89 61 
22 26 40 45 53 78 95 101 118 141 163 172 171 174 173 174 181 183 187 186 189 184 191 191 194 190 185 185 194 198 196 197 197 203 202 199 193 184 176 168 163 160 160 150 117 87 134 140 90 56 41 34 39 60 31 35 54 95 89 87 101 116 137 135 141 138 148 145 137 131 121 113 116 67 77 109 107 117 111 112 99 109 127 149 140 86 52 47 42 42 105 126 120 118 102 96 105 111 117 112 122 127 131 137 138 140 136 125 108 104 70 56 
20 28 26 38 58 80 97 111 122 147 163 169 175 176 173 173 178 182 183 186 185 188 188 185 182 183 185 192 190 192 194 196 200 202 201 196 194 189 183 173 161 154 148 142 107 73 105 52 111 128 146 155 152 139 121 84 47 34 86 115 98 100 101 107 107 116 131 158 170 161 155 147 125 100 98 113 108 112 110 112 113 125 119 141 144 95 41 25 24 59 121 126 117 118 108 113 119 126 124 119 122 128 133 130 130 128 126 117 112 85 62 55 
27 26 33 41 63 66 80 101 122 149 163 172 171 171 171 171 178 183 188 187 188 179 182 181 185 184 186 185 188 192 192 197 195 194 192 188 187 183 176 168 166 152 143 133 104 63 41 120 144 122 132 151 151 145 153 133 141 117 63 64 130 119 114 103 88 87 83 83 117 158 168 154 132 109 96 102 104 105 113 125 124 121 124 130 148 119 58 56 54 78 115 115 120 114 115 130 130 124 122 122 122 122 130 144 144 134 124 113 98 83 62 70 
21 19 24 36 47 66 93 104 126 153 162 167 173 171 174 172 179 182 184 186 186 190 190 183 183 186 185 185 188 188 191 190 197 193 185 186 182 177 176 175 162 148 132 124 108 54 79 110 88 81 128 171 165 142 137 145 143 145 141 97 44 118 130 119 113 108 97 93 91 100 128 127 101 72 86 104 112 126 132 135 144 138 131 130 145 128 69 27 33 72 118 125 126 120 131 127 129 126 126 123 127 129 134 140 124 115 120 109 98 84 50 95 
21 31 32 39 44 67 95 116 132 156 167 172 170 167 165 168 175 178 182 181 185 183 180 179 184 183 183 189 189 186 191 192 186 187 185 185 185 185 176 164 161 146 126 111 91 62 108 88 56 94 154 152 146 117 106 125 141 146 159 173 165 58 120 146 148 134 128 121 128 143 145 142 121 121 134 138 143 154 160 156 151 147 127 121 128 120 78 17 33 86 126 128 126 135 135 143 134 127 121 127 129 131 130 134 130 124 110 103 88 58 76 109 
17 22 26 40 66 78 92 108 137 159 166 165 165 168 169 170 174 179 181 184 183 182 183 183 182 182 183 183 187 186 188 193 189 189 190 187 182 176 175 168 152 135 119 101 92 46 97 68 64 122 103 132 164 143 110 110 132 148 159 170 167 165 89 128 138 146 141 140 145 148 151 158 160 165 165 164 164 161 163 162 147 140 138 135 119 118 80 18 51 121 134 137 140 139 142 138 131 121 132 135 130 130 134 132 125 113 114 97 64 55 111 113 
16 21 21 38 58 80 100 121 141 158 161 165 169 163 164 170 174 179 183 182 184 181 181 176 179 183 181 185 181 186 187 188 191 185 182 183 186 183 175 165 147 130 111 96 87 48 95 62 74 88 90 131 166 147 129 129 128 138 154 157 159 164 167 68 135 125 147 142 154 150 154 151 149 157 168 167 165 162 158 153 152 139 132 125 109 108 68 35 106 142 142 141 144 140 134 134 127 130 140 135 132 126 117 114 110 100 83 75 51 93 116 115 
22 22 28 34 44 83 110 123 140 146 159 165 166 167 166 169 175 178 183 181 183 184 183 179 181 183 183 182 181 181 183 181 176 179 179 185 182 181 174 162 140 114 98 86 82 59 101 78 85 65 93 128 162 145 133 134 135 137 144 155 156 156 157 163 63 142 134 162 149 157 152 142 145 148 144 146 158 155 157 154 152 152 139 124 103 65 20 51 139 153 141 140 142 141 140 133 132 139 138 134 132 121 111 113 114 96 83 48 84 124 117 118 
14 19 21 24 40 55 102 136 146 158 166 168 167 163 165 171 173 175 175 181 182 185 182 179 175 175 175 180 184 185 182 183 184 185 187 187 186 180 180 172 139 106 95 80 80 58 88 62 75 84 135 130 151 123 122 130 134 141 144 156 158 151 152 155 133 82 129 136 154 152 151 147 134 130 137 145 145 151 147 147 151 147 130 117 89 81 36 70 137 149 150 142 144 136 131 135 134 129 124 120 114 107 104 105 93 85 57 90 121 120 117 111 
19 20 24 25 39 52 88 120 141 151 161 160 162 167 170 171 172 177 175 180 181 184 184 179 178 180 181 180 182 186 185 190 191 190 188 186 181 183 181 166 128 94 86 76 87 65 87 82 81 135 163 152 165 125 107 125 124 135 144 156 159 162 162 155 155 91 120 120 147 160 154 146 140 135 132 138 142 143 143 140 143 140 138 126 98 81 59 110 134 141 141 141 139 137 135 133 126 124 121 114 107 104 104 94 87 66 80 123 122 118 119 119 
16 14 19 24 33 44 65 99 122 143 152 162 160 160 170 170 170 173 177 175 177 171 174 173 176 183 181 181 182 181 188 189 187 185 183 182 184 179 175 164 129 90 78 77 100 63 99 90 97 163 182 162 162 132 110 113 126 129 136 146 158 164 161 159 156 153 64 122 127 156 156 158 143 133 128 132 135 134 134 130 136 148 137 125 106 88 78 114 132 123 129 124 122 124 137 123 117 111 112 110 110 104 99 87 72 86 127 123 114 114 115 111 
21 25 24 25 28 41 66 95 116 133 153 157 160 158 155 167 170 173 176 179 175 177 179 178 171 177 180 180 180 182 180 181 187 190 191 188 185 185 179 169 133 97 65 71 115 76 108 79 64 70 96 148 160 137 109 115 130 134 130 144 150 152 158 160 160 158 99 111 115 145 159 159 153 144 141 134 136 134 133 135 126 134 141 122 110 90 97 104 105 113 122 123 130 121 113 122 122 117 112 108 108 105 95 63 73 119 116 111 115 113 109 109 
16 15 18 21 27 32 67 101 113 128 143 150 156 157 158 166 171 171 179 177 180 180 177 174 167 176 180 180 176 182 185 187 187 187 191 191 186 183 178 162 128 90 69 71 123 73 120 78 21 62 86 109 152 137 119 110 125 136 132 141 151 161 156 152 154 154 141 80 126 134 160 161 153 149 146 142 143 138 138 136 129 126 137 135 120 114 111 109 109 114 122 123 121 122 126 125 124 120 112 110 106 91 59 74 114 113 113 109 108 108 110 110 
14 18 25 25 30 49 76 100 113 116 130 145 151 158 161 165 168 170 171 179 177 179 178 177 175 175 177 176 182 182 181 183 184 188 189 186 184 180 177 163 127 98 66 71 132 111 138 84 130 77 89 114 158 145 118 107 124 130 133 143 154 149 157 157 153 162 156 81 119 118 158 167 159 152 146 149 151 147 141 141 138 127 122 129 130 124 120 124 127 123 123 124 122 118 115 118 117 115 109 101 86 76 92 125 124 110 105 111 113 117 119 124 
20 15 15 23 31 48 75 90 100 116 129 141 153 159 156 164 165 166 172 171 170 169 172 170 173 175 174 176 176 180 179 182 191 193 189 190 184 183 172 166 133 92 75 76 137 70 148 97 58 15 41 83 129 140 130 107 117 137 133 146 146 143 153 160 157 154 161 101 123 128 146 169 167 164 147 145 145 149 149 144 139 136 134 126 130 128 128 135 136 135 139 131 122 121 112 113 108 105 101 84 81 96 93 67 74 92 102 93 57 25 22 24 
22 23 22 23 33 49 71 95 110 116 129 144 151 153 162 160 171 170 168 173 174 176 173 171 169 172 173 171 175 179 181 182 183 185 186 184 189 181 172 169 141 114 88 76 116 79 141 113 36 42 87 97 125 136 133 116 124 138 134 138 154 151 142 154 159 161 164 127 105 124 128 163 164 160 153 153 156 153 147 145 134 130 122 125 129 135 143 140 132 134 128 129 124 117 116 107 103 86 72 87 74 15 8 6 7 5 9 5 5 10 20 9 
17 15 21 27 26 41 70 92 107 120 131 140 147 151 158 163 167 162 167 170 170 175 175 174 168 167 171 173 169 176 181 183 183 184 182 184 183 183 178 169 147 123 91 78 119 82 134 132 48 48 66 84 136 144 134 114 119 142 145 148 148 147 149 159 157 160 167 147 84 135 127 155 163 157 156 146 155 156 159 151 139 137 134 137 138 140 140 142 138 136 136 119 108 105 101 90 87 87 85 65 19 16 14 13 11 14 7 13 11 14 11 18 
17 21 19 20 29 31 57 94 108 115 130 142 147 150 154 159 166 175 171 170 177 173 170 171 169 175 176 175 178 170 178 177 182 183 186 185 187 185 181 172 150 126 109 94 118 88 117 144 67 79 85 132 150 145 132 115 119 137 140 148 150 156 153 141 152 166 166 161 90 134 128 144 164 164 156 149 141 148 155 154 148 141 142 137 139 137 138 131 133 121 112 109 108 104 94 89 83 90 80 35 15 19 18 22 16 16 17 10 12 13 15 14 
14 16 20 28 32 41 53 79 105 115 129 140 147 150 156 158 161 168 179 177 173 174 176 171 173 169 174 176 177 183 178 177 179 186 182 181 182 182 180 174 155 130 116 106 121 110 111 157 93 62 129 146 148 146 133 120 132 150 146 156 163 155 157 159 162 171 174 169 87 141 131 143 158 160 148 141 143 136 147 154 153 153 147 143 139 130 122 121 115 111 113 107 100 99 90 94 94 63 19 27 35 20 16 17 16 14 16 20 16 11 13 11 
19 20 19 20 21 31 49 76 89 113 125 133 136 145 149 152 159 162 163 171 176 175 179 178 167 168 168 169 172 171 172 174 176 178 178 180 183 184 179 166 147 137 113 99 127 129 85 161 122 44 86 123 150 144 132 127 139 149 151 153 151 153 145 154 163 175 173 177 97 148 135 135 155 161 153 144 134 137 143 143 142 138 139 129 123 123 122 121 112 116 110 111 105 92 96 95 55 29 31 30 27 22 17 15 19 20 17 15 17 19 12 13 
25 23 21 20 23 22 34 61 90 104 124 131 138 140 141 145 150 155 162 169 173 176 170 175 167 168 171 177 180 177 180 179 175 176 177 177 179 184 185 169 142 129 112 103 129 143 75 158 145 79 55 110 140 133 124 132 147 153 157 164 160 158 157 157 160 172 173 187 113 155 141 135 151 154 148 147 137 131 130 130 124 126 111 112 118 126 127 130 127 117 116 102 94 97 86 41 25 28 33 33 33 26 17 20 19 16 18 20 17 14 21 14 
17 19 22 17 17 17 21 39 76 100 117 123 131 133 132 135 142 149 157 161 167 170 172 173 173 172 170 173 174 178 176 178 177 180 176 176 176 174 177 165 136 126 111 101 125 154 69 159 162 101 57 87 113 116 126 151 156 155 155 161 168 174 176 166 172 175 176 185 111 158 146 133 146 162 155 149 141 130 126 118 118 123 129 133 141 138 132 129 122 109 100 95 104 78 37 26 33 31 32 34 33 29 25 19 16 23 19 25 24 24 19 24 
25 19 16 24 26 25 25 24 51 88 111 126 125 129 139 144 146 145 147 150 157 161 163 168 171 168 165 162 170 172 178 178 174 177 176 172 172 178 187 177 150 132 114 92 107 152 75 135 160 137 66 50 102 113 132 152 163 156 146 157 164 166 167 166 168 176 161 122 108 161 152 141 134 144 144 142 136 131 125 119 130 141 138 134 134 129 114 102 96 100 96 105 58 28 24 31 26 32 28 28 34 34 18 18 19 17 19 15 20 20 27 27 
18 19 23 20 20 23 23 25 36 69 105 117 127 133 135 137 142 145 148 153 158 160 160 159 160 166 169 171 166 175 184 182 176 178 177 177 174 177 179 179 158 126 108 101 103 137 79 106 152 147 117 81 91 120 145 149 151 161 159 160 160 161 168 162 170 178 160 172 147 166 149 146 137 145 148 137 130 126 129 118 127 131 128 128 112 105 105 104 108 106 102 48 27 28 30 29 35 31 33 32 31 32 24 21 22 21 22 25 21 24 25 23 
14 22 20 14 20 20 20 24 22 38 73 103 120 127 139 142 145 145 145 150 157 156 152 156 163 162 165 170 175 169 171 180 189 184 179 174 174 174 183 186 173 140 118 111 96 107 89 91 134 133 130 108 96 113 144 151 149 145 156 165 163 160 165 166 169 167 185 172 162 160 154 146 144 141 138 133 129 130 126 125 124 121 115 108 110 114 114 113 112 102 32 22 29 34 33 30 33 32 30 32 25 32 32 23 18 21 23 24 30 29 25 31 
17 14 22 24 19 16 21 14 19 28 52 89 113 125 130 138 142 144 144 151 152 156 153 159 161 165 164 164 169 173 168 179 183 181 179 186 183 173 178 179 188 166 128 105 92 97 98 64 113 126 131 124 104 121 148 154 152 141 148 155 157 164 171 173 169 170 202 143 168 159 150 148 146 138 135 135 134 127 124 120 111 111 115 121 116 110 119 106 59 11 25 37 35 30 27 34 31 32 30 28 31 35 34 35 40 33 33 32 24 29 37 45 
12 14 12 16 17 20 17 20 19 17 28 60 99 123 129 133 137 137 144 143 142 146 150 153 156 158 163 166 167 169 179 173 174 175 177 169 170 175 177 180 183 175 132 113 95 97 114 64 113 126 134 125 106 128 141 145 140 147 159 159 159 156 161 162 161 165 147 118 156 151 151 143 141 136 136 133 130 115 110 110 112 117 116 116 118 114 87 36 23 31 29 31 32 34 35 27 33 27 32 30 31 27 41 41 36 37 34 35 38 41 40 49 
17 19 15 18 24 27 27 23 19 15 17 30 70 95 121 125 122 124 124 128 133 141 143 149 151 156 156 157 162 162 162 166 169 164 158 161 163 158 164 164 172 172 152 120 102 109 119 72 100 126 132 121 118 139 141 141 145 153 157 155 157 155 147 151 150 163 89 157 152 145 142 138 132 135 129 120 112 115 118 120 124 125 129 123 98 48 19 25 30 32 36 30 30 32 31 33 37 33 28 29 32 31 28 36 42 37 41 38 40 40 48 52 
19 12 20 18 15 16 26 20 20 24 21 21 37 82 98 112 119 124 126 129 127 133 138 141 148 146 150 157 153 152 155 161 163 156 150 151 149 149 143 136 139 144 149 132 114 116 122 107 62 122 121 89 104 129 136 144 144 146 143 144 147 147 151 141 156 101 127 152 147 145 136 130 129 122 112 117 117 132 132 135 129 118 73 43 16 26 34 31 33 31 33 38 33 34 36 33 27 28 33 33 27 29 32 33 43 50 40 39 41 45 49 50 
22 22 18 10 16 19 18 20 27 20 19 18 15 16 58 93 109 118 119 124 123 128 135 138 136 147 144 149 147 156 158 157 156 156 155 150 143 138 135 133 126 125 122 122 115 121 126 134 77 88 88 95 123 128 130 127 130 133 132 130 128 119 121 148 113 92 143 141 132 124 126 130 133 132 140 140 134 110 86 61 39 18 22 21 29 27 31 40 35 32 32 26 35 31 30 33 30 31 29 27 33 31 33 31 31 38 38 41 43 56 58 56 
21 20 15 19 16 14 17 21 28 26 20 18 19 21 20 44 79 103 122 127 130 126 130 136 139 144 145 145 146 150 152 153 151 156 160 159 148 143 141 142 142 130 128 121 121 120 117 124 130 70 111 136 128 132 136 143 150 144 133 124 127 140 150 99 108 138 134 124 119 124 123 116 99 86 68 56 33 23 21 25 26 29 33 36 35 38 34 30 26 31 31 36 30 34 32 29 31 28 32 30 29 30 26 25 27 35 45 42 47 53 55 57 
31 21 18 15 22 20 16 20 20 24 25 30 29 21 24 22 39 59 85 101 111 125 131 135 140 143 152 154 156 154 151 149 146 151 152 148 141 144 147 140 127 126 130 133 136 136 136 135 117 67 72 127 125 86 70 66 58 72 106 147 162 111 49 80 121 121 117 109 108 91 46 27 19 14 18 28 26 29 30 31 33 36 34 31 30 31 32 32 35 33 33 28 29 28 30 31 26 26 31 31 32 32 35 37 26 27 37 54 53 60 57 57 
32 27 30 22 12 15 18 17 22 23 29 24 16 23 20 23 18 20 33 62 73 91 101 104 112 122 130 135 139 147 144 142 140 141 141 140 141 136 132 133 134 131 136 138 142 137 139 132 79 116 142 96 71 108 124 124 136 140 129 82 31 43 102 116 116 118 123 137 138 120 79 36 28 35 38 32 32 36 36 29 32 31 30 34 36 32 34 32 34 28 33 34 29 37 31 31 32 32 24 31 31 34 22 21 28 24 30 44 54 56 56 58 
34 39 25 21 25 20 19 16 15 17 21 27 33 32 23 17 21 20 25 21 31 46 68 83 92 97 92 86 92 97 101 107 111 109 116 128 134 132 134 135 135 136 137 143 140 140 137 94 110 137 140 137 117 79 66 82 62 45 50 73 121 143 155 158 146 140 128 133 135 135 120 70 34 26 34 33 35 37 33 35 32 35 37 29 26 31 34 33 32 35 28 27 29 28 32 23 26 27 35 31 25 28 30 32 31 29 22 26 54 60 66 57 
44 39 39 25 20 17 17 22 21 20 17 21 18 23 29 25 27 27 22 28 32 26 45 62 71 77 72 70 77 85 83 81 85 83 76 81 87 97 100 102 112 112 109 100 92 95 77 60 88 75 76 73 68 75 53 13 11 52 85 121 153 163 138 96 88 128 135 124 129 132 131 105 49 33 33 31 33 30 33 32 30 28 25 32 37 29 24 29 33 28 30 32 33 29 32 37 31 31 27 30 32 28 26 33 26 31 29 29 28 57 56 58 
44 38 34 28 23 24 21 20 16 18 20 18 18 19 27 32 23 21 26 28 32 29 27 43 58 66 66 75 56 54 57 59 59 69 67 52 52 52 52 56 59 53 58 66 66 46 28 52 73 65 54 57 49 47 50 47 36 68 116 143 142 116 86 73 82 120 133 137 138 133 133 118 49 37 30 37 34 35 32 32 29 33 35 26 25 31 34 32 25 37 37 29 29 35 32 26 31 28 33 32 26 30 31 26 30 26 30 29 31 40 65 60 
33 41 38 33 36 28 33 21 24 20 17 18 19 22 24 30 36 33 33 28 33 38 44 45 57 68 68 54 65 64 57 52 48 46 57 58 45 40 41 48 36 45 47 54 51 51 32 46 42 42 49 40 47 47 75 106 55 91 125 139 120 89 81 98 112 134 133 137 145 142 140 83 35 33 34 28 32 32 35 33 30 31 32 33 36 29 27 28 33 27 23 34 29 29 24 34 30 29 24 26 31 26 24 32 30 24 28 26 17 21 35 63 
42 38 40 41 38 37 36 37 21 17 19 16 18 21 22 25 32 38 37 32 35 40 45 51 55 57 61 69 62 59 64 61 63 63 64 61 64 56 49 40 46 42 41 42 51 37 37 34 39 45 45 35 31 48 64 72 90 87 89 82 76 80 79 90 122 137 132 133 126 119 80 34 28 26 32 34 34 35 34 32 33 33 30 29 34 31 32 33 31 31 34 30 31 29 33 29 30 29 28 28 26 30 29 27 29 32 25 27 30 28 18 27 
35 39 40 37 43 46 41 35 42 34 33 35 26 20 19 20 31 43 39 35 29 29 30 33 32 40 54 56 60 64 65 71 73 74 77 74 67 68 68 65 56 57 53 45 38 44 41 31 30 39 28 39 71 109 151 135 120 106 92 81 79 87 95 121 144 111 78 37 22 9 14 24 32 32 31 32 25 29 32 34 25 30 32 32 27 32 35 25 24 33 26 30 29 30 28 35 31 33 28 33 30 30 28 24 23 25 26 26 24 25 22 18 
37 39 41 43 43 37 43 39 40 44 41 34 38 37 29 31 22 20 32 37 30 34 30 29 30 29 28 49 57 52 46 46 48 55 55 65 70 69 63 75 70 63 53 53 52 46 46 45 47 37 58 97 124 150 145 140 132 112 93 89 105 128 149 131 62 17 18 25 39 27 32 34 32 29 34 32 30 28 28 28 37 34 34 31 28 30 26 28 32 22 35 29 32 33 27 28 33 30 29 25 30 27 25 29 29 30 33 30 26 26 24 24 
39 37 42 40 38 42 45 45 41 43 42 46 47 44 46 37 38 35 32 21 30 33 33 25 29 34 44 49 47 47 41 38 40 46 54 56 58 51 52 41 46 40 46 45 53 52 35 39 53 85 122 143 153 154 153 150 150 151 145 150 149 118 65 31 21 26 26 32 24 35 32 31 31 32 28 27 35 35 34 32 26 29 28 29 34 27 31 33 32 34 30 31 29 29 32 27 26 29 30 30 27 28 29 25 20 25 19 24 23 24 23 18 
40 41 37 38 46 41 42 42 47 42 47 44 44 44 47 45 45 46 43 41 34 31 35 35 28 31 30 30 25 29 32 38 40 36 46 50 47 52 45 40 24 24 20 30 36 38 48 76 98 107 93 82 61 56 62 96 130 120 105 80 44 20 24 25 26 32 31 36 31 32 29 30 30 30 35 32 29 26 29 33 30 30 31 33 26 32 35 31 29 29 26 31 30 26 26 30 28 32 25 30 26 25 25 23 32 27 27 22 25 24 24 28 
