10 45 43 52 54 51 47 51 49 47 54 54 54 59 55 56 63 63 70 70 55 60 68 61 52 54 47 44 58 75 56 53 54 50 48 42 70 59 37 34 34 37 58 68 76 87 94 95 100 116 125 108 98 110 116 111 123 105 104 78 71 78 83 55 52 47 61 88 107 88 64 40 47 41 41 47 47 48 45 42 47 40 41 40 33 37 40 41 41 43 36 43 46 46 38 38 35 37 43 36 42 36 39 39 37 36 32 28 38 77 45 44 
52 48 49 48 47 45 57 51 46 58 59 67 65 58 56 57 56 61 60 49 42 39 41 37 46 58 80 98 100 70 42 39 47 64 59 53 47 77 48 83 84 81 97 114 98 94 91 89 99 114 122 101 92 72 100 114 126 159 179 213 213 200 204 210 217 208 175 177 114 45 32 38 47 49 35 72 73 62 27 37 62 61 56 57 61 55 60 61 55 52 53 57 60 61 57 52 51 53 60 54 53 51 52 47 25 41 110 143 144 142 137 138 
52 54 54 54 52 58 49 49 55 72 96 86 67 59 71 65 77 75 59 49 56 55 52 65 78 84 89 77 78 62 51 52 67 47 39 56 46 72 92 61 113 132 95 146 155 121 109 100 87 96 99 94 87 98 91 110 139 150 149 141 113 113 125 129 113 121 184 162 153 157 110 76 56 49 69 72 34 32 63 67 41 39 46 52 56 57 57 64 56 56 56 54 54 53 53 54 54 58 54 54 53 57 49 41 97 138 134 120 107 98 105 116 
46 50 51 48 50 55 50 53 64 63 49 44 53 68 65 72 74 95 116 100 88 87 86 68 60 56 50 51 33 49 55 60 71 78 65 58 45 41 96 117 69 96 125 97 120 154 125 113 91 66 68 86 90 84 85 82 126 134 103 112 103 86 87 83 73 89 83 88 106 115 115 99 95 98 108 83 86 114 105 81 74 71 59 55 55 52 57 51 51 56 59 60 53 52 56 55 53 49 54 54 54 42 62 124 123 99 74 78 88 87 84 90 
51 51 51 53 51 49 57 65 64 58 61 67 68 71 74 87 97 84 66 70 72 70 62 65 52 49 72 95 110 98 73 52 50 51 71 81 78 70 65 113 123 66 96 109 96 119 127 130 115 88 67 70 70 88 71 69 69 67 80 98 96 97 82 78 84 84 90 81 93 123 133 111 116 108 125 112 123 86 78 84 82 57 55 65 68 61 63 59 53 45 41 51 63 58 51 51 47 51 52 56 47 68 117 97 77 61 61 59 59 71 79 79 
48 52 50 52 56 62 53 54 55 69 85 75 71 71 62 65 68 58 67 66 52 60 57 50 56 71 79 76 78 65 79 85 57 48 57 84 57 55 45 42 106 115 91 111 101 77 78 59 58 60 75 71 79 92 88 85 81 108 101 89 77 89 103 92 79 83 91 91 101 97 88 94 120 131 125 117 104 87 87 108 96 91 74 56 57 51 57 54 54 68 60 55 57 58 52 54 54 53 45 48 58 108 80 47 36 40 39 33 21 15 13 21 
53 53 55 53 56 48 55 63 63 67 57 79 96 111 96 69 77 84 74 72 62 57 43 55 79 69 60 46 47 53 59 61 68 66 65 63 76 69 83 70 59 70 53 45 80 55 53 54 46 46 68 71 58 58 83 86 80 75 77 71 80 70 76 84 90 88 86 106 104 117 105 107 107 94 106 98 73 74 88 76 71 63 82 86 64 54 62 74 73 63 59 62 54 69 49 48 48 41 51 49 93 65 33 30 35 30 38 31 19 15 15 11 
47 53 54 56 53 62 59 56 55 54 59 64 53 47 60 77 71 60 68 62 61 41 57 67 63 75 72 69 65 68 69 59 50 60 67 63 83 62 41 34 47 63 79 80 91 112 69 44 32 38 54 74 77 83 84 84 103 112 112 119 120 140 150 125 113 120 109 100 93 107 95 93 110 121 99 96 96 86 85 93 70 66 80 72 64 84 96 78 85 90 65 52 52 45 54 59 54 52 59 75 58 25 32 34 29 30 19 17 19 18 22 19 
54 52 51 48 51 52 46 52 61 59 68 55 46 54 53 53 60 69 55 41 34 58 68 61 67 71 58 63 72 67 54 58 60 65 65 70 76 110 100 90 81 79 71 60 51 39 33 26 28 57 93 129 150 156 161 162 156 164 158 156 137 141 147 158 161 152 161 141 121 91 111 115 108 104 80 82 95 107 108 102 94 65 56 73 80 76 54 52 55 46 50 50 63 75 60 45 55 67 47 57 54 42 31 28 33 26 23 17 17 20 16 17 
53 58 56 55 56 56 54 57 56 69 55 55 70 58 57 52 60 46 52 48 55 57 68 63 60 64 75 74 70 64 74 73 72 58 62 76 74 52 80 89 103 88 65 50 25 31 47 48 120 153 157 156 155 146 150 162 177 173 172 171 181 179 189 187 187 177 170 186 192 183 173 167 151 142 161 140 112 101 81 83 83 76 73 61 56 64 68 74 65 57 59 52 53 47 59 57 59 45 47 63 47 30 32 27 23 16 16 20 18 22 20 19 
49 49 50 52 65 56 50 55 64 47 47 70 58 52 46 44 37 42 43 51 54 60 61 63 66 74 63 74 91 101 108 100 92 101 92 85 93 105 119 127 131 143 158 155 163 74 63 152 186 183 185 181 178 179 180 176 173 175 176 178 182 183 183 187 183 179 186 180 178 169 166 174 171 166 171 148 129 114 116 84 72 72 70 86 83 65 66 71 66 55 59 64 69 55 45 56 49 44 58 46 42 37 20 23 15 22 20 18 19 23 18 15 
56 57 50 53 47 50 44 52 42 54 55 50 58 65 54 47 43 44 47 52 54 60 70 71 73 87 99 115 122 123 129 132 137 129 119 116 139 154 155 155 156 168 180 128 134 60 122 177 185 190 185 185 184 184 183 177 180 185 183 186 185 185 183 185 188 189 180 173 152 148 149 152 158 158 168 163 156 138 108 93 92 82 69 66 59 59 57 48 47 48 57 67 67 58 58 69 67 64 74 97 80 63 60 29 37 24 15 15 17 16 18 28 
51 53 57 58 69 56 45 49 43 36 45 52 51 52 42 44 53 50 44 49 64 81 84 91 109 124 134 138 135 136 139 128 125 140 154 159 167 170 175 181 181 181 177 149 235 196 166 181 170 173 174 183 189 188 188 189 190 193 192 192 190 189 188 194 191 191 196 192 182 181 183 179 177 183 168 172 156 145 130 113 116 95 86 60 58 61 54 60 61 61 59 73 59 47 44 49 39 40 37 51 45 32 22 28 18 9 7 6 7 15 37 46 
47 57 50 58 46 46 52 44 36 49 54 58 48 41 41 43 45 44 56 63 77 89 107 129 142 147 150 155 159 161 157 150 147 146 147 149 152 161 166 177 179 182 160 81 73 80 149 177 180 170 175 177 184 193 194 196 198 195 200 199 197 193 198 199 200 198 200 196 198 193 187 196 186 182 177 174 173 159 158 139 120 92 72 84 74 63 58 66 56 43 68 69 64 50 47 34 42 44 46 36 47 55 49 59 67 92 96 86 65 45 23 25 
51 55 52 47 46 48 44 32 34 35 46 52 40 38 50 55 47 59 56 71 98 122 142 153 153 158 166 167 170 170 173 180 180 182 181 179 174 174 177 169 176 180 169 203 60 87 181 202 209 201 199 205 210 214 195 198 198 199 199 202 202 202 198 197 196 198 198 194 198 194 192 187 189 184 185 189 184 176 160 132 142 117 108 107 89 75 65 54 36 51 55 59 52 65 46 51 59 52 53 50 57 68 57 51 67 89 112 130 136 132 119 89 
51 55 58 47 43 45 56 62 47 40 38 34 49 49 50 33 45 44 61 102 128 147 154 154 157 157 165 168 173 175 180 182 190 189 187 179 180 184 185 193 201 194 124 190 75 53 76 90 59 42 26 20 56 122 217 205 202 204 203 202 201 201 200 201 199 197 194 198 197 196 200 196 194 191 172 172 177 165 157 152 134 129 97 87 90 82 78 51 56 73 70 57 56 50 64 48 39 47 49 54 52 74 70 86 109 110 132 130 127 125 133 135 
56 54 49 50 53 46 54 42 36 45 44 50 42 43 31 38 53 71 113 131 144 145 144 146 149 158 159 164 167 175 182 187 184 185 182 186 185 180 176 169 85 38 78 80 116 143 177 187 184 170 166 166 158 103 37 140 174 185 200 201 203 201 201 198 199 196 197 199 195 192 189 196 192 191 189 187 185 169 179 159 129 118 102 85 82 69 56 54 76 69 59 65 52 50 44 55 57 56 52 65 67 55 78 65 48 62 65 97 121 127 134 139 
45 58 60 55 52 46 39 36 34 37 41 44 45 41 36 43 73 118 129 140 140 137 141 152 156 157 162 170 182 184 184 188 191 188 182 181 179 168 162 106 101 138 155 135 98 105 148 161 162 153 152 163 166 175 176 66 144 162 177 191 196 201 203 197 199 195 193 198 198 196 198 197 202 196 188 186 183 183 183 189 167 126 109 96 74 67 59 68 65 76 81 61 61 50 41 52 59 48 38 35 47 53 57 47 61 92 116 120 130 130 134 138 
58 69 68 63 47 43 41 41 35 35 36 45 44 38 50 72 105 117 130 142 142 148 162 165 164 171 178 176 183 187 190 190 190 186 174 171 163 142 109 115 140 140 152 130 91 111 159 175 169 163 178 181 188 191 200 175 81 169 167 183 200 203 198 202 198 197 195 195 196 197 194 196 189 190 188 196 196 179 182 174 168 126 103 95 96 84 93 91 86 65 47 39 50 54 52 56 45 42 35 45 49 35 59 48 48 59 103 113 112 133 136 141 
72 57 47 46 61 66 50 44 39 43 47 34 40 43 68 101 122 128 140 144 146 157 163 162 170 177 184 184 189 193 193 190 186 175 168 163 137 100 118 140 156 149 150 116 109 145 191 177 163 174 192 193 193 191 187 196 115 162 172 173 198 200 200 198 195 199 200 200 202 203 199 197 199 190 181 181 179 172 169 161 139 127 115 116 99 89 85 81 67 50 54 55 42 57 49 37 34 38 42 50 65 62 42 42 45 61 70 96 97 120 128 123 
52 62 55 46 42 50 45 46 34 43 48 51 41 69 98 121 122 132 141 147 151 159 162 172 179 181 186 188 193 194 195 189 178 160 158 133 109 119 115 143 166 160 155 140 142 172 170 145 148 181 191 193 193 190 193 199 189 133 170 174 195 201 204 202 200 201 201 190 196 195 195 197 197 191 185 178 177 176 173 163 149 129 112 96 86 85 74 55 59 60 54 44 55 40 43 47 48 45 38 39 51 56 51 57 53 61 92 93 90 95 106 112 
53 54 56 46 51 41 37 38 47 44 33 59 69 105 129 127 131 141 144 153 157 162 166 176 176 180 180 184 188 190 186 183 168 142 120 100 107 105 118 144 164 158 162 161 162 152 112 132 167 193 194 199 198 192 196 199 200 153 156 168 191 198 199 201 201 195 194 197 193 190 196 194 185 185 175 164 165 167 160 138 118 105 98 89 100 105 89 83 70 59 52 55 49 59 55 45 46 41 42 41 40 42 60 61 44 31 32 52 69 56 95 118 
57 54 50 45 35 38 33 34 33 41 47 52 95 126 131 128 128 136 149 156 158 160 164 169 170 172 178 182 186 186 185 182 157 122 112 100 88 102 138 157 165 163 183 176 165 106 116 161 184 199 199 206 196 195 198 198 203 179 140 170 196 199 200 198 200 199 197 191 191 193 192 180 170 174 167 151 146 137 130 140 138 138 131 130 101 77 86 75 69 59 56 44 62 59 61 42 39 52 55 60 49 52 37 35 54 51 38 47 66 68 86 103 
37 13 33 41 48 42 42 33 40 47 55 90 117 125 126 125 133 140 156 151 157 163 169 177 182 190 195 191 190 184 184 177 135 130 112 86 93 107 164 162 157 177 190 180 128 87 163 195 202 193 193 201 197 199 197 200 197 191 115 165 197 197 204 201 196 195 191 194 195 187 182 179 173 164 154 150 138 148 161 161 158 160 160 142 125 110 113 105 88 71 49 57 66 55 39 53 56 62 49 47 42 35 48 50 41 58 64 49 39 42 74 100 
82 123 87 48 34 40 30 44 55 44 69 115 126 125 128 135 137 155 163 160 162 163 171 176 183 186 186 185 189 190 185 167 131 104 103 108 100 109 149 159 147 177 192 164 76 104 189 193 197 193 198 195 194 195 199 196 196 199 127 166 190 194 193 193 197 196 192 181 183 183 176 176 164 159 159 152 155 174 189 184 165 139 127 120 112 94 86 73 66 73 76 63 48 43 43 42 44 34 27 27 45 46 36 46 45 26 45 47 39 40 52 70 
59 41 43 62 47 35 38 42 27 52 103 121 119 129 128 140 149 154 162 162 166 176 179 184 182 186 187 186 190 187 186 161 128 96 103 101 70 101 140 140 151 184 185 119 65 113 175 194 203 201 201 184 200 199 194 194 194 199 118 160 194 196 196 195 195 190 184 183 181 178 166 160 167 165 138 138 162 170 143 111 106 107 104 99 93 87 102 73 64 59 42 48 80 63 49 48 53 63 54 30 44 52 46 44 43 54 61 36 34 47 47 49 
44 44 46 37 44 33 34 29 43 87 114 112 117 123 141 153 164 161 170 172 172 180 172 180 183 181 183 190 188 187 178 164 140 118 113 84 84 131 152 151 164 190 179 103 97 141 187 194 196 201 189 173 200 199 191 190 190 192 135 158 194 195 195 193 186 187 182 182 174 169 161 155 150 139 137 137 129 103 82 93 81 66 76 76 81 61 68 80 76 59 68 72 70 79 68 59 47 36 40 56 55 58 64 53 49 67 52 39 31 32 32 40 
43 50 45 42 42 39 36 42 70 104 111 117 123 129 132 143 151 144 147 159 161 172 184 180 176 182 187 189 186 183 181 159 145 122 105 64 148 218 173 158 171 191 155 91 109 133 170 187 192 198 195 172 198 195 186 187 189 181 147 154 194 192 194 188 188 190 183 171 164 161 153 147 139 133 130 110 107 105 98 97 80 75 85 68 55 56 47 47 72 81 90 84 87 78 79 57 57 56 44 47 52 68 66 67 79 56 31 49 50 43 39 37 
48 49 46 48 38 46 45 50 91 103 104 109 125 128 134 138 144 149 140 147 165 170 182 182 187 187 188 195 191 188 183 167 144 115 89 55 142 214 195 155 171 190 140 90 104 140 171 193 194 197 188 167 192 195 191 183 186 172 159 142 189 192 188 184 190 190 170 158 151 145 144 139 131 138 129 118 123 123 97 88 83 73 69 79 98 105 110 107 106 122 105 97 74 61 53 56 58 62 64 67 50 47 55 72 57 51 61 48 48 46 36 27 
52 48 38 37 36 38 34 74 106 98 99 111 115 123 132 148 157 163 172 171 167 176 184 193 191 190 191 192 188 187 185 162 135 95 83 55 149 219 194 148 171 189 131 81 57 76 145 168 180 195 176 155 191 191 183 179 178 172 168 146 193 194 190 183 177 166 148 146 142 142 141 134 145 152 139 134 99 83 79 75 71 68 52 69 95 136 151 153 143 125 126 108 92 71 70 69 75 70 62 68 75 63 44 31 30 48 47 40 48 66 50 49 
39 47 54 63 45 48 63 97 98 103 105 113 130 138 149 151 147 159 164 172 169 176 188 188 190 185 190 193 192 180 176 149 107 98 80 61 129 155 168 134 163 177 119 53 63 81 131 176 174 189 161 159 189 195 191 184 177 166 160 141 186 187 188 188 176 160 151 142 133 135 131 157 178 173 136 116 101 75 43 52 33 34 115 136 143 151 154 152 154 147 127 115 109 89 103 92 56 74 86 96 96 82 91 58 56 49 37 44 76 55 57 52 
40 37 38 33 45 52 77 96 108 103 104 123 136 137 145 152 170 177 178 182 184 185 182 187 188 187 191 189 194 189 182 134 103 74 68 57 80 119 169 131 158 172 114 146 98 85 129 140 152 167 149 148 186 198 189 190 176 163 137 149 193 193 186 171 155 141 140 134 138 144 165 188 181 153 128 109 90 95 75 36 28 98 137 158 158 145 151 150 153 151 154 142 115 132 122 98 72 74 70 35 36 93 79 98 80 89 43 43 30 32 31 39 
54 52 59 55 47 65 96 100 100 104 118 125 133 146 150 156 168 181 178 181 190 189 186 185 189 190 186 188 188 191 172 139 118 91 78 63 79 131 174 121 150 162 118 96 70 52 103 160 160 159 143 151 188 190 188 187 179 165 131 144 190 193 177 158 145 141 133 131 150 171 182 179 174 164 142 105 89 69 58 49 31 81 138 147 150 153 157 161 166 160 160 150 126 102 80 68 76 96 79 79 95 66 59 45 59 46 58 66 73 54 38 27 
70 74 62 61 61 70 87 106 105 110 115 132 139 144 150 160 167 170 179 184 188 193 193 192 186 185 186 190 191 189 181 135 97 89 66 56 81 121 157 116 143 152 111 48 29 70 114 151 151 148 134 151 178 186 185 180 170 168 134 164 196 188 160 151 145 132 141 167 177 184 194 194 178 145 130 116 100 98 76 74 24 89 123 146 156 165 167 177 172 167 154 139 135 118 112 120 106 84 76 74 57 56 46 51 51 37 36 32 20 38 44 67 
48 57 58 46 61 91 106 101 107 114 118 125 135 138 160 157 158 173 181 187 192 192 191 189 189 188 185 188 188 189 186 163 104 70 55 52 57 103 152 115 132 150 112 65 75 86 113 150 148 141 126 151 172 184 181 176 168 170 131 175 192 173 153 138 132 143 168 180 180 190 192 188 171 145 118 116 121 94 91 82 29 82 124 147 165 166 177 169 172 172 160 146 134 132 133 94 83 76 69 81 87 93 96 62 39 31 19 45 64 23 25 32 
50 60 58 52 73 98 100 104 119 116 113 128 146 146 146 153 161 173 186 192 197 195 192 191 186 185 184 186 183 187 189 166 114 67 59 65 71 97 152 123 126 142 116 82 52 64 124 147 150 134 130 159 175 181 187 180 172 187 150 179 180 163 142 144 157 174 178 180 189 196 194 188 186 175 156 123 95 98 106 87 27 52 134 148 174 176 170 172 180 171 160 157 145 139 132 116 91 87 92 85 65 59 41 32 31 38 48 47 43 50 32 30 
51 60 53 63 92 105 112 112 111 110 124 143 148 142 144 153 160 170 179 191 196 193 191 186 186 184 189 190 189 188 185 159 127 91 66 63 68 85 139 117 116 139 108 98 99 149 156 147 142 134 132 160 174 187 187 181 173 192 148 181 174 152 142 160 167 173 187 190 193 190 187 189 154 126 115 105 110 123 134 103 32 43 136 163 171 183 165 165 171 165 147 143 142 142 128 110 83 77 81 61 65 83 79 78 78 72 53 45 45 47 57 63 
54 46 48 70 87 96 104 111 114 120 132 134 140 141 145 150 153 165 179 185 191 191 188 185 183 183 185 188 185 187 186 165 128 87 64 67 90 81 138 129 107 136 108 109 94 138 150 145 144 133 137 159 173 189 184 176 175 126 111 177 165 154 166 187 190 167 157 184 201 193 191 176 148 129 128 128 113 110 109 87 42 37 125 169 171 181 171 176 163 150 149 147 152 148 136 118 123 120 102 77 77 68 60 53 44 33 53 40 51 33 24 35 
54 49 56 80 90 104 115 116 116 121 123 129 126 134 144 149 161 168 176 176 188 186 183 181 188 180 181 186 189 190 182 165 130 93 77 72 95 90 132 131 113 135 116 106 98 96 126 138 144 132 157 167 177 189 181 160 166 112 170 188 181 186 190 195 195 175 125 143 187 198 179 155 143 162 126 111 101 110 122 102 34 29 101 158 181 179 171 166 156 161 156 151 139 135 149 133 134 117 108 98 88 75 70 71 54 55 32 36 31 22 21 21 
54 53 57 84 104 110 122 116 115 120 125 134 136 138 142 153 158 170 178 176 183 193 191 189 187 185 186 184 185 182 186 157 131 101 93 114 113 98 121 127 99 124 132 102 108 108 141 147 150 145 167 172 187 182 179 181 111 142 184 186 180 183 193 196 191 149 124 118 160 165 166 188 167 132 122 111 101 105 93 46 29 54 98 157 166 168 173 153 138 138 130 124 127 132 158 142 127 106 114 105 86 76 57 37 42 41 53 36 41 56 61 51 
37 36 57 83 105 116 118 121 120 120 121 133 137 145 150 154 161 168 177 176 183 187 186 187 186 186 185 185 179 185 188 179 142 99 86 101 116 97 101 122 101 114 141 113 124 109 139 155 153 157 160 166 185 192 169 104 141 201 201 190 186 188 187 196 178 106 84 130 177 177 171 161 128 131 86 81 104 111 108 88 47 51 102 145 170 170 172 161 148 151 149 154 144 130 146 159 141 134 132 125 104 81 79 80 66 52 40 24 21 34 28 29 
37 44 70 82 105 112 122 127 127 121 124 129 130 140 146 151 154 164 182 180 178 184 182 188 184 179 181 186 188 183 187 178 171 137 100 94 110 122 92 116 96 103 134 128 115 146 123 164 177 186 166 179 191 154 103 166 213 205 198 191 188 189 195 196 168 75 84 149 180 169 147 136 124 79 92 106 84 79 109 81 59 61 71 120 154 158 162 153 156 152 132 118 124 127 146 140 163 155 133 129 110 99 85 67 55 51 41 49 54 34 31 38 
40 53 80 87 105 116 121 124 120 122 126 126 125 138 147 143 152 158 172 175 175 180 179 179 182 180 179 183 185 187 184 176 153 154 140 118 109 133 87 111 94 91 118 135 114 131 177 182 188 178 174 160 104 118 182 201 188 183 182 184 187 189 197 193 164 69 93 154 174 147 129 107 100 108 97 78 89 92 87 65 39 50 116 118 148 168 158 155 139 141 125 111 103 115 140 133 128 128 103 103 89 77 73 71 70 56 52 58 41 47 31 26 
53 71 79 93 107 117 125 121 119 124 131 136 140 142 147 151 154 163 168 174 186 183 185 183 176 177 173 180 183 184 186 183 168 138 133 131 131 133 120 85 115 89 112 138 131 139 174 194 171 157 114 92 141 187 188 179 184 187 186 189 191 198 200 192 163 74 68 153 176 135 104 110 116 110 102 98 101 79 75 72 76 52 115 124 142 156 161 153 143 132 132 122 105 99 122 139 151 135 127 113 93 95 82 72 60 49 45 33 47 45 44 53 
34 53 62 89 112 122 124 129 128 129 130 139 139 145 149 153 153 166 181 177 186 185 184 188 179 176 175 173 178 183 179 192 189 186 156 133 129 148 157 93 79 110 89 106 146 157 171 149 102 79 137 185 191 183 185 185 189 186 195 195 192 201 202 189 169 125 78 132 135 119 118 132 119 115 112 110 99 70 65 63 82 64 79 106 138 162 160 152 143 132 103 95 91 83 119 136 139 142 145 129 111 116 104 75 55 52 41 47 48 47 43 38 
36 60 84 96 110 112 122 127 126 127 129 137 141 142 149 149 151 164 171 184 188 193 192 184 178 168 165 170 171 176 182 185 181 186 193 175 159 156 164 170 92 56 119 111 123 72 43 59 127 187 194 184 183 185 188 187 187 188 192 192 191 187 197 185 172 163 100 88 129 114 108 113 113 116 97 96 112 97 91 69 65 60 91 107 135 156 164 156 130 120 125 124 111 108 107 121 142 145 146 120 94 74 67 61 49 44 62 57 46 28 25 17 
35 54 81 114 119 111 116 121 124 123 128 133 143 147 150 157 160 158 169 175 179 188 186 185 177 174 161 162 170 175 170 179 182 181 176 174 171 167 160 170 182 202 226 76 62 111 180 216 203 186 177 177 183 181 180 177 177 188 196 196 197 190 193 183 173 163 149 119 112 125 112 109 114 96 79 84 54 61 77 78 57 52 103 137 144 157 150 144 121 111 107 103 100 100 100 94 111 120 126 110 108 96 71 42 60 78 78 81 63 33 29 24 
52 61 91 100 109 118 123 123 121 123 124 133 131 139 149 148 157 160 160 170 165 167 176 178 174 165 170 168 166 166 171 174 184 193 193 182 173 170 172 175 173 207 214 91 146 186 200 192 176 167 168 173 174 180 186 183 186 187 190 197 195 196 195 180 158 153 138 136 120 106 123 130 98 94 104 86 87 81 65 63 59 47 83 109 132 146 146 164 125 129 119 92 62 61 96 114 111 111 123 133 96 80 86 86 63 46 38 27 43 62 65 40 
47 56 81 101 113 116 121 120 114 125 126 128 136 144 147 153 154 158 160 163 165 172 170 175 172 171 168 162 162 168 171 177 172 177 176 172 181 167 164 170 178 214 224 125 174 183 177 169 171 172 168 171 173 173 174 181 186 190 193 196 195 196 191 186 175 156 130 97 104 81 91 93 87 90 76 87 94 69 85 86 40 19 81 109 141 156 151 140 135 117 105 115 108 77 89 110 123 114 107 105 105 93 69 65 57 45 28 32 47 47 33 36 
38 66 77 107 115 117 117 114 111 122 124 131 134 140 146 152 151 154 164 161 167 176 176 174 168 166 165 165 163 160 164 160 170 174 173 172 164 155 159 165 171 181 111 123 178 172 164 158 163 162 163 163 169 170 174 179 180 175 184 191 188 191 192 177 161 139 110 75 81 66 78 107 116 128 107 101 82 86 89 103 75 70 84 131 138 149 150 138 119 120 113 100 60 63 73 97 136 123 115 106 94 86 72 69 53 43 47 40 21 17 27 24 
36 54 78 102 115 118 123 118 113 123 129 132 127 136 144 148 153 157 158 162 165 160 164 166 167 166 169 162 156 155 159 161 164 160 157 158 153 156 156 169 174 161 84 129 165 157 158 151 149 159 164 159 163 165 168 167 169 169 165 170 173 174 175 169 151 129 94 85 110 65 71 109 101 109 108 101 103 90 88 85 65 58 62 111 132 158 155 139 119 109 103 109 106 87 82 105 119 146 123 118 96 92 93 61 48 47 59 40 33 40 58 35 
33 40 68 92 111 115 117 116 115 122 123 127 138 139 141 148 151 154 160 167 174 173 176 184 182 177 169 167 161 159 155 155 151 153 156 152 156 161 160 162 166 150 83 117 159 150 152 148 150 153 157 162 161 171 167 171 168 170 166 171 173 175 174 161 151 128 104 123 107 60 62 95 88 99 95 86 88 91 97 95 57 56 63 85 124 147 145 138 115 120 108 87 73 66 59 97 128 132 118 116 98 89 83 77 67 59 49 57 56 50 38 39 
39 40 43 74 103 115 118 118 119 116 123 124 125 132 139 144 147 152 156 161 174 181 179 179 175 174 172 170 170 166 173 183 186 192 192 189 183 172 155 164 172 167 80 99 142 145 154 160 160 153 144 159 176 184 185 180 165 169 166 171 168 168 162 160 144 127 115 102 102 70 84 110 112 115 86 83 85 65 78 83 61 63 74 100 130 149 138 138 113 106 108 125 96 85 88 99 126 141 141 113 112 121 93 64 75 79 58 40 33 34 45 56 
35 42 52 84 99 108 112 113 114 120 126 127 130 139 142 143 146 150 155 161 170 168 179 176 180 170 173 172 171 173 175 181 180 178 178 182 172 166 167 163 167 175 85 104 157 142 157 182 189 189 180 182 187 189 186 184 177 171 170 173 168 171 170 161 143 129 95 57 98 96 85 112 120 85 81 93 91 87 78 78 47 31 60 96 139 142 138 139 132 126 136 103 100 85 84 122 114 127 137 122 90 83 65 60 44 43 16 34 32 41 41 48 
40 37 37 69 88 94 105 106 115 119 120 129 131 132 137 143 149 153 153 157 157 166 164 171 166 171 169 165 165 164 164 168 174 177 178 172 169 164 157 173 191 194 82 19 89 141 101 90 132 187 200 194 194 185 179 168 172 176 179 177 168 184 184 176 144 130 51 57 118 94 103 112 94 121 123 93 86 65 70 87 49 35 41 85 137 164 155 152 131 134 138 126 115 78 70 116 133 125 105 116 102 86 106 67 73 80 88 88 74 61 46 37 
40 34 43 67 81 97 106 111 109 112 117 124 131 135 140 144 150 148 152 165 165 163 170 169 170 171 172 170 162 166 169 166 162 161 163 158 154 150 145 144 133 178 170 138 120 70 100 78 46 20 88 152 179 187 187 187 175 170 174 177 181 197 206 167 135 104 32 61 163 128 98 110 144 118 114 98 60 87 91 80 68 39 53 95 144 151 148 147 141 131 120 93 97 106 75 91 119 128 134 107 76 68 60 56 44 50 44 48 33 29 33 15 
48 42 42 63 77 89 92 103 109 116 118 122 126 127 131 138 148 155 162 156 162 165 165 166 168 165 164 160 162 161 163 160 171 177 173 168 155 139 128 124 194 190 119 106 105 97 73 67 99 137 87 55 61 104 139 158 179 178 170 178 182 190 191 176 152 110 42 40 116 119 101 88 65 71 90 126 115 81 85 81 34 21 47 108 155 161 154 142 137 146 129 117 91 93 104 116 119 107 85 98 72 51 72 70 88 60 33 45 76 48 48 45 
46 52 43 54 59 77 90 103 102 109 116 121 122 126 134 140 141 148 158 184 177 162 164 168 164 164 162 158 160 165 170 174 169 170 171 161 150 133 83 139 168 108 102 115 92 58 49 75 70 82 73 94 92 46 44 85 103 108 120 124 150 170 180 184 165 133 76 51 103 129 119 109 110 105 97 98 98 93 69 60 39 17 30 119 175 183 172 144 140 133 117 108 96 91 103 120 128 114 103 91 100 87 86 98 95 92 97 92 61 90 69 52 
54 45 40 50 57 72 89 99 102 96 112 113 121 127 131 140 139 143 153 153 162 162 161 162 165 162 158 158 160 161 165 164 164 164 153 143 130 133 103 226 191 139 125 101 73 73 84 76 92 125 120 92 104 143 111 53 103 138 115 117 137 151 162 187 184 152 115 101 120 134 141 134 116 98 90 81 91 106 105 67 57 28 32 122 170 180 167 151 146 133 123 111 105 107 111 124 137 121 107 106 101 111 120 116 102 88 68 57 56 42 53 66 
58 58 51 54 54 62 89 90 100 105 108 115 126 131 134 137 142 146 146 153 163 160 159 159 162 161 164 160 158 159 159 164 169 160 143 127 114 120 163 229 167 129 119 93 98 98 106 78 120 161 153 138 132 148 188 178 86 115 184 168 150 161 175 182 191 171 155 141 123 150 161 139 117 113 91 96 83 73 80 83 52 31 28 103 151 181 164 150 156 143 130 119 119 121 127 132 113 103 97 81 96 71 67 75 93 63 63 56 54 43 39 39 
45 51 44 43 51 56 76 93 102 105 106 113 117 121 130 136 143 151 149 151 154 160 162 162 158 160 162 164 165 164 168 162 159 157 130 110 97 94 128 176 127 127 104 108 120 108 95 92 132 153 150 142 144 147 170 188 192 93 112 178 170 147 150 167 179 188 156 90 106 147 164 185 158 129 121 116 108 75 68 85 79 33 24 71 128 167 151 149 135 132 118 116 118 113 116 136 122 68 75 100 75 80 77 84 82 81 74 50 43 42 55 58 
45 53 50 44 42 43 59 86 89 96 108 109 115 124 129 136 143 139 145 154 158 154 155 156 159 163 162 164 159 162 160 158 157 152 129 114 87 73 93 102 138 131 107 138 124 122 94 116 142 165 161 136 138 153 168 182 188 178 80 126 170 164 135 123 124 94 64 69 102 150 170 167 167 121 119 119 100 107 110 92 69 27 25 59 107 116 122 124 156 134 128 125 129 114 92 107 108 117 103 102 110 112 128 101 69 60 48 67 53 64 83 63 
48 40 41 48 54 58 61 68 85 99 105 114 113 121 124 131 133 145 152 156 161 160 163 158 155 158 162 163 165 161 167 162 156 145 128 105 90 73 101 121 136 123 108 148 118 123 113 172 161 183 166 145 132 152 168 179 187 188 147 87 143 167 164 156 142 137 137 139 133 154 183 194 193 158 122 113 113 106 86 64 73 38 25 56 110 129 123 122 116 114 113 112 110 108 114 109 102 103 110 97 125 94 66 75 56 27 35 26 49 56 52 67 
47 44 44 41 43 43 55 72 88 100 109 105 112 116 126 135 133 139 140 148 157 160 163 162 163 163 165 161 163 163 160 156 155 147 120 87 73 58 80 102 135 122 123 159 124 119 130 195 175 175 166 154 134 143 171 178 183 179 171 82 121 161 167 149 150 144 135 131 133 133 144 178 184 179 156 130 111 96 99 76 49 56 28 38 69 114 109 117 117 121 120 110 102 105 92 83 77 51 62 85 56 78 80 36 51 89 58 44 34 25 38 44 
49 51 46 48 47 51 57 65 78 95 96 104 109 118 128 129 135 142 152 152 155 153 157 164 165 165 160 162 159 160 171 160 150 143 119 82 52 53 88 104 138 115 144 163 113 113 69 66 118 169 167 159 144 145 172 181 186 185 181 105 107 150 174 162 152 143 145 142 134 127 134 133 163 168 158 155 121 96 73 65 41 35 41 55 84 93 113 126 109 98 98 103 102 94 84 52 72 78 36 35 64 79 64 93 90 42 60 44 49 41 43 29 
47 46 45 38 42 49 53 57 63 86 93 93 105 109 113 123 131 140 145 155 153 153 156 161 166 168 170 163 161 164 170 166 162 145 120 85 54 58 71 100 138 111 150 173 133 96 45 70 94 159 159 169 152 136 168 181 174 180 185 130 95 126 172 166 158 152 151 143 143 142 124 116 123 140 148 121 101 100 101 86 62 43 58 77 111 121 113 111 109 90 79 73 75 70 69 57 49 91 121 125 109 56 35 60 63 80 43 34 33 36 30 33 
47 51 53 48 42 45 55 55 62 71 80 91 103 107 117 122 125 134 143 148 152 157 160 163 163 165 166 168 169 172 173 165 158 150 125 85 59 47 62 100 142 111 149 175 138 116 123 75 95 137 144 165 155 131 158 178 179 181 182 146 94 114 170 171 160 157 153 151 144 145 141 132 120 109 116 123 123 94 96 70 42 48 75 108 93 82 74 79 91 92 77 76 72 56 71 75 72 50 35 34 52 57 54 42 65 60 47 47 60 37 50 74 
49 49 42 43 39 44 59 54 52 68 82 85 96 104 116 125 131 140 145 148 151 156 160 164 162 167 169 163 168 168 170 167 162 144 123 74 65 64 53 102 137 110 145 174 141 112 87 40 59 129 157 166 163 135 147 181 175 176 180 161 91 119 164 176 168 158 151 147 147 147 150 139 138 120 109 108 120 122 103 89 70 65 79 95 93 69 86 85 64 52 73 71 55 44 44 51 44 70 62 58 49 59 66 68 43 40 34 30 32 46 68 88 
48 46 50 46 45 48 49 55 68 71 78 86 98 97 103 122 131 137 139 151 153 158 161 162 163 163 171 165 166 168 174 172 166 149 134 92 61 37 48 105 142 109 128 164 139 92 26 27 59 122 147 165 171 139 145 180 184 183 183 172 82 115 158 178 176 169 157 149 151 148 144 144 143 135 130 111 97 91 108 103 88 83 86 93 86 107 91 91 90 77 59 60 55 48 50 37 36 39 42 25 35 49 30 41 32 33 32 27 28 33 50 96 
71 64 54 56 49 57 43 44 49 73 78 82 92 103 106 104 110 131 145 151 156 160 171 170 163 164 169 169 171 175 179 170 173 153 138 95 48 39 44 110 145 107 128 157 145 101 51 62 66 116 144 164 166 143 150 179 185 183 180 175 93 125 149 177 170 170 167 157 155 145 144 146 143 139 143 145 130 110 83 67 76 91 95 92 83 67 63 52 86 77 50 49 68 56 41 38 38 26 68 49 25 30 38 24 47 30 28 27 20 95 112 106 
51 66 61 49 62 71 53 49 51 49 84 96 99 101 98 115 114 117 126 136 148 158 163 153 156 162 170 172 167 169 175 168 165 150 131 91 70 67 50 103 139 114 129 158 156 105 56 36 52 128 158 163 178 147 162 182 187 176 177 179 89 139 157 183 186 179 169 166 156 154 151 144 148 150 144 139 143 149 147 131 109 96 77 98 103 93 97 95 88 95 86 53 52 63 58 37 40 51 47 39 43 40 17 22 27 31 35 50 103 115 121 133 
56 45 58 61 57 44 43 49 52 46 47 74 80 102 108 111 117 118 130 137 142 149 163 170 173 164 162 166 165 171 166 162 162 149 132 105 63 56 54 92 128 113 125 158 165 120 66 78 111 145 167 169 172 149 166 180 187 186 180 179 87 138 151 186 179 176 168 168 174 165 146 142 139 132 137 133 140 139 142 147 146 144 132 113 98 99 89 93 87 74 70 83 53 35 44 52 43 47 58 45 44 36 52 42 38 30 46 62 73 122 137 123 
50 57 48 56 51 49 42 46 47 58 46 41 61 79 93 99 107 118 124 129 139 145 150 156 150 154 160 169 168 168 170 164 162 157 134 118 78 54 43 75 108 108 123 158 167 145 79 95 123 142 165 174 184 160 165 182 184 179 180 184 97 156 139 180 180 179 180 177 171 167 160 150 136 136 132 129 138 139 126 138 123 124 116 109 114 119 95 90 85 75 71 74 78 62 45 38 51 45 52 58 36 31 23 31 46 60 77 92 110 89 55 13 
57 49 54 60 58 50 54 57 55 47 61 42 39 63 90 105 115 119 123 137 134 149 148 151 161 157 153 160 160 164 173 171 166 158 142 126 92 58 54 78 107 115 124 158 168 170 110 53 51 110 181 189 194 190 169 186 188 184 183 182 99 174 166 183 185 187 180 177 182 175 164 168 162 147 146 144 141 143 139 119 123 117 125 113 106 102 111 100 102 91 65 55 49 38 61 55 50 53 64 65 38 48 43 34 38 53 59 38 23 9 6 9 
49 61 62 55 58 58 66 61 54 42 48 50 43 45 63 87 110 119 118 125 136 142 153 148 152 153 159 165 169 164 158 153 165 161 151 134 100 70 53 61 96 117 133 162 175 178 140 81 66 118 172 198 181 187 175 192 185 184 185 180 108 181 175 190 200 198 192 181 186 182 178 164 157 158 151 156 154 146 148 148 144 143 130 109 90 89 77 81 77 69 64 59 58 64 44 44 47 44 31 28 35 32 33 44 38 26 22 16 15 17 19 23 
47 54 60 61 68 51 51 45 43 48 52 61 46 34 42 70 85 109 119 123 123 134 143 149 149 155 151 154 157 163 166 168 164 163 153 137 113 76 64 60 89 112 114 156 178 176 172 106 82 88 143 165 185 191 185 182 186 183 189 167 122 195 185 191 198 204 198 195 189 182 189 179 165 159 156 143 153 154 159 159 160 145 137 132 119 97 76 75 71 52 46 51 47 32 57 41 36 36 30 33 31 32 33 52 82 42 22 26 27 29 31 34 
57 50 57 59 52 65 65 55 47 54 52 37 57 43 33 34 64 81 103 118 122 123 127 135 144 144 147 145 156 168 178 178 177 164 158 138 115 100 97 71 108 101 110 141 186 190 179 152 96 89 97 132 174 188 197 183 189 183 184 150 136 201 193 197 205 203 200 198 195 200 189 184 187 183 170 167 167 158 156 159 161 151 138 121 105 95 97 94 72 71 88 71 69 48 33 32 31 35 36 47 42 35 44 39 50 98 81 47 25 29 32 24 
61 57 51 60 56 60 55 49 48 48 54 60 47 60 45 36 49 69 97 113 113 121 123 126 120 132 137 150 161 159 165 174 169 168 167 150 120 102 72 55 80 98 110 125 176 192 179 159 141 106 93 121 134 168 188 192 182 193 193 128 151 195 193 188 195 203 202 203 198 183 184 183 178 178 184 176 168 173 170 159 147 135 121 124 117 112 82 77 76 75 57 60 48 48 32 63 51 25 43 48 67 69 52 41 33 48 113 112 87 72 78 76 
53 46 49 49 52 46 57 60 52 50 47 47 41 29 48 43 35 53 46 85 120 118 119 118 122 127 147 142 150 175 179 178 174 176 173 169 152 123 107 68 69 77 102 118 141 165 163 134 127 146 140 113 146 158 176 184 187 187 192 113 177 200 191 191 196 197 198 189 189 193 185 178 171 169 165 166 172 175 171 181 185 185 142 118 105 85 75 71 66 48 55 62 47 42 73 55 37 28 31 59 60 46 40 39 39 55 79 92 115 112 101 95 
44 50 46 60 68 71 63 58 51 55 41 42 47 67 40 46 49 32 55 58 70 95 113 126 147 135 137 143 150 162 169 184 187 187 188 179 170 158 145 113 75 100 107 95 115 132 130 116 101 126 171 172 143 177 181 192 193 193 185 107 190 195 191 185 185 193 189 187 189 175 170 177 186 183 173 175 161 157 149 144 145 133 127 104 89 102 100 77 53 52 50 46 45 54 27 39 50 56 38 32 40 38 41 42 41 44 84 75 80 99 117 121 
53 58 53 51 59 70 64 57 58 41 55 61 46 44 48 40 36 47 45 47 35 48 77 101 129 143 134 140 144 144 145 158 162 164 179 188 187 181 179 165 91 100 108 113 99 120 129 116 106 116 159 188 168 176 184 185 191 193 149 131 200 205 201 192 182 182 186 181 182 175 181 177 178 173 181 176 165 155 159 151 143 137 131 116 100 88 90 75 94 79 66 51 43 61 66 66 50 36 55 70 44 48 46 40 41 44 85 83 88 92 81 95 
48 49 55 52 53 49 55 64 64 72 70 55 53 53 50 52 61 59 57 61 77 70 71 84 95 104 114 127 134 138 144 139 144 153 152 159 173 186 190 191 139 91 100 101 102 99 99 96 82 98 148 183 179 179 181 188 197 202 115 190 201 202 195 189 184 184 182 183 189 188 184 183 170 174 170 170 166 158 153 153 158 153 135 94 80 65 61 58 56 57 54 52 47 46 53 43 58 58 45 48 52 44 48 45 41 43 87 90 85 85 93 79 
48 49 47 50 55 68 77 74 60 59 50 56 60 51 50 43 38 38 41 34 32 44 43 35 57 79 95 107 111 110 129 139 148 160 173 172 177 173 173 173 169 83 122 137 118 109 104 94 67 86 142 185 188 195 201 220 166 84 168 206 200 198 197 187 182 181 181 183 191 188 182 180 175 173 161 149 147 144 148 143 144 124 109 94 78 74 57 44 50 75 56 47 63 64 64 68 53 52 47 37 35 39 37 41 39 37 78 93 84 70 66 61 
50 47 57 63 69 54 52 50 60 57 52 48 46 52 49 51 50 44 42 46 52 55 49 58 58 62 71 74 93 120 115 110 127 139 150 157 159 165 172 170 182 157 62 132 168 167 153 131 84 89 164 212 211 196 128 79 69 158 192 183 183 182 183 181 180 176 178 181 180 181 179 178 167 160 159 167 159 166 145 146 112 85 63 83 103 97 69 61 58 68 58 46 53 58 68 56 51 41 37 38 42 39 34 35 39 37 54 63 62 73 77 71 
46 48 48 55 59 50 60 67 60 59 60 58 61 66 54 48 49 51 50 47 50 45 32 40 49 62 62 67 70 66 110 145 131 124 122 114 126 129 137 144 151 159 145 53 57 81 128 147 86 63 74 72 50 42 99 171 201 187 175 176 173 171 176 176 176 180 177 174 179 174 178 171 171 164 157 136 115 93 82 87 57 58 87 84 46 60 68 48 47 45 71 67 52 56 47 41 36 43 40 42 36 35 36 35 29 34 54 86 91 90 85 77 
48 50 47 49 50 66 60 53 58 59 61 82 83 62 65 60 50 57 63 58 46 52 74 70 75 92 84 82 88 68 41 35 63 86 101 126 117 113 108 100 98 102 107 123 125 157 93 15 67 120 128 141 189 205 203 203 198 196 193 186 184 182 181 175 178 179 182 179 178 178 160 135 113 85 78 81 88 90 89 64 79 58 51 66 86 60 57 51 53 50 39 35 41 37 35 36 35 36 42 31 35 34 39 38 40 38 48 94 94 94 88 81 
47 42 48 44 39 49 56 64 59 67 55 38 60 62 56 60 68 84 64 72 60 51 52 53 58 37 37 46 48 58 87 92 76 73 93 69 69 78 70 82 69 55 64 68 64 50 19 12 3 35 19 15 20 34 52 61 88 99 100 114 125 135 136 148 146 136 136 111 116 98 87 75 84 100 94 86 84 77 98 95 98 92 73 70 50 64 49 53 41 45 40 35 36 38 42 38 35 39 37 47 42 37 36 37 36 32 41 92 99 91 91 87 
48 55 48 48 54 45 48 52 55 61 65 77 61 49 51 58 67 58 63 66 64 67 58 52 56 49 54 49 48 48 44 58 88 95 72 87 99 96 97 82 92 94 77 83 99 108 91 181 140 100 95 63 44 46 41 54 62 73 87 86 83 76 76 77 66 91 87 104 84 93 96 92 90 88 91 82 74 85 62 63 49 73 76 60 95 71 55 52 43 42 51 40 40 39 36 34 38 38 36 34 34 36 33 36 33 37 38 79 75 97 96 96 
45 47 49 50 55 59 66 63 64 62 61 65 64 70 69 57 57 50 53 54 55 55 54 52 54 56 49 48 53 64 92 109 86 79 102 109 108 121 117 114 115 116 118 123 103 85 133 226 175 82 80 92 74 62 69 69 64 63 67 75 91 96 117 95 68 66 75 93 84 62 71 71 87 93 95 89 94 84 81 78 84 75 69 56 48 48 43 51 45 40 48 41 36 36 35 38 33 34 37 38 38 38 39 37 36 32 38 76 78 89 109 100 
46 43 46 48 44 47 50 52 52 58 64 66 64 57 53 58 59 57 61 56 66 62 65 61 51 62 81 86 112 143 129 102 101 92 96 114 121 98 95 91 93 88 95 97 107 99 74 79 60 69 88 87 89 50 54 56 68 77 86 101 85 105 127 155 154 107 82 70 90 87 61 75 92 85 73 86 97 97 79 72 70 61 49 50 44 42 44 43 45 43 39 40 42 41 35 37 38 36 33 38 38 39 40 36 37 42 33 68 87 86 92 108 
41 48 45 45 47 49 49 52 48 48 55 50 53 62 70 73 58 52 50 51 59 61 50 52 66 62 71 86 84 70 70 92 101 103 99 88 43 47 50 45 35 40 44 63 80 107 112 108 99 98 79 72 73 83 79 68 70 79 95 87 110 135 110 115 136 133 112 93 86 97 97 91 99 94 70 87 81 66 70 57 46 40 44 43 38 41 40 44 43 42 40 36 42 40 40 38 39 45 42 38 36 35 32 34 29 31 34 63 86 84 84 88 
49 47 50 47 48 47 47 47 52 49 50 51 60 62 63 66 68 66 58 58 56 63 70 66 43 57 64 64 93 97 86 76 74 60 49 42 52 45 36 40 44 41 61 64 67 73 83 91 95 94 108 100 87 75 76 70 68 84 95 93 62 42 72 68 65 87 116 95 95 88 81 58 56 52 67 42 38 37 35 40 40 41 37 43 47 43 44 42 39 41 40 39 41 41 44 41 40 35 37 37 37 37 34 36 37 34 37 51 77 65 74 82 
