10 96 96 95 95 91 96 96 91 90 97 90 94 95 92 95 96 92 95 93 95 95 97 92 92 92 96 90 94 94 94 94 94 95 92 84 80 64 52 60 71 52 57 45 33 30 18 18 23 36 46 44 52 63 70 78 81 86 91 100 94 94 101 101 107 98 95 84 77 79 64 62 55 57 53 55 60 53 55 60 58 55 52 53 56 58 51 57 53 57 54 52 54 50 56 52 53 56 53 53 56 51 54 51 55 54 47 53 57 51 48 50 
98 97 98 101 99 102 102 102 100 101 101 98 101 100 95 104 98 101 106 103 104 99 99 92 88 91 86 82 73 67 68 69 83 74 68 65 54 60 54 53 58 44 43 43 54 53 51 50 61 69 71 81 76 66 64 73 89 99 98 98 98 101 94 94 96 96 97 97 95 94 95 91 93 92 93 92 92 95 93 93 95 95 95 92 93 93 90 93 92 95 91 93 92 92 91 89 93 91 90 91 94 93 91 93 93 91 90 90 90 85 85 90 
100 103 97 99 101 101 99 99 99 99 98 98 98 98 104 101 98 98 88 89 84 81 76 75 70 66 59 54 49 42 43 54 56 56 49 49 52 44 57 61 45 46 53 48 55 51 49 51 40 39 43 50 46 42 49 52 47 47 49 59 68 80 91 88 93 88 92 89 88 95 91 97 97 96 94 94 94 91 95 95 94 91 92 93 92 96 96 90 92 94 93 92 94 92 93 92 92 94 93 89 88 91 94 90 89 89 93 90 89 92 94 91 
99 99 98 99 97 99 99 100 98 101 100 101 102 101 99 89 84 70 70 65 61 61 56 48 52 55 49 51 43 45 54 49 47 45 45 49 59 57 52 40 43 40 46 47 47 41 46 31 31 30 35 38 51 47 39 38 30 33 38 47 57 71 88 96 92 88 79 80 82 78 75 74 74 86 95 93 94 96 95 93 94 96 95 93 93 87 90 95 92 98 93 94 92 95 89 95 94 92 91 92 96 93 91 93 91 93 90 92 92 91 87 92 
100 99 98 99 98 100 100 99 99 101 97 98 95 97 85 79 78 76 66 64 66 56 54 59 51 46 45 47 49 54 50 50 53 54 42 39 36 41 50 48 43 49 51 36 33 39 44 34 29 37 41 51 43 43 47 40 38 39 49 57 71 93 106 123 127 144 152 153 149 149 149 135 116 91 77 92 92 93 93 94 89 93 90 94 96 95 94 93 93 91 93 92 90 91 95 91 92 92 89 90 90 90 93 91 91 90 92 93 92 90 91 94 
100 100 102 100 101 101 99 98 95 99 97 98 95 79 79 92 84 79 93 79 70 74 64 55 65 63 78 82 94 97 95 92 91 83 87 77 63 47 43 48 50 48 43 42 49 40 34 36 45 49 52 45 51 48 44 36 33 35 33 34 44 46 57 72 93 122 141 149 144 141 137 157 164 153 126 87 78 87 100 95 95 94 95 93 92 93 95 95 92 95 91 93 95 99 92 93 92 91 90 92 90 93 94 95 93 91 91 90 90 92 91 93 
96 99 98 101 99 99 98 99 102 98 98 96 77 84 87 82 77 81 78 96 96 83 82 82 77 98 105 99 98 100 102 103 103 103 93 87 84 81 74 52 40 36 32 35 27 36 37 40 36 40 43 49 53 50 51 52 44 39 36 43 45 69 107 137 155 157 155 156 155 154 145 128 132 161 170 163 127 90 75 85 95 94 93 95 96 93 91 92 95 92 95 91 93 90 92 93 95 91 95 93 94 90 90 91 91 87 91 94 88 89 88 89 
99 97 97 102 98 96 97 99 96 97 84 78 76 75 74 75 68 70 91 89 94 103 87 95 111 94 93 106 111 113 102 95 92 90 91 87 81 69 68 80 61 47 40 33 34 30 32 28 27 26 28 35 31 31 33 41 42 45 37 35 39 48 75 103 128 138 144 139 136 146 157 157 131 129 167 171 168 151 118 88 90 94 93 93 91 94 96 92 91 96 93 94 90 94 94 94 92 94 90 92 87 92 91 93 92 95 96 93 93 90 91 92 
99 97 102 99 102 97 98 99 100 84 85 80 74 67 74 65 75 83 77 102 90 87 104 116 105 114 108 100 88 71 70 64 61 63 66 71 75 80 66 64 69 58 41 40 34 34 31 30 23 27 30 26 24 23 22 22 24 30 28 30 33 37 38 35 47 65 80 102 111 108 115 140 155 132 147 178 179 166 152 118 89 92 94 95 96 93 90 95 95 92 88 89 95 95 94 91 93 88 95 92 98 92 94 94 94 89 90 91 91 94 89 92 
97 99 95 100 95 98 89 84 79 77 71 70 62 66 63 66 72 72 86 82 88 107 119 106 109 102 98 91 68 51 53 49 37 42 45 52 61 57 70 67 64 59 47 35 29 30 28 27 30 25 22 19 19 22 19 23 25 28 28 24 23 28 32 34 28 28 35 51 81 94 95 119 152 153 144 159 172 167 145 127 104 91 96 93 93 94 95 89 93 93 98 98 95 93 94 95 93 96 89 94 92 97 92 91 92 95 95 94 92 91 92 92 
99 102 101 98 99 94 79 78 71 62 57 62 68 47 63 76 74 82 78 92 99 108 105 110 103 104 85 50 49 50 34 33 37 34 29 34 45 43 53 66 65 61 57 40 32 27 26 21 22 19 22 19 16 19 22 25 27 23 24 26 22 26 26 25 30 35 37 41 54 96 125 138 160 165 143 151 166 163 150 130 104 98 92 93 93 93 94 95 93 95 95 89 94 93 93 92 93 93 96 92 93 93 93 92 94 93 88 88 93 92 91 94 
99 98 98 99 95 80 70 81 61 50 58 63 51 59 74 72 80 85 87 99 115 109 109 112 115 83 47 55 48 27 25 26 25 22 24 27 31 48 42 48 59 70 52 50 42 32 26 23 13 14 13 13 13 13 7 13 14 22 27 34 45 39 39 41 33 32 29 24 35 72 141 157 150 158 144 150 160 160 151 132 107 96 94 94 93 92 95 91 94 93 91 97 96 93 94 94 96 93 92 92 92 89 90 92 90 89 93 95 92 91 93 89 
99 99 99 99 95 73 76 78 62 51 48 55 59 66 68 70 80 99 120 116 107 99 112 124 108 65 46 56 36 26 23 23 22 28 23 24 28 25 34 36 50 62 63 47 45 30 31 27 29 31 31 25 26 32 55 77 87 94 104 107 114 112 109 102 91 89 83 75 64 57 80 117 122 127 127 135 157 159 150 132 107 96 92 96 94 97 97 96 97 94 95 92 93 91 93 97 95 92 91 90 95 97 96 95 94 94 91 94 94 94 97 91 
98 98 98 102 92 73 76 74 49 53 52 51 65 62 72 91 87 104 111 113 115 117 133 110 81 75 66 58 35 25 24 25 24 27 28 32 27 32 34 42 48 54 63 52 36 40 34 40 49 54 58 61 77 92 100 106 114 122 125 129 128 128 128 126 125 117 111 108 104 105 96 90 88 92 104 122 133 145 133 112 96 97 97 92 95 92 95 96 95 97 93 97 99 96 96 92 91 94 95 92 93 93 95 95 92 92 96 93 92 90 87 93 
98 97 99 96 85 66 79 65 52 54 58 65 54 60 75 82 102 110 108 114 109 121 118 96 76 64 69 61 33 24 23 22 26 27 33 41 42 36 41 39 43 56 61 53 51 50 53 56 58 60 54 65 74 85 99 106 112 122 130 136 137 142 138 135 134 129 124 117 113 109 110 112 109 110 107 109 113 113 106 92 83 87 91 94 94 94 94 92 97 92 96 94 91 97 92 94 95 95 95 93 93 95 89 93 96 96 91 93 92 96 99 92 
102 100 98 95 78 68 72 60 44 49 64 64 59 63 79 88 97 91 96 106 105 116 106 81 65 76 60 41 31 33 40 39 48 42 43 45 48 53 50 50 51 56 70 63 60 73 73 68 64 63 66 71 76 86 99 107 113 121 128 140 142 139 143 142 140 138 129 125 119 117 112 110 109 108 114 113 112 112 108 108 104 102 94 91 96 94 97 97 94 94 94 95 99 94 94 93 95 98 93 94 96 91 95 99 89 91 95 95 96 95 93 92 
96 99 97 89 72 66 76 58 48 59 56 53 56 79 80 72 97 98 104 93 102 110 93 84 77 65 67 54 42 56 60 61 55 67 73 77 79 77 89 90 91 87 87 89 84 88 81 77 71 77 82 87 89 92 96 101 107 117 128 136 148 154 156 156 150 143 140 131 126 119 111 108 108 110 110 109 110 108 113 111 113 116 108 110 98 91 91 97 97 96 96 97 93 96 95 94 94 93 92 96 96 98 95 92 97 95 92 95 90 94 91 94 
100 98 98 90 73 69 65 55 54 58 53 48 55 73 82 76 90 97 101 100 99 97 100 75 63 76 73 66 65 58 56 66 88 98 105 112 117 120 117 120 120 115 112 104 106 98 96 91 84 82 85 89 87 92 99 101 100 109 120 139 147 159 163 161 161 151 144 136 127 119 113 107 106 109 107 111 110 111 107 106 113 115 115 109 106 102 96 88 90 98 95 94 92 94 93 95 98 95 97 95 93 90 92 92 90 93 94 93 92 91 93 98 
99 99 97 78 70 73 58 66 63 54 44 51 53 59 72 87 111 104 93 92 106 107 88 100 92 82 79 70 61 74 90 112 119 125 126 128 135 134 131 131 131 130 131 134 131 127 104 97 91 88 91 90 100 104 104 89 86 97 122 138 152 162 160 164 162 153 144 136 127 120 115 112 107 105 111 111 108 104 107 110 108 112 108 111 113 109 104 101 94 89 96 98 98 97 95 98 94 97 95 98 95 96 95 98 95 92 94 94 99 93 86 87 
99 101 91 82 72 74 61 59 47 39 43 45 56 56 85 100 107 109 100 96 103 105 110 100 102 99 85 73 78 101 117 127 129 134 137 141 139 135 141 140 141 143 145 148 147 131 109 91 87 82 91 101 110 110 85 65 69 98 129 138 142 152 156 160 162 151 142 137 130 123 117 114 107 101 103 105 108 109 102 105 107 110 112 114 111 110 110 113 105 94 95 92 97 96 96 95 93 94 95 94 92 94 95 93 94 95 95 92 73 77 83 109 
99 96 89 83 74 71 54 53 52 58 54 58 54 58 77 75 96 118 107 87 91 82 81 95 100 100 108 98 97 116 121 127 133 135 139 141 141 145 148 146 147 149 152 153 149 127 105 85 77 86 92 113 120 109 88 84 85 99 118 135 143 145 149 154 160 151 140 135 125 120 121 116 112 101 100 108 113 110 110 110 108 111 115 117 116 118 115 113 113 111 104 96 90 93 94 94 98 96 94 96 96 95 92 94 92 86 80 93 136 161 179 181 
97 94 92 82 73 61 47 47 54 45 46 53 58 48 66 68 77 93 114 86 84 81 82 83 96 101 106 103 104 110 121 122 127 131 134 138 141 147 146 149 152 156 158 160 155 132 98 79 82 86 99 116 118 107 98 91 92 110 104 113 130 135 142 151 159 154 141 134 128 125 116 124 113 109 108 109 111 116 118 116 117 116 112 114 115 116 115 116 116 113 118 113 110 101 93 96 94 92 93 90 94 90 92 88 98 111 146 168 173 185 192 199 
97 95 91 73 72 67 51 48 43 41 41 44 47 40 59 77 80 84 117 95 84 86 74 83 99 106 105 108 95 97 105 117 128 126 131 134 138 141 145 150 154 155 159 160 155 132 93 73 77 91 101 119 123 105 97 83 87 110 111 104 111 123 134 144 156 151 138 131 129 125 122 121 116 108 105 107 114 121 120 124 124 124 124 118 119 119 118 116 115 116 113 112 114 107 102 98 91 100 99 103 102 104 109 108 109 123 133 130 134 137 144 153 
97 95 93 76 69 56 48 44 41 35 36 41 49 50 42 63 70 81 95 104 87 88 89 78 88 102 101 105 95 92 97 107 113 123 125 131 137 139 143 147 148 153 154 155 151 129 97 65 68 81 101 117 118 102 89 91 99 105 124 113 111 118 128 142 153 146 139 136 133 132 127 128 126 119 115 111 114 124 130 133 128 125 123 121 122 120 121 118 120 116 114 112 110 111 111 105 105 103 113 116 115 121 120 123 123 120 124 121 119 118 120 124 
91 92 93 78 57 52 33 37 33 36 32 34 40 43 46 50 58 63 88 102 96 90 94 80 87 100 98 106 97 90 93 93 109 114 121 131 131 141 143 146 145 151 157 156 151 134 104 71 60 82 98 114 115 94 76 73 91 106 127 122 110 107 128 144 156 149 140 132 128 131 132 132 129 124 116 116 123 124 130 134 135 135 134 131 124 121 120 118 120 120 114 106 103 104 107 109 108 106 104 109 113 109 115 118 121 122 123 122 120 127 124 122 
92 94 94 81 56 39 44 38 43 31 36 37 46 40 41 41 64 73 89 99 107 99 107 87 86 101 105 111 97 80 90 95 89 103 112 122 128 129 136 140 142 144 151 157 149 136 110 82 61 66 84 107 111 83 55 50 59 88 117 122 111 110 132 144 151 143 133 131 133 138 136 138 133 129 126 125 127 132 134 135 133 134 131 134 131 125 121 122 121 120 112 111 107 101 97 98 105 104 104 101 103 109 110 112 114 118 118 119 124 119 124 124 
95 88 85 63 47 39 45 40 39 38 35 39 55 37 49 49 51 59 87 101 117 102 108 94 94 106 110 110 107 97 77 80 91 95 104 112 121 126 132 128 137 144 146 151 147 138 111 81 63 65 83 99 104 76 47 37 44 65 108 124 110 103 125 136 146 140 132 133 135 140 142 142 141 133 128 130 130 135 136 137 134 137 139 132 131 127 123 116 111 113 115 109 104 93 93 96 102 106 111 107 105 99 100 107 111 111 117 113 115 121 120 119 
91 86 70 49 41 51 47 51 41 42 37 45 49 39 42 52 51 60 74 93 112 98 92 96 96 99 115 106 103 88 83 76 75 81 96 105 107 117 124 128 126 134 146 151 154 141 116 87 62 58 77 98 98 67 44 35 28 51 103 121 107 103 120 130 138 131 130 136 139 142 142 145 145 140 136 138 138 140 138 136 142 144 139 136 134 124 115 113 109 109 100 97 99 95 97 98 100 104 107 110 109 107 103 101 104 104 109 110 111 113 114 117 
88 81 54 50 39 40 58 47 34 39 40 48 48 38 37 51 57 67 70 74 101 106 101 96 95 100 109 104 91 83 86 81 84 86 85 99 102 103 109 113 122 127 134 145 144 139 112 80 60 57 70 91 92 59 36 35 31 53 104 118 102 103 119 126 128 130 136 142 146 146 150 149 144 136 138 138 140 140 141 140 142 143 143 141 136 135 121 111 99 90 89 92 97 102 105 110 105 102 110 110 107 106 105 102 96 101 104 107 108 106 111 115 
92 72 56 37 36 41 53 58 44 55 44 42 41 41 34 37 60 64 84 68 90 114 96 105 96 106 111 107 85 75 83 90 70 80 84 86 98 95 108 111 111 117 132 138 143 136 120 88 61 51 59 81 84 60 33 25 38 68 107 119 105 102 119 123 124 127 136 147 150 147 145 146 146 145 138 142 145 144 142 141 140 141 141 141 136 132 123 110 94 79 78 86 100 107 109 111 104 105 110 112 115 112 111 105 104 95 98 99 106 107 107 107 
95 72 54 59 48 42 61 72 47 52 41 46 41 36 36 32 41 59 80 69 83 110 96 97 82 106 102 103 85 70 73 87 94 78 76 80 91 100 94 103 110 115 121 128 135 129 114 93 67 63 59 72 83 62 48 57 72 98 118 116 99 111 120 121 126 132 149 152 148 147 149 147 144 143 143 141 142 146 144 146 143 142 141 143 141 131 122 110 91 76 67 83 105 107 106 108 106 103 109 117 116 118 115 110 99 100 94 96 95 104 104 105 
82 70 63 75 55 42 55 67 65 62 44 56 53 37 42 36 48 61 80 65 61 96 81 85 77 96 92 93 80 71 76 85 94 83 77 77 81 92 101 99 102 106 106 119 128 131 118 103 77 61 64 71 77 67 64 81 101 102 112 109 103 114 122 122 123 141 152 152 149 144 143 142 141 143 145 144 143 142 141 141 142 142 141 142 143 135 124 108 92 68 65 78 97 107 105 102 97 98 107 115 122 125 123 116 111 101 96 93 96 96 101 105 
78 70 64 69 60 42 58 83 69 59 61 59 54 36 37 35 51 64 73 65 67 86 82 82 65 84 85 91 79 67 77 88 90 83 86 76 85 88 94 102 104 105 108 111 122 124 116 95 83 74 70 72 74 72 65 76 88 93 108 105 101 118 120 124 141 154 152 149 142 142 139 138 136 138 139 139 139 142 144 149 147 147 148 146 141 135 120 111 93 63 64 95 108 102 99 97 93 91 108 124 129 131 129 119 110 103 98 96 95 99 95 98 
74 78 80 62 63 50 72 79 61 51 58 61 55 35 38 35 46 67 75 51 60 72 78 79 76 77 77 86 83 67 68 82 85 80 77 81 70 80 86 99 109 107 108 111 117 119 120 111 86 80 72 70 72 68 66 71 79 81 96 99 104 115 123 137 153 154 149 144 140 140 135 133 131 130 132 139 144 148 146 146 149 151 153 148 144 133 126 111 97 67 57 92 117 112 94 84 82 96 110 120 127 131 126 124 117 108 99 98 90 87 94 98 
71 78 77 60 59 50 80 82 57 44 68 65 63 49 52 43 40 69 81 61 58 63 77 70 65 77 73 81 88 80 72 76 80 90 84 82 73 70 83 88 103 107 109 113 118 117 118 117 104 86 78 71 72 71 71 65 70 80 102 104 104 118 127 146 156 148 144 141 137 135 134 126 119 123 131 134 139 144 156 151 144 151 149 149 138 132 120 106 94 68 50 82 115 108 93 81 86 91 110 118 122 124 121 116 117 110 98 91 101 92 95 94 
80 77 68 60 72 55 71 72 53 49 76 65 70 54 56 43 54 79 93 63 61 65 74 68 81 69 67 77 79 79 76 80 84 88 90 87 83 72 71 83 98 106 107 113 114 120 117 120 110 95 80 77 71 70 67 73 64 77 104 106 112 130 147 150 145 142 138 135 128 122 112 111 121 130 128 124 111 104 122 155 157 153 152 140 137 127 120 114 103 70 52 77 111 114 97 80 75 85 96 112 117 117 115 118 117 110 95 85 83 88 87 94 
77 68 58 51 68 55 71 69 48 45 65 69 65 60 60 50 51 85 90 60 52 57 75 60 67 72 64 73 80 81 73 78 84 84 87 91 83 80 84 87 96 109 112 115 116 118 118 112 113 103 90 75 66 68 67 72 79 83 108 109 120 142 147 143 142 135 130 131 126 118 116 123 129 134 132 123 107 96 95 112 123 136 143 147 134 126 119 120 105 72 54 74 104 111 106 84 74 80 93 118 119 111 106 107 116 107 90 87 86 93 89 88 
70 59 65 48 61 48 66 68 53 61 68 59 60 52 53 47 47 82 73 55 50 50 69 65 55 51 56 66 71 83 82 76 80 86 86 91 90 85 88 92 95 101 115 115 113 115 118 121 113 107 96 83 71 62 62 68 83 91 96 115 134 144 145 139 135 133 133 131 132 135 136 145 146 142 139 124 101 79 61 70 77 95 117 129 129 124 120 127 109 72 55 71 96 106 106 90 68 68 89 119 125 116 105 98 100 104 91 77 80 87 82 84 
73 68 64 41 39 49 54 66 64 69 60 56 57 54 58 59 46 78 69 56 52 50 63 59 57 53 49 60 76 76 79 81 80 79 81 89 98 91 90 92 102 111 115 119 119 118 122 126 123 117 107 90 79 64 58 63 67 82 108 124 133 139 136 134 134 132 134 137 143 148 153 150 147 147 142 132 114 86 56 48 60 73 88 106 119 120 126 126 108 70 63 71 100 89 102 96 80 72 80 113 127 126 117 102 94 89 86 80 81 82 84 82 
89 75 62 43 39 48 47 63 64 63 54 45 52 62 69 69 66 78 61 49 58 64 68 57 49 46 53 59 76 71 77 81 82 86 80 86 89 99 91 99 96 108 120 119 119 121 121 124 125 125 116 104 93 80 59 46 62 93 118 132 137 140 142 143 137 137 137 145 149 154 152 153 155 155 153 140 121 94 74 54 67 70 80 97 110 114 121 127 99 69 59 74 110 92 94 101 77 64 82 101 117 124 114 104 93 84 80 77 78 89 86 79 
95 79 65 50 41 52 59 62 62 56 55 68 50 53 69 63 66 78 52 54 61 69 77 59 44 47 47 51 73 83 82 88 81 76 85 82 90 98 93 100 105 113 118 125 123 123 121 122 124 117 119 113 115 112 102 105 110 125 136 141 143 145 146 143 144 143 145 151 161 162 169 168 164 159 149 141 120 96 83 71 63 72 72 81 91 105 120 126 100 63 60 72 111 98 88 100 84 64 68 93 116 122 116 107 99 83 79 79 78 82 77 80 
97 80 77 53 46 43 56 61 67 55 57 72 51 70 64 61 64 64 50 61 66 75 65 53 46 40 59 49 65 89 81 81 81 80 75 79 90 95 93 92 101 110 120 125 128 125 126 125 124 121 117 119 127 133 140 140 139 148 158 166 175 174 172 170 166 168 168 172 177 179 181 182 174 164 150 137 119 96 86 75 66 70 79 81 89 98 111 122 100 62 57 62 106 103 88 89 81 57 61 77 102 118 107 101 97 82 75 72 75 79 76 75 
89 80 81 60 55 59 61 64 69 50 54 64 67 71 57 55 79 62 57 66 77 86 59 50 45 51 50 57 57 83 93 93 77 82 83 68 80 97 97 95 105 108 116 127 128 131 128 125 122 114 116 118 132 154 167 172 171 171 176 183 186 193 195 193 190 188 189 190 191 191 191 186 178 166 151 135 117 99 86 79 66 68 71 81 81 87 100 110 103 75 66 65 98 104 86 86 77 59 64 78 95 115 115 103 92 79 75 74 77 81 79 72 
85 87 76 57 53 67 62 63 67 48 51 60 66 62 52 65 69 50 57 71 82 82 48 49 38 43 60 59 64 82 95 101 84 83 85 78 81 90 100 105 108 119 123 128 131 129 124 119 112 111 110 116 128 146 169 180 185 182 181 180 182 181 183 186 182 179 179 180 179 182 180 178 166 160 150 135 114 90 82 74 67 67 74 77 80 88 92 104 106 83 67 62 78 103 84 80 78 59 57 72 86 104 107 102 95 84 78 72 74 79 77 69 
82 95 74 59 55 83 69 55 64 50 67 75 70 58 44 67 68 46 57 74 80 69 52 46 39 40 50 51 62 76 88 100 83 78 83 83 89 97 108 112 119 124 124 125 133 130 129 124 118 112 112 116 128 141 159 171 178 178 178 177 173 171 173 174 174 169 168 171 169 165 166 160 158 152 142 132 113 86 80 73 66 68 77 80 79 75 80 92 102 83 65 58 72 89 82 86 80 59 59 74 92 100 103 94 89 85 81 76 72 78 77 68 
79 82 61 47 51 75 69 68 59 49 67 69 73 56 52 65 44 46 68 66 66 57 43 44 34 38 51 64 53 75 86 101 103 81 85 91 98 105 104 118 124 130 131 130 135 134 130 124 124 117 112 112 124 142 155 168 173 172 173 172 172 174 172 169 165 160 158 154 155 159 165 164 159 152 140 128 108 87 76 65 64 69 82 88 82 76 73 88 89 73 55 51 64 79 79 74 75 66 60 78 92 96 104 99 96 83 73 74 76 79 73 66 
70 70 50 45 61 61 72 74 68 54 67 72 69 65 55 55 40 44 61 70 61 52 52 44 42 39 50 64 66 77 94 98 107 84 79 87 89 107 113 115 128 140 143 141 139 140 139 136 129 119 113 111 117 131 142 149 155 156 162 160 169 170 156 152 147 143 142 148 154 155 155 154 152 144 133 123 104 85 72 64 67 76 87 88 86 81 87 84 83 62 58 50 70 82 68 74 78 58 60 82 88 94 101 101 98 90 79 74 73 76 73 66 
58 55 47 50 54 65 79 77 72 54 64 68 63 49 53 43 36 55 59 70 62 60 41 36 32 43 54 60 75 86 92 106 104 79 75 87 94 109 118 127 134 142 152 150 147 144 138 130 126 121 118 108 107 107 108 111 111 121 126 136 128 129 124 123 123 125 124 131 140 146 148 148 141 134 128 117 98 85 62 51 57 71 88 94 94 90 91 96 87 67 52 52 61 83 69 66 72 60 59 85 96 99 99 100 94 86 76 73 76 79 76 72 
50 57 55 52 62 66 78 70 68 63 56 60 56 48 57 52 38 60 67 68 63 55 40 38 31 44 50 52 66 94 106 107 103 81 78 81 87 101 119 125 131 149 156 158 152 148 146 141 132 121 109 94 91 85 78 84 91 99 108 108 111 109 110 113 118 118 119 123 131 134 137 132 130 126 116 108 98 87 60 41 58 74 90 101 92 92 93 99 86 65 60 50 68 74 71 77 75 66 68 90 95 97 100 102 97 84 83 78 75 76 73 70 
57 56 54 60 61 70 81 71 73 58 54 57 51 46 52 46 56 71 81 61 54 49 41 39 37 45 51 60 76 104 98 110 104 77 74 76 82 100 111 124 135 145 159 162 159 155 149 140 131 121 105 94 80 68 62 69 74 89 103 112 114 112 113 114 114 109 111 112 109 107 108 116 110 110 111 106 99 90 70 52 55 84 104 102 98 96 93 97 90 73 59 51 68 72 59 73 82 64 68 96 102 103 99 98 92 86 80 78 74 77 72 74 
47 53 64 69 63 68 71 68 66 49 49 54 50 49 46 49 69 74 82 52 50 44 40 32 34 50 57 50 65 96 100 102 100 85 75 77 84 93 111 125 134 140 152 163 162 155 144 133 119 107 99 85 73 65 60 62 77 87 97 112 124 132 131 128 117 115 112 111 110 104 105 105 113 114 115 112 104 91 81 71 80 97 101 106 98 95 93 94 95 79 55 55 72 68 75 83 83 70 69 87 97 101 93 94 89 81 83 78 78 78 74 79 
43 47 66 71 70 72 66 61 65 59 61 69 60 61 51 48 73 82 75 71 56 52 41 40 46 59 62 60 80 101 96 112 94 82 74 71 80 95 105 122 132 139 147 154 158 156 145 133 120 101 85 76 64 60 63 72 86 101 104 108 126 133 138 130 126 121 113 110 107 104 99 98 109 127 128 118 107 103 92 87 99 106 112 105 100 92 90 96 95 81 61 55 68 69 76 81 80 72 68 86 96 98 94 92 86 86 83 83 82 82 79 85 
49 57 65 63 83 76 62 64 55 66 58 57 62 63 58 59 72 88 92 72 67 53 41 38 51 60 65 70 73 95 97 109 95 71 72 74 81 96 108 122 132 138 142 153 154 152 141 130 110 97 87 69 65 65 67 72 80 95 108 107 114 142 148 146 135 127 123 115 112 105 102 97 91 97 112 116 112 98 96 95 101 112 110 107 100 94 93 90 91 79 58 55 65 75 84 87 83 78 78 83 91 93 96 89 87 93 90 85 81 81 79 84 
51 60 65 61 78 75 69 67 56 66 63 77 86 80 69 57 82 95 93 81 64 46 42 51 49 62 65 87 86 94 102 99 86 67 67 76 87 98 113 121 126 135 141 148 153 151 142 125 107 84 71 72 68 62 64 69 79 80 97 102 110 131 146 148 146 138 131 123 120 113 106 98 94 88 91 93 97 100 100 105 105 107 111 107 105 98 93 92 86 78 53 51 71 75 85 86 83 83 83 86 86 94 95 97 94 87 88 83 85 82 87 91 
61 65 59 67 76 63 82 78 69 69 75 83 80 77 51 58 74 99 91 69 53 58 54 57 60 57 67 89 97 106 100 102 74 65 69 76 84 102 112 123 128 135 141 142 151 154 140 114 94 83 69 66 67 71 66 74 69 72 94 106 108 123 137 148 149 144 137 130 123 122 115 114 107 106 101 104 106 106 111 112 112 109 110 108 102 97 96 90 89 82 57 56 75 83 87 89 81 83 84 89 94 97 103 100 97 95 89 89 88 90 86 87 
62 64 58 56 68 58 89 79 77 80 78 85 82 66 48 52 85 95 80 63 54 57 56 60 61 58 85 103 102 116 100 97 76 66 72 79 94 105 114 122 130 130 136 145 146 151 140 111 88 71 65 64 71 65 65 67 70 69 95 102 106 123 133 138 148 147 140 135 126 122 129 124 123 121 114 116 117 119 122 124 120 118 116 114 109 99 93 94 90 80 55 66 80 90 91 87 88 82 86 90 94 102 103 103 98 92 95 92 90 90 91 95 
70 58 54 51 66 71 89 85 77 85 77 86 68 57 52 55 77 90 67 54 53 51 58 52 48 65 94 97 102 104 101 97 63 70 79 88 97 110 117 122 126 128 136 139 144 150 137 110 88 74 65 67 70 67 73 67 74 76 92 102 102 112 129 138 143 148 143 136 134 133 133 134 131 126 129 125 125 125 124 131 128 124 125 123 120 108 101 91 89 81 60 67 90 86 85 84 82 85 82 94 97 100 100 102 102 96 93 91 93 91 93 90 
71 59 54 50 53 67 92 93 81 86 78 79 62 50 51 65 78 69 61 53 52 59 51 53 51 73 95 108 113 102 88 84 69 69 81 98 105 108 114 123 126 134 134 140 143 142 129 106 79 58 54 68 71 72 62 68 79 83 94 97 96 111 125 133 138 146 151 142 140 136 136 136 135 136 131 129 130 130 128 127 131 129 127 131 131 123 101 93 87 82 65 70 84 92 87 89 88 87 89 89 92 98 98 100 100 96 95 95 94 96 92 95 
80 63 61 58 56 78 74 86 73 79 74 69 55 52 64 75 77 59 58 54 58 60 54 58 58 85 104 94 97 94 81 77 73 72 88 100 104 105 115 120 125 130 133 140 145 143 123 98 81 62 63 69 69 71 70 87 96 93 98 101 96 106 120 134 139 141 154 150 145 144 143 139 137 137 135 133 135 131 134 130 126 124 127 132 130 118 102 90 90 83 69 71 86 88 90 89 92 90 93 98 96 96 94 100 94 98 96 96 100 96 93 90 
87 66 58 60 57 66 75 77 70 72 66 63 53 52 55 73 69 49 54 51 62 47 55 66 67 99 105 89 88 85 74 78 76 82 91 111 117 113 112 127 129 128 130 135 144 139 121 97 75 57 56 74 77 67 61 70 92 104 108 105 95 104 120 127 129 137 147 154 151 150 150 148 142 138 140 137 133 131 130 129 129 126 121 118 120 115 100 95 91 88 79 74 79 89 89 95 93 94 96 93 96 98 99 96 98 94 98 100 97 98 97 93 
79 58 56 57 63 69 66 66 58 66 72 68 44 45 49 61 60 52 47 55 51 50 45 70 84 108 92 79 83 76 71 81 78 81 96 112 118 125 127 121 126 128 132 133 137 133 116 93 79 63 67 82 82 59 36 38 53 87 106 107 102 100 120 133 134 132 142 151 150 152 151 143 143 138 133 136 132 129 126 132 127 124 116 107 114 110 104 96 95 91 85 81 82 84 87 89 90 91 92 95 93 99 95 99 95 98 99 97 99 98 95 92 
85 62 54 54 56 59 59 58 57 64 72 59 53 49 58 64 73 58 54 67 59 48 53 77 90 104 84 72 74 76 66 77 88 87 94 109 119 124 124 125 127 127 130 137 140 133 112 89 77 65 76 95 87 61 42 33 36 55 95 101 96 99 118 138 140 135 139 147 149 154 151 144 143 137 137 132 131 129 128 125 128 125 117 107 104 105 99 96 94 98 88 86 82 88 89 95 91 93 89 93 100 95 99 94 96 100 97 98 96 95 92 92 
86 71 57 62 55 48 59 53 51 65 82 65 54 60 56 62 61 56 62 59 54 58 58 70 83 98 84 71 75 70 64 73 83 93 95 108 116 123 128 124 123 124 130 132 134 119 104 89 76 69 90 96 100 70 40 35 34 42 79 100 96 99 115 132 145 140 139 142 144 149 148 134 136 133 131 128 122 121 119 120 125 121 117 106 105 100 98 95 95 94 94 95 96 89 87 88 89 93 94 91 92 95 91 94 96 98 100 95 94 95 93 94 
89 76 62 70 53 47 46 49 53 63 74 60 62 63 54 58 60 60 66 65 55 56 53 67 77 94 78 71 71 61 61 73 78 87 99 105 114 124 129 130 127 127 128 130 132 123 102 90 78 77 95 109 101 72 49 30 27 39 88 104 100 102 114 135 144 145 131 136 139 143 146 135 131 130 127 123 117 113 114 117 114 118 116 114 108 105 100 96 98 95 97 95 94 96 94 90 88 87 90 94 97 95 92 95 96 98 96 97 93 100 91 95 
92 74 61 58 48 50 46 51 46 62 58 54 64 50 53 62 49 56 77 58 58 57 57 74 72 79 72 68 70 56 60 70 81 90 94 107 113 118 124 127 120 119 124 132 135 120 99 84 76 89 109 113 111 82 37 36 40 69 87 96 99 102 119 136 151 146 139 139 141 138 140 141 136 129 123 117 113 109 107 108 115 112 110 110 104 105 100 99 97 99 98 96 99 95 95 93 94 95 96 98 94 93 97 96 99 98 98 98 100 98 98 93 
90 77 62 52 48 44 47 48 51 54 53 54 52 48 56 61 53 70 67 59 58 59 56 77 77 78 63 67 64 60 57 63 77 87 90 98 110 116 123 130 128 123 122 123 129 114 100 85 81 90 107 116 113 88 55 47 63 84 92 92 97 103 117 135 142 146 142 131 130 134 141 134 131 124 120 113 103 106 105 105 106 108 108 107 109 108 104 102 98 98 102 101 98 97 96 97 95 95 97 95 95 97 98 101 98 99 97 94 96 99 98 97 
99 84 69 56 51 50 42 46 38 50 46 46 48 54 57 55 55 63 61 48 57 54 61 78 74 73 58 60 49 56 67 70 72 76 89 95 101 110 119 120 120 122 120 125 126 116 90 83 87 92 112 116 116 97 71 60 73 79 99 98 101 106 120 130 137 139 133 131 125 132 132 127 119 122 112 105 105 99 99 102 104 105 106 106 103 104 104 102 103 101 95 95 98 97 96 96 98 96 92 95 97 98 99 98 97 98 95 93 95 93 99 96 
95 90 74 58 54 53 43 48 48 47 41 36 46 61 57 67 63 69 54 51 60 73 64 76 71 78 57 58 54 51 58 59 67 72 81 90 97 101 110 117 114 114 119 115 120 117 96 87 84 90 103 113 114 98 92 69 72 88 95 93 102 109 117 131 137 133 133 123 127 129 128 122 112 110 105 100 98 96 104 104 104 105 105 104 105 102 102 106 103 100 102 101 99 100 102 102 94 95 96 97 97 97 97 98 100 99 99 95 96 97 95 95 
97 91 87 71 66 53 43 44 53 51 40 36 49 69 63 66 54 56 42 48 58 57 72 74 71 77 66 51 45 44 50 52 57 64 69 70 87 91 96 110 116 114 109 110 112 112 96 93 88 91 100 107 106 103 97 84 71 84 91 97 109 114 121 129 133 137 132 130 128 128 125 114 109 106 99 98 97 100 99 99 102 106 105 105 103 104 102 99 103 103 105 104 104 106 100 96 97 95 97 98 99 94 98 100 100 100 99 101 96 101 101 97 
95 93 88 75 66 53 40 33 51 52 43 41 44 54 51 68 45 42 46 44 58 61 64 81 69 74 72 67 49 46 47 53 49 53 59 68 71 78 85 89 95 103 109 110 114 109 90 92 85 87 90 103 108 104 80 83 77 79 91 104 112 117 123 123 127 124 130 129 129 127 118 109 102 104 104 100 97 97 103 105 102 101 99 100 103 98 98 101 98 99 100 99 100 93 96 101 96 94 95 96 92 93 95 97 103 99 99 95 95 97 98 96 
96 93 91 87 65 58 47 41 41 60 45 40 44 52 48 46 47 41 44 55 66 56 66 76 72 71 62 80 69 49 46 40 47 50 50 58 65 70 75 74 82 89 92 101 104 112 97 83 81 81 88 91 100 104 93 68 75 81 99 108 114 116 118 122 130 134 134 132 127 124 114 110 108 102 100 96 99 97 96 101 99 95 96 96 94 93 99 97 101 96 95 98 95 96 95 91 98 97 97 95 98 102 102 98 84 97 101 105 105 99 100 100 
95 97 95 92 85 59 54 49 43 49 52 45 32 53 49 48 47 53 51 63 72 66 69 72 65 63 57 59 101 65 46 38 42 45 47 52 56 62 61 64 62 71 84 87 95 104 101 87 82 79 88 92 88 96 103 95 84 87 95 105 110 115 125 129 129 131 133 136 129 120 115 105 103 102 104 101 98 100 97 91 96 97 89 88 89 92 97 99 97 96 98 98 97 98 104 107 103 105 102 100 98 95 89 95 127 94 63 71 79 91 99 98 
94 94 88 93 89 68 53 55 48 46 37 42 39 45 46 46 48 60 54 61 66 60 66 69 61 57 63 64 77 98 58 36 33 40 51 48 46 47 55 55 58 65 70 86 86 87 102 94 84 84 85 91 93 95 95 102 101 98 101 106 111 123 122 127 134 134 132 128 126 121 110 106 103 104 98 102 103 97 101 101 94 92 93 92 95 94 96 98 98 93 91 88 92 85 78 78 71 64 62 62 59 53 57 48 77 136 130 82 58 46 35 43 
98 93 97 93 97 75 55 49 45 41 50 39 37 46 43 45 54 58 52 60 59 52 60 62 63 55 62 75 81 83 89 58 41 38 33 46 47 45 43 52 57 52 64 70 78 87 88 96 86 76 88 96 98 102 107 104 102 101 103 108 114 119 125 131 128 132 134 127 119 114 110 104 105 98 100 98 98 100 97 99 97 96 96 98 97 98 97 95 92 89 69 60 47 44 50 44 48 47 44 49 50 48 47 48 47 54 105 149 153 123 106 91 
95 98 94 98 92 93 69 52 50 40 48 40 32 40 54 49 54 53 55 65 58 48 53 59 54 48 46 77 96 83 71 82 65 48 41 39 43 40 40 41 46 60 63 67 74 82 90 89 90 80 77 88 95 101 106 105 107 108 113 116 118 121 123 125 132 128 127 123 115 107 105 109 102 102 103 102 104 100 100 96 96 100 96 96 97 98 95 91 86 71 55 47 50 52 49 55 50 50 53 51 51 47 51 54 53 48 45 54 84 130 149 158 
93 92 95 92 96 93 89 60 50 45 45 48 36 45 47 44 58 57 41 53 56 44 53 55 58 55 41 45 87 96 73 58 73 57 54 45 49 42 40 37 45 40 51 50 55 68 79 85 84 84 82 79 84 93 100 104 105 109 112 114 116 122 125 124 122 124 121 114 109 109 104 106 103 103 105 104 105 103 101 97 98 98 98 102 98 96 92 85 77 63 52 55 49 52 55 48 51 52 53 54 53 56 52 50 49 50 49 51 49 47 66 94 
94 95 95 97 91 95 97 82 54 47 49 41 46 57 45 36 52 47 41 54 56 50 40 49 51 54 47 55 58 87 91 74 54 56 45 45 41 44 41 46 36 34 32 34 41 42 48 57 65 72 81 84 86 84 91 99 105 106 110 114 118 119 118 121 118 115 113 108 108 103 102 98 103 106 104 104 104 98 99 96 98 97 98 96 98 99 92 76 59 48 52 51 54 54 47 56 53 51 48 52 48 49 53 54 53 49 54 51 45 46 43 41 
95 96 94 90 94 94 93 93 64 57 52 45 35 41 40 34 52 44 33 45 47 46 46 46 51 48 44 40 55 66 82 88 68 57 48 45 40 35 29 23 27 31 31 32 27 34 36 36 40 49 61 74 86 92 92 96 102 108 108 115 116 116 116 115 113 113 110 106 101 103 101 102 99 100 102 104 103 99 100 99 97 99 96 102 92 85 72 56 50 51 50 50 54 47 54 50 49 52 53 52 51 54 51 52 50 50 53 47 52 51 51 51 
94 95 95 97 94 95 92 92 82 52 38 41 47 40 30 34 51 40 31 32 38 43 42 40 50 63 40 39 46 63 72 81 73 61 52 47 47 41 45 43 29 25 34 34 33 27 30 27 28 30 38 46 60 79 88 96 99 103 108 105 108 108 106 106 106 106 104 101 97 97 101 98 102 98 97 93 96 99 101 98 98 91 87 71 64 51 50 50 52 55 51 54 49 56 51 54 52 53 48 50 50 51 49 51 47 50 50 54 51 51 51 53 
93 92 94 91 93 95 96 96 93 75 45 37 33 33 41 33 44 43 34 29 34 36 40 31 41 52 50 34 35 40 49 50 75 72 58 47 39 41 44 37 43 37 27 32 31 27 28 28 24 23 23 29 26 33 50 61 75 88 98 104 106 108 106 103 101 100 99 97 100 97 93 94 91 96 93 98 93 91 87 80 72 63 55 49 45 52 50 56 54 50 53 50 52 52 53 51 51 50 53 55 51 50 52 51 55 47 51 48 47 54 53 51 
95 95 95 97 94 93 90 96 87 86 56 36 31 29 36 35 35 43 48 28 36 37 33 38 30 34 56 56 32 25 44 53 47 57 66 62 53 41 37 36 26 28 29 33 31 27 27 23 25 20 17 18 20 22 24 34 40 53 60 79 85 97 97 90 87 81 76 69 64 63 81 90 94 94 94 87 87 84 74 66 53 43 51 51 54 50 57 51 49 52 53 51 51 51 51 54 51 52 47 52 49 54 50 53 50 53 49 50 52 51 48 49 
93 94 96 93 94 95 97 92 97 91 81 50 31 28 38 40 33 41 38 32 27 37 38 31 39 27 28 34 42 32 33 36 43 41 43 53 50 52 42 25 24 21 24 26 32 28 29 29 25 28 26 19 23 20 18 20 27 30 35 36 44 45 46 43 42 37 36 29 29 56 96 105 105 104 98 100 108 111 106 91 81 65 49 53 52 51 49 52 52 51 50 52 49 49 51 50 52 51 56 50 55 50 50 49 51 49 50 50 49 49 48 52 
95 94 93 96 91 93 92 98 93 96 92 84 49 29 27 29 29 29 44 34 33 33 33 33 29 31 21 25 19 27 39 43 36 36 37 44 44 40 37 39 31 26 25 20 20 25 28 28 27 23 22 25 19 21 22 20 22 24 28 29 29 30 29 28 25 27 26 23 50 97 107 103 101 101 107 94 97 107 109 105 90 72 56 55 56 57 56 55 55 55 57 54 55 56 57 52 52 49 50 49 47 49 52 51 54 50 53 52 52 52 51 54 
95 95 91 92 96 92 95 91 94 96 94 94 92 67 46 29 25 20 30 38 29 34 36 32 26 20 25 17 22 23 32 35 40 35 36 34 39 32 28 30 34 28 31 26 22 19 27 29 37 35 35 32 29 21 20 21 20 19 23 22 22 25 28 27 26 26 32 55 93 107 104 107 91 91 115 108 107 108 107 103 94 77 56 55 48 52 49 52 54 57 50 52 50 49 50 54 52 54 56 57 55 53 51 51 49 52 51 49 54 49 51 51 
96 93 95 98 96 99 94 93 96 94 94 91 92 91 82 73 73 63 45 33 38 32 42 43 41 37 36 30 20 21 25 30 39 39 34 35 37 31 31 28 33 32 31 31 29 25 21 27 29 34 33 36 34 33 30 25 22 22 19 20 18 20 21 26 22 28 35 62 89 101 109 104 91 100 112 106 109 113 115 106 97 73 55 52 54 50 57 53 52 50 52 54 56 54 52 53 50 50 50 48 50 49 53 52 51 49 55 54 51 51 52 48 
89 93 90 89 96 95 91 93 92 91 95 97 97 93 95 92 96 89 82 51 26 31 32 39 43 40 45 35 28 25 26 28 33 36 38 40 35 44 39 35 27 34 31 32 28 34 29 23 22 28 36 35 30 32 35 39 31 28 22 23 24 15 15 19 32 39 47 49 53 61 66 75 94 114 118 110 111 117 114 106 93 67 53 53 55 58 53 51 50 52 50 52 50 51 51 55 56 51 51 57 53 57 51 52 55 53 48 47 52 53 45 51 
98 95 95 96 91 95 95 93 96 94 93 94 96 95 93 95 95 100 94 88 66 43 29 33 36 34 43 36 23 23 20 21 25 26 31 45 44 34 35 35 37 32 31 28 28 20 30 35 33 30 29 35 35 33 41 39 47 51 51 47 47 59 63 66 65 60 54 53 51 49 46 49 97 111 111 113 117 115 113 104 78 52 49 55 52 52 49 55 54 55 54 50 52 53 52 50 48 52 54 51 49 51 50 52 52 50 52 55 54 52 54 50 
88 91 95 96 95 95 94 95 94 97 94 93 97 94 95 92 93 94 96 95 89 81 62 35 25 30 30 41 35 25 26 26 26 28 32 41 41 49 43 34 36 40 35 28 29 23 21 25 31 34 32 30 31 35 33 35 46 45 43 55 62 93 107 99 81 69 57 46 43 49 50 82 99 104 106 119 121 120 109 87 57 53 55 51 55 49 54 51 49 49 52 51 55 53 50 55 54 53 51 50 53 52 53 50 51 53 52 48 49 53 49 47 
95 94 94 95 95 94 92 91 92 93 94 91 93 93 94 94 92 94 92 95 96 95 94 89 77 59 48 37 41 34 31 33 27 29 26 35 48 47 39 32 31 39 45 35 27 31 27 24 25 29 35 35 34 35 35 38 32 32 46 64 96 105 117 123 110 96 81 72 72 73 97 104 100 97 110 120 123 103 82 58 49 54 50 56 48 53 52 54 57 55 53 56 51 57 55 51 49 51 52 55 51 55 50 55 52 53 52 55 55 52 51 56 
96 93 94 94 95 95 92 95 95 95 92 97 95 97 98 94 96 94 95 89 96 94 96 94 94 85 75 63 40 32 37 28 28 28 36 35 38 41 38 46 45 39 42 42 35 30 33 31 33 30 29 31 32 31 31 28 33 39 43 50 57 75 80 89 106 112 113 107 110 107 108 106 104 111 113 104 88 66 50 52 56 51 52 53 57 52 53 52 49 52 52 53 52 50 52 53 54 52 55 52 52 51 56 53 53 48 54 52 48 54 51 45 
93 94 92 92 95 98 97 93 93 94 95 91 90 93 91 92 94 96 92 97 91 94 96 93 94 95 94 93 84 55 44 41 37 22 32 30 39 35 35 36 39 36 33 36 36 30 32 30 29 32 32 27 27 27 27 33 31 29 37 41 43 40 40 42 40 57 73 93 106 110 114 112 113 104 80 63 45 47 54 56 52 53 55 54 49 54 52 54 56 56 52 54 51 55 52 58 51 49 53 55 52 54 49 51 48 50 49 47 50 50 52 53 
92 93 93 94 93 90 93 94 95 92 92 93 95 94 94 92 93 94 98 91 94 92 92 92 92 91 95 93 98 99 87 79 68 64 45 38 30 30 39 35 40 32 24 29 30 32 30 32 27 23 25 29 29 37 51 62 70 74 61 50 49 51 62 64 78 84 98 106 100 105 95 89 70 57 51 46 57 53 54 53 50 55 50 50 56 53 53 53 50 50 54 54 55 53 55 47 51 53 53 51 53 52 56 51 58 53 52 52 54 56 50 48 
