10 101 105 99 103 101 101 103 102 100 101 98 86 95 87 84 63 79 70 78 93 98 92 76 49 42 66 46 42 49 43 63 70 55 51 63 73 70 82 68 100 92 87 94 93 94 93 91 94 95 91 90 94 90 92 93 90 91 91 91 87 88 89 90 92 90 90 87 90 92 86 90 86 86 86 85 83 86 85 85 85 85 84 80 81 84 81 78 78 77 76 75 75 75 75 73 73 71 72 76 70 69 68 66 65 69 65 68 66 66 68 67 
111 107 106 108 111 110 107 106 106 110 111 100 85 77 73 76 71 80 38 44 70 76 75 87 77 85 66 70 77 75 86 90 95 91 94 89 89 89 86 86 89 85 84 88 86 86 84 87 120 121 99 66 68 91 114 141 157 139 122 105 103 111 133 148 163 151 135 88 70 78 79 81 80 80 81 83 81 78 78 78 82 79 80 79 76 79 80 76 77 78 78 76 74 77 79 77 76 77 79 78 77 73 75 150 204 200 200 200 200 205 207 209 
107 109 108 108 106 106 108 110 106 89 103 105 76 63 55 56 43 56 47 53 74 61 61 62 65 54 51 53 46 58 65 78 84 76 76 91 90 89 93 90 88 92 89 88 87 89 87 93 136 139 98 46 62 77 94 129 131 128 135 141 133 125 113 110 120 146 155 147 110 76 80 78 79 80 81 80 79 80 84 81 78 79 80 79 79 77 76 75 76 75 77 77 79 78 75 75 73 74 76 74 75 75 86 179 201 202 204 204 204 203 201 203 
109 106 107 107 108 106 109 107 106 89 93 98 80 59 61 66 52 40 43 64 63 50 46 40 36 37 47 36 41 45 41 42 46 48 47 50 52 69 78 84 90 85 92 94 90 89 88 92 136 148 141 87 84 121 150 145 150 149 155 164 177 177 174 168 128 119 149 160 153 117 66 78 82 80 78 78 79 77 75 80 78 80 79 78 77 78 78 79 75 77 76 74 76 75 74 77 79 78 75 80 79 71 140 199 197 196 196 199 201 203 205 203 
106 109 109 108 109 109 107 103 102 85 91 94 74 55 63 56 51 47 49 62 50 48 43 42 38 45 35 41 41 37 40 45 41 36 40 38 39 41 42 46 46 52 57 61 68 75 76 79 112 157 152 141 101 113 150 166 164 154 143 137 126 126 136 152 165 129 133 157 166 156 122 70 78 76 82 81 81 81 79 77 78 79 78 79 77 77 76 76 80 78 78 77 76 74 78 77 73 72 76 72 71 93 183 205 216 219 217 213 206 198 195 201 
109 108 108 112 110 106 111 104 104 83 67 92 67 46 61 43 45 50 47 56 53 40 40 41 45 34 37 40 40 42 42 35 40 54 51 52 46 48 42 43 42 37 40 42 47 49 53 53 65 127 167 159 138 100 104 145 157 138 127 112 108 115 121 129 148 153 140 147 160 163 150 106 75 78 80 77 78 78 81 77 76 77 79 80 79 78 78 78 77 75 75 75 78 77 75 77 76 77 75 77 72 120 200 188 171 173 180 191 207 217 210 200 
111 109 103 100 100 87 95 101 107 86 61 84 60 40 61 58 45 42 51 66 54 48 41 45 37 36 43 42 44 39 40 38 53 57 57 50 41 40 43 39 38 41 40 44 46 52 47 46 43 57 129 149 158 142 118 122 139 105 91 84 88 120 131 125 138 162 162 146 147 165 154 135 82 72 78 78 79 78 76 79 79 80 78 77 76 77 77 74 74 80 76 74 78 76 75 74 73 76 77 75 83 165 158 140 145 146 145 147 155 169 202 219 
105 109 112 88 94 92 94 92 96 88 62 79 52 45 46 54 50 50 51 64 55 56 56 47 45 51 47 47 41 41 40 53 51 60 54 40 37 41 42 32 41 45 43 42 43 38 42 41 51 51 56 89 112 140 144 132 114 93 52 78 117 146 142 136 133 158 165 154 156 170 167 151 127 76 79 81 80 80 80 74 76 75 80 78 80 77 76 78 77 76 76 79 74 75 77 76 78 77 74 76 92 152 134 139 140 142 148 152 152 151 150 163 
109 93 108 108 87 83 80 95 87 71 65 79 61 54 46 54 48 49 54 68 59 60 50 50 48 50 44 40 40 43 54 58 57 53 44 43 45 46 45 50 49 45 47 48 47 54 58 61 63 58 45 39 42 62 87 112 115 122 137 157 164 159 154 139 121 114 146 152 154 165 163 158 137 89 78 80 76 76 79 80 78 78 78 78 76 76 76 76 76 74 76 76 77 74 73 78 75 76 76 75 101 139 132 137 140 146 149 148 149 153 151 148 
106 103 91 104 96 80 76 72 78 60 66 58 47 44 47 57 46 47 60 64 54 46 51 60 61 50 41 45 43 50 48 47 52 49 48 48 48 53 55 54 53 54 59 63 60 58 61 60 51 55 67 85 97 105 104 114 114 121 138 151 156 155 156 153 151 130 131 138 149 160 162 157 143 103 71 82 82 78 77 76 78 75 78 79 77 74 77 77 75 75 78 77 78 74 78 75 77 77 77 72 95 124 131 138 146 147 145 148 147 148 148 148 
110 108 98 80 94 70 76 63 88 75 63 68 44 51 43 55 41 56 62 62 59 58 61 54 48 40 47 44 46 44 43 46 47 49 46 50 51 49 58 62 63 69 61 55 54 60 69 70 87 98 111 127 143 139 143 138 135 131 123 117 115 119 118 124 126 130 131 129 128 134 148 151 142 127 88 59 63 76 79 78 76 78 78 75 77 79 77 77 76 80 79 81 75 83 73 79 67 65 56 73 113 124 126 132 129 132 135 137 141 143 144 145 
107 105 107 82 82 70 66 58 71 71 57 60 52 54 51 47 49 61 76 74 66 64 54 48 44 47 48 48 49 48 49 50 48 48 51 55 55 60 62 66 65 61 57 69 80 93 103 115 124 134 139 140 141 141 141 142 142 144 138 133 131 126 124 123 120 119 118 118 117 119 117 121 124 123 126 116 89 66 61 65 75 78 80 77 79 74 73 72 74 67 66 59 58 54 60 62 74 91 108 123 129 129 131 134 136 137 139 141 144 146 151 149 
106 99 93 92 66 68 61 74 66 71 63 57 54 44 47 44 68 74 79 70 68 69 57 49 48 48 48 48 47 47 49 45 48 50 50 58 63 67 72 68 64 70 89 108 117 123 133 137 139 137 140 141 138 138 136 141 136 142 138 136 133 133 129 128 126 123 120 120 123 119 117 117 119 120 118 124 125 121 101 85 68 60 59 59 60 61 63 61 68 72 82 89 98 105 118 119 133 135 138 140 139 138 140 141 142 144 145 144 146 145 147 150 
104 103 96 94 74 70 67 67 74 65 68 60 58 48 36 49 70 79 68 68 58 45 44 43 42 47 51 44 44 46 51 55 55 63 73 76 73 74 75 78 82 99 117 132 139 139 140 141 141 140 143 142 142 146 150 144 145 138 143 144 143 136 133 131 127 124 125 122 116 121 125 121 118 119 121 119 118 121 125 124 123 115 111 115 118 124 121 131 134 137 132 137 132 137 126 136 130 134 135 139 139 141 142 142 141 139 142 147 149 150 150 149 
97 99 93 84 70 63 61 58 59 66 61 58 55 41 33 65 76 76 75 55 38 36 38 43 50 54 51 49 51 54 61 68 71 76 80 84 87 86 84 88 98 113 127 132 139 142 144 143 142 142 140 144 145 148 144 146 150 150 143 142 143 143 140 140 137 131 128 126 122 122 120 121 129 127 124 127 127 126 126 126 126 122 118 118 120 124 129 130 130 127 128 129 132 130 127 132 136 137 133 135 145 144 143 144 146 148 144 143 146 149 148 148 
93 94 66 77 70 56 61 56 54 61 58 46 50 36 51 73 70 81 67 44 41 39 39 45 51 49 48 49 57 67 79 82 87 88 85 90 95 95 92 99 110 126 134 135 137 138 142 147 148 146 147 148 146 146 145 152 151 149 146 145 147 148 150 147 142 140 135 133 133 129 128 126 124 123 128 127 129 130 126 127 127 126 127 123 120 115 115 119 130 135 132 128 117 125 126 120 128 131 132 127 135 139 140 141 141 144 146 141 150 150 151 154 
74 69 88 61 71 64 56 60 52 54 57 52 51 36 51 62 73 71 50 44 35 37 46 53 51 52 49 68 79 90 97 99 101 95 93 102 107 95 99 104 111 128 137 140 142 142 140 136 133 137 135 145 143 145 152 147 156 156 162 154 155 151 150 146 150 144 140 133 131 131 132 131 133 135 126 129 129 124 130 127 126 125 125 125 122 117 116 110 106 119 134 131 126 119 120 120 110 117 128 133 131 135 140 140 140 142 143 151 144 150 152 153 
103 73 59 59 56 71 58 52 52 48 53 46 47 38 49 68 66 57 48 37 39 45 55 56 53 58 73 87 98 114 120 118 113 114 111 117 118 105 108 112 113 127 134 142 142 141 132 133 125 119 119 117 133 145 151 155 162 159 157 153 155 152 150 148 137 138 141 139 130 129 130 130 133 128 135 129 134 133 130 133 131 130 130 131 132 128 126 123 114 108 111 120 119 121 117 124 123 117 121 124 125 124 130 137 141 146 144 143 147 147 149 155 
100 102 65 60 55 58 66 58 44 37 54 41 39 37 50 64 55 55 45 40 43 54 56 56 62 72 89 106 125 127 132 131 130 127 132 125 122 116 119 121 124 131 137 140 142 142 136 132 121 93 88 103 120 137 151 149 152 158 160 159 154 158 153 151 152 151 145 144 137 130 131 131 131 132 133 132 127 131 134 133 131 130 126 132 134 131 131 129 126 118 109 108 105 108 114 111 113 123 125 123 124 123 124 125 130 135 142 145 148 145 147 151 
96 102 102 66 64 54 56 50 42 35 48 40 38 42 54 49 51 51 49 44 47 57 58 59 71 85 99 121 133 138 139 138 136 139 135 131 126 128 126 128 130 131 137 141 138 135 141 131 104 81 80 94 106 121 137 147 152 158 158 160 162 161 165 155 146 150 147 142 142 141 138 133 133 132 137 135 134 122 130 134 132 131 131 121 125 129 134 139 133 129 122 117 110 105 103 105 111 118 121 120 119 124 130 130 128 134 136 142 145 149 149 153 
81 86 103 84 57 59 63 56 47 40 42 43 40 46 59 54 61 62 47 44 58 57 55 67 78 96 111 126 131 133 137 138 141 141 139 135 134 137 135 135 137 140 143 142 142 147 147 124 90 73 80 98 107 117 122 138 147 153 161 163 162 168 160 155 153 148 149 147 142 142 144 139 140 136 134 131 134 137 130 130 134 132 133 135 132 131 135 131 135 136 128 120 115 108 101 101 109 113 116 116 120 117 121 128 131 129 134 140 141 144 152 149 
78 64 70 68 63 61 66 56 51 40 31 35 44 55 61 63 60 62 49 59 69 63 61 72 89 106 121 128 131 140 142 145 146 144 146 143 145 137 141 142 144 143 142 142 142 145 143 112 80 71 81 99 105 104 112 127 138 156 158 167 169 166 166 159 155 154 149 147 145 144 142 143 137 138 135 139 132 134 136 135 138 134 132 129 135 136 135 134 135 132 129 127 124 113 105 95 99 104 106 114 119 121 120 122 121 126 131 134 140 139 144 148 
58 59 50 57 59 63 61 48 47 49 34 30 44 54 54 60 57 54 58 68 62 57 67 83 97 111 119 126 138 145 152 151 150 150 147 149 144 144 142 145 142 141 144 145 147 147 137 103 77 62 87 100 103 98 101 115 136 156 161 163 162 168 167 167 161 156 153 150 147 147 143 142 141 138 139 142 134 135 130 130 133 136 136 138 134 133 136 138 136 139 132 135 129 126 115 110 100 97 100 104 107 115 118 117 121 121 127 133 137 142 152 148 
69 64 59 47 41 55 59 44 39 42 40 42 50 50 50 51 52 66 65 80 69 70 71 84 100 114 129 137 144 154 155 154 153 153 153 153 153 151 148 143 142 145 142 147 156 157 137 96 81 64 88 107 103 97 95 108 126 150 159 165 170 173 172 170 166 159 155 153 156 147 150 146 142 143 140 142 140 138 137 135 136 136 138 144 138 134 136 140 139 135 134 128 128 125 119 111 112 94 91 97 106 111 110 110 118 124 128 131 131 129 140 149 
77 61 63 56 45 48 56 51 34 34 29 45 54 46 51 52 61 65 75 75 75 74 77 93 105 120 135 148 154 160 161 160 158 159 161 159 153 153 150 148 145 148 152 155 157 151 125 98 75 68 93 114 106 91 93 101 113 140 154 160 164 165 168 169 165 161 157 157 157 153 143 144 143 147 146 144 143 144 141 141 138 142 144 144 143 136 123 123 134 134 132 133 130 125 125 115 109 108 90 94 95 102 108 114 111 116 123 133 132 133 131 140 
82 71 56 58 50 51 56 52 42 35 37 38 36 47 49 64 63 71 82 79 74 79 82 93 107 119 142 154 162 167 168 166 167 164 163 162 157 157 158 155 153 150 156 159 162 146 121 94 78 73 94 111 103 80 84 82 104 133 149 156 162 168 167 166 169 166 163 160 162 157 149 149 147 147 146 153 139 142 147 144 145 147 146 143 143 136 134 133 134 137 137 136 139 132 129 122 112 108 107 92 95 99 107 110 111 113 119 121 129 132 129 135 
81 68 60 50 48 50 50 57 49 35 36 47 43 37 40 54 69 80 87 81 77 76 89 96 109 125 146 162 163 164 169 169 170 165 166 164 161 162 161 164 161 160 162 163 161 142 120 91 71 68 97 108 91 69 65 72 91 128 145 150 161 164 172 170 169 164 162 163 159 157 154 153 147 151 155 154 152 150 144 147 152 154 155 155 154 152 145 142 140 139 138 132 132 135 133 126 123 114 110 97 93 97 98 106 111 114 119 121 125 128 129 124 
66 69 62 49 41 53 48 50 46 33 35 41 37 35 37 58 75 85 85 83 91 82 89 96 109 127 151 163 164 167 169 170 171 166 166 166 164 167 166 164 162 164 165 167 153 135 115 89 76 71 101 113 86 64 47 63 94 126 140 145 157 169 169 170 166 164 162 160 161 154 154 154 152 156 158 157 157 155 146 143 156 156 154 152 154 155 153 149 146 144 141 137 137 130 132 127 122 120 111 110 98 94 92 98 105 107 113 114 119 125 127 124 
44 50 44 35 31 37 53 42 46 37 37 40 31 32 34 58 80 82 92 85 97 91 91 92 111 128 153 164 164 171 176 172 173 171 164 161 161 165 167 167 167 167 169 167 156 135 115 91 78 65 98 109 79 55 41 60 88 116 137 140 151 164 166 162 167 168 165 159 162 163 162 157 156 154 154 147 160 158 156 157 156 157 160 160 153 158 154 153 148 141 138 144 145 137 131 130 131 127 120 112 107 94 95 94 99 110 111 115 116 119 121 125 
58 45 35 33 29 30 45 44 41 32 40 38 31 30 38 54 77 77 76 78 99 90 91 100 112 134 151 162 161 164 163 167 172 169 168 164 165 170 168 169 171 172 171 170 160 146 115 81 70 59 92 105 66 54 68 79 95 111 132 138 147 162 168 168 166 168 170 172 167 167 163 163 165 163 159 161 158 162 160 157 160 159 157 155 154 155 150 145 147 137 144 144 149 147 143 140 138 131 126 117 107 105 100 101 100 98 104 111 116 117 116 116 
52 41 34 30 30 33 45 46 37 34 35 38 30 32 35 50 74 66 77 74 94 94 92 100 117 140 156 159 154 156 163 166 172 168 170 171 165 167 168 172 171 169 175 175 166 148 119 84 70 58 85 105 67 47 90 119 113 113 129 139 140 156 161 162 162 167 168 168 170 168 165 168 168 165 158 158 159 158 157 160 160 158 161 160 158 154 148 139 138 144 150 145 149 152 149 144 142 139 132 126 115 106 96 98 95 101 107 106 110 112 111 118 
44 41 40 30 27 34 43 45 40 36 30 34 30 33 37 49 65 61 74 70 87 94 92 96 117 147 154 153 149 156 161 160 168 166 175 169 164 156 163 172 176 176 174 175 168 148 115 85 65 53 91 101 55 35 49 98 122 115 121 135 143 148 157 159 162 172 172 173 174 173 169 167 158 160 158 154 157 156 159 167 166 160 162 163 159 147 141 139 140 146 146 147 154 158 151 147 144 145 140 135 127 112 105 87 94 97 104 105 106 110 113 114 
49 48 41 34 26 25 41 44 45 36 35 33 30 35 43 49 56 64 69 70 83 97 92 96 122 152 148 149 156 161 151 158 153 155 171 172 169 168 170 179 185 179 180 176 167 149 107 89 68 50 79 91 47 54 68 60 99 124 123 135 140 156 155 154 166 171 174 173 169 167 167 167 166 160 158 152 156 158 162 161 154 158 157 155 148 138 140 142 151 148 149 148 155 162 160 148 144 146 139 133 129 125 114 101 93 94 94 101 106 104 106 109 
36 33 32 34 36 28 28 42 46 40 30 30 30 35 52 49 58 58 64 70 79 89 92 103 127 148 158 148 158 159 149 162 162 161 166 165 171 163 171 174 176 182 181 178 167 149 116 83 61 54 74 87 43 31 61 83 82 112 112 132 143 155 154 159 169 171 172 171 169 169 169 168 159 153 147 145 155 160 164 162 151 148 153 147 143 130 129 139 150 152 154 149 141 154 152 153 145 150 140 135 131 128 121 110 90 91 97 103 103 103 108 105 
31 34 31 24 33 29 25 35 39 50 30 29 26 28 40 47 60 51 55 67 81 85 94 102 126 141 159 150 161 152 152 167 166 168 163 163 167 165 171 177 176 178 182 176 170 156 125 89 63 52 73 81 63 74 33 74 78 122 114 129 134 147 152 156 171 173 170 169 168 172 166 164 158 151 147 143 153 162 162 166 163 152 148 143 128 117 132 150 160 158 161 155 144 150 152 156 156 157 149 141 135 128 123 116 105 84 91 96 102 102 104 106 
38 29 33 40 28 33 29 27 30 45 30 28 27 30 39 51 49 51 55 68 81 84 95 110 130 151 161 146 156 156 155 160 152 157 167 168 166 171 177 178 184 184 183 181 171 151 126 88 68 51 69 78 49 57 70 79 95 112 110 128 138 146 146 158 167 166 172 170 165 168 165 161 150 145 135 147 157 168 166 162 162 165 161 146 123 82 94 147 165 168 165 163 163 161 159 147 153 161 157 149 137 131 128 115 112 98 89 93 99 100 102 101 
35 32 26 40 38 31 31 34 29 33 33 28 30 34 33 46 51 47 51 63 77 84 91 116 135 156 153 140 163 158 161 163 150 144 161 166 170 169 177 171 179 181 184 179 175 158 128 85 62 48 68 72 53 45 55 89 119 113 114 124 136 144 150 166 171 170 167 168 167 164 154 148 146 138 132 148 165 165 160 158 158 162 159 147 124 85 68 133 159 168 166 163 152 150 160 155 150 149 151 144 140 137 132 125 118 108 88 87 95 102 101 104 
32 30 32 31 33 35 25 30 38 34 38 26 31 32 39 44 48 49 53 55 70 92 93 110 136 152 152 149 167 163 163 166 156 152 162 167 173 173 179 176 181 184 182 176 169 160 133 84 64 49 62 71 62 75 104 135 130 113 113 123 134 138 152 168 169 171 173 175 163 159 157 143 136 133 147 166 170 168 164 164 164 158 149 141 130 93 60 116 143 150 164 164 161 158 158 146 149 159 151 146 140 140 135 127 116 111 102 79 92 96 100 103 
49 29 25 28 33 31 30 29 30 38 37 30 29 39 41 45 46 45 52 53 64 89 97 114 132 147 147 154 156 160 157 165 165 171 172 170 174 167 169 184 185 185 186 179 178 164 133 97 64 55 63 69 59 68 129 140 118 114 111 119 128 131 153 171 165 159 166 173 171 166 154 142 139 149 161 170 169 170 169 165 168 165 154 146 132 98 57 96 130 135 143 162 156 155 154 156 153 157 160 155 156 148 139 128 120 116 108 89 84 94 99 105 
41 48 33 22 27 35 31 29 27 29 36 31 25 35 47 45 45 48 48 49 60 84 96 111 130 141 151 157 157 161 160 167 169 171 171 174 172 170 175 177 183 183 183 182 174 169 141 103 78 56 61 70 53 72 89 120 104 114 108 116 129 138 164 172 172 170 169 171 166 157 144 131 141 152 165 172 172 167 164 160 162 161 159 150 133 95 50 89 131 137 135 143 152 153 157 157 162 153 156 162 153 142 133 130 119 111 112 101 76 87 93 96 
35 34 43 31 23 29 33 27 29 30 29 34 30 33 48 51 48 56 54 55 65 76 91 112 124 142 153 156 152 157 160 173 178 170 170 172 173 171 177 172 183 185 184 183 180 158 137 112 84 60 60 74 54 75 64 92 92 108 106 118 120 143 166 173 173 173 170 166 160 145 137 139 147 157 168 169 173 172 159 154 157 159 157 152 126 90 42 79 125 129 123 136 142 147 151 152 155 162 158 164 154 137 125 133 120 109 102 107 80 80 85 93 
37 35 33 35 32 25 30 29 27 24 28 37 35 41 49 50 54 56 48 64 60 81 81 93 116 140 148 152 153 160 165 175 177 176 171 172 167 174 176 184 185 171 178 179 170 159 128 112 93 75 72 79 66 68 83 80 112 113 114 117 128 150 164 167 170 168 167 162 143 130 122 113 121 124 138 151 167 169 164 155 159 161 159 152 115 75 33 78 127 126 121 131 129 134 137 144 159 170 167 159 160 150 145 141 132 122 110 107 90 72 79 81 
30 29 25 25 29 28 29 31 30 27 28 33 44 31 50 52 54 58 66 66 66 83 86 90 116 133 145 148 155 154 159 167 172 173 175 174 174 171 169 181 189 179 178 179 176 168 153 126 97 78 73 82 73 67 95 83 93 121 118 118 130 144 156 162 167 166 160 152 132 125 127 130 127 118 110 132 149 164 158 163 164 167 161 149 111 67 27 81 144 141 127 128 137 131 144 143 159 168 160 162 157 154 153 145 137 122 116 106 98 72 77 83 
36 31 26 20 24 22 28 33 28 28 28 24 39 47 43 53 59 58 72 72 72 79 85 97 109 140 139 147 148 158 163 164 165 166 173 166 164 171 171 181 184 183 182 183 174 165 145 124 106 96 91 86 76 70 82 110 89 124 130 126 131 147 161 168 171 169 165 140 131 134 135 136 137 129 111 98 128 154 163 168 166 173 164 145 105 72 45 79 144 142 132 126 137 124 131 144 152 167 161 159 162 161 157 147 133 121 113 110 102 71 73 78 
41 28 21 19 18 22 23 27 32 28 27 33 31 49 51 49 49 54 71 71 78 79 88 99 109 116 130 138 140 142 154 172 173 166 155 153 164 170 172 171 177 182 185 182 172 149 134 104 107 105 96 93 83 73 89 125 137 127 129 123 132 153 156 167 164 162 150 142 144 150 151 150 145 132 117 89 80 120 147 156 166 160 165 141 95 73 44 70 140 156 133 122 126 124 122 149 159 168 169 166 162 159 159 148 140 131 116 112 104 78 70 72 
32 34 29 30 28 26 24 24 29 34 28 25 33 39 55 54 56 64 71 77 75 77 85 99 109 113 131 133 145 157 167 172 161 150 152 165 169 166 173 173 182 183 183 183 166 132 132 123 108 102 103 94 86 78 78 106 124 120 117 120 141 159 158 158 162 160 149 135 145 155 154 146 143 137 114 78 73 105 133 146 154 159 162 143 101 64 23 46 131 155 138 124 120 114 120 137 159 168 167 164 164 160 152 143 135 127 116 111 103 79 72 74 
31 28 27 25 27 26 21 20 22 31 32 29 37 38 40 55 68 69 77 78 83 89 96 102 104 120 135 139 154 165 154 135 137 136 160 159 167 169 172 168 175 183 183 177 171 149 139 133 123 112 104 98 96 80 80 86 108 115 114 135 155 161 159 160 161 160 155 151 151 149 148 137 140 130 110 70 77 104 124 130 144 161 166 147 101 80 73 61 125 158 145 126 118 114 116 136 157 165 172 166 165 159 152 145 130 124 117 106 99 79 72 77 
36 32 33 29 22 22 22 24 22 23 35 36 36 44 47 51 68 85 70 67 74 91 99 101 109 123 136 146 159 151 137 144 161 158 145 163 166 164 173 174 166 180 177 181 175 167 160 145 126 108 94 105 103 97 92 96 103 112 126 145 154 153 152 157 161 160 155 153 152 150 152 157 149 128 100 53 79 100 120 133 136 150 172 156 98 77 83 72 119 155 144 118 113 115 116 132 159 169 165 166 161 161 153 145 140 130 113 108 104 82 70 72 
36 31 32 28 26 20 22 20 20 23 28 38 40 45 51 58 64 81 63 72 81 83 92 99 109 119 127 139 145 151 159 166 167 159 155 160 165 152 161 170 175 179 176 176 176 173 160 151 125 122 118 118 107 108 102 105 108 118 129 146 155 153 154 158 159 161 163 160 154 161 165 165 151 133 111 64 71 82 108 132 138 134 150 154 104 78 76 73 110 151 147 118 105 105 113 129 149 164 169 162 159 153 150 143 133 127 120 109 103 87 76 73 
35 29 25 30 27 21 19 21 24 26 29 31 34 41 44 51 58 64 60 82 93 91 85 87 99 122 130 134 153 165 165 169 165 147 146 152 162 161 163 165 165 168 159 167 174 172 169 152 136 137 135 121 115 118 118 112 122 132 142 150 155 158 157 156 156 160 161 162 163 167 167 166 164 147 125 101 65 73 90 117 125 116 140 150 114 82 64 63 111 151 143 118 95 97 110 121 142 160 161 159 158 156 148 142 137 130 118 112 101 87 74 80 
32 29 27 22 24 31 21 19 22 22 23 26 29 29 38 47 60 72 75 83 93 87 82 92 105 113 124 138 152 161 162 146 138 135 144 156 158 164 161 150 157 165 168 172 172 169 162 156 145 146 144 136 122 130 137 136 149 154 151 150 153 158 159 160 163 163 167 170 171 173 171 169 163 148 132 111 95 71 75 103 119 130 147 157 126 85 61 51 103 146 149 124 103 97 107 121 130 153 157 161 159 155 149 144 134 123 116 107 103 89 80 82 
34 30 27 24 25 27 34 35 24 24 24 24 28 30 41 51 50 66 84 78 85 90 87 94 97 107 125 142 145 137 122 123 121 125 134 154 163 157 160 145 152 164 169 175 175 171 158 150 142 147 145 136 134 149 155 163 163 160 159 161 163 163 161 160 166 170 172 173 176 178 181 172 165 153 137 121 103 76 74 96 126 135 140 156 141 90 78 79 100 138 151 129 101 88 102 117 137 142 152 158 160 153 146 141 135 127 115 110 105 93 85 86 
33 33 28 27 21 18 22 31 34 31 27 28 30 35 40 51 50 66 70 87 77 80 86 88 103 110 122 127 113 110 135 151 149 148 158 157 159 154 161 148 152 163 168 165 170 158 155 146 145 155 145 133 143 165 172 175 175 168 167 169 168 168 173 180 182 185 183 186 186 183 182 178 167 159 139 124 109 78 69 93 122 133 144 152 137 91 74 76 105 140 149 119 101 98 106 119 138 153 153 159 162 154 147 142 140 135 125 113 107 96 88 88 
29 29 27 30 32 33 34 24 27 29 33 33 30 31 39 56 66 66 77 94 98 77 87 86 87 104 107 106 124 142 148 145 142 144 148 145 151 153 148 120 139 151 169 170 164 160 158 153 148 155 152 145 147 163 160 173 178 184 182 182 185 189 190 193 188 188 185 186 181 181 186 184 178 162 144 122 106 78 70 92 123 138 147 152 126 83 76 80 95 135 144 111 96 102 112 123 136 146 154 154 161 154 144 140 141 131 115 109 102 94 87 86 
32 30 29 25 26 31 28 30 22 23 22 27 35 46 58 65 62 62 93 97 89 80 80 91 90 86 94 112 131 138 137 128 127 126 132 131 131 125 111 122 146 155 162 169 168 161 153 157 154 147 135 133 134 156 161 170 177 172 177 181 187 187 183 184 182 184 181 182 182 184 184 187 179 161 141 124 99 74 77 100 126 143 142 141 112 78 55 48 87 129 146 121 103 102 109 125 131 145 162 158 155 153 144 142 135 129 119 104 100 92 89 88 
36 36 27 25 27 36 28 25 32 29 22 26 28 31 38 65 72 69 83 75 78 75 88 87 80 90 104 108 116 121 124 118 120 123 126 117 115 113 124 139 156 165 169 169 165 159 158 153 158 156 147 137 140 152 160 171 174 173 171 174 173 181 180 184 180 175 179 181 180 182 182 181 174 156 135 121 92 61 81 115 133 139 146 138 106 86 57 38 84 127 138 116 106 108 114 122 131 140 154 156 149 147 146 140 132 125 112 110 96 89 86 86 
45 38 35 36 38 33 31 29 27 33 30 26 25 33 39 41 55 71 72 63 64 71 75 70 83 86 91 103 108 110 111 123 119 114 106 107 120 136 131 142 156 167 172 176 168 163 165 163 157 149 136 127 133 143 155 155 148 151 150 165 172 170 166 166 166 166 166 173 174 172 169 164 158 149 128 102 69 62 91 125 138 134 135 129 105 91 59 44 87 132 131 115 104 110 111 116 133 143 149 148 146 150 145 136 131 123 113 102 95 85 87 86 
43 35 31 34 35 29 28 30 27 26 29 36 32 32 35 39 56 69 73 76 73 68 57 71 72 87 88 104 113 110 116 115 124 120 132 138 135 123 129 143 158 160 174 177 176 166 160 158 155 140 124 120 132 132 131 125 118 107 112 117 129 137 138 140 144 148 157 157 158 161 160 163 150 134 115 79 39 55 97 124 134 136 139 127 107 87 44 34 87 127 124 111 107 110 114 119 127 140 148 158 156 149 143 137 122 118 111 101 91 88 85 87 
42 37 33 26 29 29 30 27 23 32 29 28 32 34 33 41 54 59 62 76 79 71 82 81 85 73 85 98 110 124 129 131 137 139 142 135 120 129 142 143 144 163 172 176 175 163 159 158 146 140 134 126 125 118 109 98 80 86 95 97 101 101 110 117 124 128 135 144 145 150 150 149 146 124 101 73 53 76 110 126 131 138 136 127 111 91 49 25 87 123 119 108 107 113 114 124 130 139 149 152 149 149 139 128 117 110 106 99 90 83 87 88 
41 41 44 32 27 26 25 26 26 24 33 29 25 27 34 34 41 45 55 72 77 81 88 85 76 78 92 102 109 125 134 137 134 125 120 124 138 145 141 151 167 168 171 170 172 168 164 143 142 139 128 127 117 100 84 58 74 98 94 100 106 115 112 114 115 118 122 124 129 127 131 128 119 107 97 91 81 88 117 129 128 137 140 132 114 95 65 25 77 115 106 104 111 116 115 127 139 135 145 147 146 140 134 125 118 112 104 90 80 84 86 94 
46 46 41 48 26 20 25 28 24 30 27 26 28 28 30 35 41 48 53 67 69 65 62 69 65 63 77 93 105 114 120 120 120 122 133 133 138 143 150 159 163 163 170 167 171 164 165 152 146 143 121 111 108 87 58 70 114 99 111 116 108 113 123 118 115 113 117 111 108 114 120 115 108 110 99 85 95 119 125 126 129 138 133 131 115 91 68 34 81 105 104 108 114 115 121 127 135 139 142 144 140 135 128 121 113 105 93 82 83 90 93 97 
43 45 38 33 34 31 27 22 18 25 29 29 23 29 35 34 37 50 62 57 60 70 68 58 65 83 94 94 105 120 124 131 140 144 145 138 137 148 159 156 161 162 165 165 171 169 163 156 144 133 117 100 91 72 52 77 94 88 108 122 120 110 116 126 124 122 123 121 111 109 116 119 121 105 105 111 124 133 136 128 132 137 137 133 120 93 73 48 85 107 111 112 121 125 120 125 130 132 134 138 136 131 121 116 107 97 81 81 86 92 96 107 
54 46 33 29 29 34 27 24 26 26 31 30 27 28 30 33 36 42 60 56 59 63 70 73 78 88 100 105 116 136 141 148 148 129 121 135 151 154 153 156 167 171 170 168 168 167 165 154 143 128 110 91 79 63 49 70 73 112 102 114 118 120 117 121 128 131 133 132 127 119 113 108 109 114 123 135 140 136 137 136 133 136 135 132 124 102 72 57 103 118 121 128 129 127 129 124 127 129 126 129 129 122 119 111 96 76 77 85 95 99 105 110 
59 55 42 35 33 31 30 29 26 26 28 31 29 27 26 30 36 45 50 56 49 55 57 62 70 72 89 107 115 135 129 130 127 126 125 145 151 157 153 151 160 161 166 171 167 165 159 154 142 117 96 79 72 54 54 68 115 107 101 106 112 120 120 124 127 133 136 142 142 139 138 127 116 118 124 128 131 133 137 134 130 130 134 129 119 103 71 75 120 127 135 129 118 118 116 120 119 126 129 126 116 115 110 100 81 81 90 95 98 108 113 115 
57 52 49 38 30 30 30 27 30 34 28 31 32 32 34 29 35 37 55 63 46 48 58 63 69 72 87 102 105 127 128 131 131 133 139 147 151 148 155 157 163 156 157 153 149 158 162 153 129 109 92 78 69 52 52 81 116 134 104 115 109 114 121 126 131 134 138 141 144 144 140 134 130 121 120 126 136 135 138 134 134 135 131 125 119 110 98 107 125 130 134 128 119 117 115 126 125 123 122 118 116 107 96 78 81 92 96 102 110 111 111 114 
56 50 45 38 39 34 30 31 25 30 31 25 26 25 30 40 39 41 48 65 73 61 60 68 72 80 89 105 109 135 134 127 130 136 146 142 142 153 153 152 159 153 157 159 159 162 160 150 136 113 98 82 63 47 43 39 48 85 113 121 108 116 120 121 130 125 133 143 148 143 143 138 136 131 123 121 123 130 129 135 134 133 128 126 120 116 119 125 131 124 122 123 126 127 123 118 121 121 120 108 105 95 78 87 95 96 101 108 111 112 115 118 
53 50 43 41 37 32 32 26 24 25 29 31 27 23 35 40 42 39 52 55 63 71 65 65 69 76 89 96 100 124 132 136 126 127 132 137 139 147 151 136 134 148 159 164 166 160 158 150 131 102 76 56 56 48 37 50 68 67 95 119 108 117 125 125 126 138 132 135 140 144 143 141 138 130 128 129 126 128 127 134 130 133 133 130 125 126 123 122 120 128 126 125 119 124 116 119 114 113 107 104 93 82 87 92 97 106 110 111 112 114 117 117 
63 50 44 45 36 32 28 28 27 33 28 27 26 30 27 45 40 41 42 49 57 67 70 51 71 67 80 97 90 115 134 137 133 125 123 131 136 143 137 139 141 149 163 165 166 166 164 153 134 94 63 48 50 49 46 53 43 77 79 114 107 116 122 132 131 137 142 139 142 140 140 131 140 137 134 129 125 125 132 127 130 127 128 127 131 131 129 125 120 120 122 118 120 118 118 110 114 106 103 86 84 91 99 104 105 107 110 108 110 110 109 108 
66 59 52 43 37 39 35 25 30 34 32 24 30 29 30 31 55 65 60 51 58 55 69 61 54 67 70 91 95 95 127 127 131 130 130 129 137 139 136 141 151 158 156 160 161 162 158 153 132 87 56 43 46 50 40 129 44 74 76 106 98 115 122 130 131 132 137 142 142 137 135 130 133 142 141 134 125 118 122 132 128 128 128 128 130 130 127 128 126 125 120 115 119 116 108 105 106 104 100 96 104 101 97 95 101 103 99 104 102 102 101 106 
73 54 53 46 47 34 29 32 36 33 27 31 23 20 18 25 44 42 61 53 54 57 59 72 66 66 78 78 97 99 107 123 127 139 138 131 127 133 143 155 156 154 158 161 165 163 155 150 135 90 57 42 45 48 36 38 72 74 84 108 102 113 121 131 130 131 138 143 139 139 138 134 133 133 130 130 132 131 131 127 128 129 128 129 126 125 120 123 121 121 116 117 105 107 104 109 98 70 54 53 50 50 47 50 63 100 107 106 111 115 115 115 
78 61 55 62 59 40 36 39 41 37 25 28 24 19 21 22 32 40 44 57 59 63 58 61 68 75 88 102 100 109 112 107 130 136 140 134 129 137 136 145 146 147 151 159 163 162 156 149 132 89 54 39 45 55 43 24 31 61 112 109 103 110 120 128 131 128 134 144 148 143 142 137 136 135 129 129 129 130 128 123 123 124 126 124 125 124 122 118 120 114 112 109 108 107 109 85 61 52 57 57 58 62 63 63 72 106 108 110 112 114 118 119 
67 65 63 58 51 42 39 35 37 31 24 34 21 22 20 20 21 34 40 38 48 56 60 57 58 70 79 88 105 116 120 119 104 128 140 139 133 129 126 123 131 129 138 157 164 159 151 146 133 90 47 41 48 56 50 53 71 107 125 109 98 111 117 128 130 133 137 140 141 141 139 139 137 139 133 126 128 125 121 120 122 122 119 116 114 114 115 114 110 109 109 106 111 103 76 56 58 63 60 58 59 63 62 64 70 117 111 116 114 115 118 122 
73 66 73 71 56 50 39 33 30 30 24 20 35 17 23 26 22 21 31 40 43 45 47 47 58 62 80 90 104 120 122 125 117 112 119 131 128 121 134 138 142 151 144 143 157 155 150 145 132 86 51 44 45 66 55 40 84 94 103 99 98 112 123 133 135 133 135 135 135 137 139 135 137 134 129 127 123 120 120 120 117 113 115 115 113 113 109 110 109 107 108 105 80 58 49 57 60 59 61 64 66 69 66 68 68 111 106 103 119 118 112 111 
72 73 75 71 58 49 39 31 29 21 22 22 34 37 21 20 22 25 27 37 41 43 47 47 48 59 77 91 99 110 125 128 122 111 117 109 125 139 136 143 146 148 153 144 150 153 148 142 124 84 50 44 46 67 58 54 31 65 74 83 95 111 120 131 136 138 141 137 135 135 132 130 135 133 123 122 124 119 120 115 111 112 111 112 111 110 108 111 110 103 96 68 57 59 61 61 62 62 64 64 67 67 69 69 69 77 153 112 101 109 134 163 
80 68 76 70 53 43 37 33 35 32 27 30 25 28 25 19 21 24 24 25 31 39 47 51 53 61 82 91 105 115 118 129 137 125 126 123 117 126 131 134 149 144 133 128 141 146 145 139 127 90 52 47 42 64 58 55 41 41 63 74 96 114 122 130 137 139 141 137 133 132 131 128 129 129 120 114 118 111 113 108 106 105 107 105 107 107 107 101 93 72 59 60 62 64 65 64 67 67 67 72 70 71 70 69 69 70 121 183 180 183 187 185 
71 69 73 59 52 46 44 38 32 27 30 31 27 19 26 31 25 24 26 32 33 34 40 52 54 60 76 89 101 117 120 113 138 142 120 134 116 122 132 133 134 145 147 144 144 145 143 134 121 92 56 43 44 64 83 43 59 44 57 66 94 115 125 135 141 140 142 140 139 130 124 122 122 116 114 115 109 110 103 106 101 101 103 105 101 99 81 72 61 67 64 66 66 68 65 72 70 70 68 66 66 67 68 70 70 69 81 170 181 180 183 182 
87 81 70 70 57 40 38 41 37 37 28 23 23 24 22 22 38 33 27 28 32 32 37 40 47 57 67 93 98 115 129 126 111 143 127 105 114 119 122 130 137 143 144 145 142 141 136 131 111 90 61 51 41 59 82 63 50 55 52 71 97 117 129 138 142 140 138 137 132 125 123 122 117 116 110 112 105 104 103 103 103 102 98 90 80 67 68 69 70 69 72 73 70 72 72 68 70 71 69 69 70 71 71 69 71 71 67 117 178 181 181 180 
82 66 75 66 62 55 44 42 38 36 39 29 22 23 23 29 36 48 46 21 24 26 30 37 41 49 65 87 104 115 129 135 127 113 143 110 120 127 128 127 132 136 137 134 135 134 135 132 114 86 63 51 48 56 86 82 66 75 72 88 108 126 133 136 134 136 137 133 127 123 119 116 113 112 111 104 102 104 98 95 88 77 74 71 70 73 74 74 74 75 74 72 73 69 69 72 69 68 70 72 71 68 70 72 68 69 68 73 164 167 174 176 
90 88 70 66 62 55 50 42 43 50 47 43 42 37 43 43 32 30 35 49 34 30 31 31 35 46 59 74 98 116 128 130 136 116 120 135 122 130 132 130 131 134 131 130 130 133 129 128 112 87 59 50 46 56 85 87 81 77 86 98 113 124 131 137 136 134 132 127 121 115 116 119 113 105 93 91 87 79 76 75 71 77 76 76 72 75 75 75 73 71 73 75 73 74 72 71 72 75 72 69 71 71 68 70 71 72 71 66 96 191 180 183 
104 90 79 80 68 56 45 47 41 38 39 35 34 40 37 34 36 39 39 35 37 39 37 38 43 51 61 73 94 116 126 129 128 126 110 125 127 128 129 126 128 127 127 126 125 126 124 123 112 78 66 57 50 59 81 88 87 87 92 107 116 126 130 129 129 129 124 121 117 115 112 106 98 94 101 106 99 77 77 77 78 78 81 77 79 75 75 78 75 74 72 72 73 73 74 73 73 69 71 72 74 70 74 74 70 69 68 69 61 98 177 173 
106 103 80 79 67 54 55 49 45 37 36 35 39 37 31 32 28 25 35 43 40 31 32 35 37 44 55 76 90 109 116 125 131 131 122 120 128 124 122 120 120 117 113 113 113 113 117 114 121 107 67 60 45 56 73 83 89 92 103 117 119 127 126 128 124 118 118 116 111 107 98 96 102 112 118 114 93 78 81 80 78 82 74 78 80 75 75 73 76 74 75 75 73 73 73 72 73 75 73 72 71 71 67 67 74 72 72 72 70 57 125 166 
102 104 101 92 74 66 51 53 46 40 32 37 37 29 35 31 26 31 30 38 36 38 34 33 35 40 46 65 90 109 119 116 119 122 127 118 119 120 118 114 112 108 105 100 99 98 98 99 97 104 89 58 48 46 60 69 81 98 107 111 119 118 122 118 116 116 105 99 102 106 109 115 120 130 123 107 83 80 81 78 78 78 81 79 77 79 79 81 74 77 74 76 76 75 73 73 72 67 70 71 70 71 73 73 70 70 69 69 69 68 74 162 
103 104 101 82 62 66 67 58 52 42 37 34 27 27 23 23 25 31 39 36 36 38 39 35 37 37 48 62 84 101 115 118 113 116 116 114 111 109 107 105 101 100 94 92 92 96 95 95 95 92 85 57 50 47 54 70 85 99 105 109 110 112 111 112 109 109 121 119 120 103 106 115 122 120 106 86 77 84 80 83 85 82 80 78 81 79 76 79 78 76 77 75 75 76 73 74 72 76 73 71 71 73 72 71 69 69 70 69 70 70 66 117 
103 103 99 74 75 72 65 61 50 42 33 29 26 25 23 27 33 30 21 21 30 37 40 39 37 41 43 56 66 93 100 105 112 106 103 103 104 102 101 98 92 88 85 79 76 75 83 91 101 103 101 92 65 64 81 100 106 111 113 111 106 99 97 101 108 119 122 119 98 105 117 119 108 92 80 80 86 82 81 81 78 83 80 81 80 82 80 80 74 76 76 77 73 75 73 73 71 72 73 72 72 72 71 70 71 71 71 68 70 67 71 66 
105 103 79 62 70 70 66 55 49 53 50 43 30 22 22 24 25 24 23 26 24 26 29 35 45 49 52 54 56 54 72 91 95 104 100 98 93 87 81 76 65 57 54 57 52 51 50 47 42 41 46 50 58 49 44 50 53 40 39 66 85 110 121 119 114 109 113 113 123 121 110 91 81 81 85 83 83 84 83 83 85 82 84 81 79 77 78 75 77 75 79 75 79 75 74 76 76 73 71 71 71 69 70 73 70 69 68 69 66 67 68 65 
103 99 79 85 71 72 74 59 43 54 44 40 38 39 32 28 28 24 27 23 24 23 22 24 27 32 34 35 45 55 56 66 84 92 98 87 72 66 55 54 51 46 43 35 37 40 39 36 34 31 34 38 40 50 62 74 57 75 114 116 126 124 105 93 84 86 88 94 91 85 79 79 86 86 84 86 85 85 83 83 83 82 81 81 80 81 76 79 78 79 75 75 74 77 76 74 72 71 72 73 73 75 70 67 69 71 69 71 68 69 68 68 
104 100 95 98 81 64 77 76 45 60 52 46 50 46 33 34 31 30 28 26 21 22 23 22 22 21 28 28 32 28 37 51 67 72 76 83 73 70 66 53 47 46 39 38 35 37 39 42 41 50 53 65 67 65 81 81 75 89 99 101 84 81 81 86 86 86 88 83 82 82 87 90 88 83 88 85 87 83 85 85 82 82 83 82 83 81 84 79 77 75 76 76 79 75 75 77 75 74 74 75 71 71 73 73 70 70 70 71 71 71 68 68 
102 103 105 92 60 74 90 80 69 50 36 41 44 45 41 46 45 41 34 34 33 32 27 28 27 24 22 25 27 27 26 33 41 57 63 63 77 72 69 69 60 57 57 53 52 49 45 43 59 78 89 84 93 93 92 88 95 85 84 82 86 86 91 88 89 91 88 87 92 93 90 87 90 89 86 89 84 86 84 83 85 85 80 81 83 82 76 77 80 81 77 78 74 75 74 73 73 74 70 68 70 70 66 69 69 70 66 67 66 62 71 69 
100 105 103 90 75 92 99 77 71 50 54 57 51 55 58 63 49 40 47 39 44 25 28 26 26 25 26 25 24 23 22 20 39 43 51 55 49 56 59 55 58 55 58 59 51 50 56 84 90 92 92 91 91 91 91 87 89 93 91 89 92 91 89 91 91 91 91 92 91 90 88 90 86 89 88 84 86 86 86 82 82 81 84 83 81 80 81 80 79 77 77 78 76 74 74 74 72 71 73 73 74 74 73 70 68 66 68 66 69 69 65 65 
102 102 103 102 102 104 100 64 47 48 64 52 57 72 76 70 55 48 39 39 26 36 29 30 28 28 29 24 24 27 34 24 19 32 31 49 42 42 47 52 50 60 59 57 64 77 86 93 93 89 90 91 87 89 86 89 87 87 91 88 90 87 90 89 86 88 90 89 91 88 92 89 88 91 86 89 86 85 84 84 83 83 82 82 79 79 80 80 78 76 76 76 75 75 73 71 73 76 74 68 70 72 65 70 71 69 69 69 68 64 70 66 
102 103 103 104 103 103 98 93 76 68 68 76 80 92 75 65 55 51 45 54 63 61 41 27 28 31 23 28 32 38 53 39 27 25 35 22 42 40 39 49 60 56 68 75 88 93 94 89 92 90 89 91 90 90 97 91 90 89 89 90 89 92 93 89 93 91 91 90 90 91 87 86 87 85 88 83 85 82 87 84 86 84 83 82 81 82 79 76 78 79 74 76 78 75 72 76 71 71 70 73 72 69 73 70 71 69 66 65 65 68 67 65 
104 100 104 102 102 104 102 100 94 83 80 73 102 97 80 65 54 77 77 79 83 78 57 44 27 26 35 32 35 38 52 53 33 28 26 37 42 48 66 68 62 76 83 92 93 94 94 93 91 91 91 91 91 91 89 91 91 91 91 92 95 93 94 90 89 90 89 90 90 89 91 91 89 88 87 87 86 86 87 85 83 83 82 81 82 77 77 80 78 78 78 77 76 75 76 74 75 73 71 72 71 72 70 69 68 70 69 68 66 68 65 68 
