10 95 94 96 95 93 94 94 93 93 94 97 95 95 95 96 96 96 93 96 96 95 97 98 97 97 98 100 97 97 98 100 101 107 105 104 104 105 93 93 92 96 96 91 95 92 94 98 95 93 94 92 92 93 94 94 92 88 93 91 92 90 90 91 92 91 91 92 94 94 92 93 93 91 92 92 90 92 89 95 138 156 160 144 131 136 144 154 166 170 168 175 169 158 156 159 150 149 142 148 148 153 153 141 135 130 125 127 121 116 123 115 
94 97 94 95 99 97 95 97 96 100 97 96 96 95 97 97 98 93 93 93 101 100 70 40 20 19 22 22 24 20 23 26 28 20 26 27 33 29 31 24 25 22 29 37 54 71 62 63 63 61 61 63 63 64 63 62 62 65 62 64 62 58 61 62 59 60 62 62 61 61 64 65 66 65 67 63 68 66 65 64 64 62 64 66 64 63 62 61 63 63 65 63 63 91 137 151 159 161 155 172 166 163 172 170 176 169 170 178 175 172 182 172 
98 95 96 96 95 98 97 96 99 93 95 95 95 97 98 95 99 98 95 100 95 59 38 23 20 19 18 17 24 24 27 26 23 26 21 28 24 25 28 26 24 25 25 25 26 36 64 66 62 63 64 63 65 64 63 61 62 61 62 62 62 60 63 62 63 64 62 62 63 61 61 62 64 64 63 63 64 66 66 66 66 64 67 68 62 65 65 66 62 64 61 61 66 117 153 157 154 162 164 167 169 169 171 164 173 179 180 181 179 172 166 159 
94 98 95 95 95 94 94 94 96 100 98 97 96 97 95 97 94 95 100 89 53 31 26 23 16 15 23 27 27 29 30 22 22 23 22 21 25 20 22 24 24 24 23 20 26 30 37 60 71 67 60 63 58 62 64 58 62 62 64 61 60 61 61 60 61 61 64 63 60 64 63 62 62 64 62 65 65 61 60 59 60 60 61 59 64 62 63 60 64 60 62 61 81 136 155 158 158 165 168 170 170 170 175 169 177 179 178 179 172 169 150 138 
96 95 96 97 100 96 98 97 96 96 95 94 97 96 93 95 98 98 87 56 27 31 25 20 25 32 37 34 30 26 19 19 20 26 26 26 23 23 22 22 22 22 21 23 24 22 26 31 44 66 69 62 65 61 65 66 64 62 63 64 67 63 62 60 58 62 60 65 61 60 61 62 61 61 64 59 62 60 65 62 62 64 62 60 61 61 60 62 61 60 59 61 100 142 150 159 167 170 168 162 158 167 171 173 178 177 167 169 165 165 164 157 
95 97 97 97 94 100 95 97 98 99 99 99 96 95 98 99 94 84 61 29 29 30 27 22 25 35 34 35 27 23 27 35 45 51 54 58 53 44 35 31 24 23 18 16 14 9 8 12 12 31 62 64 65 63 60 61 65 60 45 45 62 60 63 64 63 62 61 61 64 62 61 63 62 62 62 63 60 61 62 63 61 61 63 63 61 64 60 59 60 62 58 52 113 130 135 145 139 146 156 161 166 157 163 168 179 178 175 178 171 160 148 134 
96 98 97 94 98 94 99 96 95 96 96 94 98 99 94 97 93 63 43 32 34 23 16 25 40 36 30 29 30 40 50 63 80 93 94 89 80 68 64 59 57 47 49 46 47 50 43 39 33 21 22 50 53 64 63 65 63 71 119 44 38 55 52 54 54 61 63 64 62 63 63 61 61 64 62 60 62 62 63 63 63 64 60 59 62 58 58 60 60 51 59 110 140 149 154 160 158 149 143 146 159 176 174 174 176 176 167 172 177 171 174 168 
98 95 96 97 97 97 95 99 96 95 96 96 98 94 98 100 73 59 34 34 33 18 26 49 47 39 40 42 51 56 64 72 87 94 93 101 103 95 91 88 86 82 81 87 93 92 95 90 91 91 77 71 62 52 55 63 38 58 134 84 50 71 76 68 63 51 47 55 59 56 58 63 62 64 62 63 61 61 60 63 62 60 61 58 61 60 61 61 53 66 111 151 156 156 160 160 167 171 166 160 147 151 167 179 172 171 169 167 176 176 170 164 
97 98 94 96 98 99 96 96 98 98 98 100 99 101 94 75 63 57 34 47 23 38 58 52 40 49 59 66 63 62 66 77 85 91 107 116 115 107 111 106 108 108 109 106 104 107 98 99 97 97 98 99 104 88 74 67 74 61 67 91 89 85 90 101 105 110 97 68 55 66 60 56 59 59 56 58 62 65 64 60 59 61 61 62 60 58 57 55 72 126 147 150 151 158 160 161 163 165 166 172 170 154 137 162 181 165 159 171 161 151 157 156 
97 95 98 100 97 97 98 98 99 96 98 95 98 90 70 66 68 39 52 40 44 65 52 38 46 54 54 49 45 44 58 60 74 84 96 117 125 123 124 121 120 116 118 115 111 111 109 101 100 101 95 96 95 96 97 97 77 58 65 65 63 58 58 61 67 72 87 107 99 65 81 74 72 62 65 58 59 55 58 59 61 62 60 61 61 64 63 65 107 141 141 148 148 147 152 160 160 158 169 176 179 175 160 137 159 160 150 152 164 161 161 168 
96 98 96 96 96 98 96 98 95 99 97 98 93 62 60 69 51 46 64 41 74 58 47 50 40 21 11 12 15 35 38 51 50 49 79 109 122 125 123 124 127 127 125 122 121 118 117 113 108 103 100 89 86 87 90 91 72 88 81 77 82 80 80 76 76 69 64 74 117 120 64 80 78 82 81 79 69 71 64 57 58 58 60 58 57 59 56 79 129 138 140 142 141 148 145 151 154 154 153 159 163 167 166 168 166 173 176 177 175 178 167 159 
98 97 96 97 97 97 98 96 98 98 101 90 60 59 71 62 45 53 61 79 56 34 31 26 16 24 43 57 59 47 38 32 56 91 117 122 124 120 119 123 122 126 127 128 127 125 118 112 109 113 109 97 87 81 80 63 91 101 107 104 97 93 88 92 91 91 88 84 86 133 110 73 80 80 82 84 82 78 79 76 69 63 57 57 61 60 63 117 142 143 146 151 152 155 155 161 155 148 143 141 148 142 135 129 126 124 133 133 126 124 135 136 
98 99 98 97 97 99 99 98 97 99 97 71 53 78 72 56 48 62 76 58 30 21 21 17 30 64 96 101 81 71 74 105 124 133 135 132 134 128 125 127 129 128 129 130 126 120 121 115 109 113 112 98 94 83 80 73 84 99 111 119 114 111 96 90 87 88 93 86 87 98 148 91 87 80 83 82 88 87 82 78 76 70 68 64 54 62 88 143 151 147 136 123 116 118 112 102 100 103 109 110 118 129 136 131 124 113 109 89 100 127 130 127 
97 95 95 96 97 96 96 99 98 99 81 69 70 75 56 55 53 54 54 33 22 24 26 49 91 101 99 90 93 107 108 136 140 141 136 136 137 134 132 132 126 130 127 126 122 125 123 125 122 125 116 94 84 84 75 81 84 76 99 114 127 123 118 111 109 100 99 102 99 91 111 141 79 82 81 87 88 91 92 89 84 86 83 78 71 70 127 143 118 98 89 90 91 91 105 115 109 112 118 120 111 110 109 106 109 122 134 158 171 162 142 115 
95 98 98 96 99 98 99 97 100 86 71 64 67 55 54 59 64 56 41 18 23 30 61 91 101 90 71 81 99 117 117 138 142 140 140 137 137 136 135 134 135 132 127 124 125 125 123 127 128 126 109 87 80 82 71 85 87 77 76 96 114 121 124 121 125 123 118 112 104 100 97 147 145 85 92 102 100 97 93 92 90 90 89 86 85 75 75 92 110 111 114 116 114 115 116 120 124 130 135 147 156 159 164 159 148 135 122 101 101 123 137 147 
100 98 96 99 98 99 98 100 95 77 63 55 58 51 53 61 62 44 23 20 28 55 79 80 78 70 63 80 107 117 125 145 144 143 143 141 140 137 137 137 134 134 126 118 126 128 128 126 136 128 105 83 87 94 81 93 85 75 74 73 93 110 120 127 130 130 123 123 115 111 111 120 198 98 93 95 100 97 95 90 94 98 96 93 87 86 76 69 89 110 111 111 111 108 117 117 115 121 121 124 132 139 141 150 163 173 177 170 154 134 128 123 
96 95 97 95 96 97 96 99 79 68 49 50 45 43 52 64 56 36 17 25 47 71 85 82 74 77 89 74 100 101 139 153 148 147 139 141 136 135 138 137 138 139 136 133 132 129 127 134 139 131 113 97 91 95 91 98 84 70 63 65 75 100 110 121 130 132 130 127 121 117 118 123 157 114 90 101 97 94 88 92 90 92 100 97 99 90 86 77 74 75 99 114 122 123 114 120 126 124 125 132 145 162 168 165 158 154 159 162 162 165 171 172 
98 98 97 98 98 97 98 88 63 57 43 47 41 34 47 54 59 25 18 26 58 82 89 71 65 65 92 83 98 105 145 153 152 151 149 141 143 136 140 140 142 143 146 144 141 137 143 140 141 132 109 97 100 106 90 100 80 53 47 54 70 96 109 112 122 129 136 131 126 122 128 127 143 125 100 104 110 98 96 94 95 89 96 103 98 101 89 88 77 72 69 73 75 90 105 112 120 137 144 146 145 138 147 156 176 189 194 191 175 168 159 156 
96 97 96 96 97 98 99 61 60 37 39 48 36 41 49 75 66 28 23 49 78 79 78 60 42 49 65 61 81 125 158 162 161 154 152 152 152 150 143 139 140 146 151 151 149 143 139 144 144 138 113 96 105 115 105 97 69 75 55 40 49 79 97 108 116 123 135 140 131 130 127 130 136 124 93 111 109 110 109 102 99 94 94 97 104 104 102 96 87 82 76 64 59 59 70 76 70 68 95 125 145 162 167 167 166 165 163 168 172 185 193 175 
100 95 98 97 98 102 75 50 50 35 63 43 36 39 60 77 40 23 24 69 80 75 76 76 64 38 34 40 71 137 159 161 157 157 159 158 159 150 145 149 146 148 147 149 147 146 145 145 152 151 118 93 106 117 104 97 71 74 70 90 78 65 88 99 110 122 131 142 137 131 137 130 131 126 96 112 119 120 113 110 102 100 94 97 104 106 110 105 102 94 85 82 71 72 62 77 93 100 89 72 82 113 132 148 161 165 183 192 181 185 174 135 
93 99 95 95 98 82 57 52 47 68 66 31 37 51 75 65 29 33 30 76 77 71 75 77 91 63 31 27 59 129 157 166 164 164 163 163 157 161 156 153 150 156 153 150 150 152 150 152 153 151 124 92 106 121 110 90 70 75 90 108 110 73 84 99 110 114 131 143 143 137 140 139 137 125 94 123 121 121 120 113 107 100 98 93 101 106 109 109 102 103 93 89 81 71 66 47 49 59 86 107 106 92 109 119 144 141 141 157 167 170 175 114 
97 96 99 97 90 62 41 49 63 89 48 34 35 49 58 57 31 44 47 66 72 68 80 89 88 91 38 19 59 110 159 171 172 170 165 164 162 162 158 155 152 155 160 155 153 155 156 158 153 153 129 94 97 129 114 90 73 87 116 128 125 88 87 99 78 92 124 138 136 140 138 133 135 132 98 119 125 129 127 118 109 102 94 99 102 108 110 109 110 106 102 93 87 77 71 68 52 56 49 44 59 75 88 115 112 133 139 156 155 161 145 76 
97 98 97 96 76 54 49 55 71 69 28 30 34 48 49 69 28 52 48 54 68 56 78 95 92 88 40 32 66 99 155 169 167 169 171 168 166 163 160 159 154 156 160 162 158 156 156 158 161 158 130 85 90 130 112 86 78 92 111 133 144 108 89 102 111 102 122 138 143 144 143 138 134 130 103 126 129 132 126 119 106 99 95 96 102 113 118 114 114 108 106 97 95 89 77 75 66 39 48 64 62 46 47 73 116 124 146 134 148 157 125 53 
95 96 98 97 63 46 57 59 64 37 33 28 32 38 55 79 49 42 43 45 59 63 91 92 78 82 33 28 68 83 154 172 173 170 171 173 171 169 163 164 159 158 157 161 167 165 159 165 163 161 133 93 83 119 114 86 78 80 101 112 135 113 97 109 120 121 116 130 144 146 147 138 139 125 102 130 134 132 128 119 107 106 103 101 104 112 121 126 122 115 112 109 102 95 84 72 73 71 46 44 64 76 64 61 69 71 98 134 147 152 117 45 
99 96 99 88 45 49 65 49 61 32 48 35 35 34 61 64 44 43 46 39 47 55 74 72 70 59 25 27 68 86 158 180 180 176 171 173 168 171 171 165 167 164 163 165 163 168 170 170 166 162 133 92 78 107 110 83 67 61 94 114 125 112 100 108 117 121 113 121 148 159 154 146 141 132 108 129 134 134 128 120 114 110 107 109 110 118 124 130 130 126 119 117 113 102 96 87 79 75 66 42 44 54 75 56 59 75 85 89 124 134 55 50 
95 99 92 42 38 49 46 55 52 51 45 32 34 49 55 54 60 43 42 36 38 54 75 78 60 43 21 33 56 97 161 180 180 179 178 178 169 166 170 165 163 164 165 167 166 169 168 174 168 164 133 89 76 96 110 80 66 101 88 103 117 109 98 112 119 120 114 122 142 152 148 142 138 117 106 127 134 130 127 114 108 107 105 108 106 109 119 120 128 125 127 125 123 114 105 96 88 78 74 67 44 42 43 75 67 59 81 100 101 114 97 19 
97 96 59 42 37 35 35 58 54 49 37 29 36 48 41 55 59 44 36 39 36 57 72 63 50 31 22 32 61 122 171 184 184 185 178 175 172 172 172 170 173 169 170 169 169 174 164 167 171 168 132 88 75 95 99 83 62 109 97 109 126 113 101 111 119 116 116 129 146 148 142 137 137 116 109 131 135 134 126 117 106 105 102 94 95 103 111 119 124 129 123 122 119 120 112 105 101 91 77 72 57 43 42 38 64 65 63 77 103 121 141 138 
101 80 39 41 31 30 39 60 58 60 51 35 33 36 42 56 57 39 42 40 39 53 62 54 32 21 28 44 92 142 175 183 183 182 183 182 177 173 171 170 169 168 170 171 172 173 171 171 171 167 141 99 89 159 102 87 67 74 89 110 129 112 108 110 118 111 118 134 147 153 148 140 139 115 120 129 134 130 125 120 114 111 108 111 107 106 115 116 125 128 129 122 119 118 118 107 102 97 88 71 73 46 43 42 37 61 64 55 70 96 111 135 
92 51 39 32 22 34 65 70 50 79 58 30 27 33 46 56 55 45 41 45 31 50 57 45 27 23 30 71 123 156 178 187 188 186 183 181 177 176 175 166 169 171 167 167 165 169 173 171 170 172 153 111 96 133 101 91 75 87 110 143 141 120 120 118 110 110 129 141 148 153 150 145 137 109 128 137 134 132 128 116 116 118 118 115 113 111 109 106 122 132 135 135 126 122 120 120 110 95 85 79 70 71 38 38 38 33 59 64 58 69 85 116 
79 38 42 27 36 54 55 51 51 81 44 29 31 32 39 47 52 46 49 45 35 51 50 32 20 35 88 117 145 168 183 189 187 185 183 183 179 180 181 174 172 173 171 167 164 169 170 172 169 165 153 114 95 115 86 88 76 96 129 151 135 122 129 131 110 119 138 144 146 146 145 143 138 102 134 136 135 127 122 119 123 121 118 121 120 106 97 99 120 135 138 138 133 124 125 120 116 105 95 87 71 66 62 37 36 35 30 54 61 58 62 83 
61 48 42 29 39 44 45 50 51 74 37 27 34 43 42 55 64 50 45 55 37 50 44 33 55 113 142 150 158 176 184 186 189 188 189 187 186 181 180 172 176 171 174 171 173 176 179 175 169 163 153 130 107 120 90 89 84 83 106 126 125 118 140 142 123 131 141 144 136 124 119 122 111 111 136 136 118 119 118 126 132 132 128 121 113 103 82 98 131 150 147 144 138 131 124 124 116 111 107 102 89 72 66 50 41 36 33 26 46 50 59 77 
52 46 30 32 33 37 48 50 52 62 35 30 35 45 42 51 62 59 55 46 33 55 55 60 98 140 149 152 163 182 184 187 187 188 185 187 184 185 179 180 169 174 173 178 171 182 177 175 172 164 150 127 116 118 98 89 86 76 90 113 126 133 141 141 131 138 141 137 127 122 118 107 95 124 139 141 133 129 129 134 138 135 131 126 113 94 59 84 128 142 152 144 144 138 135 131 121 113 109 104 98 90 75 64 36 40 35 31 35 57 62 97 
47 45 34 35 29 42 53 39 48 58 30 34 34 51 46 56 64 55 61 51 41 85 89 83 126 150 152 157 178 186 187 187 186 185 184 182 182 182 183 181 179 177 177 179 178 179 183 181 168 167 156 138 127 110 92 91 89 92 94 95 116 135 140 138 140 144 151 140 132 138 127 94 108 128 126 117 110 119 127 131 133 137 132 122 117 103 74 51 113 134 129 135 138 140 136 133 131 123 122 113 103 90 79 68 56 37 38 30 25 32 50 56 
49 48 36 31 35 49 48 34 45 49 31 33 47 58 43 60 60 61 69 55 70 100 86 100 139 152 157 170 184 187 187 188 190 189 188 189 186 186 183 183 179 177 177 179 178 177 177 168 168 164 157 143 133 114 101 89 84 92 99 120 120 126 136 152 151 146 128 121 113 106 85 84 90 98 103 110 101 93 102 117 128 121 131 127 120 114 88 52 81 111 125 122 125 133 135 140 135 132 125 119 109 102 88 75 65 38 33 36 27 24 36 46 
37 46 35 29 32 50 43 31 44 45 26 33 55 51 37 57 57 59 77 56 85 77 67 111 142 151 161 175 185 187 188 186 186 188 186 185 187 188 185 182 178 177 176 179 176 177 182 160 139 156 157 149 139 112 109 79 91 94 92 111 123 132 147 124 99 108 107 107 88 77 90 98 107 120 127 128 116 96 95 112 120 128 124 128 125 120 105 59 86 97 101 121 114 115 128 132 138 136 129 124 116 111 105 90 70 58 36 36 33 28 28 35 
35 41 33 27 36 43 33 29 38 35 27 47 69 53 40 56 46 44 77 66 55 41 84 119 144 157 170 183 188 189 184 186 186 185 188 187 182 186 188 185 179 180 181 182 182 183 187 173 153 161 164 152 146 131 114 123 86 92 92 104 119 129 115 139 119 95 97 91 111 124 118 118 120 121 125 125 110 90 72 73 101 121 134 132 125 122 107 67 83 113 105 98 111 107 113 131 133 143 144 141 132 122 108 95 83 66 43 38 36 30 27 34 
47 43 32 22 37 40 30 26 33 38 54 66 69 50 46 60 41 45 69 57 32 42 86 122 146 167 179 185 185 187 188 191 191 190 190 190 188 186 187 183 179 182 185 184 184 182 188 187 174 172 169 159 150 126 104 102 125 99 90 94 104 111 106 117 116 88 102 119 131 128 124 118 123 127 134 141 131 97 60 48 64 94 115 133 134 132 111 71 67 122 122 116 104 100 96 118 132 138 142 142 137 123 115 110 92 72 51 35 36 32 28 34 
51 43 31 29 42 39 30 30 32 39 58 64 63 46 46 55 38 45 64 40 33 65 95 124 152 175 182 181 182 186 186 187 188 186 189 189 190 190 187 186 183 181 182 183 184 185 185 182 179 172 169 160 151 135 116 102 116 133 111 142 137 122 95 66 63 92 118 128 123 124 127 134 133 129 132 133 133 115 74 42 50 61 86 118 132 134 116 76 61 109 129 108 100 101 90 101 125 129 138 149 147 129 113 120 107 92 68 42 34 33 32 32 
34 35 33 29 40 37 23 28 30 38 51 55 58 49 42 50 37 48 59 35 38 68 99 138 162 182 184 183 184 187 186 189 187 186 186 185 185 184 183 184 183 182 180 180 184 181 181 183 181 176 170 162 156 122 117 127 136 135 101 116 112 104 117 134 142 138 133 130 134 138 140 141 141 143 136 137 131 122 92 58 43 49 63 97 123 132 114 82 47 86 128 124 107 99 90 90 113 128 137 147 145 135 126 117 106 88 72 51 37 35 29 30 
34 41 36 42 49 34 27 27 36 43 44 55 64 51 44 43 32 39 41 32 45 77 107 143 167 182 188 187 188 190 191 191 191 189 187 187 187 187 191 185 184 181 180 182 184 184 183 184 182 177 174 162 154 128 118 138 157 166 106 134 136 156 163 163 162 160 156 149 148 151 148 146 148 145 148 147 153 141 114 86 53 54 69 92 116 124 110 85 46 71 124 146 115 99 92 81 103 126 141 150 149 138 126 118 107 97 83 65 36 33 34 30 
36 46 33 49 57 38 24 27 27 46 40 47 50 51 38 36 33 49 35 31 57 92 119 152 178 186 186 189 189 189 189 189 190 191 192 191 187 186 186 190 185 184 182 183 182 181 182 182 181 178 170 165 158 120 117 143 163 192 121 157 170 176 177 179 179 179 181 176 176 171 162 157 152 154 156 164 161 156 133 110 77 52 61 84 113 117 103 89 51 57 119 143 139 115 101 79 97 117 137 153 152 142 130 122 111 98 84 72 40 33 31 28 
31 40 42 49 52 38 26 22 27 37 32 44 45 45 36 35 30 38 27 35 66 105 137 173 181 184 186 188 188 184 188 188 189 191 190 186 189 188 189 190 184 186 182 181 182 183 177 180 178 177 169 162 151 118 116 145 165 179 127 172 176 185 186 183 184 184 187 185 185 184 184 180 176 173 172 167 163 153 137 115 90 52 58 85 118 121 102 83 60 52 110 135 127 119 104 85 96 112 130 144 148 139 134 132 117 97 82 71 49 33 30 30 
42 44 44 49 46 35 25 27 37 39 27 42 51 52 38 31 39 48 32 40 73 124 152 177 184 183 185 185 187 191 188 191 192 193 191 190 186 190 191 189 190 182 181 178 181 184 181 184 181 175 164 159 156 129 119 150 170 192 128 171 185 186 184 178 176 179 185 185 182 184 187 193 195 195 191 187 174 153 132 116 90 59 60 88 122 132 113 86 57 50 108 145 138 119 103 78 90 112 126 140 150 147 130 129 117 99 86 72 56 33 31 30 
42 42 42 43 44 35 26 22 35 38 28 36 48 57 39 27 34 44 34 43 86 125 159 175 183 183 185 186 186 187 187 187 188 190 189 188 187 189 188 188 187 182 182 182 184 180 179 177 180 172 162 155 149 122 115 141 161 207 139 166 174 179 178 174 176 174 172 176 178 177 178 183 184 188 193 204 190 156 132 119 96 63 65 96 131 139 124 93 61 53 106 140 140 122 102 75 91 109 129 147 154 142 135 128 117 101 91 74 63 36 32 28 
42 43 43 46 44 32 25 26 32 33 25 35 46 55 39 27 33 38 37 55 95 132 157 176 179 183 183 182 184 184 184 189 189 188 189 188 189 187 189 189 184 179 180 183 182 183 182 177 173 172 162 150 143 117 108 121 141 149 111 122 149 161 174 170 169 171 166 161 167 171 173 173 171 172 175 186 178 162 140 118 97 64 71 106 135 144 126 92 60 53 101 140 147 131 110 73 90 114 126 140 156 147 140 134 122 103 89 80 64 40 32 30 
41 41 42 45 43 34 27 24 33 32 27 34 45 56 42 29 34 38 42 59 103 141 158 172 182 182 183 185 186 186 185 187 188 190 188 189 189 189 190 187 185 180 181 183 186 182 181 177 175 169 158 147 138 111 98 101 126 120 95 98 96 102 131 160 164 158 155 153 153 161 159 157 154 156 156 166 166 153 133 117 89 66 90 117 134 138 130 101 59 48 98 128 133 125 102 72 94 110 128 146 156 154 140 135 124 106 90 79 69 39 33 31 
44 48 44 44 43 29 26 28 33 31 27 35 40 58 51 31 39 39 40 62 101 145 166 176 178 180 182 182 186 185 188 186 188 188 191 189 186 188 188 187 182 184 184 183 183 185 184 177 172 163 153 140 136 113 94 113 116 121 124 121 113 106 85 89 119 155 149 150 149 151 155 151 152 153 152 155 152 136 122 101 68 82 107 122 131 136 123 97 59 51 103 126 129 118 104 70 97 117 131 141 154 150 143 135 119 107 88 76 67 47 36 33 
42 42 40 37 44 33 26 26 29 27 25 38 44 51 51 37 28 33 47 72 106 144 171 178 181 179 179 182 183 182 185 186 185 189 191 188 188 189 190 184 184 183 182 183 186 185 182 175 171 162 141 119 124 109 115 105 113 121 130 136 129 106 98 77 77 96 141 146 148 149 147 145 143 148 151 154 144 129 104 77 85 112 124 119 128 140 114 91 58 56 107 128 130 118 103 79 101 122 134 140 148 150 142 131 120 108 91 76 69 43 34 33 
51 45 36 35 38 33 26 27 32 29 23 32 42 46 44 44 31 40 45 80 115 146 167 176 177 180 182 184 182 186 189 189 188 189 192 188 185 186 189 182 183 184 179 180 181 184 182 175 175 166 150 122 125 97 110 110 114 114 116 126 133 120 109 162 89 103 107 146 150 141 148 151 147 151 158 155 141 118 90 75 108 124 132 131 128 129 118 90 58 60 110 132 127 110 102 78 103 124 137 139 137 142 137 126 118 104 90 75 67 45 36 33 
53 45 36 37 35 31 22 26 31 26 29 35 43 43 46 49 31 33 46 80 126 155 172 176 180 178 179 182 182 184 186 187 190 189 188 189 186 188 187 178 179 179 181 180 181 181 184 175 175 161 143 122 129 112 113 114 110 108 115 129 124 131 117 105 107 96 103 108 139 146 144 142 142 140 152 155 134 109 71 89 115 131 136 137 137 123 100 84 57 72 104 121 120 108 96 90 107 120 135 138 134 140 141 131 115 100 92 79 67 48 38 34 
70 45 38 34 30 32 23 22 30 28 27 34 39 47 46 52 39 34 49 84 132 159 171 174 177 180 180 178 179 182 184 184 185 186 188 183 184 184 183 179 177 177 177 173 177 183 182 176 175 161 133 108 129 111 117 111 111 108 125 134 128 130 148 126 109 116 113 102 97 128 146 141 132 140 140 141 126 104 72 97 119 132 137 139 137 123 98 76 56 85 112 126 108 104 94 96 110 126 137 140 145 144 137 126 119 104 86 74 64 46 41 36 
71 41 36 36 35 31 27 26 30 24 33 43 40 43 42 53 49 30 56 91 130 160 170 173 175 180 180 180 180 179 183 184 188 186 185 185 185 186 182 180 178 177 175 173 178 180 181 184 176 159 126 107 130 114 114 113 106 100 97 107 113 117 139 153 142 123 116 121 109 93 132 148 145 145 147 135 124 93 71 110 125 129 135 138 137 121 97 62 48 93 112 112 102 98 97 103 115 128 137 144 146 141 130 123 112 101 88 73 65 47 43 38 
75 52 34 33 31 28 24 22 30 34 30 37 38 43 37 41 55 40 60 99 132 161 171 174 176 175 179 180 181 180 182 182 184 182 182 182 184 183 181 179 180 177 174 175 178 178 184 181 176 158 110 91 134 118 114 107 94 88 105 111 121 117 120 143 159 154 149 135 135 124 95 135 153 152 146 137 125 84 98 128 131 125 133 137 135 125 102 59 62 105 112 107 104 101 104 112 122 127 138 141 138 136 126 116 108 99 85 73 60 45 43 35 
85 51 36 32 26 29 29 26 29 34 35 39 36 37 33 38 54 43 64 105 137 160 169 170 172 175 174 175 178 179 179 178 178 179 181 172 179 180 176 173 176 178 175 173 176 176 180 180 175 150 104 80 126 122 119 104 91 91 108 115 112 114 116 127 147 154 152 154 144 139 118 86 119 141 139 126 104 95 122 132 130 130 132 133 131 118 92 53 79 106 101 102 106 109 108 117 123 133 132 138 132 120 117 113 103 89 76 67 53 44 49 37 
93 58 37 30 30 26 30 22 35 48 33 40 32 31 31 33 51 47 57 106 138 164 172 172 171 173 174 172 176 175 179 179 178 178 177 177 174 175 171 169 172 175 177 176 178 179 182 177 169 136 96 86 144 128 118 96 98 114 132 118 108 117 113 122 134 138 141 148 147 143 133 100 79 106 114 112 118 126 123 128 127 125 128 129 134 124 90 59 102 107 100 102 112 110 116 128 132 134 135 135 128 120 110 104 99 88 75 68 50 49 45 42 
96 71 41 30 26 24 28 29 34 45 43 40 32 27 34 36 37 54 55 98 136 157 169 168 170 171 170 171 173 173 175 174 170 170 174 169 170 172 171 171 172 171 171 176 176 181 180 177 165 124 90 85 110 128 112 93 104 128 151 134 113 116 122 114 129 137 143 150 153 148 136 122 84 112 120 130 136 133 130 126 125 123 126 134 131 119 81 78 104 103 107 114 114 118 126 129 128 127 125 124 122 117 107 104 96 81 71 66 49 48 45 39 
91 77 48 29 34 25 24 25 29 40 44 37 34 32 29 37 45 53 39 82 134 158 167 169 167 168 163 165 170 169 170 168 169 171 169 165 165 166 167 166 171 169 169 168 167 173 176 172 164 124 85 98 107 127 108 96 93 105 118 136 121 118 130 118 126 138 145 149 147 149 143 142 101 109 126 136 142 136 129 134 132 130 126 126 125 114 77 82 96 102 115 119 120 123 130 134 130 127 125 124 124 115 106 100 90 75 67 61 47 49 44 44 
91 83 53 32 28 30 30 34 34 37 38 37 30 26 31 36 51 59 37 55 118 155 166 166 164 168 169 166 168 169 171 170 169 169 173 175 173 169 163 166 166 166 170 166 166 170 170 170 158 120 87 111 118 129 107 99 81 86 97 107 128 120 133 123 113 129 140 144 153 157 146 147 130 104 123 123 133 137 139 142 141 134 134 125 127 109 61 76 100 119 122 124 128 129 128 127 128 133 130 123 116 113 102 98 87 68 70 52 50 46 43 44 
97 90 60 36 28 27 30 32 35 39 39 42 34 34 29 36 50 58 47 38 102 148 163 164 163 167 168 168 167 168 169 167 169 170 169 168 170 167 162 164 164 165 165 166 167 170 170 168 153 108 89 125 99 127 109 94 106 97 77 100 132 122 134 125 112 124 138 143 147 154 142 148 141 106 129 115 121 132 144 146 136 136 130 121 118 99 61 102 121 125 127 123 127 132 131 123 123 123 124 124 115 105 103 95 74 68 61 49 46 50 47 47 
93 89 71 39 32 37 28 31 34 36 35 36 40 34 32 33 50 61 44 41 66 144 162 161 162 163 163 165 164 162 165 165 165 162 162 165 160 160 158 156 159 159 161 163 170 173 172 165 147 107 106 128 104 125 110 98 91 98 72 94 134 126 133 127 114 122 138 148 152 153 150 149 140 105 129 116 108 119 133 141 139 130 128 124 113 79 90 127 132 135 131 131 133 131 128 127 123 120 115 109 109 104 97 80 68 72 55 49 48 48 49 56 
95 93 85 50 30 36 25 29 35 32 40 31 30 32 37 34 44 62 47 33 57 126 162 162 162 163 164 162 165 160 163 164 166 165 161 157 159 158 153 157 160 159 165 164 169 168 166 163 143 107 119 131 104 128 111 98 88 84 73 106 132 128 124 119 117 121 138 144 150 154 147 150 145 104 135 129 119 109 120 132 133 131 133 125 110 67 96 127 135 139 139 132 132 132 128 127 120 119 113 111 110 100 84 67 73 66 49 43 47 52 52 70 
81 88 88 61 34 33 29 28 28 28 37 40 29 35 34 31 52 76 60 35 38 104 159 162 167 165 168 165 163 165 164 162 165 163 161 161 160 155 155 158 158 161 162 164 164 163 170 160 137 111 124 133 109 125 109 105 102 88 94 128 128 129 118 116 116 124 140 148 147 150 149 154 166 109 137 131 122 113 106 115 124 130 130 130 117 95 96 117 127 139 135 129 126 118 119 116 118 115 112 110 104 92 77 72 75 51 47 49 52 54 59 77 
82 92 87 73 34 31 31 28 33 31 40 32 37 25 26 34 46 79 60 40 27 59 136 159 160 163 160 162 159 159 162 163 160 156 159 159 157 155 151 153 157 158 160 155 159 162 162 151 135 117 128 140 163 121 109 106 109 135 129 130 125 129 117 119 122 133 146 148 150 151 149 156 166 112 138 134 127 122 108 102 111 123 126 127 119 114 111 115 127 131 132 125 120 118 116 114 113 110 108 103 97 83 73 80 60 46 45 48 51 61 67 95 
89 96 94 76 38 26 27 29 32 37 44 28 30 33 31 37 48 69 73 50 46 39 105 154 162 161 162 161 162 158 160 158 160 159 157 154 154 150 154 154 152 154 151 147 152 157 157 153 136 110 127 140 165 118 101 106 84 118 129 122 118 112 111 122 122 137 146 143 145 149 147 155 159 107 133 136 130 123 118 108 102 108 114 118 123 116 122 122 123 127 127 123 118 119 121 113 111 107 103 96 87 75 77 72 49 44 50 54 61 67 86 116 
93 96 97 85 55 28 26 30 30 34 45 33 24 26 24 29 41 47 60 48 34 54 68 135 153 164 162 165 160 161 159 158 157 155 154 153 150 152 150 152 152 152 153 146 141 146 158 152 124 119 131 136 136 120 98 105 95 97 114 109 112 107 110 119 130 137 146 151 147 146 152 164 152 114 141 141 130 122 121 114 103 99 99 109 114 125 122 125 131 135 137 128 118 109 113 111 109 105 99 95 86 81 78 51 43 48 49 57 71 84 111 144 
70 90 89 88 58 38 29 27 29 36 44 41 28 27 28 30 33 44 40 54 32 45 57 99 146 152 151 155 158 159 155 152 149 152 149 143 146 148 147 147 150 148 144 142 146 148 151 147 129 125 131 134 123 119 112 88 104 96 106 107 108 106 110 117 125 141 147 145 145 143 142 162 136 117 142 140 131 126 124 116 112 109 106 112 120 122 123 122 126 133 128 125 116 111 111 108 102 103 93 86 78 77 61 46 46 50 55 68 78 97 111 139 
69 82 91 93 70 31 28 26 29 30 34 33 26 27 22 22 27 26 49 46 33 36 46 63 109 138 145 149 152 156 155 150 147 147 139 136 145 144 140 146 143 141 138 140 140 142 147 147 126 120 124 129 107 117 116 98 105 100 108 115 112 110 109 116 131 144 149 152 148 143 144 167 120 115 136 137 122 124 122 118 118 113 111 120 124 127 127 124 125 127 126 121 116 112 110 116 108 99 92 83 81 69 46 45 52 61 70 76 85 97 110 136 
75 81 94 95 77 39 31 26 27 31 31 29 21 27 25 25 26 30 52 39 28 39 55 74 81 120 138 146 148 147 150 150 145 145 148 145 141 139 139 143 142 139 137 138 136 142 146 148 118 114 127 127 105 111 122 112 104 111 114 120 115 107 106 122 133 141 150 152 149 138 139 170 112 118 131 126 125 126 122 116 114 115 114 118 122 122 129 124 122 120 120 115 115 111 106 106 102 95 87 79 66 48 47 51 59 68 74 89 114 85 112 153 
69 75 91 95 87 47 34 27 29 33 35 29 22 21 21 20 26 41 51 37 29 42 58 74 78 104 125 140 140 141 147 149 144 138 146 143 144 140 139 140 139 137 142 137 137 139 143 144 122 119 122 123 117 109 120 114 109 107 113 113 110 101 110 123 135 141 149 147 145 139 144 159 102 121 132 123 126 125 117 115 112 113 116 114 114 115 119 122 121 119 117 114 110 108 108 99 95 87 84 73 48 48 54 59 66 75 87 97 109 93 130 158 
73 80 88 93 89 55 34 29 28 33 28 29 26 29 26 25 28 35 44 31 29 42 50 73 85 86 111 125 130 133 138 138 134 139 141 137 136 138 137 138 137 136 131 135 137 132 138 145 126 119 121 115 107 98 118 106 98 115 115 113 105 106 115 126 128 139 141 142 139 141 158 172 102 125 137 133 123 122 119 116 115 115 112 112 116 114 116 117 116 114 111 106 110 102 99 97 93 87 74 50 49 58 61 68 78 84 103 105 101 115 148 146 
70 78 76 90 91 65 33 29 29 27 26 30 25 31 24 22 24 28 30 35 33 44 49 75 85 74 103 119 127 133 135 139 137 133 135 137 141 142 137 137 136 135 136 136 134 136 141 141 132 122 122 116 108 85 114 110 103 114 120 120 111 110 123 130 129 136 145 141 140 139 165 153 106 125 131 126 124 119 106 106 110 109 115 116 117 115 112 116 114 114 112 111 107 103 102 97 91 77 52 45 57 58 63 77 86 99 94 101 106 128 157 150 
77 75 73 91 91 82 39 31 24 25 30 31 23 27 26 27 28 30 30 29 33 45 56 85 84 79 108 128 130 134 140 143 143 142 143 142 142 142 144 138 135 133 135 134 132 129 130 133 125 116 116 112 107 86 111 119 114 122 127 129 124 121 120 125 128 134 136 137 131 136 157 114 106 122 118 118 119 114 110 106 115 118 116 116 115 119 121 113 115 113 109 109 107 103 96 91 84 56 51 64 60 68 82 87 86 111 101 91 112 143 156 151 
90 75 66 62 96 89 42 30 28 26 28 31 28 28 27 27 23 26 30 33 32 47 65 83 90 78 113 129 134 137 141 145 144 139 141 137 142 141 136 136 134 132 130 133 131 129 127 127 123 118 116 113 111 108 88 123 117 114 125 135 139 131 124 122 124 129 130 132 128 140 124 99 116 130 129 122 118 116 114 115 115 115 119 118 117 115 117 114 109 107 109 104 101 97 96 85 57 51 60 67 76 85 87 84 95 123 107 91 112 149 155 145 
96 80 86 51 37 83 55 35 26 23 32 30 28 28 27 26 24 27 32 36 40 46 68 88 91 82 111 129 142 144 146 141 139 138 134 132 133 133 132 127 127 125 128 127 126 126 122 123 120 122 119 113 114 114 91 106 118 113 122 134 135 132 123 123 122 123 121 119 133 133 111 115 127 131 124 122 116 117 115 112 111 117 118 119 115 119 114 116 110 107 107 105 100 99 86 55 52 62 69 77 86 94 89 82 122 130 99 90 117 153 155 149 
87 94 80 88 64 27 29 24 26 26 30 29 25 26 26 27 40 35 34 36 41 44 64 74 82 91 112 130 138 138 126 128 126 125 127 131 130 126 127 129 131 130 128 126 120 115 117 118 124 127 120 115 116 112 110 81 110 104 108 102 103 101 113 123 133 130 125 129 128 109 113 118 125 120 121 117 117 114 115 114 114 115 117 117 115 114 114 110 110 107 107 100 99 81 57 55 64 72 85 87 89 89 87 98 137 125 81 105 145 156 148 147 
91 90 94 81 79 73 50 27 34 23 34 27 21 20 27 40 39 45 37 40 44 49 50 55 72 88 108 112 103 103 101 102 109 108 96 101 113 122 121 129 127 127 124 123 119 115 119 121 119 122 125 127 128 115 114 110 110 110 94 89 94 96 105 115 123 131 133 124 112 116 114 122 122 120 115 118 117 114 114 118 122 120 122 117 118 112 109 111 109 102 100 100 78 59 54 65 74 83 87 86 86 78 73 91 147 129 86 119 155 158 151 149 
93 92 89 95 85 76 66 40 35 31 26 22 20 18 25 27 31 32 35 42 44 44 47 63 60 65 66 62 85 102 113 115 114 110 112 102 98 100 102 98 111 116 121 121 120 120 121 122 121 117 123 116 85 95 107 108 150 69 104 111 107 113 114 112 114 111 110 108 123 126 128 124 124 120 119 118 118 117 119 119 119 121 119 118 116 115 109 108 104 106 95 70 64 60 69 81 90 90 87 84 80 76 70 103 137 105 79 141 155 150 152 152 
97 97 97 93 96 91 80 56 42 41 23 25 21 19 20 22 25 35 38 30 39 37 39 39 45 54 70 85 93 92 96 97 94 91 79 80 79 75 75 84 85 95 111 119 121 119 119 118 107 109 118 116 105 106 107 100 111 48 77 96 91 91 93 101 104 110 120 130 127 122 120 123 122 122 118 120 122 122 116 115 116 115 114 111 114 111 105 104 102 86 71 67 62 77 83 89 93 88 85 76 70 68 88 123 135 66 101 145 150 144 143 150 
90 96 95 96 95 93 88 81 51 53 40 21 22 21 20 20 26 31 51 47 43 43 45 53 47 45 38 38 54 65 64 72 80 80 70 57 48 49 53 50 56 65 88 109 114 110 108 113 112 112 116 117 115 101 94 109 71 31 79 88 95 104 110 115 123 125 124 120 118 116 117 115 117 118 120 119 117 117 115 116 115 111 110 111 107 109 106 99 80 71 69 71 83 84 87 86 79 76 72 68 74 86 109 129 99 81 130 142 141 151 148 144 
89 89 90 90 89 93 92 88 88 70 56 36 29 30 29 25 27 40 42 47 49 51 54 52 55 52 66 63 50 51 59 59 65 72 68 52 45 39 38 34 34 30 43 72 101 113 115 119 122 121 123 117 104 90 69 59 61 89 94 98 103 106 107 109 110 113 112 111 112 112 115 115 115 111 112 109 111 112 112 111 110 110 107 105 106 99 87 75 75 80 82 86 85 88 80 79 77 67 67 82 92 101 111 107 68 123 143 143 142 138 129 117 
92 90 90 84 90 90 91 94 94 99 74 56 59 44 40 29 25 35 51 50 60 52 55 67 61 64 65 80 66 54 53 57 56 52 50 47 35 32 32 37 32 33 27 38 56 86 102 115 124 126 116 93 80 70 73 95 110 107 106 106 108 107 105 106 100 105 106 109 108 110 109 111 113 113 109 111 111 114 108 106 105 108 111 109 91 81 77 85 87 87 88 80 82 80 77 62 60 77 89 72 79 105 121 67 111 132 144 157 158 148 129 103 
90 96 90 94 92 89 90 90 91 86 83 48 64 59 54 41 32 34 41 50 53 58 59 61 56 53 59 48 62 55 37 33 36 38 31 32 34 31 30 27 32 27 29 28 28 27 35 31 31 26 19 39 82 113 109 98 91 92 99 102 105 109 111 113 117 109 108 108 110 108 109 108 109 110 108 110 110 106 106 104 107 100 92 96 104 101 98 90 83 77 68 64 54 42 41 62 69 67 78 107 108 94 45 83 135 144 131 117 110 105 104 118 
93 94 92 93 91 92 89 89 92 87 85 60 54 66 63 59 43 41 37 45 63 59 54 62 56 42 35 36 32 47 47 35 25 24 30 29 26 25 26 29 22 23 22 24 31 27 22 25 27 44 48 52 53 66 79 103 114 103 95 97 100 99 103 107 108 108 111 108 106 104 105 104 104 104 103 95 105 102 99 95 69 42 17 21 25 26 30 38 39 39 42 40 41 60 82 88 89 95 102 102 112 55 45 86 105 109 105 110 106 112 112 109 
95 93 93 93 93 93 94 93 94 93 91 83 42 56 60 75 51 43 48 56 57 63 46 36 44 42 34 26 28 24 30 28 26 25 18 22 24 27 28 23 28 26 24 26 25 27 31 31 39 62 95 97 70 57 84 108 121 141 135 114 105 102 92 87 91 93 98 100 102 106 106 105 103 104 99 93 62 80 76 70 87 82 85 78 42 35 36 39 45 53 70 81 98 105 113 104 102 115 113 123 116 55 42 66 103 110 113 120 122 124 123 99 
91 93 95 93 93 93 94 92 94 93 90 84 64 34 52 81 73 54 46 48 59 58 51 35 28 32 33 27 24 24 23 25 27 27 23 19 17 20 24 28 23 26 22 20 28 33 27 32 77 93 95 112 91 80 93 99 101 101 119 132 144 142 138 134 123 115 106 99 93 88 91 83 84 74 82 120 112 45 64 94 89 103 118 120 138 119 108 104 98 95 91 90 93 110 119 120 129 130 129 113 102 39 35 97 111 120 124 127 130 115 90 102 
96 94 94 92 93 91 93 92 94 92 91 91 91 50 32 64 85 53 46 45 49 41 45 38 27 25 25 29 22 24 23 23 23 25 28 24 23 23 24 24 26 24 25 23 26 29 32 77 92 94 113 123 110 96 95 111 116 131 144 128 123 126 131 139 139 139 129 121 97 78 77 81 77 85 84 84 139 134 81 59 91 96 92 90 82 109 103 102 105 102 110 119 124 132 143 150 151 134 134 140 112 41 59 109 118 117 122 123 120 101 73 95 
94 94 93 96 93 97 95 94 92 93 92 87 89 97 56 24 42 72 71 50 50 59 39 36 28 26 27 26 26 22 24 21 21 24 25 28 21 22 20 21 22 28 24 28 26 29 76 95 103 123 130 122 117 106 111 125 143 143 122 121 133 131 130 129 116 110 121 104 86 85 86 87 88 87 88 87 135 150 147 129 80 74 99 114 116 107 107 107 106 115 129 150 166 167 158 148 136 146 145 127 94 43 94 124 124 129 131 131 101 83 82 117 
94 94 94 92 94 94 94 93 95 92 94 92 86 86 81 51 45 73 95 89 62 56 59 41 37 29 25 29 22 24 22 24 24 21 22 27 29 23 23 21 30 27 25 28 35 57 72 64 76 90 106 123 128 128 125 140 129 128 112 122 114 105 101 121 113 92 84 78 83 87 88 86 89 89 88 87 110 149 121 124 139 134 97 80 95 117 136 138 136 134 130 128 121 121 111 114 110 112 114 123 100 49 106 138 145 150 153 119 84 95 105 132 
93 94 94 95 92 94 94 96 96 95 92 96 94 95 97 72 40 33 45 54 39 22 27 27 23 33 34 30 28 24 25 22 21 27 29 25 27 29 23 23 22 31 35 35 33 68 90 93 97 102 103 104 99 93 100 88 96 82 84 72 77 74 77 72 76 82 84 91 92 88 87 90 85 88 91 90 86 148 146 107 111 110 136 144 123 94 79 84 105 126 135 134 132 129 135 137 147 148 149 136 90 48 122 148 148 147 134 82 91 100 121 128 
94 96 95 95 95 95 95 94 94 94 96 95 94 95 96 99 82 51 36 44 72 88 82 67 46 25 16 20 22 23 22 24 27 28 23 25 26 27 33 30 28 26 25 20 26 41 54 64 86 106 92 82 82 83 82 82 81 84 87 88 88 90 90 87 87 87 89 90 88 91 90 88 90 90 88 89 93 119 153 135 112 131 114 108 128 147 149 134 110 87 77 68 80 93 97 100 100 105 133 157 127 45 106 130 137 128 101 61 87 120 136 128 
92 91 96 95 94 94 93 94 94 95 93 96 94 93 97 96 99 103 100 97 95 95 98 101 98 84 58 28 11 10 11 12 10 8 13 10 13 16 23 18 18 18 16 33 49 45 52 68 87 80 84 86 88 89 92 92 89 89 91 91 87 88 89 89 93 93 89 91 90 91 92 92 89 90 92 92 88 95 149 153 111 110 150 151 140 135 133 135 152 152 147 141 135 130 125 119 116 104 93 76 83 32 52 110 101 115 76 73 93 131 137 126 
93 91 93 94 94 94 93 92 94 94 98 94 94 96 92 95 97 95 99 98 96 95 95 97 99 102 102 99 89 83 81 88 78 76 59 51 35 31 19 25 38 42 66 82 97 101 92 93 89 91 93 94 93 88 89 89 92 91 90 91 93 93 90 91 90 90 89 91 90 92 90 90 93 91 89 89 92 90 113 157 149 123 117 140 127 127 131 128 143 159 155 150 145 147 147 147 150 156 154 159 147 128 77 94 109 106 104 102 114 132 130 148 
