10 29 27 28 31 29 33 30 32 26 34 29 34 35 31 31 32 36 41 48 46 48 42 35 52 49 39 41 39 31 38 56 52 52 55 56 63 66 72 81 92 96 97 80 73 70 74 93 106 111 94 100 145 161 151 150 102 46 36 22 17 24 25 35 40 43 45 44 55 49 43 43 43 46 42 43 51 49 46 43 44 42 46 38 42 47 44 44 40 40 39 42 41 43 43 44 42 43 41 43 45 39 64 131 149 144 176 210 222 194 159 149 
37 36 36 37 40 39 35 36 39 39 36 35 37 40 46 70 71 61 37 41 54 86 111 126 104 84 78 95 116 105 97 132 120 84 82 84 76 74 85 69 75 74 69 66 48 30 24 12 12 32 45 52 51 53 46 49 45 48 49 54 47 48 51 52 52 52 50 53 46 51 52 51 50 48 51 55 52 55 53 55 55 51 53 50 53 48 51 54 52 51 52 51 33 45 167 214 185 185 200 212 216 214 215 219 221 222 221 212 199 184 172 163 
36 34 34 37 35 36 39 37 37 32 38 40 41 51 57 51 43 44 54 61 92 90 57 51 52 54 58 76 85 80 102 115 94 91 75 78 83 63 61 66 59 57 48 52 72 123 169 154 117 51 22 18 25 36 52 40 55 42 48 46 50 51 51 47 50 51 54 51 51 50 48 50 52 50 51 50 50 50 49 46 49 52 51 56 50 53 58 54 56 56 50 34 54 162 200 200 206 211 214 215 219 221 213 205 196 183 171 164 160 154 152 167 
35 35 35 34 36 37 37 34 34 40 35 36 49 49 46 45 56 54 48 50 39 59 88 52 34 63 86 86 73 101 126 118 111 87 88 98 76 59 65 51 63 42 40 39 37 75 137 147 163 182 157 124 86 34 8 5 0 11 15 31 36 49 49 52 43 40 35 35 39 42 50 49 51 54 54 51 52 50 56 58 58 54 54 48 49 50 50 53 49 54 24 64 179 212 214 214 216 222 224 217 198 176 161 154 155 153 154 158 175 188 204 213 
37 34 38 39 38 36 37 40 39 36 44 51 53 57 45 39 50 68 102 122 103 68 46 54 58 80 84 74 100 130 115 105 85 85 89 93 75 77 73 81 68 64 59 48 44 33 51 99 74 86 126 163 190 205 197 202 188 148 103 68 42 25 28 38 46 49 55 54 50 43 35 30 20 4 13 36 33 51 46 55 54 49 50 52 55 51 51 48 51 22 94 205 225 219 223 222 214 197 179 159 145 146 144 156 174 191 202 210 202 197 190 189 
36 39 37 32 35 37 37 39 38 37 39 48 42 29 26 33 36 48 72 106 97 67 44 51 70 68 54 77 108 107 85 89 91 95 92 102 96 98 93 86 77 91 92 61 41 29 32 93 159 151 163 192 209 220 211 190 190 202 212 199 177 162 173 178 186 184 183 182 182 180 173 163 149 122 106 84 52 35 23 17 28 44 45 52 50 56 52 49 32 134 221 228 221 216 194 175 160 152 146 152 170 189 194 194 191 191 187 188 191 195 202 194 
33 33 34 40 38 40 38 39 43 46 48 38 34 33 38 36 38 43 50 57 77 82 67 52 50 62 106 139 127 95 118 110 113 117 102 94 99 89 97 91 89 84 77 54 23 23 27 52 157 183 221 213 204 187 175 173 179 183 189 194 199 204 201 197 194 192 189 187 183 182 185 188 186 189 191 192 188 175 158 123 89 59 18 16 35 42 31 33 167 237 226 204 182 162 141 146 158 173 189 195 182 171 171 182 184 184 184 177 165 153 140 139 
36 36 36 32 38 35 36 39 43 41 34 43 31 36 32 34 27 31 53 49 47 48 66 86 107 121 133 126 102 119 140 140 145 146 154 147 163 179 176 181 180 173 170 163 132 80 40 64 119 125 149 176 170 175 181 183 181 176 177 173 179 183 189 187 185 185 185 187 187 184 185 182 179 174 177 181 178 180 171 177 180 174 159 123 70 31 71 202 228 200 177 159 160 168 174 180 191 179 162 176 186 185 165 155 145 129 121 121 121 118 122 122 
37 37 38 39 36 40 40 42 44 40 41 41 48 37 31 25 27 32 39 44 54 71 105 120 134 144 132 127 125 144 150 147 164 171 189 196 205 201 201 195 194 196 196 204 209 211 190 140 146 58 76 187 195 187 179 176 181 185 197 193 177 160 165 171 169 175 179 182 180 182 183 185 181 182 176 177 174 173 167 168 170 167 171 174 172 154 162 176 149 147 151 163 181 188 183 171 159 161 152 147 142 131 118 115 117 119 119 125 128 136 147 161 
33 34 32 34 35 36 41 51 46 42 43 34 37 32 25 25 29 36 40 46 72 97 115 141 147 135 140 157 164 171 169 172 191 193 191 198 199 199 197 198 200 200 200 197 201 203 202 156 142 40 32 113 85 66 60 57 55 53 58 89 153 209 191 178 180 179 174 170 174 176 180 178 183 178 174 173 173 178 180 168 163 159 163 170 161 166 155 138 116 84 62 66 101 130 128 117 97 102 85 80 82 90 106 115 123 126 129 135 147 152 149 143 
38 39 41 34 36 41 48 35 32 37 35 39 32 31 32 37 43 46 56 56 79 106 122 132 128 134 143 166 177 185 186 195 196 200 199 199 198 201 200 197 194 197 194 195 196 197 204 173 90 107 142 153 164 173 173 175 176 170 160 131 79 53 168 204 183 182 183 183 183 183 180 173 168 172 173 171 172 169 171 175 173 172 163 155 151 145 152 154 155 152 129 72 28 22 46 76 104 112 110 120 125 128 125 127 126 133 136 133 127 126 134 141 
37 36 37 37 36 39 36 28 35 38 35 31 36 32 29 36 38 57 79 67 64 91 111 125 133 143 165 179 187 190 199 194 195 196 201 204 202 198 198 203 202 197 194 195 195 198 197 98 94 167 203 200 199 197 193 196 193 192 202 201 203 161 69 156 199 188 182 186 183 180 185 181 176 170 172 175 169 166 171 174 168 165 163 161 159 156 152 156 154 156 156 160 147 104 39 17 31 75 112 122 128 122 118 115 112 110 106 105 101 98 92 87 
36 37 33 35 40 37 30 34 39 34 32 37 45 35 35 38 57 80 80 62 61 108 131 127 130 147 175 191 186 191 190 191 202 206 204 207 209 208 203 201 195 191 195 192 196 194 95 143 135 160 202 201 203 199 194 194 193 193 191 194 193 202 193 81 173 198 189 182 182 181 183 183 186 180 173 166 167 158 153 162 166 162 163 168 159 152 152 149 151 153 154 147 150 156 149 99 36 18 19 36 51 79 92 93 92 90 95 96 103 98 100 102 
35 38 34 37 33 29 30 32 31 36 34 43 38 37 40 50 69 72 78 75 62 110 119 123 139 153 170 184 187 187 189 193 193 200 204 205 203 204 210 204 195 196 192 190 188 126 135 181 131 128 168 177 173 170 167 171 165 162 170 180 188 194 200 190 96 187 199 191 190 185 175 176 170 170 168 164 164 167 166 160 161 162 157 150 153 156 150 147 148 148 148 153 152 146 143 145 121 72 46 45 48 39 46 67 88 109 116 121 124 128 125 128 
39 33 40 37 34 29 29 30 37 37 36 44 40 36 46 71 79 88 105 80 53 91 112 130 152 168 164 177 182 189 190 188 194 199 202 202 200 193 190 204 204 203 197 176 166 104 169 158 124 113 141 147 144 147 144 148 152 164 170 176 183 185 190 197 171 95 198 196 178 186 178 176 174 166 157 167 165 163 163 163 156 154 152 155 155 156 155 150 152 152 146 146 149 148 146 142 147 133 85 53 55 60 61 55 56 54 71 84 97 106 114 112 
30 38 34 41 30 29 36 36 44 34 36 38 53 53 54 60 74 95 107 79 58 97 127 151 174 177 181 184 186 187 193 195 192 198 200 200 201 202 199 196 195 178 182 186 114 150 166 154 128 107 119 135 142 137 138 141 145 159 170 168 177 181 178 183 189 133 116 199 190 191 180 177 172 166 165 156 157 161 160 157 153 155 154 150 152 150 148 152 148 148 145 144 142 148 147 148 141 143 137 103 60 62 64 72 73 76 63 56 57 66 73 87 
41 38 42 46 37 29 27 33 34 33 38 52 50 46 46 53 68 78 68 68 71 89 113 154 175 179 184 189 192 187 190 194 197 193 193 198 197 197 198 200 190 180 185 173 118 160 159 164 115 93 123 136 132 124 135 138 145 156 152 163 175 178 180 179 193 201 124 171 186 180 172 172 171 166 161 158 152 154 149 148 148 147 148 146 146 145 144 144 146 144 144 144 139 141 140 139 136 137 133 135 109 66 61 63 70 77 86 84 77 74 67 62 
33 40 50 49 37 33 33 32 37 34 39 43 41 34 33 33 47 64 81 80 68 79 111 152 165 177 185 191 185 191 194 196 195 193 195 194 194 193 194 192 172 168 198 149 119 161 157 147 114 97 118 138 143 147 134 133 133 142 154 165 174 178 174 179 176 189 200 169 179 171 177 173 153 154 161 151 149 155 155 147 145 151 154 150 146 143 147 142 143 143 141 136 135 131 129 134 133 137 137 132 126 111 74 67 62 76 81 87 88 88 85 86 
35 40 70 56 42 36 29 28 28 41 51 46 30 32 47 64 81 85 72 54 63 105 141 156 163 175 179 184 192 190 191 190 187 188 190 190 192 192 192 175 163 165 181 114 135 159 157 143 132 106 104 118 147 152 143 139 135 130 139 156 163 164 169 175 187 192 185 109 148 157 169 165 155 155 149 150 148 145 143 145 144 148 146 146 141 143 145 142 141 140 138 143 138 136 129 128 133 129 131 129 127 127 109 75 65 62 74 89 94 91 92 86 
34 47 64 57 44 31 28 36 43 44 44 32 31 44 59 68 69 81 68 55 69 127 157 162 168 173 175 182 190 188 191 189 191 188 189 191 191 189 184 159 143 151 169 116 162 172 173 157 130 88 96 121 143 151 157 149 134 125 132 144 152 153 157 170 172 169 175 131 146 156 170 158 155 149 140 137 134 130 131 133 134 137 143 137 134 139 141 136 138 138 137 133 134 131 128 131 122 127 133 128 128 122 119 106 78 71 64 71 87 96 93 96 
32 48 58 53 48 30 31 33 32 35 35 34 39 49 50 49 45 42 46 48 86 139 156 160 165 169 170 178 178 184 189 194 195 193 192 190 192 190 179 157 134 137 158 102 172 186 176 140 79 82 93 114 151 160 155 154 147 131 128 138 144 150 157 162 166 162 170 154 130 146 158 150 144 138 137 133 134 128 129 134 134 134 142 141 143 139 144 140 141 136 140 138 135 130 132 131 128 122 118 127 124 122 119 118 105 76 71 64 70 86 94 92 
41 57 45 49 46 38 40 39 34 34 30 24 34 47 52 50 69 70 56 46 104 140 155 170 173 171 177 176 181 181 174 180 186 186 190 189 190 184 166 153 133 136 141 98 167 177 168 108 109 115 79 105 136 163 169 160 161 145 133 134 136 138 147 151 142 148 148 143 108 130 147 135 134 125 126 127 121 120 121 125 129 134 128 124 128 139 139 134 135 132 126 131 131 134 131 131 129 122 114 103 122 124 123 115 106 97 76 72 68 76 92 99 
50 73 57 42 40 47 52 39 35 35 30 41 48 47 53 62 70 76 62 70 121 149 155 164 167 179 176 177 172 169 177 170 173 178 182 188 187 175 159 148 133 130 134 100 149 158 139 105 155 116 68 84 144 152 150 148 150 143 133 129 129 135 146 145 147 144 148 151 101 114 132 128 126 120 115 109 108 109 115 118 114 118 123 122 125 126 134 132 125 126 134 132 133 132 132 133 130 130 119 111 104 122 122 116 110 106 87 76 71 69 82 95 
61 65 56 45 52 60 46 44 35 35 42 42 43 61 72 79 81 66 56 91 134 145 151 155 165 169 173 162 163 158 163 169 166 165 171 184 182 169 154 137 123 126 135 105 142 136 116 113 130 68 64 81 98 131 134 145 163 141 120 121 126 134 135 140 137 139 140 147 101 105 129 123 119 114 107 104 106 107 107 108 111 119 120 113 109 103 120 117 124 128 129 131 132 137 136 135 135 130 128 123 108 116 127 117 114 107 102 83 70 70 65 84 
46 48 48 53 64 58 55 40 30 35 40 42 54 59 66 51 40 52 73 109 137 148 149 150 152 162 161 162 150 153 154 156 158 168 176 177 178 176 155 137 116 124 120 106 137 134 103 104 99 81 109 122 100 103 115 120 106 111 121 115 117 124 132 139 140 138 141 145 99 93 125 116 112 104 104 107 99 100 105 100 106 105 101 108 107 106 109 113 116 116 125 131 127 131 136 138 135 142 130 127 122 118 120 118 112 109 101 93 81 71 72 72 
53 44 47 64 59 56 47 30 28 36 39 50 57 57 34 35 56 74 92 124 140 145 144 148 147 145 151 148 156 153 150 149 151 151 156 163 172 167 148 122 111 110 105 104 134 123 94 94 85 85 111 116 96 100 107 99 73 96 111 115 116 126 130 134 135 136 142 141 105 87 111 111 110 108 104 100 100 98 103 102 98 99 100 102 109 110 109 111 114 118 122 121 128 127 130 136 135 135 129 124 125 117 110 113 111 113 108 97 84 77 71 69 
47 46 46 55 72 47 52 38 36 39 47 53 61 43 45 54 68 82 109 129 139 141 137 141 146 147 145 150 151 150 148 149 150 150 153 158 156 159 147 122 102 104 102 99 125 118 95 93 79 48 40 52 84 82 97 108 90 108 109 118 115 125 131 136 138 141 140 142 103 78 106 109 105 102 104 102 90 95 101 97 98 100 104 101 95 105 108 108 117 126 128 126 131 133 135 133 129 135 124 127 120 120 114 110 112 108 102 96 89 69 70 68 
45 42 40 57 71 59 43 38 29 38 44 55 62 52 58 71 77 95 118 128 132 138 142 140 139 143 140 143 142 147 147 145 147 148 151 155 153 155 148 125 93 89 93 91 122 106 76 82 56 35 46 51 65 76 88 98 109 104 106 104 119 127 133 135 140 136 131 129 99 73 102 110 102 95 94 98 93 88 93 96 101 104 108 114 116 113 116 123 128 125 123 130 132 134 129 132 128 128 133 130 130 120 117 108 101 103 103 101 89 82 67 68 
36 44 38 38 57 52 47 42 34 39 43 45 56 59 62 72 88 103 118 127 129 130 137 136 137 140 138 143 143 139 141 142 143 146 148 148 151 147 142 118 93 90 90 66 105 109 79 91 71 47 40 54 69 78 90 102 105 109 104 109 124 129 133 136 137 132 129 133 98 68 97 99 96 97 92 93 95 99 99 96 93 98 111 117 116 114 116 118 118 122 124 132 136 133 139 133 127 123 127 122 119 121 119 110 100 97 102 100 93 80 65 63 
45 47 40 32 39 62 60 58 39 37 46 54 62 61 70 81 98 111 124 128 129 133 134 135 136 137 133 134 133 140 137 138 142 145 143 142 149 152 143 116 85 83 116 104 176 124 92 87 74 57 32 37 70 74 87 98 100 102 100 115 126 126 131 133 129 124 121 129 96 70 93 98 92 85 91 100 102 105 103 97 102 116 125 118 105 109 110 121 131 137 134 130 132 136 133 130 123 119 125 121 126 128 127 117 104 91 95 97 97 86 72 62 
37 43 40 43 40 59 59 49 43 38 40 50 59 62 80 92 104 112 122 127 129 130 134 135 138 138 138 139 135 137 138 143 143 145 145 146 142 142 143 119 89 77 146 158 233 206 129 87 66 44 53 64 72 75 90 93 96 102 104 116 126 136 136 135 129 130 126 121 88 69 86 90 81 87 98 103 104 107 107 109 125 117 113 102 98 105 121 131 140 144 139 141 134 131 130 126 130 135 127 138 129 126 123 115 102 92 86 91 95 94 79 70 
36 47 48 50 41 37 57 51 43 40 40 45 48 68 83 100 107 118 127 129 128 128 131 134 137 138 136 138 135 135 139 140 142 142 148 147 143 144 143 118 87 70 108 139 232 218 149 97 81 57 55 60 75 72 85 88 98 94 103 124 129 134 137 135 133 124 118 124 93 65 76 76 88 105 110 110 109 109 113 125 121 119 113 95 82 98 123 139 136 137 142 138 135 135 135 135 129 127 127 127 126 123 123 121 119 112 94 88 93 93 84 67 
34 45 46 43 42 40 46 55 62 40 38 41 62 75 91 102 109 120 123 124 127 131 134 134 134 137 137 138 135 139 137 140 137 143 143 148 147 146 138 113 82 71 75 86 153 151 129 82 78 65 78 92 85 75 79 89 95 95 114 125 128 131 133 140 134 126 111 116 81 60 60 83 107 112 113 112 110 109 120 123 123 122 119 83 72 117 132 140 139 136 133 136 142 140 138 130 126 129 124 129 133 129 124 118 116 109 102 87 89 90 82 71 
32 32 45 36 45 46 40 41 43 42 35 38 61 89 102 115 118 122 127 129 131 134 133 132 135 141 141 137 137 134 139 139 140 142 147 144 148 146 138 110 85 82 81 86 114 112 88 62 64 54 79 87 74 76 83 91 92 96 119 129 129 138 142 134 129 119 116 111 83 56 80 101 110 113 109 107 105 113 131 140 137 136 120 75 58 115 151 155 149 146 144 142 142 134 129 125 128 133 135 130 124 127 123 123 121 114 104 90 71 76 85 70 
34 39 40 42 39 45 50 45 47 42 35 44 74 93 110 115 115 122 125 125 127 132 133 135 134 136 138 139 136 135 138 140 139 140 142 142 145 144 138 116 99 86 118 111 116 98 71 52 51 59 49 57 69 75 85 85 86 107 131 134 152 159 162 149 124 116 118 92 87 70 93 105 108 105 106 108 111 127 145 152 151 149 133 88 48 84 132 162 161 151 144 144 136 130 127 127 127 125 133 138 132 124 125 122 118 118 107 96 79 72 75 81 
30 39 35 35 34 35 40 38 33 37 32 41 68 99 118 118 120 123 126 129 129 127 130 130 132 136 141 140 137 134 136 136 140 141 143 144 148 150 135 119 95 93 107 109 110 96 77 60 48 53 47 67 68 79 82 87 96 124 139 139 123 127 127 132 117 119 108 82 77 82 110 108 113 115 115 114 131 137 146 154 160 150 118 75 64 122 124 154 165 157 142 138 133 130 128 128 129 126 128 119 120 128 129 121 112 110 110 99 84 73 67 75 
29 33 35 37 38 32 33 33 35 35 35 36 65 98 114 121 121 126 122 122 127 130 134 136 138 139 139 140 136 131 137 143 141 134 138 145 142 146 146 135 107 95 103 97 114 94 76 65 54 46 51 76 82 96 92 95 114 140 147 136 122 126 128 112 121 111 72 77 63 92 94 106 117 115 118 132 139 146 151 155 156 142 111 77 83 135 147 141 152 149 140 126 129 129 128 130 125 125 119 117 127 123 117 118 114 110 101 99 88 72 66 65 
31 35 31 39 34 32 32 32 33 33 31 30 44 86 111 116 121 124 124 126 131 133 134 136 137 140 140 139 140 140 139 141 141 140 138 141 144 144 136 135 119 95 106 102 115 96 76 68 68 58 56 58 83 104 96 106 140 146 150 141 131 130 140 164 153 106 125 122 147 159 132 90 103 118 128 140 145 138 140 150 157 139 103 79 73 121 140 135 132 143 141 128 126 125 125 122 124 122 127 130 124 114 118 121 117 112 107 97 81 71 62 66 
32 34 26 30 35 36 30 29 28 30 30 37 45 76 106 117 118 126 126 125 128 127 133 136 136 140 143 141 141 136 138 140 135 137 143 147 146 138 134 132 121 106 106 88 112 107 75 69 65 65 69 69 78 87 99 127 139 149 153 157 142 129 144 158 119 145 128 144 181 180 161 130 83 103 126 131 134 145 156 159 154 129 104 64 52 100 124 135 129 133 145 138 122 123 122 118 114 116 121 122 123 123 120 117 115 111 97 93 92 77 67 61 
32 29 26 24 27 27 35 26 27 29 35 37 47 58 99 113 124 125 123 125 129 131 131 132 127 138 140 138 138 139 131 128 139 140 145 147 146 145 139 137 127 119 112 78 112 112 97 77 69 67 77 103 96 91 105 126 131 139 145 130 142 164 134 110 131 118 130 156 170 173 149 127 90 99 128 140 142 139 131 136 135 116 93 61 36 86 111 119 125 127 130 131 121 118 115 120 116 117 117 131 128 123 119 125 113 101 96 92 82 73 59 57 
29 31 24 28 29 29 30 26 27 31 29 34 39 50 86 111 117 124 122 122 125 127 131 134 135 135 131 133 133 141 134 138 143 138 143 145 144 142 143 136 128 121 121 69 102 115 107 96 74 67 77 90 100 109 116 132 127 135 131 153 161 121 99 106 114 132 153 166 176 173 149 119 83 101 123 132 134 138 148 143 133 114 94 66 33 76 99 109 133 121 123 124 121 109 110 108 107 110 125 127 126 124 124 117 106 104 106 100 86 72 64 53 
33 35 26 23 22 24 32 32 29 32 32 37 45 54 81 108 123 125 123 124 124 128 127 129 129 132 136 136 140 133 138 136 143 136 138 144 144 140 139 135 129 124 120 89 58 111 107 113 107 90 90 106 111 123 128 113 157 180 135 125 109 104 116 128 146 161 160 163 181 177 144 119 65 77 107 110 125 134 133 137 135 113 88 61 29 29 83 117 125 119 117 122 118 108 99 104 105 112 125 129 131 129 123 114 110 102 97 88 80 75 66 57 
26 30 27 25 20 27 32 29 31 31 38 44 50 46 72 104 120 125 123 122 127 126 129 125 124 130 135 139 139 133 130 139 138 141 142 140 147 143 138 134 128 127 125 73 86 64 107 110 121 116 115 127 134 140 147 217 157 146 102 107 119 126 142 153 166 166 170 167 174 174 146 129 76 90 104 123 126 135 134 133 125 109 94 66 51 53 70 102 119 121 117 113 112 94 85 93 102 112 129 128 121 125 115 112 111 103 89 86 78 73 65 56 
27 27 28 27 28 26 28 31 26 31 32 33 39 43 62 96 116 121 122 123 123 127 128 134 134 138 140 136 128 129 131 127 136 136 133 126 121 117 123 133 129 123 128 134 125 86 66 132 147 139 134 149 161 157 126 90 69 40 73 112 129 140 160 169 175 186 184 182 181 187 155 139 99 90 105 120 136 133 130 127 119 101 88 66 63 103 101 94 111 110 105 108 112 95 84 88 97 111 121 124 122 118 118 110 108 94 88 88 86 72 68 55 
35 38 37 29 23 27 28 24 25 31 39 41 45 44 55 98 122 120 120 126 127 124 129 131 130 127 137 137 139 140 140 144 137 141 140 121 108 108 129 131 134 129 128 84 110 115 95 45 95 152 155 128 99 80 85 113 109 108 132 135 140 156 166 175 181 169 180 181 180 207 177 142 132 83 90 109 130 128 129 129 120 106 86 70 55 91 99 94 99 103 116 108 103 96 68 82 94 113 124 124 126 127 113 112 99 88 91 91 80 75 68 58 
33 37 39 30 23 26 28 28 30 37 40 40 43 44 55 93 111 120 123 124 125 128 126 126 127 127 125 129 131 141 141 142 141 137 136 130 126 129 132 132 128 129 124 131 127 103 123 148 139 119 97 118 136 153 149 120 123 139 138 140 152 156 166 173 171 176 174 177 183 201 166 132 134 107 66 72 94 113 115 110 113 100 89 67 57 80 86 83 104 110 117 105 96 78 62 75 93 108 113 121 123 118 111 107 103 96 87 87 83 74 67 59 
38 33 46 43 31 30 28 27 27 27 36 37 46 46 53 95 119 122 124 124 128 129 126 121 129 128 127 132 135 141 140 144 141 143 136 137 134 139 140 132 132 134 130 97 116 112 125 150 156 146 161 169 161 150 134 129 133 128 128 142 149 144 154 164 168 172 174 171 159 147 134 132 130 125 81 63 59 82 102 95 109 110 96 76 54 77 111 91 110 116 116 99 94 78 55 78 96 108 115 116 115 113 105 102 100 99 93 86 82 77 74 58 
34 29 40 36 27 31 30 24 26 34 44 43 46 45 57 85 109 120 118 123 122 126 126 131 125 128 133 131 129 134 136 136 135 135 144 138 137 135 141 139 129 127 124 127 121 109 114 152 156 130 121 140 146 139 130 122 121 131 137 137 142 145 144 152 149 148 147 144 144 142 130 118 109 102 88 48 46 60 95 114 118 116 95 78 55 60 51 82 97 104 117 105 91 80 59 68 83 102 112 121 118 116 111 107 103 100 88 83 81 74 67 58 
32 33 26 38 33 30 25 25 28 32 35 41 49 48 61 86 105 113 122 121 124 126 127 128 130 126 121 120 132 137 141 143 143 140 139 140 144 144 147 138 137 128 130 109 113 106 122 152 176 226 158 132 141 135 123 118 116 118 124 131 134 136 136 141 142 144 142 146 164 150 127 110 106 93 79 52 43 44 73 101 106 112 102 80 52 14 19 76 102 107 112 106 91 75 49 69 90 97 112 115 113 111 107 106 101 94 89 88 76 74 67 59 
36 30 30 36 31 33 28 26 32 33 34 36 49 54 67 88 116 119 122 124 122 127 133 132 129 128 128 130 136 135 132 144 146 139 143 145 139 141 142 138 137 133 129 109 107 95 106 139 167 201 149 110 123 121 116 114 116 117 117 117 125 128 133 137 140 142 143 158 168 146 128 118 104 91 80 48 41 49 64 96 101 107 95 90 60 36 25 67 105 110 109 104 97 80 54 66 81 101 110 112 114 112 105 105 105 96 92 84 80 74 69 60 
32 26 25 35 40 31 30 24 23 31 37 40 47 62 73 93 107 119 114 116 123 126 124 130 134 131 137 137 139 140 142 137 136 143 145 143 144 142 135 135 132 129 123 104 107 102 107 127 118 84 102 107 117 116 114 113 113 114 119 119 118 119 117 120 127 138 134 139 143 137 124 111 101 87 80 64 43 41 61 97 111 114 101 73 58 55 66 81 100 111 110 108 95 78 47 63 89 97 110 113 109 111 111 103 96 98 94 85 76 69 68 59 
38 32 24 34 35 30 25 26 32 39 35 36 57 65 72 94 106 114 117 118 125 130 131 131 136 135 127 132 139 142 142 139 137 140 135 134 135 137 141 135 127 126 123 98 106 98 105 129 126 79 121 117 124 117 110 113 113 114 112 117 122 123 123 123 123 126 124 120 124 127 122 115 111 101 98 62 42 41 56 88 111 107 88 76 59 52 53 73 95 101 102 104 92 80 61 64 91 99 112 114 112 113 116 109 101 91 91 87 82 74 68 59 
38 35 26 29 29 27 26 30 27 34 39 47 62 66 77 94 109 116 118 118 120 120 126 135 129 132 133 133 134 132 134 139 140 137 140 147 141 143 138 139 131 128 123 117 108 108 109 129 137 101 141 134 137 128 107 102 108 111 116 118 124 123 124 123 121 124 122 123 119 122 126 114 107 113 105 65 47 42 58 102 114 108 95 79 65 51 64 49 96 107 99 97 94 83 60 65 82 97 111 118 115 113 110 110 104 97 87 84 85 78 69 62 
41 35 24 30 36 28 23 20 33 38 35 45 49 60 74 93 111 117 122 121 120 120 120 119 128 130 130 135 133 138 142 139 136 141 141 143 145 138 136 131 130 125 125 87 97 112 116 127 125 87 139 139 141 147 127 97 98 106 112 119 122 125 124 125 132 136 133 129 136 133 118 117 123 117 91 78 63 51 73 102 111 103 94 82 59 62 85 79 88 102 106 97 93 85 60 68 84 97 109 110 112 113 113 113 110 103 103 92 81 75 71 61 
31 32 24 27 28 28 27 27 27 35 38 49 58 63 75 93 101 112 120 123 123 122 121 120 123 129 129 134 133 134 137 138 139 136 140 139 141 145 138 135 128 126 124 112 103 110 108 123 129 98 89 90 91 94 101 116 103 83 93 107 121 125 132 140 140 141 136 135 142 164 190 127 123 120 93 78 74 71 84 105 104 94 78 75 64 85 88 76 95 101 105 106 97 89 69 74 86 102 108 116 117 111 114 117 109 104 96 90 87 81 76 59 
29 26 21 24 26 27 29 23 30 33 38 43 49 66 79 96 108 110 114 115 116 119 122 127 123 124 130 131 130 129 129 134 136 140 136 140 144 140 136 136 130 127 123 77 93 110 117 99 92 115 122 120 110 98 90 76 58 39 52 80 91 118 127 132 133 139 140 137 135 161 182 141 124 117 93 86 84 94 107 110 111 105 92 75 56 43 29 65 93 101 95 99 103 93 80 83 89 95 104 113 115 119 115 117 112 106 100 95 87 80 72 65 
28 27 26 25 24 20 24 31 31 35 40 45 54 74 81 91 104 107 111 116 120 120 122 118 120 127 133 130 131 134 136 132 132 134 136 134 129 132 138 125 121 118 118 109 110 116 85 80 92 98 97 83 80 94 109 119 108 83 76 87 95 89 101 126 141 146 141 136 134 153 152 122 102 109 103 93 94 106 115 119 119 109 90 74 52 38 30 67 90 105 108 99 103 96 91 90 93 100 109 111 116 118 116 111 113 105 93 89 88 85 75 67 
27 28 20 22 22 24 25 25 31 39 38 38 52 67 79 101 104 107 111 111 115 116 120 126 124 121 123 128 126 123 125 128 127 124 127 125 133 133 131 129 124 114 110 69 84 84 87 100 93 88 86 86 89 91 104 112 111 138 112 95 81 92 94 88 110 127 125 133 140 160 150 129 101 112 117 100 103 113 119 119 123 118 100 82 55 38 54 77 102 115 115 109 108 107 94 97 96 105 108 114 113 116 110 109 109 106 101 95 89 83 67 70 
29 29 25 23 21 22 25 27 30 34 40 44 60 74 90 99 109 108 115 111 109 114 114 118 118 121 123 127 125 123 125 126 126 133 134 134 130 129 131 126 119 111 98 65 36 78 105 113 91 85 86 89 88 76 81 114 123 112 108 109 116 96 75 100 91 102 122 129 142 158 153 131 97 115 107 107 116 119 119 122 123 119 102 85 56 36 68 100 109 119 122 117 115 109 103 105 104 105 109 113 111 114 117 111 106 104 102 97 91 86 75 78 
25 32 25 22 25 24 25 24 36 43 48 63 72 72 88 95 99 104 104 113 116 112 119 118 117 120 128 126 126 124 121 121 124 123 127 131 131 133 132 128 119 118 112 62 55 100 118 115 91 84 71 61 60 75 87 89 123 129 127 126 118 114 111 80 97 98 104 131 135 145 166 133 115 80 88 103 113 118 116 123 128 131 112 90 62 21 76 108 115 121 119 122 120 111 111 114 115 114 109 112 118 118 113 113 111 109 101 90 92 81 77 76 
28 31 32 28 26 24 23 26 36 42 50 67 69 79 92 94 98 106 108 109 112 114 115 119 121 121 115 119 119 119 122 121 122 126 128 132 138 138 140 126 122 111 96 75 77 109 119 130 91 77 63 63 69 81 91 86 90 118 128 121 120 118 113 128 94 79 103 119 137 156 181 160 96 64 81 106 125 134 135 135 135 138 128 96 73 44 92 113 119 126 129 133 124 111 116 119 115 117 116 118 115 121 126 118 120 108 102 102 88 77 79 81 
32 23 32 30 22 28 24 30 44 49 53 53 63 82 92 100 106 108 109 110 111 114 114 117 118 118 123 124 117 122 120 123 120 123 126 130 130 129 126 127 116 92 86 71 88 95 71 47 61 72 64 58 60 75 83 87 94 108 123 120 117 114 117 127 136 107 58 65 102 136 148 102 36 48 68 94 108 122 128 142 144 143 142 110 85 66 114 121 117 126 145 136 124 124 117 117 119 117 116 120 118 122 124 116 106 109 107 104 84 82 79 90 
30 29 31 44 39 25 31 31 44 44 52 58 69 88 93 97 100 101 107 105 106 109 113 116 117 116 120 122 124 117 117 122 123 122 121 123 126 128 131 130 118 91 89 70 86 102 119 215 160 93 80 65 78 79 87 92 95 96 116 129 121 122 117 121 119 116 97 45 53 65 47 39 58 63 83 91 96 111 124 131 147 157 154 129 93 44 62 92 113 145 138 129 121 117 118 115 113 116 123 126 118 120 118 114 116 109 105 92 82 85 91 88 
29 28 26 31 58 37 20 32 51 54 44 54 74 87 94 102 101 104 105 103 108 109 111 112 112 113 114 115 115 113 118 118 118 120 123 125 126 127 129 128 104 83 80 71 90 106 198 219 210 130 82 96 115 100 88 78 86 92 92 119 122 115 116 113 117 111 117 83 58 77 93 94 88 88 81 89 93 99 118 136 135 140 144 137 100 38 52 99 138 143 137 127 125 130 125 123 126 119 117 120 123 120 123 122 116 111 98 84 79 90 98 94 
24 27 37 33 28 44 33 40 51 44 41 59 83 89 94 96 102 101 104 107 108 111 112 111 114 116 116 118 118 116 114 119 116 117 120 125 124 127 131 125 106 86 78 78 91 111 174 242 200 121 80 62 64 81 78 81 79 88 93 104 116 113 114 118 117 121 125 123 66 61 85 91 98 90 92 97 95 93 94 113 134 137 136 124 90 40 79 104 120 123 130 132 131 126 126 118 117 126 126 121 122 126 118 114 106 100 96 92 100 99 93 82 
35 30 30 27 30 34 35 26 39 42 42 63 82 92 94 97 98 101 107 103 108 108 110 109 109 111 115 120 115 111 118 115 115 114 121 122 123 125 132 123 104 82 71 74 87 110 104 109 89 92 56 49 62 65 87 70 84 91 87 96 108 114 115 114 113 115 115 123 82 67 91 92 88 96 100 97 96 96 94 96 111 118 118 111 84 59 78 98 103 119 125 128 130 132 123 128 127 125 113 112 117 115 114 112 105 100 92 96 97 102 94 77 
27 26 28 33 26 29 27 25 23 35 47 69 83 91 96 97 99 102 105 110 104 103 102 106 111 114 113 115 118 117 113 115 114 119 118 123 124 128 127 122 100 81 74 74 93 104 103 84 76 85 77 59 48 62 81 68 77 84 87 93 93 107 114 115 115 114 119 129 106 59 94 102 91 88 94 95 98 94 93 95 96 102 100 98 92 81 91 102 104 100 116 124 127 125 119 117 116 113 118 118 118 115 108 106 104 99 101 99 105 100 85 72 
27 26 20 18 33 30 34 36 32 39 47 73 82 89 94 98 97 94 95 99 107 105 107 108 107 111 115 115 114 115 115 114 117 119 120 123 129 132 129 122 97 73 79 52 88 100 95 69 79 84 58 54 38 53 76 67 69 79 93 95 104 105 106 110 115 125 126 125 112 64 95 108 109 101 91 94 96 99 93 89 87 95 99 102 100 99 98 98 98 98 107 112 114 118 117 111 108 111 107 117 118 116 112 111 105 102 95 105 104 97 81 86 
32 23 25 34 32 33 33 32 30 29 44 55 76 86 92 95 97 95 100 99 103 104 105 110 117 119 115 113 113 115 117 113 115 118 121 121 123 129 126 116 97 77 86 70 93 99 93 83 75 75 44 31 51 52 75 78 78 88 89 92 98 104 112 113 110 109 115 116 122 60 87 115 108 104 102 95 94 94 96 93 92 83 89 91 94 96 97 92 95 100 94 99 100 104 108 114 112 113 120 112 115 110 105 108 103 104 106 108 107 92 87 89 
31 33 26 27 22 31 33 39 38 29 27 38 58 75 86 95 94 97 96 101 107 105 108 105 110 112 108 114 115 111 119 123 123 119 124 127 131 130 125 113 89 80 90 65 90 99 90 74 72 75 44 16 13 27 77 74 83 90 91 90 96 101 109 110 110 114 113 117 123 65 98 116 118 114 110 106 99 95 93 95 94 93 89 88 93 96 97 109 100 101 99 105 105 106 103 103 109 105 113 113 110 114 110 104 103 105 116 111 99 94 95 89 
32 32 28 31 33 30 28 26 33 33 28 37 42 68 86 93 96 94 97 103 103 104 102 104 113 111 114 114 119 118 120 118 123 123 122 127 131 131 125 111 94 88 103 67 92 96 92 77 70 76 53 79 164 97 90 92 93 92 96 98 99 103 103 111 115 113 111 118 117 64 91 119 116 112 110 107 101 98 103 100 96 94 96 98 100 101 105 103 107 108 113 103 102 107 111 110 109 117 114 118 117 113 110 108 108 109 109 106 95 97 97 74 
35 33 28 23 31 29 28 29 30 37 34 29 37 57 72 87 92 95 96 102 103 106 108 111 113 112 112 118 116 122 129 124 122 122 128 128 131 133 131 117 95 86 105 74 92 103 92 76 69 84 74 178 240 157 103 112 106 103 100 102 99 101 104 104 108 114 116 111 118 66 85 118 114 111 104 101 99 100 98 100 103 101 106 108 106 104 105 109 102 108 104 102 101 104 108 114 118 123 120 117 116 119 111 108 111 114 109 108 107 106 88 68 
35 35 32 24 20 29 24 23 27 34 33 31 36 47 71 79 94 97 100 101 107 109 110 107 110 115 119 122 123 121 125 121 117 123 128 131 134 139 136 117 95 98 113 73 96 103 96 83 70 85 93 83 128 92 115 131 129 112 112 106 103 98 104 109 110 116 118 123 120 68 91 116 118 109 108 106 99 99 100 101 97 100 104 105 105 111 107 107 105 100 106 110 116 123 120 121 117 120 122 124 116 108 108 106 113 117 117 121 119 93 66 48 
36 34 27 28 28 23 21 23 25 30 35 37 38 50 64 75 88 98 95 104 104 101 101 107 111 116 121 119 117 114 114 111 120 118 121 128 134 136 127 116 105 99 114 83 102 108 101 90 74 88 108 73 30 76 152 148 144 127 120 107 105 106 108 107 111 114 119 117 123 77 92 116 120 109 111 108 106 105 107 104 106 104 106 104 106 114 118 118 122 125 124 124 123 123 123 124 125 124 118 114 116 119 117 118 117 113 122 126 99 71 45 33 
32 35 27 24 28 29 27 26 24 30 40 46 45 48 60 75 84 95 96 94 100 102 102 109 113 114 119 122 119 115 116 120 118 125 130 133 139 140 135 119 110 101 120 90 105 112 99 89 78 83 127 124 65 105 136 140 140 126 118 108 105 111 113 113 114 114 115 123 122 79 102 118 123 119 111 111 113 110 115 112 110 116 120 113 117 120 124 121 124 125 129 130 129 127 130 126 125 122 119 114 115 114 117 121 125 132 132 95 54 32 34 35 
34 32 28 25 26 26 24 29 30 28 39 52 47 58 68 82 84 93 95 97 99 102 107 107 110 114 118 118 119 117 127 122 128 125 131 134 142 141 128 124 117 103 118 108 107 127 117 104 96 79 104 129 110 108 123 128 138 130 116 111 117 122 124 122 122 124 131 133 126 86 111 137 121 122 128 124 124 124 111 116 128 124 124 127 126 124 133 133 131 132 133 132 131 129 127 123 121 123 124 122 124 121 120 125 137 132 91 48 31 32 28 18 
21 28 27 27 31 29 29 23 21 28 35 51 55 64 72 91 87 96 104 104 101 106 108 113 117 119 116 113 118 123 117 130 128 131 136 142 143 141 137 123 117 111 118 105 106 150 146 131 112 115 102 111 127 134 116 120 122 115 108 109 121 124 118 119 121 127 134 134 119 103 126 138 132 137 131 129 115 120 130 126 120 131 142 133 133 136 143 138 137 138 139 135 130 126 127 127 123 125 127 128 127 126 136 146 125 67 28 22 21 12 9 22 
30 18 25 23 29 31 32 29 27 27 44 74 77 73 78 86 85 94 101 104 103 103 107 109 117 113 115 118 117 120 123 123 124 129 140 145 145 145 140 135 116 118 120 129 106 156 148 131 105 108 124 127 132 131 131 123 122 111 110 114 125 130 135 136 130 131 137 141 112 109 133 146 151 127 137 142 140 139 140 142 140 133 139 142 135 141 141 145 139 140 140 133 131 131 130 130 131 130 127 129 134 152 149 101 40 16 15 14 13 30 68 127 
26 22 23 25 30 29 32 27 30 36 58 70 79 82 82 87 91 101 106 107 108 108 111 115 120 123 120 119 117 119 119 124 132 132 134 138 141 141 142 141 124 116 117 136 98 158 148 127 107 105 128 133 138 126 129 125 117 115 122 128 128 127 131 131 131 143 145 157 110 130 132 153 163 167 151 141 140 143 147 146 144 146 152 158 144 141 142 141 144 144 136 136 139 134 132 130 136 130 146 166 155 102 41 12 4 9 20 23 36 58 90 98 
29 23 23 23 21 34 33 41 40 40 54 58 84 75 78 92 108 104 101 104 104 110 115 121 133 133 122 123 125 124 129 131 138 137 139 140 145 148 156 144 138 123 121 159 100 150 165 145 106 105 120 130 134 134 114 107 109 115 118 125 133 140 141 143 149 151 158 160 101 148 148 163 162 171 163 156 152 154 151 151 151 144 148 154 154 150 155 146 147 143 144 144 143 135 135 143 140 157 131 54 13 8 5 13 39 55 66 80 96 105 98 89 
38 24 22 26 23 32 37 40 34 38 47 59 73 68 66 78 105 105 104 108 111 114 113 116 123 121 122 123 125 125 129 131 136 141 140 143 149 149 157 153 146 130 132 153 104 137 165 149 119 104 127 135 133 121 111 117 117 122 124 131 134 137 142 147 158 162 176 161 118 155 180 172 181 177 168 163 161 158 153 149 152 150 150 149 157 150 155 151 145 155 148 144 141 142 144 144 153 105 20 3 5 20 43 60 72 82 85 94 112 128 143 139 
30 33 22 15 31 46 47 40 30 32 31 56 59 61 41 62 74 94 107 112 116 112 112 114 125 124 110 124 126 123 125 130 130 135 137 142 144 146 146 152 146 147 140 150 123 122 158 168 144 114 134 153 157 148 138 128 130 123 127 136 142 146 154 159 167 177 178 164 130 174 171 179 179 181 174 169 162 160 159 162 161 154 152 155 153 154 150 149 153 151 150 145 141 138 141 130 47 26 30 45 60 55 45 44 42 45 69 107 145 146 132 123 
30 31 32 31 32 45 38 35 30 26 25 26 38 34 36 47 59 69 81 99 112 118 115 118 117 126 120 118 125 124 121 130 128 132 135 138 137 146 157 152 161 156 149 154 140 106 152 177 173 130 141 174 179 173 155 151 154 152 147 146 148 158 169 179 182 188 191 185 159 171 170 167 173 178 178 170 162 159 159 164 165 166 165 162 158 156 156 157 152 149 146 150 158 159 113 86 113 138 164 168 153 136 115 91 79 69 74 90 92 111 134 157 
33 33 35 28 34 34 30 32 32 30 28 31 30 31 35 43 52 66 68 67 76 96 103 113 114 114 110 105 117 121 127 123 127 131 141 141 143 145 161 164 160 171 168 171 171 97 135 152 158 113 103 146 174 182 180 177 182 181 183 178 174 177 177 177 190 182 197 146 176 177 176 167 167 168 171 170 168 167 168 163 163 166 166 167 159 159 158 158 161 156 157 168 148 140 198 151 120 106 108 124 145 163 164 161 156 169 158 131 108 97 101 109 
30 36 29 36 31 30 32 39 28 23 24 23 28 24 29 32 43 51 68 76 72 68 84 94 102 109 113 117 113 124 128 136 138 139 141 139 145 149 158 168 178 174 181 176 179 138 109 156 157 147 120 171 188 197 196 184 170 162 146 152 150 153 159 162 143 190 131 173 184 181 180 179 178 180 175 169 175 174 167 162 164 171 168 161 158 155 157 150 158 166 157 91 32 19 73 202 208 172 135 108 91 87 95 123 142 146 155 164 169 153 126 108 
31 30 37 31 34 34 33 39 35 29 26 28 27 26 22 38 34 48 60 73 88 81 77 79 90 104 111 121 133 130 134 141 144 147 151 151 145 150 151 163 165 162 158 160 162 172 89 76 71 80 75 81 83 77 82 91 105 98 72 30 28 33 45 51 158 156 152 176 176 175 168 172 170 172 171 172 173 171 177 173 168 168 167 160 158 162 163 170 151 103 40 20 30 37 25 50 176 208 190 177 152 116 99 102 115 148 167 159 143 144 164 154 
33 29 32 37 37 34 26 42 35 19 19 21 28 27 31 32 26 30 43 52 61 82 85 80 79 84 97 110 113 131 135 147 152 155 159 156 158 159 158 155 154 146 142 148 158 161 145 79 66 40 50 48 43 37 36 54 64 54 47 48 51 40 53 175 170 131 166 165 164 169 169 165 165 166 170 173 169 169 169 171 166 166 164 172 175 180 157 103 43 24 26 39 47 44 42 31 28 141 198 192 194 181 161 128 114 112 117 143 168 177 162 155 
27 31 31 31 36 31 33 36 31 24 22 22 21 26 26 26 35 31 31 33 49 60 71 79 79 78 79 86 100 101 116 121 126 131 140 140 145 155 159 150 154 155 156 156 159 159 158 121 84 101 90 89 55 45 42 41 36 44 39 34 43 93 181 152 113 155 155 158 154 156 160 169 169 164 166 163 166 170 172 169 181 188 191 156 111 59 27 22 33 41 49 46 43 40 43 39 32 13 107 184 172 193 201 203 186 149 117 112 111 128 158 181 
35 31 31 33 33 28 25 25 28 29 25 22 27 25 28 35 33 38 37 41 34 35 40 49 63 71 72 72 75 84 90 97 106 104 104 110 116 114 116 128 135 134 138 148 154 165 166 175 140 97 125 114 84 66 56 59 67 74 91 114 129 115 91 116 153 158 162 163 170 165 163 166 168 169 170 179 183 183 177 164 132 100 52 33 15 27 33 38 42 46 44 46 43 49 45 44 44 34 20 84 177 162 171 204 203 199 191 161 127 104 108 120 
28 27 28 29 34 30 30 29 27 30 30 31 27 27 31 34 38 40 48 47 57 52 41 48 52 55 64 71 65 70 77 79 85 93 87 83 85 75 70 76 85 96 91 91 89 96 105 118 101 69 42 69 113 107 99 101 97 100 92 82 78 105 146 164 175 180 180 186 182 176 189 189 184 177 168 148 113 76 58 35 20 26 27 32 40 41 41 42 42 44 43 40 46 41 42 40 42 44 39 22 68 186 175 148 176 207 205 200 193 171 145 125 
33 31 30 31 30 35 28 33 37 34 27 25 30 29 33 39 37 39 46 56 51 48 61 58 62 71 67 62 60 53 65 71 63 61 69 67 50 47 57 54 52 48 47 40 51 43 48 42 49 42 4 18 132 165 159 166 175 153 147 163 195 199 169 138 91 61 53 70 78 91 75 57 47 40 24 17 15 24 27 30 37 40 48 48 45 45 49 47 46 45 45 45 42 43 44 44 45 45 44 40 39 118 164 206 170 146 168 202 211 211 215 210 
27 29 33 30 32 28 34 33 34 31 33 29 28 32 29 38 40 39 40 44 48 44 43 42 40 42 46 45 51 53 47 45 55 57 61 63 69 74 68 69 57 42 39 38 46 42 35 62 105 113 192 168 91 95 121 166 185 176 170 136 98 63 43 31 30 32 34 32 40 31 27 37 31 38 34 36 40 42 44 45 50 48 48 42 39 44 41 39 44 43 43 42 44 43 45 44 40 41 47 43 34 100 131 153 189 205 179 150 161 192 208 212 
