10 36 35 38 57 49 54 64 52 64 74 79 96 99 98 114 110 116 125 115 112 112 115 111 109 113 120 130 144 144 143 159 157 143 145 157 163 199 192 186 184 173 164 151 169 175 166 165 156 143 119 102 79 64 87 92 74 86 106 108 107 94 84 93 100 104 102 93 83 84 102 114 85 40 14 36 67 89 90 97 101 105 105 103 89 89 88 87 92 108 102 90 91 106 115 105 83 82 55 64 56 41 37 36 30 30 33 27 31 31 30 30 
39 39 32 38 39 39 42 40 37 41 48 50 100 133 117 140 145 140 113 89 102 133 166 138 108 92 91 88 89 115 134 117 103 100 117 127 114 86 59 101 121 99 98 129 153 149 106 91 73 90 116 116 150 165 158 112 121 139 95 41 46 53 59 47 36 39 32 22 27 55 54 39 14 9 43 90 113 114 96 106 151 174 158 107 65 77 68 86 97 65 58 42 33 34 28 30 39 36 40 38 33 32 33 37 36 37 36 36 39 34 38 38 
37 40 41 38 38 41 41 45 36 40 63 108 136 129 143 143 135 106 81 105 149 166 147 107 91 100 94 104 134 134 97 106 130 133 114 100 81 82 109 125 116 119 142 163 143 122 102 95 107 128 118 142 157 146 115 101 117 88 47 55 68 86 82 76 76 66 62 64 48 32 63 71 71 47 15 18 47 93 114 103 109 130 161 157 132 89 69 49 68 48 56 56 51 44 40 41 40 38 32 37 40 36 35 36 39 41 34 36 36 36 33 36 
37 34 34 37 37 40 33 32 54 81 117 129 152 155 127 117 92 87 130 150 135 121 110 115 111 109 129 140 119 108 120 136 129 103 91 83 95 130 145 128 138 159 179 160 139 138 164 156 136 128 160 151 143 123 105 85 38 30 49 53 44 32 32 50 66 73 71 70 60 28 19 55 66 79 81 47 7 13 59 101 107 107 119 139 128 134 124 85 71 71 36 35 37 39 38 39 38 37 39 32 37 42 40 40 37 33 39 41 36 35 36 36 
38 38 39 37 39 32 30 56 81 102 130 155 152 131 115 104 104 129 129 101 113 123 140 112 113 148 135 111 132 145 152 128 96 86 89 111 139 136 126 140 169 180 161 141 145 153 158 158 172 181 174 152 114 107 96 65 60 51 48 43 50 60 55 33 27 33 59 73 110 147 102 67 79 86 98 98 76 26 8 49 86 103 108 124 138 113 114 79 64 79 71 37 35 39 37 37 36 38 37 38 33 35 35 38 35 40 35 33 32 32 29 33 
37 40 41 43 31 31 73 108 116 126 151 146 128 113 116 102 131 138 135 141 143 135 82 97 144 123 137 166 153 130 116 110 107 100 119 137 128 125 138 170 185 176 168 171 169 169 173 178 164 164 160 156 174 191 204 217 216 206 181 166 168 188 192 195 146 58 13 59 140 182 156 119 113 119 120 126 132 120 58 3 46 79 96 113 120 137 123 105 41 26 37 43 36 30 33 37 38 36 39 40 40 35 36 34 32 32 37 37 38 39 41 38 
52 45 40 33 29 72 88 81 103 151 157 126 98 108 96 110 121 139 144 145 127 97 141 172 151 177 173 127 108 108 118 119 105 111 128 122 136 155 178 194 195 190 201 201 201 200 204 195 194 197 200 203 208 207 201 199 200 202 203 206 199 201 195 181 188 190 142 56 62 160 168 149 130 136 151 154 161 163 138 36 20 32 78 87 115 114 123 112 81 44 32 37 38 41 43 37 38 38 34 45 34 36 32 36 35 36 31 36 33 33 34 35 
43 39 29 29 94 104 97 140 171 172 134 104 103 97 112 154 165 156 145 112 80 127 162 146 177 164 108 107 105 122 126 118 127 154 163 176 191 197 201 204 202 205 201 201 201 203 203 204 203 199 200 202 197 194 192 190 190 190 189 188 186 183 178 183 178 184 198 190 157 152 143 136 136 134 148 156 162 173 158 74 20 34 39 74 103 117 125 121 99 57 51 40 43 37 40 39 36 36 33 30 39 37 42 36 38 32 41 37 37 44 41 37 
41 36 37 103 96 93 131 169 168 134 98 99 108 124 166 174 173 142 107 110 155 173 172 181 120 73 101 120 150 161 168 182 192 199 204 205 203 202 201 199 199 198 197 194 195 194 194 197 197 195 196 194 194 197 198 199 199 196 193 193 193 190 188 184 178 172 170 170 173 168 157 152 155 139 143 160 176 176 149 57 22 27 36 54 76 112 116 110 115 58 38 39 40 36 37 37 38 39 41 37 35 34 31 34 32 35 27 32 30 29 32 35 
33 47 79 100 111 142 165 161 142 102 102 124 112 153 156 167 143 120 109 144 167 185 171 101 79 118 135 153 170 181 191 201 204 206 207 203 203 201 199 202 198 196 194 191 188 185 186 191 195 197 195 195 199 200 199 199 196 196 195 197 200 198 199 202 200 195 186 180 182 176 179 182 179 178 175 172 171 140 64 11 11 8 14 46 76 92 112 118 79 102 45 32 29 38 37 34 35 37 35 29 35 33 37 36 36 32 34 37 35 37 34 39 
43 60 92 110 137 160 166 159 109 102 128 128 156 165 184 157 126 113 155 193 198 140 67 109 154 163 168 179 190 200 203 201 202 197 195 199 198 195 192 187 187 189 189 192 191 192 191 191 193 197 199 202 204 201 201 201 201 200 203 202 199 200 201 200 200 199 194 192 193 190 182 178 177 178 178 175 174 176 173 159 129 87 41 14 8 51 102 113 58 25 52 37 40 35 36 36 39 32 34 40 38 37 35 37 36 38 34 39 35 35 34 30 
56 98 106 126 149 140 170 124 109 110 113 137 179 174 141 135 112 125 160 160 121 86 124 157 170 183 197 206 208 206 202 201 202 201 203 196 193 194 196 195 195 199 201 203 200 201 201 199 199 200 198 202 199 200 204 204 207 204 200 201 200 199 199 197 198 196 195 192 188 189 188 187 183 174 170 170 173 176 184 188 191 190 184 160 121 75 81 88 96 42 32 37 29 25 22 26 28 30 37 27 33 33 36 39 42 40 41 42 39 41 39 30 
85 111 132 150 138 154 143 112 123 111 144 181 180 152 139 107 136 159 136 95 100 137 160 181 197 208 212 209 205 204 207 208 207 201 193 189 191 193 198 198 201 201 201 201 205 200 204 202 205 210 207 207 205 205 205 206 204 203 203 202 200 199 200 199 195 194 192 193 194 188 190 186 183 184 185 185 185 187 183 183 181 179 179 181 180 178 146 113 89 26 9 10 9 29 24 25 18 5 22 13 16 4 2 1 6 0 15 8 6 5 6 50 
96 114 131 133 152 161 107 109 97 131 158 183 165 146 105 130 139 113 91 117 145 171 184 197 204 208 207 209 211 210 212 206 199 190 187 188 188 192 198 202 200 201 203 195 201 206 200 204 197 188 191 202 203 207 208 209 205 207 208 207 207 201 202 202 198 195 193 194 194 192 187 188 185 184 184 187 189 189 188 187 187 179 183 188 189 189 183 183 179 170 137 121 139 140 151 151 152 159 155 165 159 153 142 128 125 109 99 87 103 123 132 150 
125 130 129 133 169 127 107 112 132 144 191 166 147 100 128 124 109 106 127 138 159 180 203 209 208 206 208 211 209 207 208 196 186 192 197 203 206 202 202 204 203 201 200 203 195 200 200 188 183 190 199 201 203 207 207 203 212 209 208 210 209 209 206 201 202 198 196 195 192 193 193 188 182 185 183 178 174 181 182 165 166 182 183 193 192 195 201 189 173 185 188 187 166 155 168 169 166 168 169 165 159 164 170 176 169 169 167 161 160 153 149 139 
121 122 133 164 141 109 116 116 119 147 144 132 109 130 112 103 108 110 133 174 188 202 203 202 204 208 207 206 204 204 193 192 202 200 206 211 212 209 202 194 185 184 190 192 201 198 204 191 175 189 202 204 205 202 198 208 204 209 208 209 209 205 204 205 203 202 199 197 192 182 179 181 180 180 179 183 177 172 177 178 181 181 177 177 181 175 171 179 170 164 168 172 177 167 152 163 174 166 164 165 166 157 153 154 159 160 153 155 147 147 143 144 
117 120 148 158 129 125 121 109 142 151 129 114 115 88 99 102 109 139 171 190 201 203 203 205 209 205 208 205 208 202 192 193 203 204 210 211 209 198 188 185 199 201 198 205 206 200 195 163 179 200 199 203 205 197 202 198 203 207 207 210 210 211 208 208 209 205 206 199 197 185 178 173 178 179 176 176 173 179 181 179 170 171 177 176 170 173 171 169 167 168 170 167 166 163 157 145 159 177 167 161 163 167 163 155 150 165 168 151 153 155 155 155 
116 136 153 149 134 126 127 136 149 133 112 90 72 84 89 108 138 167 188 197 200 205 205 210 207 206 205 205 198 194 187 189 197 205 211 208 197 190 190 190 181 189 203 199 189 178 127 156 185 190 202 201 196 200 201 206 206 208 209 208 210 208 211 207 205 206 195 194 187 189 186 180 176 172 166 172 179 183 183 185 188 184 175 182 175 169 172 169 175 172 166 162 166 162 159 157 145 149 185 178 167 163 162 163 163 150 160 169 155 153 153 155 
115 138 141 127 129 122 112 133 130 107 89 75 73 82 105 119 151 187 198 199 206 203 207 208 206 208 206 194 186 177 171 185 201 211 211 208 200 192 163 168 196 209 208 199 192 138 141 188 192 192 192 201 201 200 195 194 200 206 209 211 207 205 209 208 205 203 200 194 191 189 181 172 170 174 176 175 177 182 188 187 185 179 162 164 172 174 176 170 168 173 173 169 166 159 155 152 148 132 132 168 170 167 166 164 160 163 150 152 164 158 162 154 
125 137 133 107 118 110 128 138 116 87 48 52 81 100 108 140 183 199 194 198 201 205 209 207 206 205 196 195 193 177 175 181 201 214 205 193 183 165 180 203 208 210 205 206 131 57 135 188 198 205 201 199 192 198 196 195 202 201 199 203 205 210 205 207 208 203 202 191 185 177 170 165 165 170 168 168 167 167 163 164 167 167 160 161 163 165 157 150 157 155 165 169 174 170 167 157 143 136 118 133 181 177 170 156 155 155 157 152 143 156 149 153 
145 144 113 112 121 117 136 117 79 48 56 87 93 103 131 165 189 195 196 204 203 204 207 204 206 203 197 198 178 155 158 171 201 203 196 191 169 154 180 191 211 216 217 150 75 109 149 193 208 202 198 200 188 194 193 196 189 195 203 205 208 209 209 207 204 200 186 183 179 170 164 159 160 155 154 144 141 139 146 153 163 170 173 175 171 169 166 163 154 149 148 147 146 150 153 154 154 144 132 101 121 177 166 156 151 157 154 162 156 146 155 158 
150 138 111 118 100 118 110 86 52 66 78 74 89 118 151 177 190 197 202 205 203 204 202 202 202 199 203 198 168 148 157 172 187 193 190 167 150 166 177 203 209 207 172 70 99 164 154 180 198 201 196 185 183 196 200 191 192 192 194 200 197 200 202 205 202 193 189 179 173 163 149 146 145 140 127 116 123 145 160 168 168 169 172 167 165 162 161 160 165 161 162 155 144 145 149 146 145 142 140 131 112 128 171 156 155 151 143 149 158 148 143 150 
143 132 119 118 116 122 87 44 55 54 54 75 100 144 175 186 198 195 202 207 199 203 207 203 201 201 199 195 187 171 153 167 187 183 170 149 132 159 193 203 198 180 130 87 126 97 129 158 188 201 201 172 184 193 191 195 191 192 195 192 196 198 193 190 185 179 176 169 164 150 144 140 116 102 110 114 145 154 160 165 163 164 162 168 171 174 169 167 162 161 156 158 168 161 167 169 166 159 148 135 130 110 135 152 151 144 150 154 151 153 154 146 
147 129 134 113 117 96 61 57 44 39 60 87 121 159 175 178 190 198 201 204 205 206 203 203 202 195 199 203 200 182 143 150 184 177 167 147 149 183 200 202 184 160 92 140 170 92 106 145 186 208 191 170 186 189 191 194 194 186 184 185 188 189 192 188 183 170 158 146 148 141 133 124 117 109 111 132 134 133 131 130 137 141 148 143 146 138 132 134 140 155 161 168 168 163 168 169 161 160 156 146 138 138 121 136 139 145 139 139 138 140 140 139 
134 116 137 125 112 93 66 44 36 47 71 109 145 169 180 189 193 197 199 199 195 201 199 200 198 194 198 202 186 146 127 147 159 172 160 149 142 175 193 194 169 138 78 44 57 99 109 138 169 187 184 169 178 187 187 189 188 193 187 182 185 187 181 181 176 173 160 145 135 123 117 108 103 111 114 99 88 96 116 123 123 128 121 124 118 124 128 147 154 145 160 161 171 173 164 160 162 156 148 154 155 146 141 132 144 139 142 138 139 137 143 140 
143 151 134 116 93 75 45 35 39 53 83 126 150 177 189 192 190 187 195 197 194 194 203 202 202 197 187 188 187 157 129 140 165 166 160 144 147 179 188 184 155 131 60 31 25 63 109 135 177 189 173 162 179 185 184 186 180 184 189 190 185 182 180 173 161 158 150 134 123 117 106 102 100 81 80 97 144 170 175 158 138 118 102 106 115 132 142 162 160 163 159 169 173 172 168 160 168 164 159 156 152 151 139 131 122 132 133 135 134 131 130 139 
139 135 119 113 80 54 30 30 41 66 105 129 153 175 182 186 193 196 192 198 192 191 196 197 200 203 198 199 192 160 129 128 149 164 157 143 147 175 187 178 145 118 90 61 18 41 96 131 180 185 149 152 180 180 182 185 184 181 180 181 184 183 177 161 153 140 133 117 116 109 108 106 87 78 117 161 161 132 114 110 101 116 139 163 176 180 190 179 178 176 180 179 174 170 169 171 165 165 164 158 154 146 147 133 123 123 130 122 122 125 128 127 
142 116 103 76 51 24 19 34 49 75 116 141 159 176 185 186 187 184 178 180 183 189 195 198 197 204 212 202 195 168 121 106 136 159 162 152 153 173 178 169 144 131 87 124 102 104 115 140 174 172 134 160 176 177 182 183 178 177 182 184 183 174 171 162 143 138 120 116 108 108 104 97 102 114 148 158 141 144 128 98 121 140 168 185 190 194 183 185 183 173 176 172 168 177 176 170 174 176 168 163 159 154 144 138 131 119 122 136 131 121 130 127 
126 112 99 56 59 45 46 42 55 83 115 134 155 175 180 182 187 188 185 181 175 178 189 193 191 180 180 184 184 167 134 109 123 160 165 156 156 166 171 168 134 124 66 29 59 62 107 144 167 156 129 163 177 172 181 183 178 180 185 184 184 176 164 150 139 120 114 109 108 101 97 103 122 150 157 151 168 159 122 62 71 147 179 180 189 184 183 179 181 178 167 163 176 175 169 173 174 172 172 167 166 156 149 145 130 124 117 138 157 160 148 133 
118 104 70 57 43 34 36 62 68 94 121 143 164 175 176 181 182 180 181 186 172 174 178 186 185 183 180 183 182 166 131 124 123 139 158 164 166 166 166 161 127 125 100 48 46 71 122 144 164 146 143 173 172 171 179 186 184 183 186 177 174 167 156 142 126 122 113 98 93 99 114 131 161 181 181 189 188 143 83 49 29 96 150 173 161 177 180 177 174 170 168 173 170 162 167 174 174 170 169 169 161 155 153 141 135 127 116 115 135 159 165 157 
118 93 54 52 41 34 37 50 77 101 122 143 163 179 182 180 182 179 185 188 178 174 178 187 185 187 184 185 185 174 152 130 127 146 155 159 171 180 175 170 138 121 118 85 109 118 129 137 159 139 158 166 168 174 182 183 184 189 181 180 173 163 145 133 126 118 102 100 103 113 133 163 181 183 184 179 126 86 59 39 23 49 130 146 166 162 174 182 177 175 170 173 171 169 172 171 172 172 173 163 164 162 148 147 137 130 122 112 129 154 162 166 
111 91 61 53 33 36 38 60 82 105 129 146 156 170 175 183 182 179 177 178 171 174 172 181 187 190 192 189 183 175 150 131 125 129 147 156 160 170 174 166 144 111 110 96 67 100 129 149 154 138 165 173 173 189 190 186 186 178 182 174 161 150 138 124 109 97 91 99 121 148 180 184 181 172 184 154 107 103 83 28 15 11 124 138 141 171 163 163 172 176 169 167 161 159 158 167 169 176 173 169 158 151 152 141 138 131 121 114 102 131 142 142 
123 88 59 45 40 38 41 62 89 109 128 142 155 168 174 177 179 177 173 178 166 167 170 174 177 181 185 186 184 175 147 126 123 128 143 147 151 157 159 164 153 128 109 115 79 56 119 149 139 146 160 164 177 187 180 182 187 191 191 176 160 148 134 118 121 117 114 124 147 173 184 186 182 181 175 145 116 93 36 12 9 7 61 146 146 146 152 149 157 160 164 159 154 150 160 162 165 171 164 161 160 154 148 143 133 131 116 113 105 112 140 138 
96 74 67 43 37 33 48 69 87 109 133 155 168 172 172 174 172 172 170 169 166 163 172 169 173 182 183 184 181 173 154 138 128 122 138 154 158 157 161 152 150 147 127 116 114 60 102 138 136 150 164 169 180 189 197 196 196 195 188 168 144 124 115 133 142 151 162 170 162 174 178 176 172 188 181 122 97 63 95 163 157 116 34 104 156 172 166 163 157 161 155 152 144 149 150 152 161 157 162 161 161 156 143 128 118 112 110 101 100 95 124 149 
107 75 62 36 40 44 57 75 94 114 130 149 162 165 164 163 155 156 167 170 164 160 163 165 168 170 182 182 177 169 155 138 126 122 135 148 155 156 153 153 148 148 138 132 142 114 127 150 152 150 168 191 201 201 201 202 203 207 197 168 153 176 198 194 182 180 178 174 176 171 170 174 173 177 159 115 66 54 81 147 172 189 159 58 140 166 149 159 149 153 152 144 144 143 143 148 155 167 164 170 164 145 142 127 123 110 93 94 91 92 97 134 
98 78 62 43 34 48 57 72 96 114 142 153 161 159 158 164 151 151 157 163 169 155 146 159 164 170 173 178 173 168 155 141 126 127 139 149 161 156 150 142 135 129 132 137 156 162 165 161 150 154 181 191 198 199 196 192 194 198 185 183 199 207 199 166 154 163 179 179 176 178 171 170 172 170 144 110 62 45 50 102 126 121 67 45 138 193 182 166 157 151 146 139 139 136 142 152 161 164 160 155 157 150 134 123 112 103 96 91 87 83 86 103 
96 76 51 35 49 54 65 83 96 120 142 159 164 161 164 169 176 173 173 173 168 158 148 155 167 170 176 173 175 165 163 161 156 150 148 149 157 169 152 133 125 127 135 131 144 174 169 159 156 182 194 201 200 192 192 193 200 199 193 194 196 195 182 132 86 92 134 171 178 170 162 165 177 161 130 113 64 103 183 218 193 170 115 75 96 151 175 139 126 126 132 124 121 124 137 149 159 162 159 159 155 149 136 121 115 107 100 87 78 82 82 83 
89 79 53 36 40 48 58 86 103 124 146 159 162 167 166 170 172 173 170 158 164 163 163 164 171 170 175 178 173 176 179 172 170 158 154 162 167 170 170 154 129 116 120 130 145 184 197 180 187 189 196 192 187 194 200 200 200 193 190 185 184 171 159 108 46 74 103 145 168 174 163 147 155 143 119 86 67 79 171 202 195 194 203 165 185 155 184 150 121 117 121 120 118 124 130 147 152 150 152 156 152 141 133 116 114 98 84 77 79 81 81 81 
93 85 56 46 46 56 70 88 108 122 139 149 157 161 168 171 163 170 169 169 170 168 165 164 166 170 171 175 172 173 174 176 179 183 177 173 175 179 180 181 170 153 141 148 163 180 190 190 192 188 179 184 196 200 199 196 191 185 177 177 172 165 159 118 24 90 142 142 164 161 157 160 174 161 127 94 50 65 81 98 108 95 55 35 70 118 160 130 115 105 107 110 109 107 122 138 146 148 151 150 139 133 122 114 110 100 100 89 78 79 84 80 
78 77 53 41 42 46 73 95 108 136 154 166 169 171 173 172 171 174 167 170 171 165 160 159 159 163 168 171 171 168 168 173 178 175 172 172 168 179 195 200 195 191 183 175 176 175 184 190 192 186 188 195 199 196 190 187 178 178 187 206 203 170 153 152 67 112 154 152 163 168 157 148 155 138 125 116 97 119 168 204 192 172 175 178 156 122 138 115 117 102 101 100 102 103 118 142 152 148 147 145 141 133 126 113 107 96 89 78 78 77 80 71 
83 74 55 55 60 68 89 102 118 135 146 152 165 169 161 173 174 169 168 158 162 162 154 157 160 166 166 167 170 172 172 168 164 160 162 166 170 174 191 205 209 206 203 201 195 195 191 190 189 188 189 185 185 182 184 184 192 199 206 220 208 172 154 161 167 169 159 161 163 160 149 140 143 135 117 113 114 121 204 218 195 180 184 141 105 124 160 124 106 90 90 96 99 100 117 135 146 142 141 133 131 126 113 109 103 98 87 76 68 73 79 73 
77 73 60 64 73 75 83 98 113 127 150 159 159 170 169 173 171 171 166 159 166 168 161 158 162 167 173 175 177 171 175 173 162 158 162 162 165 171 181 192 205 210 209 207 200 193 190 182 180 178 184 184 180 181 186 188 192 196 188 179 170 167 157 147 142 147 155 148 141 117 116 125 137 138 115 103 101 96 159 191 179 167 174 134 93 116 139 118 99 96 94 95 99 107 119 131 147 136 134 138 134 129 119 106 95 88 84 72 72 68 76 72 
81 79 60 47 62 77 83 102 110 131 144 153 164 170 164 171 173 178 173 162 170 168 171 160 163 164 167 175 178 178 170 166 165 155 149 150 154 163 170 172 187 197 201 204 207 205 194 183 188 194 196 194 193 193 196 190 180 176 170 166 152 145 136 118 100 104 144 133 93 89 91 93 123 128 111 116 100 67 107 185 176 156 156 139 109 120 143 115 99 103 96 101 105 106 110 136 143 131 136 135 137 125 111 106 95 87 81 74 69 72 83 75 
69 58 57 49 64 79 92 103 113 130 154 160 164 166 164 167 168 169 167 170 164 167 169 162 163 165 165 167 170 167 147 142 137 137 139 141 148 156 168 175 174 181 189 192 191 186 171 163 168 170 178 183 187 187 182 181 176 169 166 162 150 134 124 107 92 82 92 108 69 53 56 76 112 148 124 111 108 72 70 90 111 135 144 101 69 112 140 113 98 92 88 80 88 100 109 137 141 135 136 133 133 118 105 97 89 78 80 69 67 74 77 76 
69 50 58 44 57 70 87 95 110 129 149 157 166 175 170 171 173 173 175 172 170 169 172 166 164 162 160 162 165 162 162 161 158 158 160 166 157 161 164 169 177 179 183 188 182 174 166 156 157 160 162 160 172 173 175 185 179 181 174 162 153 136 124 107 89 85 78 88 71 52 66 93 125 143 119 109 93 52 63 150 184 214 214 117 53 89 133 111 89 83 81 84 87 97 112 127 139 131 130 135 128 109 108 102 84 72 72 73 74 75 79 77 
77 66 63 47 59 72 88 95 110 131 155 162 164 176 175 174 169 173 175 172 168 169 166 171 169 170 176 179 181 176 175 168 168 168 169 162 162 163 165 171 178 178 177 176 161 158 163 160 158 155 156 161 158 161 163 163 178 186 186 161 145 132 121 101 81 69 89 87 73 85 97 114 132 129 100 100 86 64 141 210 161 159 166 136 88 106 153 128 85 84 77 83 91 98 104 129 131 117 127 129 124 114 105 97 89 84 91 90 64 69 79 77 
67 72 52 70 64 71 84 92 105 126 145 160 165 170 169 166 173 179 178 171 175 170 174 167 169 169 172 180 180 175 169 167 169 169 162 155 161 172 181 176 180 178 179 166 159 154 150 147 140 142 158 160 156 149 145 142 150 148 147 149 144 135 115 94 78 94 123 104 66 52 70 103 139 128 102 100 77 59 118 182 161 158 152 117 66 101 139 118 93 80 86 85 90 97 106 118 121 122 128 133 116 110 105 93 83 88 91 93 101 77 76 75 
60 68 67 49 65 77 95 102 111 127 147 149 151 161 164 174 180 173 177 173 173 174 171 170 169 172 177 174 169 169 172 174 173 168 156 151 157 159 157 153 153 157 155 164 164 162 156 153 153 154 152 151 149 143 143 146 151 143 139 133 136 130 125 111 111 105 92 85 80 71 93 127 138 122 96 84 86 80 129 139 124 137 158 123 56 100 125 106 86 88 87 90 82 94 110 119 127 130 118 112 115 110 108 100 98 89 83 66 66 84 85 70 
72 52 59 72 70 71 83 102 106 118 141 149 154 161 165 168 170 173 174 173 174 175 178 173 169 169 176 178 176 169 166 167 169 159 154 150 143 140 140 146 148 149 151 162 171 163 155 151 149 145 140 138 143 150 150 147 143 146 150 152 152 148 133 127 128 122 96 100 97 95 112 132 132 116 102 80 66 62 101 208 203 157 111 99 115 106 139 103 92 91 90 90 92 97 102 118 121 121 121 118 112 111 107 100 85 85 75 75 68 67 84 78 
84 66 64 52 68 81 91 95 104 116 134 151 159 161 162 167 166 165 169 171 176 175 170 170 178 178 179 175 172 170 166 168 160 155 150 148 142 140 141 145 150 150 162 173 173 171 159 150 146 147 149 151 148 145 146 147 143 142 153 159 174 167 132 123 79 48 117 100 97 112 124 126 138 130 106 88 50 53 86 53 91 124 126 76 127 105 114 105 103 94 101 99 98 101 106 114 126 124 112 115 117 111 105 100 97 86 82 73 70 77 77 87 
94 85 87 72 80 89 99 96 98 119 138 144 151 161 166 169 168 166 170 171 176 172 167 171 174 180 179 180 179 178 166 160 158 156 149 150 145 141 138 143 154 166 166 159 151 149 156 155 158 150 152 153 156 159 157 154 143 142 144 149 168 154 117 105 40 10 63 85 103 117 128 138 143 134 112 88 63 48 81 142 155 143 136 67 30 109 126 110 103 96 101 107 107 112 110 116 126 124 125 125 118 116 109 107 99 89 87 81 76 85 83 89 
100 79 85 90 80 96 99 102 102 116 134 144 154 161 168 172 172 174 173 167 172 162 164 172 172 171 173 175 170 166 166 166 160 150 150 143 145 134 140 145 153 148 116 99 118 134 138 141 148 160 154 156 164 163 168 168 171 158 145 145 148 147 133 112 38 19 38 72 106 124 127 127 131 132 111 91 64 47 72 176 193 178 159 93 66 92 81 97 111 112 108 107 115 115 109 113 124 126 128 122 116 119 117 107 104 91 88 87 89 86 83 85 
97 92 80 56 82 90 93 99 104 115 134 139 151 164 167 174 168 161 163 163 166 167 165 167 170 175 179 176 174 169 168 158 154 147 144 138 134 135 131 135 124 87 71 83 95 115 128 128 134 152 160 150 145 150 165 167 167 168 168 155 146 156 158 124 74 40 57 75 72 103 125 132 134 133 126 97 64 45 33 87 148 155 102 44 64 114 136 117 116 114 112 109 112 116 120 127 123 129 129 128 119 117 112 110 102 97 96 94 94 83 70 71 
84 75 82 104 90 86 91 99 101 118 132 145 154 162 165 171 166 167 167 168 165 165 168 169 169 174 179 180 171 169 166 154 150 147 135 127 126 131 134 123 80 67 87 108 116 138 159 147 134 131 149 155 151 153 156 162 162 166 156 161 163 165 162 138 113 94 93 53 56 97 114 126 136 140 135 113 75 48 47 54 82 93 81 14 72 112 116 124 117 123 117 118 121 121 123 122 128 131 131 127 126 121 120 114 108 102 96 99 93 80 76 92 
114 86 89 111 106 99 104 103 107 113 129 139 156 159 161 166 170 173 175 164 166 172 168 166 170 170 177 178 171 163 164 156 150 145 136 130 122 119 118 87 90 121 129 119 119 146 149 155 147 140 142 154 164 166 168 164 159 163 148 104 109 134 167 173 152 130 79 63 89 109 117 118 127 129 136 117 85 65 50 103 144 160 129 35 86 118 113 117 125 127 136 130 122 125 124 126 128 126 126 124 125 121 114 115 112 110 102 96 85 99 115 117 
100 99 84 89 103 104 103 109 107 109 127 139 149 157 163 168 167 169 170 168 165 169 172 171 173 176 181 181 171 167 159 153 146 138 126 113 107 110 101 93 119 126 124 113 111 124 130 146 138 139 144 146 158 159 156 159 157 157 155 131 96 88 89 114 121 107 98 110 110 110 114 126 129 139 139 133 97 72 53 87 107 80 35 42 110 115 122 124 126 136 132 129 127 120 127 126 122 131 124 129 115 119 118 114 113 105 106 95 89 115 119 117 
103 91 87 86 94 107 114 104 104 112 126 140 150 161 165 165 171 170 174 169 174 169 165 168 165 165 174 175 170 160 153 151 146 125 111 107 109 111 106 129 148 137 120 104 108 84 98 137 142 129 131 142 149 160 162 156 154 156 151 145 137 122 112 99 91 101 114 105 109 113 118 114 121 130 138 149 116 82 67 15 5 5 4 77 115 123 121 122 133 133 125 127 127 126 120 126 126 122 122 124 129 122 123 118 108 103 99 89 104 118 122 124 
123 93 88 95 106 101 116 116 113 113 122 134 149 162 163 162 168 175 175 171 173 164 167 165 161 172 174 177 161 161 158 148 129 114 107 98 108 106 122 153 158 142 115 107 104 84 88 122 130 139 139 138 147 152 159 157 156 157 158 162 152 140 127 109 100 92 98 109 119 121 123 120 113 122 135 141 130 79 72 39 9 9 32 109 126 124 130 140 134 131 133 133 131 128 136 124 126 128 122 119 123 120 119 113 109 105 92 93 105 112 112 112 
134 97 79 85 89 103 105 111 101 106 124 133 149 157 158 165 159 164 170 167 167 167 164 160 161 167 175 170 168 168 158 144 122 101 88 93 100 114 139 156 152 127 109 105 98 70 88 122 136 136 139 144 148 152 156 160 161 162 159 155 149 141 136 124 109 91 75 85 118 129 130 126 124 118 118 140 151 109 54 39 24 19 85 119 119 124 133 138 140 138 132 130 132 129 129 134 135 138 133 127 123 122 117 110 110 96 96 103 110 102 99 102 
130 122 95 86 94 101 110 111 110 115 128 138 143 155 161 160 160 157 167 166 168 167 162 161 164 166 170 173 170 162 155 136 104 82 73 86 110 132 155 167 158 121 103 106 81 45 86 120 132 127 140 151 149 151 163 163 165 170 170 171 164 155 143 134 127 113 92 73 75 105 123 124 118 111 117 126 147 143 94 48 25 50 110 117 125 135 136 137 138 137 140 134 123 135 132 129 127 124 128 126 125 119 113 115 106 102 103 101 102 104 102 102 
126 125 114 93 99 103 106 111 119 112 127 137 141 145 156 159 161 158 167 166 169 167 161 158 161 168 169 162 161 157 148 134 109 87 88 99 109 135 157 172 146 109 110 108 77 83 109 115 134 132 138 155 155 151 157 161 159 161 163 172 173 171 158 140 129 123 108 95 77 66 96 117 122 121 115 115 117 122 114 58 36 80 122 116 115 124 128 135 136 135 131 139 138 122 128 131 133 128 130 125 121 118 109 101 100 102 100 95 91 91 96 93 
136 130 118 98 104 109 112 114 113 112 123 133 143 148 153 150 154 159 161 157 160 159 152 157 165 166 167 164 162 161 155 128 98 79 85 97 116 142 152 155 137 108 110 85 79 112 118 130 146 148 129 143 157 152 154 165 160 159 161 165 174 176 169 151 139 130 122 110 102 88 68 84 110 119 121 108 101 98 92 89 84 99 118 114 114 113 121 120 125 125 129 128 135 135 136 135 133 135 127 121 120 116 112 108 107 104 103 97 99 96 82 75 
133 130 116 110 108 104 110 115 112 119 126 134 143 148 154 154 156 156 157 155 156 158 154 160 161 164 164 161 162 158 145 122 92 88 96 103 122 150 164 162 134 106 103 64 47 66 103 128 140 140 125 131 161 154 142 155 158 161 158 167 164 172 178 166 146 135 125 120 115 102 90 72 80 98 115 122 116 108 100 107 107 106 109 109 105 113 108 113 114 122 128 129 130 132 128 128 127 120 125 121 120 112 108 114 101 91 103 107 98 80 76 79 
129 122 117 98 109 123 117 112 113 115 123 133 139 147 154 155 163 159 155 155 155 159 160 162 164 163 162 163 160 151 147 115 94 83 89 106 127 164 170 162 162 126 101 60 48 47 62 104 133 143 133 129 164 163 171 175 172 162 163 162 165 164 168 156 140 134 127 116 114 109 99 88 76 77 88 102 118 123 123 120 112 110 111 113 119 116 118 118 119 118 114 117 123 123 128 123 126 126 123 117 113 123 118 104 100 110 98 87 83 92 93 102 
116 132 120 116 113 116 121 119 116 120 127 132 141 142 152 155 154 155 157 152 155 160 157 159 163 165 164 162 159 154 138 117 93 82 96 111 130 156 169 172 164 130 83 26 63 77 76 128 150 161 145 127 147 157 169 175 166 164 158 161 165 164 160 152 143 139 135 132 124 107 102 99 86 69 79 90 88 98 101 101 102 103 113 124 125 129 120 117 116 117 120 122 119 126 123 131 124 118 112 113 112 108 104 99 104 93 87 92 95 100 104 102 
97 114 121 106 114 113 103 106 109 121 129 139 137 141 146 154 152 149 153 152 153 155 156 163 167 167 165 159 160 154 137 109 89 80 107 119 125 149 169 171 175 148 81 108 79 36 65 116 134 150 143 137 131 154 163 166 176 165 155 152 158 161 161 153 139 132 133 127 123 123 113 100 95 84 76 82 99 105 111 114 122 128 125 120 117 109 113 121 122 117 118 118 115 115 120 113 115 114 120 114 111 104 94 98 102 106 103 102 101 107 97 101 
105 104 109 107 112 92 97 113 121 130 131 136 148 149 150 155 152 155 157 153 150 154 158 159 161 161 163 161 159 153 128 105 80 88 114 125 126 143 165 175 179 161 86 99 58 14 56 88 98 133 134 139 134 147 161 159 166 168 163 158 156 161 163 159 151 142 136 126 122 118 108 108 97 93 89 84 94 112 121 127 123 119 119 119 117 118 120 121 119 113 114 117 114 119 117 114 122 120 115 108 105 104 98 105 108 113 112 110 112 106 106 109 
92 98 114 114 119 101 97 108 115 118 130 135 145 151 151 153 153 153 159 158 153 157 157 157 163 161 156 159 160 146 130 110 86 102 130 133 127 142 159 172 172 165 94 18 36 62 68 102 116 140 153 155 147 146 158 160 161 156 156 162 161 160 160 153 148 146 136 126 119 118 112 105 102 95 92 89 87 103 115 121 118 121 119 118 124 123 122 119 118 121 122 125 120 118 109 123 122 123 119 114 106 99 110 119 115 112 110 105 100 109 109 113 
102 87 103 123 109 100 101 107 116 123 125 128 137 143 144 147 153 149 151 149 150 156 159 156 160 160 159 156 155 146 131 110 93 117 141 139 136 145 160 168 163 164 117 51 37 44 53 94 126 147 150 151 153 144 159 156 157 161 167 158 153 160 151 147 149 142 136 135 129 122 112 108 102 99 91 93 103 103 106 108 117 119 120 119 114 117 122 126 134 128 121 116 112 119 124 119 119 120 121 116 110 111 112 103 110 116 110 108 111 112 108 113 
97 90 95 111 112 103 98 108 120 124 127 133 138 140 141 149 152 151 154 153 152 156 155 162 160 160 160 159 160 148 138 121 100 128 140 149 139 133 151 167 166 167 138 78 38 80 69 108 138 154 157 146 158 140 153 155 164 166 160 161 155 156 159 154 151 153 145 140 137 120 121 113 107 102 101 106 107 112 113 118 114 114 117 120 121 123 128 123 124 124 123 122 131 128 125 126 125 118 121 113 111 119 124 113 110 110 111 119 122 130 127 108 
76 81 89 104 112 105 102 101 107 116 124 127 137 141 144 143 147 152 151 151 156 150 151 155 154 162 158 153 151 151 143 124 119 130 157 149 143 135 135 156 170 172 171 100 62 72 112 113 137 162 168 155 167 150 159 163 160 163 162 158 158 154 161 163 160 157 154 137 133 142 130 122 120 113 108 105 114 120 125 120 124 129 131 123 124 122 121 124 126 128 133 135 124 126 118 122 125 123 115 112 123 125 121 120 120 124 138 137 127 95 85 105 
71 74 93 96 105 110 103 96 103 118 124 130 135 143 143 146 145 149 151 151 154 155 151 155 154 146 144 151 148 150 140 128 128 141 147 152 145 139 131 153 168 170 178 143 90 38 58 95 133 157 166 162 164 155 151 159 158 155 160 156 150 153 159 159 162 163 160 156 150 134 128 123 121 117 114 114 115 121 123 124 121 119 116 118 116 122 122 129 127 133 129 127 125 123 126 125 125 122 119 118 122 125 129 131 131 128 90 52 23 7 6 6 
79 90 96 98 113 107 82 80 100 104 123 128 135 136 142 143 150 153 148 146 155 152 155 163 157 154 156 157 150 145 145 134 133 140 149 153 144 137 136 141 162 168 168 182 129 80 36 94 140 157 160 159 163 167 156 160 163 157 157 164 161 157 157 159 162 161 161 164 155 149 134 133 126 123 123 119 133 131 134 138 139 139 140 137 135 136 135 129 126 125 131 129 129 129 126 124 126 124 132 143 145 134 110 87 58 14 5 13 14 25 26 25 
75 89 112 115 113 90 85 92 83 103 129 131 130 134 141 144 147 156 159 156 151 156 156 163 166 161 162 160 156 147 143 140 133 134 139 149 149 145 143 149 149 153 169 178 181 128 81 78 131 154 164 167 163 166 163 165 163 165 162 166 162 160 157 160 162 165 170 171 169 160 156 145 136 136 128 126 122 129 120 123 125 128 123 120 122 124 126 132 134 133 128 127 130 128 131 139 134 122 104 94 55 25 14 11 10 17 24 25 25 28 24 26 
87 84 96 111 108 107 101 86 94 101 109 118 130 135 142 148 147 148 156 155 156 159 154 160 162 158 154 156 151 149 150 142 132 130 140 149 156 153 141 145 153 150 155 171 181 177 133 91 95 137 156 161 171 168 154 166 164 157 160 163 165 162 160 160 161 170 169 172 167 163 158 150 139 134 135 135 136 136 135 131 135 136 137 140 138 136 133 134 132 129 129 125 128 133 125 84 40 11 9 9 13 15 17 25 31 25 27 26 27 23 28 26 
75 88 94 91 99 112 106 96 94 96 97 111 123 134 139 145 150 150 150 155 157 156 164 159 164 169 164 153 155 157 146 145 137 129 142 155 163 162 151 144 149 150 143 138 150 162 174 148 125 124 155 168 165 166 164 153 166 163 157 167 166 164 168 175 179 173 173 171 164 159 153 153 149 142 135 127 123 124 124 125 126 130 131 133 134 136 137 137 130 131 131 128 129 117 64 12 18 33 28 28 26 25 28 31 27 26 26 26 24 25 27 28 
61 87 99 104 93 98 106 94 84 90 108 114 122 127 133 137 144 148 155 160 158 157 158 170 164 159 162 167 157 156 155 142 136 131 138 159 175 173 163 154 152 159 154 140 144 148 161 170 155 134 152 162 165 163 168 163 161 174 174 169 169 166 171 171 179 181 173 166 163 157 152 147 146 143 143 145 143 139 134 139 139 137 140 138 137 130 130 133 129 124 129 129 114 47 25 33 40 32 31 32 29 32 28 28 30 30 25 28 27 28 26 21 
70 64 86 98 96 90 99 108 110 104 106 117 116 120 123 133 146 151 149 149 155 155 158 162 166 163 162 165 166 159 153 151 137 140 138 146 162 172 171 168 154 147 146 153 153 148 158 158 169 148 139 153 163 169 163 171 166 164 174 171 170 171 180 179 176 179 177 173 163 158 149 149 141 140 138 140 141 139 139 140 140 137 135 135 131 134 130 123 125 131 127 102 50 32 38 53 46 39 27 27 28 23 31 29 26 24 25 24 25 23 21 28 
62 86 84 92 100 102 105 113 108 108 105 99 110 117 131 137 144 151 145 144 149 152 154 154 159 168 165 163 165 164 162 156 149 142 147 150 150 165 171 169 163 155 142 149 152 148 166 159 152 139 145 150 160 161 171 171 173 169 169 172 177 174 176 182 185 172 168 162 155 150 151 145 144 141 136 141 141 139 140 134 135 138 139 131 130 127 126 132 136 119 87 44 33 39 51 42 36 30 23 25 24 26 22 20 26 23 21 27 26 23 27 27 
58 74 89 75 88 104 107 105 114 117 116 112 102 105 108 120 133 135 147 153 153 155 156 157 152 150 156 156 154 160 163 164 166 158 147 144 152 168 167 174 173 158 155 160 159 164 179 164 165 163 159 160 159 168 164 169 167 169 170 173 175 180 184 181 177 174 162 159 154 147 143 143 140 140 143 143 137 139 137 136 132 131 131 135 138 141 143 129 104 76 41 35 36 41 49 36 41 34 33 26 24 20 30 28 24 27 29 22 26 28 26 24 
51 75 88 95 83 96 107 96 103 103 104 119 130 128 129 127 134 135 135 137 144 147 152 154 159 159 160 161 163 161 160 159 162 163 155 153 147 147 153 148 156 157 160 160 159 161 159 154 163 168 158 173 168 174 177 169 172 174 177 180 188 187 183 177 172 161 162 156 149 148 147 142 136 135 133 130 133 132 138 137 139 147 149 143 140 120 92 73 64 56 39 28 35 48 46 49 49 42 33 23 23 25 22 22 27 28 27 29 24 27 24 27 
51 72 89 86 87 81 94 111 105 104 85 77 88 89 101 124 135 135 136 138 142 146 145 152 155 158 159 162 172 177 170 165 156 154 159 159 150 144 145 151 154 148 150 149 152 143 152 150 156 162 151 166 166 172 179 178 178 179 178 171 167 169 165 163 163 162 156 148 144 137 137 133 131 133 136 138 138 141 142 137 136 125 106 88 59 39 36 55 61 35 29 36 52 54 52 56 63 52 40 39 30 23 28 28 26 25 20 22 25 23 26 25 
46 66 73 92 94 96 82 95 105 105 101 96 90 103 104 99 100 113 130 137 139 144 147 146 146 148 146 155 160 159 164 163 164 161 161 162 161 163 160 155 152 156 155 154 146 150 146 150 153 152 148 154 166 160 165 169 171 168 162 157 155 148 143 142 142 140 136 133 133 134 135 138 144 147 147 142 134 129 121 101 62 21 17 14 27 47 67 52 44 40 42 52 58 56 65 73 73 72 57 40 33 30 23 24 26 26 28 27 24 29 25 29 
59 70 77 80 100 97 93 80 101 101 120 127 110 95 100 106 115 117 118 133 142 145 135 141 144 146 143 144 146 152 152 155 164 161 165 168 165 163 163 161 156 152 156 155 154 152 156 156 152 155 152 152 151 156 153 150 149 149 148 145 140 139 143 138 138 139 138 138 134 136 138 135 126 119 116 113 110 111 118 118 87 35 36 38 47 51 36 36 43 39 47 54 50 58 69 85 74 79 62 44 26 26 26 32 25 25 24 27 27 28 26 25 
53 58 64 86 92 103 99 105 105 114 108 110 122 114 104 97 105 103 103 103 118 129 146 143 139 139 144 135 133 130 132 136 135 138 140 143 144 148 151 151 152 149 149 147 150 152 156 158 160 158 157 157 156 150 148 150 146 143 143 149 148 147 141 143 142 134 130 136 145 148 130 121 104 99 96 102 114 127 140 141 97 52 44 42 34 31 46 50 46 56 60 53 54 71 80 80 78 80 68 44 36 31 33 29 26 31 30 24 25 25 30 26 
37 55 52 75 88 99 99 112 104 92 99 103 109 122 113 106 103 107 117 121 119 121 124 134 137 141 138 142 132 126 126 134 130 131 131 136 134 140 141 141 138 141 139 136 137 137 139 140 146 149 153 160 163 161 159 160 161 156 159 160 158 152 142 139 131 139 158 170 158 97 68 109 120 111 107 113 132 143 145 135 54 38 41 35 41 44 48 48 53 52 52 54 77 94 87 86 74 87 54 42 39 36 31 22 29 24 28 25 28 25 25 26 
39 51 49 53 76 92 106 89 101 111 111 105 106 114 128 129 126 119 110 106 107 115 128 146 147 143 144 142 147 150 139 139 145 140 130 127 132 135 135 134 137 135 140 149 151 154 150 149 140 130 124 120 129 137 147 149 150 158 156 154 143 140 134 143 160 178 170 132 71 54 108 133 123 118 121 133 146 150 148 57 16 21 25 24 24 30 44 51 54 51 58 82 92 95 88 84 99 87 57 41 35 32 29 32 26 28 24 28 23 30 29 25 
44 48 45 57 65 85 102 103 99 101 105 106 104 109 119 130 132 126 131 123 122 122 129 129 136 141 141 143 155 152 151 143 138 143 146 140 130 124 124 125 127 126 128 124 131 135 132 137 143 141 128 119 111 111 108 114 125 125 120 107 86 80 120 149 166 161 119 75 57 95 132 132 112 114 126 138 149 140 70 11 18 21 22 23 31 48 48 61 65 81 90 90 88 93 85 90 102 75 40 37 27 25 26 30 27 27 28 26 32 30 22 26 
37 42 45 48 56 66 90 90 105 103 102 98 96 105 101 106 120 125 122 126 137 141 136 133 133 133 139 144 138 139 141 144 146 135 131 142 147 135 120 115 118 120 124 124 113 123 128 131 119 121 134 132 123 118 124 133 127 112 86 63 40 47 62 102 109 86 89 93 95 103 110 100 102 122 136 143 126 45 5 14 20 21 29 37 50 55 70 78 87 95 87 90 97 91 85 106 79 48 51 45 50 52 30 25 24 27 25 26 22 27 32 29 
37 34 45 47 55 63 73 90 86 97 101 97 94 97 109 101 101 109 111 122 120 124 128 134 137 144 139 139 145 153 149 145 144 151 146 132 126 137 149 143 130 125 126 132 139 132 110 110 123 113 112 125 126 124 119 112 95 75 65 57 59 38 41 50 57 68 71 86 108 126 109 93 112 125 133 108 38 7 20 24 25 38 58 74 79 86 86 88 93 88 90 96 90 90 99 96 69 68 75 55 34 29 24 29 28 28 29 31 29 27 25 26 
55 53 56 56 66 66 51 72 90 98 106 107 101 97 92 101 107 114 115 104 119 126 120 121 134 143 147 146 145 145 158 167 175 168 158 157 164 149 133 144 159 161 155 133 115 112 123 115 102 106 90 86 103 112 114 110 104 84 77 65 73 84 68 57 70 84 100 111 125 119 89 106 122 120 83 20 3 10 16 28 46 63 87 90 94 90 94 96 90 91 101 99 98 96 104 93 85 79 66 40 28 26 30 29 27 27 30 26 29 27 27 24 
37 42 44 44 54 66 52 64 72 84 91 102 111 116 118 111 108 98 105 118 106 106 109 124 130 140 149 149 150 152 149 147 156 179 195 202 193 190 194 173 153 147 146 162 161 159 134 125 116 97 92 68 64 79 93 90 101 117 113 111 87 75 82 92 95 103 110 113 104 84 113 134 118 69 23 22 37 57 68 85 99 104 106 108 102 99 93 95 91 104 100 92 92 102 106 96 89 72 61 42 37 31 25 26 27 26 27 26 28 25 24 30 
