10 103 100 101 102 104 101 105 103 100 103 103 103 101 103 99 102 104 100 104 103 105 101 101 101 100 99 94 95 95 95 91 96 95 97 101 97 97 98 98 94 90 99 95 99 94 98 95 92 94 94 94 99 98 89 93 89 88 93 83 87 88 87 78 82 73 76 74 72 68 69 68 62 66 66 56 56 49 54 59 56 56 55 52 50 53 55 51 59 55 52 51 55 53 52 50 47 53 47 45 46 54 50 52 48 51 51 62 110 114 133 145 
88 80 64 60 94 114 111 105 94 74 58 61 72 77 61 47 46 31 33 34 31 34 31 33 38 29 31 24 23 21 27 29 31 36 28 29 33 31 35 26 23 45 51 66 88 91 94 85 92 96 78 93 84 77 84 74 85 71 72 83 76 81 88 84 89 89 83 88 89 87 90 87 84 83 85 85 88 86 81 85 85 84 80 87 82 81 90 86 80 83 83 84 78 81 80 81 81 88 88 81 78 84 86 78 84 84 123 170 176 192 194 189 
79 69 71 89 101 105 96 79 60 43 68 90 78 65 55 56 48 44 33 37 41 33 36 43 39 41 28 36 34 39 30 29 32 33 31 32 32 32 34 33 29 25 28 34 47 64 85 103 114 114 108 67 104 121 118 113 108 110 107 93 87 74 70 75 81 85 89 88 84 85 84 85 88 85 83 79 87 83 86 85 85 85 87 80 86 88 81 86 83 81 84 79 80 79 81 84 82 80 83 82 82 79 80 80 84 88 148 179 187 191 199 202 
77 86 86 90 90 70 61 64 56 75 96 93 75 63 59 52 48 40 40 43 44 40 38 27 31 29 32 36 30 30 35 31 26 28 29 35 35 40 38 36 33 34 33 31 34 35 48 76 115 126 131 113 51 82 103 115 124 121 120 125 129 132 125 100 87 72 72 85 87 85 88 87 85 83 87 90 84 86 86 84 84 86 84 83 82 84 85 82 86 85 79 83 82 84 86 82 87 80 81 80 87 90 84 83 65 74 158 188 198 200 200 200 
76 90 85 68 67 59 66 65 70 80 87 72 63 64 61 47 40 35 35 39 33 30 26 35 31 33 34 32 30 31 28 27 27 27 26 24 28 29 33 32 33 30 23 29 34 34 31 41 67 81 100 122 109 64 84 118 119 127 125 129 132 127 128 145 135 123 95 78 77 87 82 85 84 91 85 87 87 87 83 85 89 82 85 80 79 87 80 85 81 83 92 88 86 84 83 84 80 86 87 83 64 51 48 41 75 117 162 187 194 196 195 192 
69 78 61 67 75 98 84 62 64 82 80 68 69 60 40 41 37 40 44 43 39 30 41 34 34 27 38 30 29 27 29 27 28 18 28 34 32 31 27 27 33 31 34 26 27 30 28 33 29 41 53 80 118 109 93 85 90 90 101 124 140 146 135 124 135 142 132 117 100 77 77 87 88 85 84 85 84 88 88 87 85 83 83 88 87 86 87 83 87 87 79 81 84 83 83 87 87 82 54 38 57 111 148 178 197 203 191 183 180 181 191 197 
65 55 65 81 83 77 59 55 78 97 87 86 75 46 37 49 48 43 40 39 41 38 30 31 33 37 36 28 25 34 31 24 23 31 30 26 29 25 26 30 30 33 27 29 30 26 30 22 17 23 22 22 29 42 52 53 50 58 77 99 123 141 159 156 148 137 130 133 126 119 96 77 87 86 93 88 88 85 86 86 89 87 89 87 86 85 84 81 85 85 88 85 85 85 86 83 75 57 97 167 205 219 215 213 208 209 206 203 200 194 183 182 
76 78 88 70 48 48 61 80 97 90 91 83 60 43 47 50 38 40 43 52 49 46 36 26 32 35 30 35 41 29 23 30 28 23 19 23 20 27 26 25 24 25 30 29 33 38 41 52 63 68 77 81 88 100 102 108 105 105 98 99 98 104 112 125 139 155 164 168 160 139 122 104 80 86 85 91 89 91 90 84 87 87 88 88 88 84 86 88 86 86 85 88 83 84 89 66 68 147 198 220 216 218 220 214 212 208 205 209 209 209 206 201 
99 98 86 58 51 86 95 98 93 94 98 69 58 51 42 45 51 52 61 65 48 44 33 39 32 36 35 28 25 28 32 25 30 27 24 32 33 30 30 22 28 31 33 42 49 51 65 75 85 99 102 104 109 110 119 117 121 116 115 119 112 108 105 99 98 106 117 130 152 157 157 133 100 83 86 91 87 81 89 87 89 83 84 87 86 89 83 82 83 85 88 79 89 85 62 97 175 211 216 210 209 196 189 195 198 205 212 206 210 207 211 213 
104 94 75 56 81 105 98 79 92 92 78 78 70 56 53 48 55 54 48 51 55 40 40 37 36 32 33 36 31 29 26 30 28 27 30 26 26 31 29 32 32 36 41 47 46 51 52 58 69 83 96 104 111 114 110 115 114 119 122 124 126 128 119 121 112 104 93 89 89 103 117 130 115 94 90 87 88 87 86 89 85 91 87 85 86 85 86 90 90 90 87 88 80 74 115 188 213 198 171 144 120 114 121 133 139 145 158 174 184 198 198 199 
81 70 71 82 94 98 90 87 91 92 85 88 71 63 50 55 46 47 46 47 42 33 39 33 37 37 41 38 37 37 32 30 31 26 26 25 32 31 36 33 37 47 44 54 55 51 53 58 76 88 102 106 109 110 108 113 122 123 125 135 130 133 134 130 125 113 109 105 101 93 86 87 92 87 85 91 90 94 89 88 93 81 88 88 86 90 83 86 93 89 90 84 79 117 189 209 185 151 147 166 183 199 206 203 205 196 179 166 158 163 187 202 
64 60 94 101 110 95 95 101 102 100 109 91 75 73 60 45 46 46 49 50 46 39 35 46 43 44 50 45 26 30 26 26 32 33 31 31 24 29 32 36 41 41 51 49 51 66 78 102 110 107 92 84 87 95 102 108 117 132 131 134 139 139 129 130 126 126 116 113 106 104 105 108 97 102 94 89 87 84 91 89 80 92 85 88 89 86 87 87 79 88 84 83 109 185 200 163 156 190 210 212 213 212 211 214 211 213 216 215 212 200 180 171 
69 82 101 95 100 93 85 86 103 104 100 91 89 69 52 41 40 43 48 48 43 41 41 44 44 48 46 41 39 33 37 33 30 33 31 31 37 37 40 43 43 43 47 60 82 93 116 124 107 95 81 78 73 82 85 96 117 133 139 142 140 143 141 135 129 124 119 113 114 107 104 100 104 99 99 97 91 93 87 94 94 87 91 89 88 87 90 90 92 86 85 98 178 196 164 177 203 212 210 214 211 208 210 216 225 225 231 228 225 220 214 205 
78 83 99 102 105 84 84 93 103 90 92 96 99 76 56 52 42 52 51 53 43 41 44 45 51 51 46 45 37 34 28 28 32 34 32 31 30 40 41 45 45 51 66 69 77 100 120 124 108 89 83 85 82 76 73 86 98 127 139 143 145 148 147 144 136 128 121 120 113 114 106 105 108 110 107 103 102 93 95 91 98 93 88 94 85 83 86 85 87 86 86 149 197 168 180 204 206 208 198 180 163 144 142 125 106 94 109 145 180 204 228 237 
67 84 101 95 90 93 101 99 102 92 95 110 107 80 79 69 58 54 56 53 53 48 50 69 57 54 59 48 33 33 37 32 36 31 32 34 44 46 44 46 52 59 68 76 88 103 117 122 106 96 90 83 82 83 81 69 79 117 138 150 153 151 148 147 146 136 131 129 124 115 108 103 105 101 105 106 110 110 106 106 96 97 99 94 97 94 84 87 82 90 120 179 161 177 206 204 196 154 117 84 74 43 8 14 34 49 60 45 47 53 72 112 
79 92 90 82 88 97 101 101 105 100 97 111 98 96 96 73 62 50 59 60 58 47 70 67 58 63 57 52 43 46 39 33 27 33 31 40 38 52 50 53 58 68 76 81 83 105 122 111 97 80 82 77 80 86 72 68 75 112 128 145 148 151 152 149 146 139 135 128 125 122 114 116 109 104 101 109 106 105 107 104 106 110 104 101 93 95 93 90 92 88 151 184 170 214 220 178 134 92 88 79 53 39 64 105 125 133 133 131 123 117 103 94 
89 78 69 72 80 114 101 114 111 107 108 105 103 103 95 79 56 59 61 52 50 69 83 75 73 73 68 53 39 40 37 36 36 30 32 37 43 47 50 56 71 80 84 79 88 104 120 106 95 83 80 84 81 65 56 48 66 102 120 138 141 148 159 161 149 142 129 126 125 124 117 115 115 110 105 103 106 107 106 109 107 100 104 105 107 100 98 96 88 89 88 98 127 138 120 108 97 97 102 106 109 120 131 127 128 126 124 125 128 126 125 123 
85 74 67 72 98 108 103 119 112 109 103 108 110 107 95 72 53 51 70 69 59 68 85 92 87 89 77 54 50 45 43 37 35 32 37 41 36 52 58 66 74 79 79 83 95 115 119 94 91 91 88 85 77 51 37 52 74 102 119 137 145 148 155 158 155 144 132 135 133 128 128 124 122 117 113 113 108 103 106 100 106 109 105 106 106 105 106 98 95 90 86 74 86 107 113 110 110 113 112 112 112 120 122 122 117 121 126 128 128 129 128 129 
68 67 61 81 113 113 108 114 111 110 105 108 122 96 84 69 59 61 78 57 56 76 83 98 96 92 85 66 50 47 44 32 38 37 46 42 41 39 57 65 76 86 83 87 106 120 113 99 88 85 85 84 70 40 32 48 70 95 113 132 143 149 155 159 156 150 140 137 135 134 126 124 119 119 117 113 115 118 113 105 109 112 111 104 108 105 101 102 99 92 92 86 86 78 100 118 118 120 121 120 113 111 116 120 123 118 120 125 124 121 124 128 
70 64 62 79 98 111 114 123 113 111 111 111 118 89 76 76 78 61 85 59 54 59 84 104 100 100 90 78 74 61 47 49 41 44 42 46 45 53 58 66 76 79 86 89 110 121 118 94 85 89 82 82 56 30 36 56 79 107 104 117 138 146 154 160 158 152 145 144 134 133 132 125 126 122 119 114 114 115 117 115 113 113 115 121 109 105 102 106 103 101 99 97 88 90 82 93 107 116 110 110 116 116 112 113 121 126 121 117 116 118 125 115 
89 101 64 71 91 111 114 112 108 107 106 100 112 94 92 89 91 69 70 50 46 54 99 110 105 99 97 84 79 66 61 52 43 32 39 46 46 44 49 64 75 80 84 93 117 124 125 109 88 82 73 79 50 46 50 55 79 106 107 100 131 148 158 159 155 153 150 145 147 137 133 137 131 127 126 121 116 113 115 118 115 119 119 115 119 120 113 110 100 98 91 98 95 86 86 80 87 100 112 112 112 115 112 114 112 121 128 125 119 120 122 124 
123 108 68 68 90 99 108 112 109 110 99 105 117 110 98 96 101 71 69 51 55 70 91 98 100 101 104 88 88 65 60 48 47 42 43 45 47 49 54 62 65 82 86 98 118 133 126 115 89 78 72 77 51 66 76 62 81 113 108 100 129 145 155 159 157 159 154 149 147 144 140 131 130 127 125 121 120 115 119 119 122 124 127 129 125 121 122 108 105 101 99 94 97 95 88 89 82 84 92 110 108 105 109 111 114 111 123 123 122 129 117 115 
120 82 56 71 82 84 96 105 114 116 100 105 118 102 99 100 101 79 63 49 50 63 90 93 98 93 102 93 93 67 66 53 46 41 45 46 42 41 53 52 62 74 85 98 119 131 123 109 88 75 68 68 43 39 69 78 82 105 102 98 125 147 157 162 155 157 162 164 149 144 144 138 133 133 131 126 120 118 122 117 123 124 126 128 129 126 119 119 112 107 97 90 90 92 91 93 90 88 78 84 97 107 107 103 104 112 111 121 123 121 121 118 
110 73 72 84 79 82 88 102 110 120 105 103 106 97 101 108 106 76 72 56 52 60 81 80 94 92 108 88 89 63 59 64 45 37 40 45 47 49 47 52 61 82 88 93 119 135 125 112 80 62 63 66 30 32 40 55 77 95 106 91 121 142 154 166 154 158 165 164 167 155 144 142 141 134 128 131 126 115 123 124 121 125 126 126 126 124 126 120 115 109 103 96 85 92 95 91 86 85 85 74 81 89 102 102 106 107 110 110 119 118 123 124 
98 78 92 89 84 82 89 102 118 113 111 107 106 100 109 108 105 83 74 61 61 63 73 90 76 79 103 98 89 67 73 62 47 39 40 39 40 38 41 48 67 75 86 98 116 133 132 110 88 65 70 55 27 27 31 53 69 99 97 96 128 148 157 162 167 169 167 165 165 158 154 141 141 135 131 129 130 131 128 131 134 131 129 127 123 121 116 119 114 115 106 105 101 94 95 93 96 91 87 80 73 72 74 91 99 102 108 105 111 120 116 121 
88 100 102 94 83 71 72 100 103 112 113 106 104 89 103 108 108 83 87 57 47 51 72 86 72 92 113 89 93 67 77 72 50 43 46 45 43 39 43 45 59 77 88 94 114 128 126 113 85 65 63 50 20 30 28 52 74 97 92 86 121 143 151 161 169 169 162 160 158 152 147 143 138 133 128 131 136 134 131 128 132 131 128 126 120 117 112 114 113 107 106 106 102 99 92 94 95 91 87 91 74 75 80 80 83 92 96 103 104 111 116 122 
97 111 105 107 87 76 74 91 98 114 115 107 101 96 103 102 104 80 96 58 61 60 70 71 75 92 112 90 93 76 71 61 45 41 36 38 43 46 43 50 57 79 88 98 118 126 119 106 89 61 59 39 20 28 29 56 77 96 96 89 121 139 158 163 169 164 162 162 161 158 151 145 144 144 142 136 138 141 139 140 139 134 127 123 128 123 118 112 113 113 112 103 100 98 97 97 101 102 97 88 84 72 76 77 75 82 91 93 99 106 113 109 
101 116 106 106 92 80 63 85 89 111 108 99 97 95 99 110 94 88 89 69 49 50 67 71 76 104 111 87 90 75 69 63 44 42 41 45 47 47 46 47 47 72 91 99 115 120 122 113 86 63 54 44 25 29 43 55 74 93 85 92 123 144 156 169 165 168 163 159 161 154 147 146 138 137 142 143 144 144 146 143 138 127 124 124 120 119 112 113 103 100 103 103 103 104 97 99 97 100 94 87 85 79 74 80 78 72 78 87 92 94 105 116 
105 116 103 109 91 84 65 90 90 105 106 93 91 88 101 107 81 91 94 75 61 47 60 71 81 108 108 88 90 78 73 65 45 37 41 48 43 46 54 46 62 71 90 103 111 122 118 109 85 67 54 43 35 49 58 71 79 78 82 97 122 149 168 168 169 170 170 163 152 146 144 143 140 140 140 142 144 144 143 131 132 134 130 123 118 110 108 103 97 98 105 108 107 103 102 103 102 103 99 92 92 87 74 74 79 77 75 78 84 86 91 102 
107 107 101 103 93 90 72 84 92 102 98 89 84 83 98 100 96 99 88 86 62 53 58 69 76 93 97 89 95 87 80 56 45 38 34 40 47 52 51 56 56 78 98 102 116 124 119 111 88 63 53 47 57 74 71 65 71 77 74 108 131 149 162 165 168 161 163 155 152 147 143 139 133 134 140 144 143 142 142 139 134 127 123 118 112 111 99 83 86 101 108 113 111 107 107 103 102 106 104 100 97 86 84 74 73 72 70 77 77 82 91 95 
103 105 94 103 88 82 85 98 103 107 94 102 88 83 97 93 90 107 96 86 57 35 59 65 75 96 90 88 102 79 71 63 44 29 43 45 42 56 58 58 64 83 99 108 113 120 116 105 81 63 51 55 51 57 53 68 66 65 73 96 125 152 160 161 161 160 162 148 143 145 138 132 127 134 139 143 148 145 143 143 140 134 124 117 115 107 87 79 99 114 125 126 121 114 107 105 106 105 109 95 94 89 88 74 71 76 78 74 77 77 88 90 
94 93 95 95 82 88 90 98 112 113 95 93 98 82 89 85 85 91 95 88 63 45 63 64 70 89 83 88 103 76 78 59 50 43 39 43 56 59 59 58 67 84 101 109 116 116 114 107 92 65 59 43 39 45 43 53 64 62 73 98 126 152 157 151 156 153 146 148 147 142 130 132 130 133 141 146 144 150 149 147 142 136 136 118 110 99 73 62 111 124 125 117 120 119 108 105 111 111 108 104 101 89 87 89 80 73 74 73 79 81 79 80 
90 86 77 74 74 85 98 107 108 107 92 85 99 93 96 87 72 80 93 92 62 36 55 56 71 86 74 96 88 73 62 57 42 34 51 47 44 54 63 62 75 94 104 109 113 120 117 110 100 81 59 52 35 38 49 69 64 70 84 104 137 149 157 155 148 150 143 140 133 124 123 133 146 149 149 147 149 149 146 143 139 138 131 118 107 92 68 75 124 126 121 120 114 113 116 108 103 110 112 110 109 103 86 78 78 73 76 75 73 76 81 85 
87 88 71 71 73 96 114 108 116 101 93 92 100 87 97 97 77 78 83 96 77 40 57 56 76 81 74 100 78 69 55 57 38 49 45 49 54 58 59 67 85 98 106 108 116 118 121 113 97 80 61 56 43 23 53 66 64 73 83 115 132 149 149 148 145 140 132 121 122 128 124 108 112 151 156 154 155 153 146 149 137 134 123 113 110 96 54 71 136 133 124 116 116 110 111 104 105 112 116 108 110 97 92 89 86 74 73 79 79 79 79 76 
88 71 60 70 91 100 104 100 99 101 76 87 87 89 93 99 94 78 89 86 83 45 53 56 65 70 80 90 70 60 57 52 45 47 46 46 51 57 68 78 86 98 108 111 113 118 121 116 97 80 71 58 51 43 44 63 71 73 85 113 133 134 137 133 135 129 126 133 141 135 130 113 94 93 114 138 149 150 142 139 141 127 122 113 106 93 52 69 121 123 124 119 115 113 108 112 117 116 114 120 114 109 101 89 84 86 74 75 78 75 78 79 
89 65 63 65 84 91 93 94 99 102 80 85 81 92 94 99 97 76 76 81 89 55 46 47 69 70 81 75 50 46 53 52 52 50 57 52 54 58 70 84 95 101 109 111 118 120 120 115 110 95 76 64 51 52 61 68 68 65 93 125 136 133 131 131 131 128 130 141 141 134 122 106 84 65 64 93 129 146 145 143 139 132 122 118 111 82 51 83 118 119 125 113 109 109 104 100 107 117 118 117 118 105 107 96 86 86 75 74 79 81 75 76 
79 54 59 63 90 81 86 80 95 96 82 88 71 89 87 97 100 84 72 72 99 61 41 53 57 71 72 55 51 52 49 55 64 54 50 54 57 67 72 88 96 103 107 115 116 119 127 123 109 96 81 69 63 51 41 50 50 79 111 122 129 133 128 133 135 134 138 139 142 138 123 100 64 45 48 69 101 144 143 142 133 131 121 121 104 68 46 92 124 119 115 115 113 105 101 102 107 115 124 123 121 113 99 92 85 90 84 74 71 73 84 77 
67 59 54 61 81 75 75 79 91 94 76 86 57 76 75 91 99 90 74 78 107 53 43 44 68 65 64 55 53 57 59 65 59 59 62 54 64 73 81 89 105 109 112 115 116 120 123 119 115 106 90 74 64 50 56 53 74 103 117 124 126 123 130 127 124 124 128 134 141 128 115 103 71 39 46 67 97 128 138 139 140 140 129 123 100 56 53 109 123 124 111 114 107 104 105 103 109 122 125 127 116 117 112 96 87 82 89 74 74 77 78 82 
59 49 49 65 73 65 77 78 91 82 68 80 60 70 84 89 90 83 77 86 97 51 40 51 66 67 54 51 48 58 71 65 57 68 62 60 67 75 83 95 102 107 112 112 118 122 122 120 118 108 91 81 68 80 91 112 119 123 123 122 128 131 133 135 131 130 130 134 139 129 102 91 72 46 42 61 80 128 138 138 140 141 138 127 90 51 56 107 114 120 109 105 101 105 104 98 104 123 128 126 126 121 112 99 92 87 88 76 63 72 79 82 
62 54 58 66 73 66 62 74 98 77 65 78 81 62 78 80 79 71 71 86 77 54 39 54 59 59 55 47 51 65 70 63 71 70 56 65 71 76 88 99 104 109 113 118 119 121 125 124 120 105 100 85 90 116 130 140 146 143 141 140 138 143 141 139 137 142 136 134 137 139 114 89 71 42 48 53 70 113 130 140 135 145 146 127 81 40 65 115 118 111 102 105 99 96 101 97 103 130 140 136 120 116 106 99 90 83 85 89 74 72 80 82 
61 62 56 64 75 68 70 69 87 70 55 77 85 77 77 83 81 60 65 93 61 56 46 52 55 57 55 43 51 61 55 69 86 69 62 72 80 91 95 106 114 111 111 113 114 119 123 123 119 111 100 99 114 136 147 156 157 149 155 154 150 150 152 154 153 150 142 145 158 144 125 100 79 44 50 69 72 103 127 141 142 136 139 108 60 46 82 133 122 121 104 100 91 92 92 96 111 132 136 137 132 121 114 102 89 86 88 84 69 67 79 86 
71 64 59 52 69 70 67 61 77 72 62 72 84 77 61 73 74 63 62 85 71 49 51 52 48 48 39 37 55 48 60 85 90 69 67 77 80 84 99 111 112 116 112 119 117 123 118 123 124 112 103 102 134 146 160 168 166 164 168 161 164 164 166 161 162 165 160 162 166 143 128 108 83 67 52 66 73 93 120 139 146 149 140 104 63 44 86 143 133 124 104 97 96 92 92 94 115 140 134 134 125 120 117 104 89 82 90 93 84 63 73 74 
64 63 48 57 65 59 64 54 67 74 60 66 78 80 57 65 73 63 74 93 72 49 53 41 50 53 45 45 40 62 81 96 85 69 77 83 88 100 106 109 113 113 117 117 116 120 128 122 117 111 107 111 131 146 158 167 175 168 173 171 175 172 170 170 167 167 165 179 167 145 121 100 90 70 56 67 82 94 111 126 147 161 146 95 49 40 80 137 133 122 97 93 82 84 83 105 139 145 143 140 130 122 110 106 94 80 81 89 75 72 67 74 
60 51 50 50 60 49 61 63 69 73 59 61 75 67 56 60 68 59 66 80 81 50 32 29 40 45 45 46 67 85 87 87 81 78 85 85 93 99 109 117 116 116 118 120 114 118 119 115 113 111 98 107 127 144 154 167 169 166 173 167 168 170 172 169 167 167 168 176 174 143 124 104 88 65 54 65 84 99 99 117 133 152 146 87 52 41 88 139 139 121 92 85 87 83 81 117 148 151 142 137 125 123 115 106 93 87 82 89 85 69 67 71 
56 57 61 68 53 54 53 57 66 69 49 56 62 69 52 53 61 63 62 75 82 53 34 49 46 47 41 61 74 81 90 91 73 84 90 92 97 106 112 117 118 117 116 114 118 120 118 117 107 103 93 97 113 137 150 157 163 160 159 156 159 166 165 160 162 159 156 164 159 135 114 91 75 74 64 71 85 90 95 99 118 141 142 96 61 47 87 143 132 120 87 83 82 74 84 127 143 145 138 133 129 122 112 101 94 83 84 88 84 70 67 73 
34 37 62 60 59 51 52 52 63 59 50 55 67 74 50 55 58 60 66 68 82 57 41 65 49 43 47 58 76 91 98 87 85 85 91 101 102 108 114 114 113 117 113 117 112 118 118 116 103 95 82 86 106 129 144 146 143 148 159 160 162 161 163 160 162 162 157 160 162 143 114 90 82 66 49 66 77 86 87 96 109 122 139 117 63 41 81 139 132 116 86 77 80 79 91 129 147 145 145 132 127 119 107 104 89 84 84 89 81 65 71 69 
34 37 48 55 53 54 52 55 61 60 56 49 59 66 48 60 61 60 68 58 84 56 62 69 39 44 49 63 82 94 93 79 80 82 92 98 105 112 117 116 112 114 113 113 119 116 115 110 96 87 81 82 88 103 115 125 129 126 134 147 150 155 152 153 151 152 154 155 164 148 113 91 75 54 63 68 86 77 83 79 95 118 129 111 65 49 95 141 131 113 86 87 80 77 92 139 147 142 141 136 125 116 111 102 95 82 81 90 84 71 73 85 
36 56 50 52 50 47 55 61 58 53 46 56 64 61 50 58 54 57 55 73 83 43 82 56 45 40 41 80 88 87 85 85 93 101 101 101 106 116 116 121 123 116 118 119 118 116 102 96 88 78 67 70 78 90 99 105 114 116 120 124 135 138 137 143 153 150 147 153 155 129 102 86 55 57 74 83 85 89 88 93 102 120 124 93 64 48 105 146 131 114 90 80 79 71 95 141 154 144 139 126 118 118 107 99 85 89 85 88 85 75 74 65 
56 60 57 55 54 55 57 55 56 55 47 54 54 58 44 57 52 58 69 72 73 55 83 54 31 34 68 80 92 92 88 87 94 94 103 106 113 119 123 121 118 119 117 123 118 116 107 92 78 73 66 63 71 86 96 103 114 120 124 125 126 136 136 135 133 137 149 154 148 123 98 80 57 61 85 97 94 96 94 95 111 128 114 82 51 50 125 142 131 109 85 82 81 86 103 141 149 139 138 125 119 117 107 96 91 81 78 86 77 75 72 78 
63 56 52 47 47 43 51 60 56 55 53 57 57 68 47 60 56 57 69 68 69 55 78 44 44 61 66 72 96 97 86 89 95 98 104 109 116 120 119 119 124 121 120 123 116 113 102 93 71 62 66 63 64 74 86 99 112 127 133 129 135 139 140 136 128 130 139 141 141 118 97 70 46 57 82 99 103 100 97 101 108 125 105 58 50 58 125 133 123 108 86 86 83 85 98 131 148 141 133 127 121 114 112 95 82 78 87 89 76 72 75 75 
62 53 53 57 52 43 49 47 58 51 44 54 49 64 49 73 74 65 60 63 61 70 70 41 48 54 57 83 95 87 84 88 93 100 110 112 117 122 117 123 121 130 124 123 120 112 103 84 70 64 61 58 57 78 92 96 104 118 127 129 127 134 137 138 136 142 142 145 140 123 102 75 46 64 86 102 104 100 102 105 115 125 108 69 45 57 121 126 125 105 90 88 85 79 96 136 152 146 143 123 117 115 105 99 87 82 85 80 76 71 78 86 
57 56 49 54 44 47 41 55 50 47 46 52 51 55 39 70 73 58 58 67 61 82 54 33 39 53 83 81 87 100 99 101 103 110 115 115 114 124 127 126 126 128 129 124 124 114 91 76 60 57 61 52 50 74 99 108 109 116 128 130 129 129 133 135 142 144 151 145 142 120 96 55 48 59 91 106 101 111 110 108 112 123 111 73 47 67 124 126 118 101 94 89 88 90 98 131 147 138 131 129 117 112 105 95 88 84 82 88 77 78 83 80 
41 50 52 44 46 39 47 49 50 44 37 51 47 53 41 69 68 55 58 57 56 64 36 31 51 68 82 97 113 111 105 105 109 114 110 112 120 118 122 129 129 129 124 124 113 106 86 56 54 57 48 42 40 73 83 95 107 113 116 128 130 129 131 129 135 146 157 156 145 125 95 60 39 74 103 113 114 110 108 114 117 121 107 67 49 64 107 121 122 107 97 89 94 96 94 130 139 138 134 123 120 113 102 88 83 83 86 80 73 82 79 87 
54 42 41 43 37 33 41 50 53 49 47 50 52 58 39 58 56 58 61 66 67 67 40 42 52 58 73 105 114 109 108 111 113 116 115 117 124 127 131 132 135 135 129 122 111 101 73 58 50 53 42 38 40 66 80 86 99 119 129 129 132 134 137 134 124 131 152 152 145 122 93 75 63 91 104 108 110 106 105 108 114 115 109 75 49 74 110 126 118 106 99 101 97 95 95 126 141 141 133 128 119 103 98 91 85 87 87 77 80 85 90 91 
41 47 38 31 36 27 46 53 48 37 45 50 58 61 42 57 66 59 56 69 79 56 34 42 42 48 67 85 94 94 101 111 115 113 109 115 118 130 135 139 136 135 130 126 118 104 64 48 52 47 44 42 46 69 73 82 96 112 126 139 144 141 142 144 137 124 125 140 142 126 96 84 91 106 107 107 108 105 111 113 117 115 114 82 55 75 111 127 124 116 104 93 99 99 99 121 140 140 135 123 113 97 91 90 88 89 86 79 92 94 85 91 
53 52 41 34 23 35 42 49 46 45 46 49 60 54 43 62 51 48 55 73 69 41 25 48 62 58 65 75 86 93 100 112 114 117 112 120 125 130 138 136 139 134 130 126 120 93 64 57 52 44 51 52 51 70 79 73 86 103 128 138 143 149 151 145 147 137 119 120 117 112 100 93 104 108 111 112 117 117 116 119 112 111 112 84 52 72 108 120 101 101 100 100 103 103 103 115 136 142 132 120 112 98 93 84 85 88 80 84 88 90 90 85 
61 50 34 25 23 20 38 41 40 37 37 49 56 54 44 61 51 45 52 75 57 27 57 93 79 58 58 64 77 91 103 115 115 115 116 122 126 128 136 140 134 131 125 119 113 94 58 49 49 55 65 72 65 78 78 82 85 95 110 135 149 149 151 154 150 145 139 129 127 117 107 99 97 106 110 110 115 117 120 122 120 112 104 81 54 75 112 116 95 95 99 103 105 107 104 102 104 131 130 117 106 96 92 87 86 86 83 89 92 91 91 93 
44 34 33 30 35 45 52 43 40 37 46 40 42 54 50 56 56 36 56 74 39 39 70 62 51 47 50 59 77 89 102 111 116 120 116 125 127 130 135 135 139 135 127 120 107 80 52 50 59 57 71 87 79 83 83 84 86 96 118 132 147 155 153 154 154 151 145 145 142 147 143 129 120 113 111 115 118 125 123 125 121 108 97 73 40 83 116 123 121 113 109 110 109 110 106 109 107 121 117 112 101 89 88 89 84 80 88 97 92 95 99 95 
44 36 40 47 47 46 56 46 42 34 37 43 45 49 49 63 41 29 60 72 49 53 50 42 31 36 44 66 80 89 101 112 118 117 119 121 128 132 135 136 135 132 133 119 103 73 56 58 54 31 33 65 87 80 86 84 85 98 116 138 150 160 157 156 152 154 148 147 143 142 145 144 134 132 132 125 128 129 132 130 118 109 100 81 60 86 115 117 122 117 111 106 102 107 112 118 129 124 117 106 102 94 95 89 90 92 95 96 98 95 90 89 
68 70 64 66 66 63 58 57 42 33 27 46 42 44 58 58 43 26 63 68 58 47 37 32 29 40 51 57 77 99 111 112 114 116 122 121 123 128 129 132 133 135 132 122 99 78 62 66 51 30 33 45 65 81 88 84 84 94 109 134 149 158 162 160 152 150 155 147 142 141 140 142 145 144 141 137 133 135 135 128 119 97 96 71 51 89 105 120 117 119 117 106 104 101 109 117 120 121 113 107 101 92 88 89 90 92 95 99 101 95 91 94 
85 83 80 75 72 71 62 53 41 29 37 40 50 49 47 59 51 28 53 59 41 40 38 33 40 38 48 64 76 96 108 116 119 126 124 127 126 131 134 132 133 130 127 117 96 71 54 57 53 22 21 35 51 81 89 96 89 97 117 127 146 155 162 164 161 161 156 152 149 145 140 138 137 148 147 142 142 138 140 135 120 110 94 74 61 89 109 124 121 117 114 113 106 109 110 115 119 117 107 103 102 96 90 85 92 93 97 99 97 96 93 89 
80 76 67 62 68 60 56 48 40 28 27 43 49 48 53 52 50 31 63 54 43 33 34 35 28 40 50 67 88 104 106 119 119 120 126 130 136 131 132 133 137 139 128 110 93 70 58 70 56 31 28 36 59 86 93 93 89 99 118 131 144 150 161 157 159 162 157 151 155 146 139 140 138 136 144 143 143 141 138 129 119 109 94 70 67 91 111 122 123 123 111 107 106 102 110 111 112 115 107 96 91 91 92 93 94 93 99 97 93 88 93 92 
76 88 92 81 68 49 37 36 41 42 37 32 40 49 52 56 46 31 54 44 39 38 36 29 40 42 47 66 89 103 112 120 123 128 124 127 127 129 130 137 140 134 127 113 89 73 62 67 63 30 23 28 48 77 95 104 103 95 115 126 142 153 159 162 156 157 153 157 151 143 140 139 141 140 133 140 138 142 141 131 114 98 94 82 72 86 105 117 120 112 109 108 105 104 108 110 106 99 94 97 93 91 89 94 94 100 94 94 96 97 90 93 
66 72 78 71 55 52 36 40 39 37 32 45 46 53 46 51 42 27 47 41 41 34 29 38 35 39 52 68 88 102 112 124 126 122 125 131 133 134 133 138 141 140 129 116 96 77 70 74 66 27 25 44 68 87 98 102 97 103 128 141 145 159 164 167 157 155 157 155 150 147 141 143 142 138 134 138 139 135 136 126 114 109 100 93 85 87 100 114 114 114 108 108 102 100 102 106 103 94 96 96 92 91 97 94 98 93 99 98 96 94 94 101 
64 55 53 51 55 40 36 43 44 31 26 40 43 47 47 47 42 34 36 34 33 35 32 31 34 48 56 68 91 108 116 122 125 125 125 124 129 129 132 137 142 137 128 113 95 75 73 79 61 38 49 76 86 100 110 104 99 103 125 140 148 152 159 159 155 153 156 153 150 148 138 138 137 140 143 137 137 134 127 125 119 113 107 101 92 93 98 110 108 108 101 99 101 102 99 99 104 101 98 95 93 99 94 97 102 97 96 97 90 86 94 93 
74 74 55 54 43 35 44 45 44 39 49 48 45 42 43 48 45 34 28 30 29 24 35 39 44 43 54 76 84 103 108 113 120 124 126 129 128 126 134 136 136 134 119 111 98 87 79 83 70 53 75 87 94 108 108 110 104 113 137 147 150 153 153 159 162 152 153 151 151 146 144 134 133 132 134 136 135 135 130 123 123 116 111 107 103 95 100 104 105 105 106 99 100 94 96 96 97 97 97 90 97 95 95 92 93 91 91 88 93 93 99 95 
65 76 73 52 43 42 47 48 44 48 51 52 48 40 43 46 52 39 29 25 28 26 30 35 45 52 62 75 88 97 107 112 117 118 122 123 124 125 127 131 136 129 117 105 93 82 85 86 76 41 51 70 88 109 106 105 102 119 136 147 149 152 153 155 159 157 154 153 148 142 132 126 123 126 128 133 133 130 129 126 118 116 110 107 104 99 100 103 104 107 99 96 97 102 98 102 102 92 90 89 88 93 100 97 98 91 93 92 92 97 94 93 
70 73 83 73 67 56 43 41 43 41 47 49 37 33 35 45 44 43 25 23 26 27 35 37 45 49 63 81 92 94 104 105 113 112 115 117 120 120 124 128 131 128 122 101 97 87 81 88 78 36 36 69 102 104 109 107 110 119 138 146 147 143 153 155 151 149 148 146 142 134 128 126 123 119 120 124 128 130 125 124 119 114 112 110 104 105 103 102 103 102 103 100 103 105 104 102 98 97 97 96 98 97 91 93 87 96 85 89 93 97 96 92 
80 79 78 71 68 54 53 53 42 37 43 39 42 26 29 35 41 48 36 23 25 28 33 38 43 64 73 81 87 96 103 111 119 118 115 116 117 117 120 126 128 127 117 106 96 90 85 87 83 49 37 66 97 110 108 109 112 132 139 148 153 150 154 153 156 150 144 139 135 133 132 124 120 120 118 114 122 133 126 122 124 119 113 108 110 108 108 105 106 108 104 106 106 101 97 97 96 94 96 91 91 83 94 88 90 90 93 91 94 94 92 95 
75 72 70 60 64 61 49 44 40 37 40 39 34 34 27 23 34 48 50 32 31 34 31 38 45 55 65 77 83 96 101 103 106 106 107 113 120 114 116 121 126 125 118 107 94 85 86 87 90 65 38 66 103 110 111 113 116 134 144 151 149 149 155 152 146 144 140 138 134 131 130 125 117 117 114 115 122 123 124 121 118 115 107 102 105 106 105 106 103 104 100 102 102 99 98 93 92 91 97 99 92 89 85 91 92 94 94 97 98 94 89 80 
55 77 74 66 58 57 62 46 34 32 28 23 24 30 35 40 23 30 38 40 28 33 32 38 49 50 68 76 84 84 85 87 88 94 99 106 107 113 113 111 116 120 117 108 95 89 92 90 90 73 52 68 104 115 115 115 119 126 141 155 152 146 147 150 151 138 138 134 127 125 122 117 116 108 107 115 112 114 120 121 112 108 107 106 100 101 97 102 103 103 104 101 100 100 93 93 90 94 91 85 87 95 95 89 89 85 92 91 91 86 86 83 
66 56 84 71 66 66 67 60 52 48 47 44 44 35 28 28 26 28 34 34 33 30 37 39 44 50 58 77 69 79 81 85 84 91 100 103 107 109 110 108 115 113 116 112 101 95 92 90 92 90 66 70 103 114 117 119 123 133 139 148 151 145 142 140 145 146 135 133 129 120 119 117 108 109 108 105 114 113 113 114 113 113 112 108 106 100 101 99 103 99 97 99 97 95 91 90 100 102 96 87 86 88 85 86 93 90 90 93 88 89 91 94 
83 81 75 86 83 76 75 77 76 67 71 63 55 48 40 35 30 26 28 30 28 30 28 35 34 45 57 74 78 65 72 77 80 88 87 98 106 109 106 111 108 110 115 113 100 93 97 95 95 94 93 85 103 113 115 120 125 128 146 149 149 141 138 142 140 137 135 128 123 123 114 111 110 106 107 107 107 110 111 106 109 105 109 106 109 108 106 104 97 100 97 99 92 90 94 100 100 93 92 93 92 93 97 93 89 97 94 93 97 91 79 57 
62 80 83 91 88 87 85 80 83 83 78 62 57 43 36 27 27 31 34 37 27 35 33 33 41 51 61 60 63 68 58 63 73 75 77 92 103 109 111 108 108 108 104 109 105 101 95 96 103 100 98 97 107 114 116 124 128 137 143 145 142 142 135 134 130 122 123 117 110 111 111 106 104 103 104 105 108 110 109 110 105 100 97 102 101 96 96 99 99 99 95 94 96 97 94 92 93 91 94 98 97 97 95 96 91 85 87 82 70 54 32 12 
52 59 59 83 81 71 69 72 76 74 71 53 41 31 37 38 40 33 34 35 24 24 28 37 40 43 45 51 50 49 57 58 60 61 74 84 101 107 110 107 109 106 102 99 102 99 94 93 97 103 105 107 110 113 113 121 126 138 140 141 139 133 129 125 123 116 110 113 112 107 106 108 104 101 99 106 102 105 107 107 104 102 101 100 99 100 99 99 103 98 96 87 94 94 86 76 78 79 75 73 52 33 25 24 34 35 28 22 14 3 19 73 
72 72 51 28 68 72 53 51 43 48 41 37 34 30 21 32 39 40 43 37 38 33 28 30 39 42 45 45 49 52 47 49 44 49 52 63 73 101 99 104 112 110 108 107 101 101 105 105 110 108 105 110 117 116 118 121 126 133 139 130 125 125 119 120 116 121 115 108 103 106 102 97 100 103 107 103 108 99 104 101 99 96 101 98 96 96 98 98 99 104 96 101 86 83 112 132 111 95 77 51 47 28 14 4 1 1 4 19 39 66 124 142 
91 86 87 52 25 55 68 53 42 35 34 32 29 29 37 31 29 29 38 36 34 33 39 31 32 40 48 48 47 43 46 40 37 42 46 46 57 80 102 103 103 107 105 109 106 107 104 107 106 106 108 111 114 114 123 124 123 128 126 128 124 122 120 113 116 112 110 106 105 105 107 106 102 98 98 102 102 103 98 102 106 101 97 99 98 98 98 101 97 83 62 93 120 92 91 134 160 141 119 103 84 77 70 51 44 50 64 95 121 142 149 159 
88 97 98 92 56 43 65 79 71 56 53 51 44 47 42 43 43 42 42 44 39 37 35 54 56 59 55 51 50 46 40 31 35 35 30 43 47 60 89 103 103 103 104 102 106 104 108 105 105 105 111 114 114 118 122 127 129 126 124 121 120 121 120 118 106 96 99 103 107 102 100 98 103 103 103 101 102 98 102 94 97 94 94 95 96 99 105 93 66 49 40 59 138 122 89 73 117 165 165 146 130 115 114 111 119 120 129 135 143 156 164 170 
59 62 90 106 92 68 50 68 85 83 76 66 63 55 50 43 40 42 36 35 46 46 47 47 53 47 51 42 35 36 36 39 30 29 34 32 36 36 49 81 102 107 104 108 108 106 103 110 109 112 114 114 117 114 121 120 121 120 122 116 108 112 113 103 101 109 100 100 100 102 100 100 97 97 99 100 103 98 95 96 89 99 103 107 104 89 70 53 46 47 58 54 85 147 129 100 78 81 120 160 176 173 163 154 152 151 156 163 170 163 150 124 
75 58 63 83 103 95 76 60 70 78 73 56 50 51 49 44 44 47 49 46 43 46 52 48 48 55 55 55 53 49 37 26 31 33 29 28 34 31 36 48 75 95 103 105 101 102 107 109 113 112 111 114 115 119 120 114 123 120 114 110 107 104 100 105 104 100 103 106 99 100 97 99 96 97 98 97 95 97 98 103 108 99 98 80 58 55 36 53 45 54 51 51 44 100 164 133 111 95 76 68 88 122 148 175 177 178 173 158 126 93 64 81 
94 92 66 43 52 92 85 79 73 71 72 70 60 42 36 34 45 42 44 49 51 53 48 54 65 62 57 53 47 32 32 33 35 32 26 31 29 28 26 28 35 56 76 91 105 109 113 112 106 106 109 104 104 102 101 108 100 106 107 105 105 104 101 98 96 96 98 95 99 99 102 101 100 103 107 108 112 108 104 96 82 73 56 48 46 42 57 49 52 47 50 50 46 39 89 160 152 132 121 103 81 44 36 30 36 46 41 36 44 76 108 127 
88 93 96 83 67 65 77 87 86 78 82 72 61 59 44 40 44 53 58 52 54 53 62 64 66 71 68 57 47 44 41 37 30 37 38 34 36 38 32 34 30 31 44 63 80 93 96 105 107 108 104 104 103 101 99 97 98 98 97 95 94 97 99 93 90 95 96 101 99 104 103 104 103 95 93 86 75 66 56 48 48 45 47 52 56 55 48 54 54 55 53 54 55 49 39 85 157 164 145 136 135 126 102 90 75 66 83 99 123 135 146 149 
85 87 80 99 92 79 70 73 85 87 74 75 68 72 75 66 56 47 52 60 62 62 63 68 66 63 55 52 46 42 40 39 37 31 32 29 31 26 36 29 26 28 33 33 47 52 72 79 89 96 104 103 100 98 91 95 94 94 91 94 94 90 91 91 96 97 97 89 94 78 71 69 61 64 51 50 53 44 51 52 53 55 50 54 46 51 56 60 56 50 53 48 50 48 48 42 66 144 166 165 145 140 138 125 127 134 146 155 155 154 159 158 
98 86 85 77 93 97 89 80 69 70 85 67 64 61 64 74 83 74 71 67 71 69 65 62 57 47 34 30 36 35 32 30 33 33 35 33 28 32 29 36 38 34 35 36 41 46 51 56 64 65 76 87 98 100 101 94 91 91 101 97 98 96 99 99 104 100 99 87 58 60 62 50 49 47 52 49 53 54 52 53 48 50 56 52 54 48 48 46 54 52 45 50 50 52 52 51 40 34 89 142 166 174 168 170 162 162 170 162 167 166 160 158 
101 104 97 80 72 81 87 89 98 94 85 77 69 67 53 54 59 66 65 73 77 73 64 64 59 57 54 45 43 36 37 40 38 32 34 28 33 30 32 30 29 41 35 32 40 46 51 53 67 72 76 91 105 116 121 125 117 113 109 111 110 111 104 107 111 113 94 69 65 65 62 66 58 53 53 60 57 53 52 57 56 55 49 54 53 54 56 53 54 51 55 53 52 52 54 53 49 46 33 51 83 115 138 151 162 161 156 154 148 153 152 149 
100 97 99 99 85 85 79 73 75 89 87 75 80 78 70 67 57 52 55 58 47 56 58 55 56 57 55 54 45 41 35 32 34 41 37 37 36 31 35 32 36 29 43 50 59 69 81 90 84 79 75 78 84 90 90 96 114 108 105 109 113 110 109 108 111 97 85 72 69 66 62 60 62 59 56 56 57 54 55 50 51 50 50 46 52 49 47 54 50 54 52 51 51 52 48 51 56 58 51 44 41 29 30 48 59 91 132 132 134 127 128 129 
105 98 100 100 98 93 95 90 77 60 67 56 46 55 62 63 63 57 48 48 57 48 57 58 55 57 61 48 44 38 35 32 24 31 30 34 33 36 33 46 43 45 47 58 81 101 117 112 74 57 60 66 68 56 46 56 83 104 114 120 119 119 113 106 99 93 75 70 67 65 65 58 61 57 53 50 51 57 56 57 55 54 58 55 56 55 57 51 52 53 52 52 50 49 52 53 46 45 51 48 48 53 48 44 40 53 124 137 132 128 123 116 
97 105 102 102 105 103 101 91 91 90 72 65 52 34 37 52 47 45 47 52 63 72 60 55 56 52 40 46 46 45 46 36 39 45 47 58 64 70 70 91 97 92 88 81 97 109 112 104 93 81 72 77 76 79 95 97 108 117 123 123 129 117 111 105 86 70 64 68 67 64 67 63 58 57 59 64 55 52 48 52 54 53 53 46 52 53 53 50 51 48 54 51 51 50 49 50 51 56 50 53 51 49 52 52 50 59 116 136 135 134 135 132 
103 99 96 100 104 101 98 106 104 94 102 90 79 77 68 49 51 55 61 58 59 53 51 53 56 48 43 39 37 49 54 74 87 98 103 95 98 98 102 99 104 102 93 92 89 76 91 106 100 96 93 93 96 105 117 111 105 106 112 117 114 115 99 81 69 72 75 78 70 68 64 63 57 52 56 50 55 56 56 56 51 55 50 54 48 48 49 54 54 54 47 52 50 50 55 49 53 49 53 50 51 50 54 46 48 44 71 134 138 137 130 129 
104 102 101 100 100 98 100 100 103 103 97 104 107 101 96 77 60 47 45 53 40 49 47 41 50 50 56 59 62 79 97 98 98 97 95 98 98 99 97 94 96 96 101 97 99 96 71 81 92 98 107 105 107 108 100 110 105 107 113 99 97 83 79 74 73 74 71 66 71 64 63 63 62 59 54 59 56 55 53 54 53 53 53 50 55 52 49 49 50 53 51 51 53 49 49 53 54 53 49 54 48 46 50 53 53 54 84 118 136 135 138 137 
100 102 99 100 99 106 99 102 100 101 103 98 102 100 103 112 106 97 87 71 82 82 80 90 79 88 92 97 103 97 95 97 94 99 95 101 95 98 97 99 96 96 87 97 92 88 97 85 84 87 89 103 102 101 111 92 100 92 81 86 77 76 78 83 77 74 70 71 68 64 61 62 60 58 58 57 55 53 54 51 52 56 52 53 54 53 54 58 53 52 47 52 52 51 53 53 50 51 57 49 54 53 54 46 48 56 99 125 137 144 137 137 
102 100 104 100 101 95 101 99 103 104 100 98 97 103 101 104 102 107 108 108 103 109 106 99 104 98 100 98 101 98 98 92 97 93 94 96 96 94 98 97 101 97 99 95 98 98 94 98 100 97 96 91 94 93 90 93 89 85 90 86 82 84 83 75 79 77 75 71 73 69 64 65 60 62 57 55 59 57 55 54 54 52 51 52 55 54 59 48 52 51 51 51 48 50 53 51 53 54 51 51 50 53 47 51 49 48 77 117 121 140 143 138 
