10 23 22 23 22 23 23 20 28 23 24 25 25 27 24 25 24 29 27 27 34 53 56 40 27 44 70 100 139 152 121 115 111 97 90 92 87 104 108 110 96 70 46 33 33 30 22 24 25 29 30 31 24 35 43 81 125 112 101 90 96 110 119 136 140 118 76 31 4 16 22 25 27 27 25 28 26 25 27 27 23 23 26 23 25 23 25 24 22 25 23 22 22 27 28 21 76 127 116 120 116 119 123 132 149 186 192 178 179 187 188 190 
28 24 28 26 27 27 25 27 25 26 25 29 29 29 29 31 33 29 29 33 29 32 30 33 33 30 33 33 31 30 29 39 43 36 40 56 50 40 32 51 49 61 60 99 129 147 124 119 115 119 120 127 139 153 163 165 172 159 150 133 123 125 159 180 162 128 85 64 80 123 143 148 137 148 69 26 28 33 31 31 30 32 29 31 28 30 29 29 32 32 30 33 32 29 29 112 144 132 145 145 153 156 164 172 181 185 187 188 186 188 190 194 
25 27 26 26 29 27 29 27 29 27 29 31 27 29 28 26 29 32 29 29 32 28 29 36 37 33 30 23 30 27 28 21 28 36 22 12 15 26 46 42 57 77 88 91 105 123 135 140 155 166 183 187 174 162 155 150 137 122 108 94 74 80 104 116 127 143 144 142 141 145 140 140 141 136 104 33 33 27 30 31 32 29 32 29 30 30 34 32 28 31 33 28 31 32 31 114 147 135 136 144 144 150 155 159 168 175 183 183 182 180 185 186 
27 27 27 29 26 27 26 28 28 31 27 28 26 30 29 29 29 26 27 23 25 34 30 18 6 19 26 39 43 43 45 53 51 72 83 82 97 104 89 80 81 60 75 90 97 136 152 146 144 153 152 158 145 148 145 134 127 133 141 155 164 144 103 88 97 131 154 154 154 155 147 127 108 97 62 24 23 32 37 36 34 37 33 31 32 34 31 32 33 32 32 32 31 33 31 102 147 141 132 143 152 153 157 160 165 166 169 177 179 171 173 178 
28 23 28 28 29 29 29 29 27 26 30 28 31 28 30 29 27 33 38 48 43 33 35 66 93 98 104 104 116 114 110 110 107 96 93 103 96 100 95 78 81 75 98 117 130 141 145 145 145 134 125 128 126 130 138 137 133 133 134 131 120 126 138 129 122 119 118 123 127 120 109 114 117 110 82 75 61 57 27 18 6 10 18 21 28 31 33 32 32 31 33 32 32 32 32 94 144 146 140 132 145 157 154 147 153 171 178 180 180 177 161 160 
27 27 28 27 24 29 29 28 27 29 29 24 24 30 30 29 39 38 40 34 38 61 83 94 112 107 105 110 111 117 120 105 83 87 114 114 103 92 87 83 77 108 141 148 156 159 151 131 119 121 130 130 133 136 127 130 128 134 134 134 136 138 136 137 136 138 132 124 121 116 125 126 127 129 134 127 141 142 148 142 136 123 106 71 36 14 18 20 25 34 33 34 34 30 26 80 131 135 147 139 140 155 162 155 138 112 108 109 143 147 142 142 
27 30 27 26 29 29 27 28 29 29 28 34 31 30 30 33 33 35 51 66 88 93 112 116 112 108 108 106 108 108 113 103 105 122 111 72 23 40 44 34 98 132 131 132 127 117 116 121 140 150 150 156 147 148 148 149 153 153 140 142 140 134 131 131 142 144 142 142 142 138 131 129 130 139 128 118 122 118 121 122 133 127 121 137 154 150 118 74 37 12 16 27 31 35 33 77 132 133 138 137 132 130 147 169 183 187 181 176 185 200 199 190 
26 24 25 28 26 28 28 28 28 28 32 29 29 25 33 34 33 66 93 96 95 110 114 108 111 111 103 101 107 99 99 108 110 64 20 24 77 105 97 141 150 143 142 138 141 143 144 139 147 150 155 141 146 142 147 149 144 153 147 135 146 146 144 141 136 143 148 146 151 150 141 137 131 124 138 140 137 134 133 126 121 126 131 129 124 123 133 151 156 156 117 66 25 9 20 72 122 119 105 134 175 198 204 203 202 203 207 209 207 202 202 205 
28 29 27 27 29 29 29 30 25 26 24 26 28 31 27 33 79 99 102 108 116 109 104 107 120 107 105 107 112 115 109 101 75 93 137 154 112 62 49 82 113 128 138 140 135 133 134 144 155 157 143 153 150 143 140 139 136 134 134 140 141 134 133 132 136 133 140 142 137 137 138 131 131 132 129 130 129 130 133 132 130 124 125 121 129 131 129 128 123 127 149 154 149 121 67 66 97 136 185 201 201 199 198 200 200 203 201 199 198 196 197 196 
27 27 27 28 26 26 28 29 29 30 28 27 26 28 51 83 101 101 101 110 99 102 110 106 103 109 113 119 117 112 113 114 59 44 84 128 197 204 191 162 109 92 73 62 59 57 57 56 65 101 134 156 147 147 145 141 139 142 131 134 136 131 136 131 135 136 125 122 121 123 123 128 128 125 125 124 119 119 128 128 126 131 128 128 123 116 118 119 122 122 123 127 131 130 144 146 199 216 199 198 199 201 202 201 202 202 201 198 197 194 193 194 
26 26 27 28 29 27 31 29 29 28 28 31 27 43 75 95 99 105 110 106 109 109 112 102 105 111 112 112 120 115 129 127 92 100 117 78 29 12 37 76 103 116 126 129 132 138 132 120 98 65 55 88 152 148 147 148 139 133 139 141 142 147 147 147 148 139 138 136 129 130 132 129 139 129 129 131 138 133 131 128 128 126 126 130 131 132 137 132 130 128 124 123 120 124 132 130 120 153 215 207 204 202 203 202 202 202 199 198 192 193 194 195 
29 26 25 27 26 28 27 27 29 29 27 24 42 78 100 92 90 95 91 97 104 107 104 106 115 118 132 137 132 128 127 83 36 38 30 50 87 125 125 106 79 101 123 139 146 149 139 142 148 144 132 93 86 156 156 148 143 141 143 143 148 147 145 143 140 144 146 137 136 135 130 129 124 135 141 143 141 137 139 141 139 139 135 133 130 136 130 133 125 128 129 126 121 118 112 123 124 119 132 204 208 202 203 203 202 201 199 196 193 193 194 196 
25 28 29 28 29 29 29 28 30 28 29 34 60 87 89 87 86 88 90 101 104 111 118 123 131 130 107 106 120 125 126 79 57 52 108 129 122 102 88 56 49 82 132 142 137 133 134 139 148 148 147 139 107 98 155 149 144 143 150 149 147 153 156 152 153 150 144 148 136 135 137 136 140 131 126 137 139 138 139 133 133 134 138 135 131 128 132 126 127 131 129 125 120 121 121 116 117 117 111 116 184 210 202 203 201 201 198 195 192 190 192 194 
28 25 27 28 27 25 27 27 26 27 31 52 80 88 98 89 90 94 103 105 113 122 122 122 123 125 124 130 131 136 129 103 86 122 110 87 100 79 72 81 53 59 132 149 142 151 158 156 145 146 151 154 142 103 120 151 146 147 150 150 151 144 148 147 150 145 146 140 142 145 144 149 147 142 145 141 135 145 143 134 138 136 133 132 136 136 129 125 121 114 115 117 120 115 113 117 115 118 118 115 112 181 214 202 202 201 198 196 191 190 191 193 
25 26 26 29 29 29 29 29 29 30 49 88 84 78 92 85 92 103 109 114 121 127 119 120 128 117 131 138 147 143 113 85 127 98 91 61 45 81 98 125 137 159 145 159 163 160 152 142 143 151 152 157 152 137 105 152 165 166 160 151 148 151 150 150 144 140 139 137 142 142 145 144 141 145 152 153 143 139 134 143 140 138 143 139 128 124 129 131 129 129 123 115 115 122 115 115 112 104 109 112 112 112 174 213 201 199 197 194 193 189 188 192 
27 30 28 26 26 27 27 31 31 43 82 71 72 79 94 98 110 116 114 112 115 118 119 125 119 123 134 129 145 134 89 101 112 91 94 108 112 113 118 121 134 135 137 164 154 144 133 138 145 141 142 143 147 142 117 125 158 155 151 149 146 141 140 137 140 141 137 134 136 138 142 141 141 140 145 146 148 143 151 148 149 150 152 139 137 138 137 133 116 112 116 120 118 120 122 122 118 117 115 112 106 109 107 145 210 201 198 194 191 189 189 188 
26 28 30 26 27 27 27 30 29 61 68 64 71 92 97 106 111 113 107 115 117 122 123 120 123 139 147 146 136 115 81 111 133 128 120 117 119 124 112 110 133 149 139 146 139 133 137 145 140 137 143 152 154 153 134 101 160 162 157 158 153 144 136 138 138 138 136 132 135 141 146 137 141 148 140 149 138 146 142 140 140 142 128 133 136 128 127 124 120 118 116 116 112 98 105 105 107 99 106 107 98 98 114 109 130 203 199 195 193 191 189 188 
26 25 25 29 27 27 30 32 49 72 67 55 73 91 104 105 111 125 126 116 113 122 135 139 145 145 146 141 123 105 81 114 130 123 126 139 138 115 108 128 155 164 149 141 137 122 124 133 137 135 143 140 138 142 132 107 122 152 149 151 161 156 151 148 147 142 137 139 144 143 146 141 132 133 141 137 138 144 140 135 132 130 140 136 137 133 130 124 120 117 107 98 95 94 95 93 85 87 89 98 111 102 106 108 112 135 199 197 192 189 187 187 
28 27 29 28 29 30 32 32 71 73 69 73 87 102 108 117 122 122 123 125 132 132 134 138 133 145 144 138 149 124 89 117 129 129 125 115 92 85 102 128 149 160 155 139 145 134 117 114 115 117 129 139 151 153 150 122 109 151 154 162 164 164 160 151 136 134 136 141 143 138 136 138 128 119 124 129 124 126 127 133 134 135 136 143 136 130 119 112 104 88 78 78 80 92 97 93 99 113 111 106 110 114 104 106 109 110 146 197 195 192 189 185 
29 27 26 26 27 27 30 59 87 70 62 81 100 107 110 117 118 121 123 120 133 142 149 137 140 143 135 136 144 113 93 117 131 142 133 113 96 98 106 128 138 151 150 134 141 147 150 142 124 132 132 137 135 143 154 139 114 142 161 163 167 167 152 153 147 135 138 137 134 128 124 122 117 122 123 128 128 127 134 138 134 137 132 127 122 115 103 94 80 70 71 83 102 113 111 121 122 122 118 110 105 114 110 98 106 107 103 162 192 188 186 185 
26 28 29 28 27 43 51 79 82 54 63 94 104 97 107 111 115 124 133 140 149 151 137 141 146 135 137 132 120 97 91 127 136 118 102 92 92 114 110 141 164 155 134 127 137 143 145 141 130 127 131 136 137 132 128 135 122 120 146 151 170 170 154 147 134 135 130 131 126 125 124 118 119 121 122 121 118 125 132 136 144 141 123 114 110 97 85 77 66 70 85 108 129 139 141 136 124 125 119 121 122 118 114 101 102 107 107 110 181 191 187 184 
29 26 28 28 35 39 59 84 64 69 99 106 106 115 117 117 125 125 122 122 141 144 149 150 147 139 127 129 129 112 92 102 99 95 86 69 68 89 106 136 153 144 129 125 132 137 138 147 135 133 134 121 131 130 127 130 130 110 145 157 158 151 151 139 122 118 121 114 117 108 103 100 114 121 118 123 123 134 135 137 133 112 110 104 92 84 75 63 68 88 114 135 141 139 131 126 121 125 125 127 123 122 125 125 99 98 100 97 130 189 187 182 
24 26 25 37 39 50 82 77 66 92 91 105 106 111 117 128 130 134 140 144 150 156 153 149 145 138 133 135 123 102 87 110 110 88 77 77 97 113 103 131 124 121 119 118 112 116 124 130 128 118 114 128 135 134 137 132 130 106 141 148 147 144 132 116 113 118 124 119 105 103 108 114 112 114 122 131 135 138 127 123 116 108 90 85 74 69 62 67 87 120 141 148 147 140 135 126 129 133 129 127 122 122 123 124 126 107 98 99 90 133 187 185 
29 32 36 36 51 69 83 70 84 101 111 112 116 124 123 131 125 123 130 132 149 158 155 143 137 139 130 120 103 86 80 96 83 75 87 101 94 108 110 126 107 121 126 101 101 121 127 128 135 131 123 131 132 133 134 132 134 110 126 133 139 132 121 114 114 112 106 96 91 94 100 103 119 131 136 133 121 116 119 115 105 84 77 64 58 54 69 89 121 142 144 145 142 132 125 129 136 129 126 122 130 124 118 108 116 124 110 98 99 91 155 184 
27 28 28 37 70 92 70 86 106 101 100 118 125 128 123 113 117 122 122 140 152 137 129 131 135 136 125 115 103 88 80 93 79 82 93 94 108 116 109 99 52 120 165 137 120 122 125 133 124 115 113 126 131 136 134 130 126 111 128 130 128 120 115 96 93 94 89 88 89 95 112 129 133 128 124 124 126 120 120 106 88 71 61 49 55 91 121 139 145 141 142 139 136 132 133 139 143 137 134 135 131 118 112 111 106 115 122 103 92 91 97 172 
30 26 27 38 76 71 76 83 85 87 105 116 127 122 123 113 125 140 151 148 137 127 138 137 141 131 116 107 101 86 74 91 78 72 93 93 86 86 93 60 127 115 144 118 123 125 123 129 122 112 100 126 128 132 135 139 138 115 122 121 115 114 97 81 82 82 81 80 83 99 118 126 129 133 126 132 122 109 103 93 70 56 42 68 118 142 145 132 139 138 133 122 124 124 129 131 128 118 126 131 123 117 120 109 102 101 101 112 103 86 86 125 
25 29 30 57 84 75 80 85 98 113 119 113 118 132 121 126 132 137 128 132 142 145 144 139 137 128 113 112 111 101 79 90 77 52 49 55 56 95 89 98 135 105 118 112 115 123 124 122 115 106 103 120 136 139 132 133 132 105 118 119 110 101 72 63 69 77 77 83 97 115 126 128 127 134 137 128 119 106 86 77 61 36 84 137 149 147 144 137 132 127 125 117 114 108 110 114 111 123 126 127 118 107 109 109 104 95 89 99 113 113 95 90 
24 23 47 73 63 77 98 108 111 121 130 127 129 125 132 132 127 131 131 144 139 136 137 141 138 132 126 117 99 93 94 94 78 55 174 173 68 96 76 49 49 38 81 96 100 118 121 114 105 87 114 131 133 129 129 132 133 102 118 116 105 85 63 54 59 61 82 96 113 123 131 146 150 154 140 129 111 102 92 74 49 58 135 160 145 140 133 131 126 121 116 114 100 106 115 117 124 120 121 123 119 117 109 103 98 94 92 85 95 110 111 98 
32 38 65 60 62 79 90 109 115 116 115 114 118 126 132 136 129 120 132 137 138 137 134 142 150 139 124 114 106 95 95 120 99 167 222 225 174 117 77 44 38 50 71 81 101 115 109 111 104 71 109 127 129 129 127 131 127 98 110 107 86 70 51 51 50 72 91 100 123 138 147 149 150 151 134 115 112 108 89 57 31 75 138 153 144 124 130 124 122 114 110 107 104 113 123 122 113 117 123 117 113 103 103 102 90 81 79 69 73 92 107 119 
25 45 57 68 83 91 108 105 114 117 122 129 135 129 129 124 121 126 132 137 138 138 139 138 134 140 133 126 111 96 80 119 98 96 198 197 125 108 76 26 24 48 70 81 100 121 119 112 98 95 130 133 128 131 127 127 122 98 105 94 74 56 46 43 55 82 99 122 135 140 144 137 148 148 127 124 119 105 76 34 24 72 122 135 129 134 128 127 113 110 112 109 111 121 118 113 124 126 120 114 110 114 106 91 86 76 71 64 69 79 69 94 
31 56 62 64 77 94 105 106 111 123 130 128 127 126 128 123 124 127 133 134 139 148 145 133 133 140 141 133 115 98 72 98 89 62 60 81 102 96 86 49 46 57 75 84 112 124 111 98 86 104 127 131 132 125 125 129 112 99 104 89 66 48 40 44 66 96 117 135 146 150 139 131 135 137 119 133 123 100 52 24 18 57 117 132 140 142 132 119 109 107 103 104 114 115 113 125 130 128 120 117 115 114 113 100 87 77 60 56 67 79 80 75 
54 62 56 77 92 103 118 120 120 121 126 121 126 126 129 129 126 125 126 124 135 147 145 150 145 147 145 130 118 97 71 83 94 81 75 82 115 103 98 53 39 57 83 82 100 111 105 95 91 130 135 132 128 125 127 127 99 101 92 70 41 33 41 59 86 106 129 140 140 137 141 148 143 141 139 125 117 78 54 27 22 52 103 127 133 139 142 131 109 102 103 113 116 116 118 129 131 131 123 117 115 112 109 97 88 79 71 59 55 68 67 67 
54 51 61 72 94 97 96 110 119 128 130 126 129 128 122 114 119 117 131 129 132 137 142 140 137 133 132 135 122 102 80 65 88 78 66 83 109 98 91 81 52 83 90 72 90 110 112 101 118 125 136 138 136 130 133 118 97 100 72 57 56 52 32 29 62 94 129 140 136 141 140 138 138 141 129 126 100 66 60 27 23 39 96 113 130 137 152 135 120 104 105 110 111 104 113 118 115 117 119 122 118 109 103 94 85 74 67 55 52 65 74 53 
68 61 73 91 100 102 109 122 127 127 129 127 123 125 124 124 123 123 125 135 140 141 139 144 144 145 142 141 133 114 79 55 76 80 66 67 94 109 76 91 65 50 83 75 81 101 99 104 128 130 135 135 131 133 134 93 104 117 120 119 131 135 130 85 57 91 111 143 144 135 137 139 137 143 138 123 88 65 40 20 23 37 96 123 123 133 144 140 115 104 101 98 91 94 114 126 127 122 110 113 102 98 88 81 74 68 63 58 50 62 67 46 
58 54 73 88 100 109 117 121 126 126 125 124 115 120 134 129 122 131 135 130 128 140 147 148 148 145 142 137 135 117 90 71 65 75 72 58 76 106 77 68 89 80 85 72 75 85 99 128 137 136 132 137 141 149 124 124 108 104 104 117 140 118 99 100 99 107 123 134 137 140 139 144 136 134 129 117 86 76 39 19 21 28 81 105 122 130 143 126 107 100 94 90 90 102 115 116 115 118 110 104 93 86 87 84 74 60 63 61 59 60 71 45 
57 66 84 89 101 107 109 117 114 121 129 130 130 127 130 127 124 131 131 126 123 131 142 150 153 147 145 141 124 113 86 67 61 68 73 67 72 111 107 65 88 95 99 90 72 89 123 138 138 134 138 146 149 118 68 87 94 94 119 140 146 126 87 60 72 107 114 117 133 140 137 140 135 134 129 110 76 58 37 28 18 29 65 111 117 113 122 124 106 90 78 81 82 85 101 110 116 108 105 97 92 91 89 86 69 67 61 56 59 53 64 44 
52 69 77 88 101 110 113 109 121 125 128 131 123 125 129 132 120 113 117 129 127 123 139 149 151 146 140 143 139 115 84 66 65 62 81 72 76 94 105 84 83 119 128 111 95 120 134 133 140 145 144 153 123 64 78 91 93 100 127 145 150 125 63 28 48 95 104 105 128 133 138 137 134 135 136 119 79 63 41 36 26 35 39 100 117 122 119 119 91 72 65 70 73 75 93 108 109 106 101 101 103 98 81 67 58 54 63 57 63 65 57 47 
55 76 77 88 94 112 114 117 117 121 126 124 131 132 123 125 127 114 118 132 132 129 136 148 149 153 150 143 141 126 101 79 77 69 72 73 74 94 101 97 86 113 137 125 113 129 144 145 154 158 160 116 50 53 73 75 89 121 142 154 163 147 96 22 61 98 122 118 112 122 129 126 131 128 123 106 70 56 39 28 26 40 59 86 108 110 118 118 90 66 68 78 61 75 89 90 102 93 97 102 98 87 91 86 80 73 64 54 51 65 65 52 
74 82 80 100 103 104 112 114 118 118 117 127 119 127 135 126 125 134 130 125 125 128 135 139 149 146 142 142 136 125 112 84 76 75 53 77 77 91 109 106 106 114 120 117 128 147 148 142 166 153 90 44 52 81 72 70 101 120 130 152 159 156 140 81 79 99 110 117 114 103 104 117 126 131 130 116 81 68 51 30 23 30 59 89 106 114 107 107 73 76 82 69 61 60 69 83 96 106 106 109 101 93 90 83 74 70 66 55 53 53 62 55 
79 81 89 100 105 106 110 109 111 117 130 130 123 118 120 130 128 116 121 121 123 132 135 141 141 141 143 137 137 131 120 107 90 83 72 71 102 115 121 126 135 137 128 128 135 145 159 153 105 89 67 68 66 83 107 127 137 143 149 153 160 161 148 127 124 150 130 105 87 86 73 78 102 121 125 105 78 64 57 33 24 22 35 75 107 105 107 110 83 76 69 58 59 63 71 76 87 99 93 98 98 92 81 71 69 62 51 50 50 47 57 47 
82 90 92 100 100 98 107 113 121 130 130 122 121 128 133 133 135 127 113 118 124 128 134 137 143 140 143 147 140 129 125 117 102 79 77 63 97 131 127 134 136 137 130 116 135 140 105 90 104 89 71 71 109 124 132 138 144 147 143 139 140 145 135 132 100 91 82 83 76 59 43 37 42 84 109 112 94 67 63 38 24 19 47 81 98 102 108 107 88 71 69 64 59 61 59 78 87 103 98 102 87 82 74 69 65 60 59 55 51 54 56 54 
73 75 87 94 89 92 99 93 109 124 127 121 127 131 129 131 132 125 118 118 123 130 136 139 141 140 144 142 134 127 127 122 105 100 96 81 74 100 136 146 145 142 135 138 105 80 102 95 78 62 78 107 138 147 145 145 145 138 139 143 161 157 122 116 104 68 81 66 47 32 33 32 28 43 84 112 104 80 57 36 22 18 26 69 107 105 103 103 86 61 62 53 55 54 57 69 94 92 95 93 88 74 72 74 69 60 55 50 51 51 62 48 
74 80 94 99 96 110 107 114 128 129 121 120 132 138 129 129 118 117 127 128 128 120 128 130 142 145 146 142 143 133 121 110 109 104 97 102 74 90 78 69 77 81 65 50 81 101 67 52 63 98 117 133 134 135 141 146 145 149 148 175 183 144 125 107 96 80 43 33 30 27 28 33 35 33 53 87 99 84 56 38 23 21 26 53 101 115 104 106 91 72 63 59 51 54 54 76 87 107 91 97 94 90 79 74 71 66 52 55 47 49 56 43 
84 90 78 100 112 109 121 123 122 120 116 122 127 126 128 118 125 121 124 126 126 129 130 134 137 142 137 139 139 137 129 114 104 104 107 134 143 94 100 103 96 90 94 100 74 32 42 89 109 119 140 134 133 134 134 138 137 143 150 144 125 119 109 94 75 63 41 23 25 31 31 39 43 51 66 103 102 74 49 44 25 21 29 41 85 91 98 102 98 74 66 60 47 49 64 72 85 90 99 92 90 95 87 67 69 63 60 56 53 46 56 40 
80 89 90 97 97 106 112 120 123 127 128 127 130 124 120 133 131 128 126 134 126 129 127 132 137 141 149 141 136 125 123 118 115 115 132 145 147 155 121 101 124 107 73 77 66 59 107 117 134 139 135 134 129 131 128 129 131 132 136 134 130 113 98 73 66 56 42 38 49 56 68 71 68 79 78 99 104 86 46 37 27 17 23 30 86 87 90 100 106 90 73 51 45 57 65 81 89 109 93 102 103 96 87 83 79 69 63 61 56 52 52 43 
75 86 96 98 101 106 117 119 128 131 134 132 128 121 128 122 114 120 131 128 128 127 133 135 140 141 143 146 145 138 129 121 125 135 142 133 146 147 146 121 75 82 85 115 94 86 114 125 126 123 123 128 128 123 123 118 126 143 154 137 123 100 85 75 64 71 48 26 28 38 53 58 64 68 68 90 89 72 51 42 24 16 22 28 77 108 97 107 107 88 67 55 58 54 63 75 86 93 103 103 97 95 95 93 86 83 72 63 49 46 51 39 
83 88 97 92 110 110 113 110 115 126 121 135 133 135 140 128 128 122 123 141 137 129 123 122 129 141 138 138 132 131 126 123 129 135 141 147 139 140 139 128 92 108 76 104 70 84 115 127 129 138 138 129 136 129 122 127 140 145 151 134 117 100 89 76 67 62 45 35 48 36 35 42 41 36 49 71 83 77 57 43 39 21 32 41 76 88 95 113 112 103 84 65 56 61 69 80 98 101 101 97 100 94 95 93 97 89 72 66 53 45 53 31 
72 77 91 107 107 112 119 112 111 125 133 132 132 136 128 129 121 120 131 139 134 127 130 130 132 132 142 142 139 126 126 133 136 131 137 143 144 141 148 145 113 206 137 133 190 143 126 120 128 119 119 115 112 111 116 111 110 118 121 115 100 96 90 77 61 57 72 75 43 38 43 43 38 49 56 82 98 91 75 47 40 26 21 32 59 98 103 113 116 95 72 67 71 72 74 81 82 90 106 113 107 95 97 96 86 76 72 62 60 58 51 42 
80 89 95 99 103 100 112 122 126 126 129 129 124 129 130 126 129 129 130 131 130 126 134 129 130 137 133 135 132 128 130 128 126 128 135 143 144 142 145 143 108 49 62 134 94 100 133 126 113 106 107 107 108 109 111 108 118 122 115 104 109 102 99 76 70 79 67 67 70 55 51 40 55 58 74 93 99 102 81 46 39 33 16 22 74 87 100 106 114 101 82 65 73 75 84 87 87 90 94 98 99 103 99 94 92 87 75 71 59 62 45 42 
79 91 92 101 111 108 109 114 123 125 128 134 139 137 132 134 130 129 129 130 132 129 130 134 138 138 145 134 137 137 131 133 133 126 130 136 136 138 143 142 122 88 65 83 84 68 113 110 109 107 97 106 110 112 114 122 119 128 132 136 134 114 105 96 91 91 39 60 83 81 75 84 78 84 81 97 99 95 83 68 40 41 21 13 56 95 85 101 99 93 79 73 82 89 93 94 92 90 96 91 99 104 95 88 86 84 79 69 65 59 46 49 
71 84 92 102 110 117 119 118 116 117 122 131 131 134 116 123 135 131 127 130 133 128 132 137 140 145 145 153 154 151 137 131 123 118 118 119 127 130 134 137 128 105 78 70 78 45 35 42 77 79 82 85 82 93 102 109 116 125 131 140 149 159 121 94 90 39 17 42 78 88 95 104 109 123 119 106 107 102 103 87 58 39 34 20 27 86 105 105 107 78 75 76 83 90 97 99 104 98 111 105 102 93 100 99 88 84 81 77 72 63 45 45 
76 87 89 97 110 112 112 117 123 126 128 132 129 124 134 132 131 131 118 122 130 127 127 130 135 135 135 140 144 140 130 122 119 119 115 117 124 134 137 138 127 114 110 91 124 191 216 171 74 60 62 60 71 76 82 82 73 56 44 49 73 84 99 91 64 22 29 27 54 90 106 116 125 121 113 113 93 101 97 82 72 44 35 22 24 69 95 95 89 86 79 89 102 99 104 107 100 108 101 103 101 97 88 84 80 83 77 70 67 49 38 33 
68 80 92 95 103 110 114 122 122 120 124 125 128 135 133 126 130 131 131 126 128 132 129 122 133 131 132 141 148 133 129 127 121 113 106 103 111 116 128 126 101 91 104 82 54 65 69 61 74 75 74 74 64 65 66 67 66 70 82 106 102 110 106 88 57 43 33 27 40 91 130 131 124 128 127 113 106 93 93 91 83 64 40 20 22 66 113 102 94 90 88 88 96 99 98 108 109 102 102 112 104 93 95 89 80 82 78 77 67 50 53 47 
71 81 97 99 105 109 112 114 115 117 122 133 134 131 126 128 131 136 128 123 128 129 127 130 135 139 140 144 142 138 131 127 120 111 103 101 107 114 110 93 79 61 34 57 80 84 74 65 66 57 41 39 45 57 63 68 70 55 54 80 113 98 97 81 60 55 52 25 28 71 111 124 134 127 125 117 120 108 97 91 93 76 52 47 25 57 114 108 115 99 89 91 104 107 103 108 110 108 101 89 92 98 95 94 86 76 74 69 59 48 34 36 
62 79 91 92 102 107 111 115 117 117 118 122 136 133 136 136 132 133 128 132 134 136 132 130 129 132 138 148 153 145 134 119 114 108 96 86 86 85 82 83 61 65 98 95 97 98 98 113 131 132 131 139 130 103 61 34 58 79 51 26 49 106 106 85 79 78 34 25 49 92 113 125 127 132 131 134 116 111 93 82 81 80 71 52 42 22 70 115 101 102 108 114 109 107 111 113 115 111 110 98 92 90 87 79 71 78 76 71 63 55 50 46 
54 80 83 99 95 102 102 108 113 117 123 124 124 123 127 131 127 133 132 134 132 127 123 126 117 125 134 142 137 129 128 123 116 105 98 87 77 72 83 69 79 105 95 90 96 95 92 93 113 119 119 119 114 124 139 133 92 67 88 86 61 42 58 67 48 36 62 93 104 98 106 113 122 125 118 130 124 103 94 89 79 78 76 63 52 40 29 70 72 73 79 81 95 103 111 110 103 111 105 94 95 83 83 85 71 72 83 70 47 41 53 61 
47 64 91 94 100 110 111 114 117 123 124 116 122 129 131 137 134 128 125 124 130 133 134 133 128 129 130 137 133 129 124 121 114 105 93 90 77 75 77 74 104 100 77 87 114 123 107 92 94 117 123 122 119 122 123 117 120 126 75 42 78 61 33 22 26 29 47 78 96 95 91 86 104 117 119 118 130 116 106 94 81 74 72 62 60 51 50 51 55 57 68 74 75 80 89 95 106 110 108 103 92 92 85 81 80 78 53 36 42 47 54 60 
46 70 83 87 102 108 110 113 116 119 122 123 127 133 130 131 132 131 128 128 128 131 132 136 133 129 131 135 131 132 128 126 120 110 95 83 74 73 96 94 116 112 93 100 126 133 121 81 81 87 107 123 122 116 118 117 114 116 126 104 30 81 71 54 39 34 33 42 67 94 96 86 92 108 113 115 115 111 113 106 95 87 79 80 70 72 69 63 60 66 83 83 85 82 87 87 89 102 103 100 91 82 71 67 68 48 28 33 38 43 52 54 
40 55 70 91 98 104 102 107 120 123 124 128 125 132 131 120 129 129 128 130 129 127 129 130 142 139 137 135 133 128 128 128 122 114 94 69 67 69 138 107 120 111 83 91 109 105 102 77 87 95 95 111 124 123 111 120 128 120 114 120 112 38 81 66 51 44 39 43 50 69 90 100 97 93 103 108 114 108 97 100 101 101 95 94 85 80 79 74 77 82 86 86 79 88 82 86 89 91 87 84 86 78 69 60 57 38 30 37 43 50 58 62 
38 47 71 84 99 105 103 113 118 115 118 122 127 129 124 134 135 126 130 129 128 129 134 134 135 137 133 134 135 133 134 127 126 113 90 75 66 64 124 104 119 110 83 91 90 105 102 69 80 93 92 94 109 125 129 123 111 103 103 106 113 106 48 72 57 50 45 42 56 70 80 86 85 91 89 96 102 97 99 97 92 92 85 82 90 93 85 86 84 95 93 91 87 81 80 80 80 86 90 91 82 71 71 63 53 43 39 39 45 56 66 67 
30 44 64 87 100 108 107 115 115 119 111 118 125 128 124 118 126 137 135 130 128 133 119 112 121 133 131 126 128 128 130 128 127 117 91 78 65 65 123 99 119 103 85 90 82 116 117 106 97 106 105 96 83 114 119 113 113 112 109 108 99 117 84 68 70 61 49 41 52 73 78 80 78 81 92 89 93 99 102 98 95 92 98 95 100 101 95 92 94 99 97 92 93 90 85 88 85 81 78 80 91 91 76 63 56 50 45 51 58 66 69 61 
40 40 56 75 96 99 106 107 114 118 117 121 127 128 131 132 125 129 139 136 132 132 121 120 129 126 131 129 131 132 134 134 127 108 94 69 58 61 120 103 119 101 92 85 72 103 108 104 101 100 105 100 83 87 117 110 113 119 118 112 111 105 114 58 80 67 59 51 50 65 82 76 77 79 77 76 76 81 94 98 100 100 105 103 110 110 109 104 102 99 98 97 94 89 91 84 82 77 82 87 93 85 81 71 62 51 49 56 59 62 69 79 
29 37 54 75 84 98 103 105 110 112 119 125 114 127 126 121 126 135 130 131 128 130 134 128 125 131 133 133 132 132 138 142 129 100 85 59 52 63 120 101 122 107 115 96 70 84 109 105 96 95 104 103 93 75 95 120 113 115 114 113 115 113 107 93 66 84 74 51 43 58 70 82 79 76 81 76 77 72 66 69 79 91 99 104 108 112 116 109 103 104 99 101 98 92 91 90 85 87 85 74 74 84 89 74 66 62 51 62 69 58 71 75 
25 29 42 51 80 83 99 105 108 114 116 117 117 118 121 129 128 124 118 118 124 123 129 124 120 131 132 131 124 126 129 122 114 93 88 59 52 58 110 103 133 125 116 66 34 67 92 84 78 85 103 106 103 85 82 113 115 110 114 109 105 117 108 116 62 81 78 69 60 56 65 80 86 82 77 73 71 70 71 74 69 73 87 100 107 106 106 104 102 97 102 96 90 82 84 91 91 85 86 78 82 83 81 82 73 67 65 66 67 54 58 76 
34 32 28 38 65 80 91 97 99 109 107 102 103 115 119 125 133 129 124 124 123 127 125 131 130 129 135 133 133 126 122 117 104 87 76 49 47 62 104 103 146 119 106 154 93 28 63 71 71 86 104 114 109 97 75 98 116 115 112 110 108 114 113 116 78 81 90 82 72 67 67 78 89 88 86 81 75 70 62 73 86 91 95 97 102 103 105 93 95 102 96 99 99 99 95 93 90 93 95 96 89 89 84 85 81 80 73 77 60 64 77 87 
26 30 32 30 38 67 70 88 96 102 114 115 119 129 133 131 130 130 129 127 127 123 125 123 123 128 131 127 129 131 132 120 90 78 61 55 50 61 98 121 185 134 195 224 205 76 52 62 56 79 97 108 105 98 88 93 115 111 111 111 112 117 112 116 106 76 99 89 81 72 69 73 79 86 87 84 85 80 82 89 84 89 95 92 87 95 102 106 103 103 96 90 97 96 93 91 92 96 88 96 96 99 93 89 85 78 90 88 78 83 81 100 
26 25 27 31 38 54 72 90 94 97 107 115 122 120 120 127 130 128 123 127 129 128 129 129 128 129 131 134 134 129 127 120 108 84 78 68 56 63 75 107 154 124 151 213 156 51 43 62 55 72 93 101 106 108 93 85 107 111 116 116 107 112 114 116 119 74 105 103 93 89 81 78 80 91 93 95 99 95 81 80 88 93 105 102 101 105 102 99 93 94 88 91 89 88 93 93 89 85 96 96 91 99 94 92 97 103 93 89 87 87 97 135 
25 26 26 27 26 33 60 84 96 90 102 102 110 122 124 116 115 120 124 123 130 123 115 120 126 125 136 132 128 124 118 124 109 91 69 64 68 60 72 87 109 112 99 102 58 37 53 67 58 71 90 100 107 104 99 98 108 112 111 117 117 118 112 112 121 90 110 107 109 94 89 87 85 87 93 91 88 96 99 103 99 100 101 106 107 100 110 105 98 94 88 93 96 98 92 92 96 97 96 97 97 97 100 102 101 96 95 100 95 112 145 143 
24 27 26 26 26 23 37 72 84 95 99 109 106 115 122 123 125 125 126 128 128 127 109 121 119 126 127 126 124 125 121 110 98 83 81 75 63 67 70 85 80 106 104 116 115 63 42 70 70 76 98 105 103 106 105 94 105 114 108 109 114 124 118 120 123 92 107 105 96 97 93 92 89 85 89 95 91 92 97 98 84 102 103 98 102 100 96 97 96 96 92 97 95 96 95 96 92 99 101 99 100 100 96 99 99 101 94 90 121 153 153 155 
24 24 24 27 28 28 25 39 75 83 95 105 113 116 122 122 117 126 129 121 120 121 122 126 131 130 128 130 132 128 126 117 95 83 70 72 65 69 67 79 89 80 111 100 115 112 61 105 97 84 90 98 101 108 110 103 105 113 115 111 114 113 115 118 120 100 109 113 104 99 94 92 97 94 90 86 94 101 101 107 102 99 103 105 102 100 100 92 97 97 98 93 91 95 101 102 106 102 98 98 96 99 100 100 104 95 100 143 165 164 164 165 
23 25 25 23 26 28 27 27 47 79 97 101 110 114 121 118 112 117 126 125 118 121 115 123 126 120 119 129 127 128 123 111 99 82 81 70 59 58 67 77 69 98 89 114 95 84 79 78 90 92 93 98 102 105 100 102 105 105 108 112 104 112 110 107 110 98 102 108 105 95 97 95 94 95 96 95 91 94 95 97 102 101 98 95 96 96 96 96 95 93 91 98 107 105 97 91 91 98 98 91 92 102 98 89 85 118 164 173 168 165 168 173 
27 26 28 28 30 27 33 41 42 57 79 99 99 97 104 113 119 120 124 122 120 124 125 120 125 132 127 128 131 117 124 121 99 88 96 83 70 76 73 76 66 66 102 109 101 99 101 90 89 93 82 88 104 103 107 106 107 115 118 116 109 102 98 96 110 95 95 93 97 98 102 99 100 94 103 97 96 95 89 87 94 97 95 86 92 99 96 95 97 99 99 97 93 90 95 95 93 84 99 99 103 95 88 117 158 174 170 166 165 168 169 169 
26 26 23 26 28 28 29 25 34 56 75 84 94 85 83 94 103 115 123 123 118 114 118 120 121 121 121 118 124 127 124 125 106 92 88 89 82 80 67 76 84 72 63 82 110 123 112 108 75 70 78 91 106 103 97 105 110 115 114 116 113 105 106 102 111 93 97 95 93 91 89 93 97 102 98 95 97 91 93 94 95 99 93 90 96 96 94 99 102 101 100 96 93 96 93 92 88 96 93 96 82 99 146 170 168 163 161 160 166 166 164 165 
26 26 27 27 27 29 28 27 36 41 41 62 77 89 88 98 111 115 111 119 123 122 123 132 128 123 128 122 125 123 123 124 121 102 91 86 85 80 70 71 94 93 83 70 71 91 111 111 101 84 92 93 107 105 101 106 109 111 119 114 112 103 100 99 114 87 95 96 96 95 94 88 92 100 106 102 104 96 89 88 85 83 90 94 86 89 100 100 95 94 95 95 96 93 90 93 98 100 102 108 133 165 168 161 154 157 162 165 164 163 163 165 
22 23 23 25 25 30 34 31 34 35 45 49 66 82 99 105 94 108 118 120 116 112 114 130 136 132 133 131 127 129 125 127 130 118 102 99 96 90 76 66 95 97 93 102 96 95 96 103 106 97 91 103 117 113 108 103 118 116 116 116 113 109 108 101 112 86 99 96 89 96 93 97 101 102 103 104 93 87 88 92 94 98 98 95 96 99 90 93 97 88 92 90 90 83 93 94 91 93 110 135 160 163 160 158 168 169 166 166 166 162 160 164 
24 24 25 26 27 28 30 36 36 34 45 42 42 71 80 85 91 93 103 116 116 110 113 121 121 122 129 134 136 133 127 123 124 122 109 109 101 90 85 71 88 104 109 110 112 118 124 119 105 88 95 117 132 123 122 117 112 120 125 124 116 110 101 105 108 98 104 100 98 95 92 96 96 101 95 96 97 87 89 88 91 93 89 88 94 92 94 84 92 101 94 100 104 109 109 108 120 128 125 115 114 121 128 129 121 133 175 179 170 171 168 170 
25 25 26 26 26 25 26 31 39 35 37 41 50 52 69 88 91 97 100 102 117 119 116 119 117 113 123 125 132 133 130 122 120 122 118 104 113 109 96 68 79 101 105 114 113 118 123 133 135 108 95 115 141 137 124 120 121 122 115 111 105 100 103 111 102 90 93 98 98 95 100 100 101 100 97 91 88 97 92 93 95 88 88 87 86 92 95 100 96 106 117 106 71 52 88 108 118 124 123 127 131 127 118 121 117 89 56 78 86 121 153 166 
22 23 23 25 26 27 25 25 31 38 36 51 59 49 49 61 87 94 98 107 111 111 112 104 115 120 119 125 126 126 126 120 123 121 122 107 105 107 97 74 70 77 70 82 88 100 103 98 112 126 124 102 105 120 128 122 118 116 112 109 96 99 107 126 104 103 99 96 97 97 99 99 103 96 96 94 86 85 89 90 82 83 81 89 95 97 104 103 94 75 36 16 16 24 81 100 111 116 125 130 132 131 126 116 120 128 116 83 61 70 101 162 
25 23 25 24 26 24 26 24 25 32 34 37 42 50 53 49 54 86 93 87 92 99 98 110 123 121 116 119 121 127 132 133 128 125 125 123 118 127 126 105 67 98 113 114 114 101 86 78 60 59 54 51 69 113 130 129 119 107 104 99 111 98 128 107 90 97 97 101 104 101 104 109 109 99 85 78 76 71 90 84 81 77 90 105 111 94 62 29 12 15 19 25 25 32 79 94 104 111 119 126 125 123 115 112 116 119 118 113 106 106 97 101 
23 23 24 24 25 24 24 26 25 31 37 36 36 43 51 52 42 43 76 88 79 93 91 95 98 109 108 112 121 119 117 117 120 122 127 125 119 117 116 106 67 72 48 30 26 26 18 19 24 56 54 49 27 37 91 84 81 89 109 106 58 110 129 88 100 103 101 98 95 99 99 97 100 101 99 98 91 96 89 93 95 102 97 63 38 15 17 23 26 25 26 24 26 34 84 95 108 111 121 128 123 114 112 112 106 111 117 118 114 111 122 126 
23 25 23 24 23 26 26 25 25 24 38 41 32 38 42 52 47 42 46 75 95 97 106 110 111 109 117 116 121 124 120 106 109 120 124 123 127 116 113 121 93 58 83 60 54 57 48 51 89 74 63 33 19 35 92 93 91 70 30 43 118 122 74 92 105 93 94 95 104 106 106 105 100 103 102 91 95 96 102 96 83 60 48 44 20 22 25 27 27 27 27 28 26 35 87 99 104 111 121 124 120 111 114 115 116 112 120 127 120 118 116 134 
25 24 24 23 23 24 22 26 26 27 28 41 37 33 43 46 48 40 45 52 67 87 94 101 110 110 104 107 108 115 119 117 117 121 119 125 117 114 125 124 117 75 81 69 48 68 117 103 100 96 75 75 115 117 76 19 19 51 116 141 98 67 80 95 92 93 105 110 103 101 101 93 92 104 94 90 88 87 70 54 46 52 61 72 44 27 27 27 26 25 29 24 23 28 84 103 109 118 125 119 109 111 122 111 115 111 123 134 132 127 127 140 
24 25 26 23 27 26 26 25 24 22 24 35 39 43 49 49 49 60 59 47 45 49 80 95 93 103 106 111 116 112 115 121 131 131 124 113 116 115 121 115 114 97 63 94 98 92 141 147 172 122 96 115 147 129 122 123 139 123 89 61 71 96 101 97 98 98 102 100 103 101 103 111 119 87 79 109 112 115 118 114 107 96 90 99 64 26 27 27 23 28 25 26 28 27 81 107 112 112 116 106 106 109 119 132 119 120 125 135 145 145 144 145 
23 23 24 23 23 24 25 25 26 27 25 22 44 43 41 57 59 53 40 41 42 44 35 50 84 103 103 105 107 113 117 119 114 115 123 118 117 117 128 127 129 111 76 49 78 114 127 138 154 153 164 157 147 141 121 86 57 53 71 92 106 103 100 111 119 116 114 117 118 122 126 100 43 29 60 105 119 111 106 111 108 109 105 105 44 24 23 26 29 25 25 28 26 27 79 112 116 116 108 106 107 111 114 118 125 127 130 137 140 150 156 154 
27 24 24 26 27 25 25 24 26 25 24 25 24 43 42 47 55 49 50 45 38 39 37 41 32 42 77 99 102 110 114 121 119 112 112 116 115 114 113 114 118 117 112 85 44 30 51 75 81 84 67 45 38 42 44 56 83 105 114 119 110 108 107 95 61 50 50 65 76 79 65 47 50 60 77 104 114 111 116 112 112 112 116 74 22 28 30 25 22 24 27 26 27 24 80 120 124 124 118 115 113 119 118 122 126 137 149 155 159 162 162 168 
20 24 24 23 23 25 23 28 25 26 30 27 26 36 51 43 54 60 54 41 44 48 43 40 39 43 42 51 70 87 96 103 110 115 113 120 113 120 111 113 106 109 110 87 49 69 77 62 63 62 66 78 81 78 102 142 137 121 120 113 122 117 120 118 85 62 52 41 34 35 49 64 75 102 110 103 65 46 83 113 118 118 65 17 26 26 20 27 28 27 24 24 23 25 69 121 127 132 132 127 133 137 144 149 140 147 164 175 173 177 180 178 
22 22 24 22 25 23 25 19 24 23 21 24 26 23 32 49 47 58 57 58 48 47 42 43 42 46 52 56 55 48 51 57 74 73 79 74 93 95 96 91 93 91 91 104 87 147 138 97 95 89 66 56 47 48 66 86 115 129 123 112 79 63 68 72 72 63 54 51 56 69 83 99 113 112 89 56 59 85 101 118 118 48 14 21 23 23 29 24 25 26 25 26 27 24 69 127 132 139 142 147 145 147 160 160 148 152 161 166 175 174 180 181 
23 20 23 25 21 21 22 27 25 25 26 26 27 29 27 39 53 51 63 62 56 48 43 49 53 50 53 60 53 56 53 51 55 62 56 64 77 76 83 101 101 110 124 118 97 130 111 109 67 22 45 86 84 82 74 95 106 105 102 92 97 99 100 95 91 89 92 94 96 102 114 122 105 71 54 68 100 124 132 89 26 14 25 24 26 25 21 23 24 23 22 24 25 30 65 135 142 143 149 154 160 157 156 164 157 159 168 172 180 183 179 186 
21 25 22 21 20 25 24 23 23 25 24 25 24 23 26 27 47 57 57 66 66 61 63 51 51 55 55 55 63 49 54 58 56 57 68 70 66 79 119 128 128 122 112 105 103 78 84 79 105 108 101 83 66 59 93 119 115 113 109 117 121 125 135 148 145 138 138 137 126 112 86 60 54 78 115 135 113 65 19 13 21 26 22 25 23 26 27 23 25 26 27 27 26 26 55 142 150 151 156 160 160 168 170 175 167 157 168 176 176 181 185 182 
23 21 23 24 27 24 24 21 27 26 26 25 25 28 29 30 25 51 66 55 54 72 54 64 65 63 70 72 69 75 65 60 63 70 81 83 94 116 103 73 78 80 84 91 102 114 98 88 90 77 53 49 56 72 103 124 117 108 114 115 113 112 91 73 64 52 44 38 39 50 79 111 129 126 78 33 7 14 20 24 23 26 28 25 27 27 24 24 23 21 23 24 25 25 38 125 143 151 160 165 162 167 170 176 181 175 170 180 179 184 187 190 
20 18 24 22 19 21 27 24 23 24 22 24 25 25 28 29 31 25 52 69 53 50 78 59 62 51 53 75 79 89 92 101 106 118 120 131 142 118 98 104 86 100 96 75 69 63 61 58 54 57 78 63 41 55 118 132 93 91 89 82 58 36 41 59 72 85 89 100 120 132 109 64 27 7 9 17 24 23 24 24 25 22 25 22 22 21 25 27 26 28 26 24 25 21 29 106 122 125 140 152 160 163 166 161 162 173 167 178 183 183 185 187 
22 24 22 22 24 23 25 21 25 25 29 26 25 26 25 23 21 29 30 55 64 41 47 80 77 85 88 67 76 88 98 105 137 156 174 169 148 146 148 127 115 93 77 78 70 67 62 57 47 46 30 43 41 66 114 106 72 42 28 29 42 68 81 90 111 133 137 113 65 11 6 9 20 22 23 26 26 23 24 26 25 23 24 23 27 23 22 23 22 23 26 24 22 27 29 104 122 116 113 119 129 148 158 163 161 170 164 174 186 188 188 187 
