10 79 78 76 83 80 77 82 80 84 85 84 82 87 88 84 85 84 82 84 83 86 86 89 88 88 87 89 92 85 86 87 85 85 84 81 84 90 90 88 86 91 75 82 68 75 61 81 52 66 75 83 73 51 55 79 81 71 91 69 55 53 36 32 34 47 65 76 74 78 77 74 75 77 74 74 67 71 67 72 68 70 66 71 70 70 70 66 66 67 68 67 72 67 63 63 66 68 65 65 61 69 67 62 64 64 64 64 67 65 66 81 
63 68 65 67 65 68 68 66 68 67 67 69 74 69 67 70 69 68 71 69 73 70 75 76 78 68 70 65 71 77 76 69 79 72 63 66 68 61 57 41 59 89 108 130 133 124 122 125 113 98 88 75 79 90 74 62 57 53 55 59 60 59 59 58 65 66 68 65 65 57 60 62 66 62 55 58 62 63 61 60 58 61 62 63 67 61 62 60 57 58 54 58 57 55 58 60 60 60 62 58 57 58 55 62 67 60 58 58 55 53 55 62 
67 65 63 64 64 63 69 68 65 67 71 71 72 69 73 70 73 75 70 72 71 73 71 72 76 73 72 68 70 69 67 71 70 87 101 99 74 73 74 84 109 112 111 119 127 133 112 104 103 103 111 105 89 66 68 70 66 67 64 62 56 59 58 56 57 58 59 61 63 65 64 59 60 63 64 60 59 61 60 59 64 64 61 59 62 61 61 62 61 59 62 61 64 60 61 55 59 61 55 62 56 57 55 60 53 57 58 55 54 58 56 60 
65 65 68 67 62 61 64 67 68 67 68 65 69 70 70 70 69 69 73 71 71 72 74 73 73 72 76 75 69 79 80 72 71 56 93 88 98 117 99 98 80 84 76 81 97 85 109 114 93 83 80 72 69 82 69 61 56 46 52 55 67 70 60 56 54 59 53 59 58 58 59 60 59 60 57 62 60 58 61 63 55 59 64 62 60 57 57 58 59 58 61 64 62 59 62 65 61 60 61 54 59 61 60 54 54 58 55 55 52 51 53 66 
64 63 67 65 64 70 74 68 68 67 70 72 73 68 73 70 68 75 75 76 71 68 66 77 82 73 72 82 95 92 104 87 77 104 117 124 124 95 81 89 96 104 98 88 70 74 78 82 84 78 66 81 99 91 91 72 51 56 53 65 66 60 55 46 67 65 58 61 59 61 59 59 64 66 62 58 63 62 60 61 60 60 60 57 57 60 51 57 64 65 67 63 65 70 65 61 61 60 58 58 56 56 54 60 56 53 51 47 48 50 55 59 
64 68 64 65 68 60 60 69 75 71 66 68 76 69 63 69 74 68 68 68 73 80 72 74 78 75 76 93 97 98 115 108 118 121 124 136 96 73 78 73 126 142 94 74 53 45 75 80 70 71 87 85 99 89 69 55 60 72 83 88 88 76 71 78 57 57 62 59 56 51 63 60 58 54 59 62 51 57 62 58 56 55 57 58 53 57 62 64 58 57 57 58 63 56 64 60 60 61 61 51 56 60 63 58 56 51 54 56 52 46 51 60 
64 64 63 65 63 68 70 70 65 70 74 71 66 73 71 67 63 69 71 73 73 76 93 90 87 77 89 72 83 99 134 117 106 110 97 80 67 93 86 89 105 103 78 53 50 92 110 107 80 81 94 93 87 80 80 75 79 79 91 92 98 95 84 75 67 54 64 65 63 62 56 57 58 58 58 57 62 57 56 55 60 56 57 57 58 56 56 57 58 60 61 59 63 65 57 57 58 49 49 55 57 58 60 57 59 54 48 48 48 48 55 61 
66 66 68 64 64 68 68 68 74 71 68 69 71 74 67 68 69 71 71 69 73 83 82 90 95 110 106 111 102 110 120 119 96 94 76 60 90 87 77 68 84 69 61 68 81 105 123 107 76 87 97 87 89 70 68 80 85 93 73 57 67 83 69 50 37 39 33 44 56 59 64 63 60 58 62 59 55 57 56 53 50 55 58 54 56 54 53 56 59 55 56 58 60 55 60 57 53 59 51 60 64 62 58 60 56 50 50 52 50 51 56 64 
66 68 63 65 69 68 63 66 66 67 71 69 71 74 73 77 76 72 70 73 74 86 83 89 89 114 116 132 147 130 137 114 76 94 60 71 79 58 60 69 59 68 66 89 85 87 91 77 78 93 103 92 70 74 83 82 78 77 63 46 58 73 56 38 27 19 11 17 21 29 33 32 29 27 34 35 53 64 59 62 59 56 54 57 56 57 55 57 55 55 55 55 54 53 56 60 58 53 58 57 55 59 57 53 52 57 55 48 52 52 60 69 
56 67 68 64 63 66 72 65 68 69 73 70 69 71 69 68 70 70 67 82 102 91 88 81 86 95 111 110 150 138 113 111 66 66 62 67 70 53 46 74 55 65 86 72 71 97 94 89 94 97 94 71 63 71 78 82 84 92 71 50 68 59 62 46 59 114 157 109 74 48 72 118 164 188 160 102 19 21 44 63 60 59 54 57 55 54 52 55 57 60 61 56 55 55 56 50 52 57 56 57 57 50 54 62 60 53 52 59 51 56 67 67 
63 59 65 68 68 66 64 69 69 68 74 72 71 70 80 74 71 70 74 84 85 105 96 99 109 107 100 110 108 114 119 73 52 45 52 59 84 75 53 63 70 64 54 70 89 90 87 99 102 97 87 65 70 67 61 75 74 83 76 55 77 73 71 61 98 177 83 79 107 154 171 132 72 63 95 168 197 131 53 7 21 37 58 48 54 54 52 52 50 50 49 54 55 52 54 55 56 55 58 56 51 56 49 47 51 52 53 47 54 57 67 72 
63 66 63 61 64 67 69 66 70 73 70 76 65 74 69 67 69 71 79 86 85 93 98 104 106 99 94 74 93 111 108 98 66 52 53 65 77 58 56 59 62 59 71 76 83 105 105 104 106 107 87 78 66 59 55 53 60 66 80 102 84 83 68 67 100 144 108 121 168 196 206 201 177 179 199 209 217 217 209 188 133 53 24 41 51 57 52 53 55 51 53 51 47 52 53 51 46 52 47 54 54 46 54 54 49 51 54 53 47 67 73 64 
65 70 69 69 66 68 67 70 68 67 78 71 78 81 79 75 82 95 84 71 74 82 90 92 93 94 86 81 75 87 100 117 67 62 49 60 85 67 70 66 77 85 86 86 91 93 106 125 137 159 165 122 83 62 58 52 53 62 51 59 67 74 75 69 83 118 192 213 220 212 203 202 220 233 213 165 131 112 146 222 216 213 141 60 39 31 47 54 51 54 57 54 51 56 55 52 53 51 54 53 47 50 48 48 53 50 50 55 64 70 64 46 
67 64 66 67 66 66 74 70 71 77 69 80 71 75 76 80 75 87 85 82 82 81 72 87 94 90 93 80 98 110 88 90 65 44 47 56 68 63 57 63 59 68 67 65 65 65 68 83 108 114 135 150 162 134 100 82 70 63 85 97 90 86 95 93 89 121 193 208 217 207 197 206 214 166 127 98 78 76 85 183 198 205 218 215 216 143 32 49 51 54 51 49 55 47 49 49 42 46 45 50 56 52 53 55 53 53 53 57 75 61 50 85 
66 64 63 63 66 65 67 67 69 70 77 83 96 83 73 85 88 76 78 80 80 87 86 80 99 99 92 80 83 112 89 83 60 89 83 80 71 61 53 49 53 57 57 63 66 67 66 68 53 47 53 67 69 68 62 65 64 60 51 53 47 43 43 55 92 160 203 205 197 182 195 205 143 103 88 76 80 97 173 198 194 197 213 201 200 206 113 47 53 52 55 55 54 55 52 55 59 52 48 44 44 45 46 47 49 45 66 73 57 39 27 72 
66 68 75 74 72 76 80 77 69 70 76 83 95 91 91 91 104 85 77 86 102 83 79 92 86 90 95 100 89 100 77 69 101 105 91 74 56 52 55 54 62 62 72 67 61 59 60 63 55 56 54 58 54 64 82 106 138 170 187 195 197 196 201 208 211 210 205 202 203 202 195 176 114 68 70 87 68 85 143 157 157 137 169 180 182 183 131 62 51 49 50 50 50 53 52 53 46 49 44 49 48 49 49 52 49 64 48 33 14 29 70 116 
67 64 66 70 70 65 66 77 77 75 76 89 86 94 89 87 96 89 85 80 90 87 74 87 108 91 65 75 90 87 77 82 91 110 95 57 57 58 73 80 82 95 93 94 93 103 121 140 143 146 153 161 174 192 202 210 213 210 208 205 206 208 206 201 197 193 190 191 192 195 193 199 213 211 200 206 198 144 102 138 203 195 180 178 184 158 112 59 52 50 49 49 48 48 52 48 53 52 51 60 48 44 46 46 30 21 36 92 160 202 228 235 
61 66 74 69 68 79 76 69 72 85 99 103 100 79 76 83 89 100 87 83 82 93 79 74 76 76 71 71 78 79 70 74 83 81 64 80 89 100 109 119 139 153 166 186 202 211 220 218 216 215 212 215 211 208 203 201 201 194 195 197 198 199 197 195 194 191 190 182 189 193 195 196 200 198 200 200 199 197 183 169 181 186 198 193 170 131 71 51 53 49 47 50 50 48 45 46 46 51 49 44 46 52 39 24 88 164 208 241 242 242 233 223 
70 65 64 70 66 62 69 80 71 74 80 80 87 90 83 73 84 95 108 98 88 96 89 79 63 64 68 76 85 73 79 87 93 104 114 133 150 156 173 183 196 201 205 205 202 202 205 201 201 202 203 196 195 193 187 178 183 197 204 202 202 199 194 194 195 191 187 197 196 199 201 204 203 203 198 195 196 200 203 200 193 187 181 176 163 120 58 22 12 24 48 54 51 44 45 50 51 45 44 47 45 24 64 194 233 212 200 184 173 185 206 217 
66 68 69 67 71 75 96 90 100 95 81 89 81 72 80 92 96 86 97 105 90 80 85 109 94 65 80 91 80 84 86 101 121 134 155 176 189 192 194 197 200 200 202 202 203 202 196 200 196 193 188 187 183 176 168 175 186 197 197 196 188 185 185 187 189 193 194 197 197 197 197 195 192 193 194 192 193 193 194 195 189 188 189 191 201 205 216 213 169 102 48 10 19 50 55 42 41 49 42 40 31 97 198 175 134 113 89 78 90 97 106 123 
72 66 68 67 68 85 82 83 80 86 97 90 96 85 84 93 98 109 89 91 93 67 73 81 95 76 80 88 82 84 101 117 142 152 165 181 183 190 191 194 195 198 199 199 196 196 200 196 198 186 178 180 164 157 165 175 186 184 186 186 182 180 182 187 188 189 188 192 197 197 197 196 198 195 197 198 197 193 190 187 189 186 187 187 189 193 193 199 204 210 206 166 85 38 22 46 50 41 41 26 88 177 151 123 100 85 88 110 108 96 69 28 
66 70 67 67 68 79 80 96 97 95 86 92 92 99 96 87 102 116 110 87 80 76 64 73 80 80 85 80 86 97 122 139 145 155 171 173 184 190 191 195 198 199 201 196 198 199 199 202 198 168 156 158 156 160 153 171 177 181 187 171 170 177 186 187 185 188 190 192 195 197 195 196 195 200 202 199 195 193 191 187 182 178 169 170 166 175 179 187 194 189 188 196 207 193 141 64 23 35 38 78 175 145 118 97 88 94 96 82 61 37 24 32 
63 66 66 68 77 78 98 86 79 79 82 89 87 105 98 90 79 103 109 85 86 80 75 78 76 80 83 78 86 104 119 126 135 143 153 175 187 186 198 204 203 202 199 199 197 197 196 192 176 155 137 137 130 139 158 162 165 149 137 142 170 180 173 180 185 186 187 190 192 191 190 197 200 197 196 197 196 195 192 195 188 183 179 171 161 153 159 164 166 178 185 181 185 186 199 200 159 76 12 135 123 100 81 72 66 77 68 46 27 29 32 37 
72 66 70 73 100 98 89 95 82 96 104 107 112 100 99 108 95 74 90 82 79 71 79 71 76 82 83 80 88 103 109 134 145 157 170 181 184 196 192 179 183 186 189 194 198 195 194 172 155 145 121 117 118 134 142 144 121 101 114 146 172 175 165 173 180 187 188 191 193 193 193 193 199 198 198 199 199 193 188 189 191 194 191 191 189 184 182 172 176 173 173 175 174 180 183 182 189 193 164 125 89 49 35 38 44 26 2 1 18 16 26 25 
66 64 66 85 91 72 81 102 108 107 97 88 85 112 100 104 132 103 82 91 88 85 78 75 81 89 85 90 99 112 144 153 152 161 175 183 192 193 187 192 198 200 199 198 196 194 189 158 151 137 115 120 127 136 136 103 86 110 108 154 165 161 170 182 183 184 188 191 192 197 198 197 195 193 194 192 189 190 192 186 191 190 195 197 198 195 187 182 184 187 185 187 183 176 182 180 179 181 172 163 172 196 192 191 195 194 183 147 88 49 52 64 
70 67 88 108 93 95 83 114 98 86 86 92 92 95 117 104 95 122 102 91 87 83 78 79 79 90 105 108 117 138 153 148 154 162 175 185 192 184 193 199 196 196 195 198 195 193 184 157 144 126 99 101 117 126 111 103 144 100 126 169 162 163 173 177 181 188 187 192 193 193 192 189 189 186 181 180 183 185 184 183 184 186 188 190 192 196 193 192 193 190 189 184 181 180 187 179 174 175 172 175 158 153 186 189 185 183 196 199 188 133 64 49 
67 75 120 102 92 82 93 96 79 75 105 89 91 82 83 120 110 110 122 106 87 73 80 79 85 95 92 105 123 140 143 152 161 176 184 187 178 182 194 193 191 189 192 195 193 192 184 159 133 105 91 92 110 114 103 158 138 90 135 180 167 165 171 177 180 186 188 193 190 192 191 181 182 178 177 179 175 178 175 178 186 189 184 184 179 189 189 185 181 174 175 191 183 180 172 161 162 173 168 168 169 156 140 183 177 175 180 188 194 192 156 84 
66 82 109 107 92 92 102 86 89 112 84 85 84 78 87 101 113 100 92 100 97 84 75 79 90 90 93 118 133 137 144 161 171 177 188 180 175 193 194 193 191 196 195 195 190 189 180 145 116 96 83 97 107 103 123 102 57 57 138 168 155 155 168 174 180 181 187 190 189 185 178 183 181 176 170 169 176 174 178 178 168 170 164 158 158 159 165 172 174 174 160 157 174 180 181 172 170 170 154 168 166 162 145 122 172 182 173 170 176 182 184 162 
70 82 95 90 82 92 93 92 114 106 91 85 92 83 73 88 106 106 99 97 100 91 82 80 86 83 111 120 123 141 156 164 176 184 186 175 190 193 192 188 190 192 195 194 194 188 165 130 105 83 75 84 106 101 126 133 215 153 128 156 138 147 165 172 178 177 187 188 185 183 181 183 173 175 172 171 174 180 177 168 165 156 136 129 129 133 137 144 138 141 150 150 152 154 171 177 176 178 171 171 166 168 159 133 115 163 171 172 167 170 179 178 
66 89 98 73 74 91 89 96 111 108 108 107 91 91 80 85 86 111 112 96 100 89 78 77 83 99 113 122 134 145 155 170 181 190 182 184 195 194 193 189 192 196 197 193 190 189 165 137 100 81 74 78 94 97 112 117 179 119 123 133 121 150 166 173 173 180 188 189 185 185 178 175 174 170 169 176 179 173 169 164 149 135 127 111 106 118 137 147 145 135 130 138 152 159 163 168 161 159 163 168 165 156 161 156 122 132 158 161 162 159 160 165 
74 97 91 95 93 93 94 110 99 87 95 109 113 110 103 98 98 104 116 110 106 87 78 88 88 99 112 125 136 143 154 173 182 187 171 186 193 188 186 189 193 197 194 193 190 183 167 128 90 69 63 80 86 97 85 33 12 60 111 128 110 147 165 168 176 181 189 188 187 185 184 177 168 170 166 170 162 164 158 151 129 112 101 96 96 120 140 145 154 148 144 139 150 158 162 164 163 158 162 167 167 159 163 163 148 113 132 153 157 159 167 177 
74 108 96 89 92 79 79 100 102 107 109 114 99 77 66 81 95 115 112 92 86 79 82 77 95 110 117 127 135 133 156 183 189 180 183 189 186 173 188 194 195 195 193 192 187 181 166 116 87 76 66 64 76 86 68 34 49 89 119 118 118 154 162 171 174 181 188 187 189 185 182 173 164 164 170 172 168 166 146 123 108 104 92 91 98 120 138 153 158 155 153 156 152 155 165 161 169 173 165 162 152 157 162 163 154 129 121 148 160 165 161 164 
102 93 105 106 85 88 89 96 97 112 103 93 100 100 82 83 82 85 88 97 89 81 71 85 97 115 118 125 133 141 171 186 184 181 187 195 193 192 193 194 196 193 195 190 187 186 166 123 78 63 64 71 62 73 34 19 28 89 120 116 121 154 169 173 179 185 187 189 185 183 173 169 166 166 159 162 157 143 135 118 108 99 90 74 63 89 121 132 137 140 149 145 153 164 160 164 169 167 165 167 157 149 146 138 151 150 117 132 146 150 150 148 
96 105 95 95 88 86 95 105 109 111 93 92 90 94 113 113 99 99 95 92 79 81 96 91 90 107 123 133 133 155 186 192 168 179 189 190 190 190 191 190 193 193 191 190 186 183 167 121 88 67 64 65 60 67 76 51 72 109 116 111 125 156 170 172 177 182 190 188 183 179 171 171 162 163 166 168 156 137 126 119 96 80 70 53 28 32 71 98 107 131 158 166 165 162 156 161 151 153 166 162 164 154 151 151 151 146 126 117 123 139 146 146 
94 87 91 99 97 99 97 100 95 114 108 100 94 99 98 81 89 96 98 84 90 74 68 93 103 109 122 131 144 168 189 178 180 185 187 190 189 191 193 194 192 188 187 188 188 183 164 122 82 58 61 64 58 68 49 63 72 113 125 112 138 161 168 176 178 180 184 184 177 174 169 168 165 163 158 153 149 142 141 126 98 61 40 38 28 24 40 86 131 165 179 182 181 179 179 177 173 172 160 162 165 160 152 147 147 144 140 119 127 144 148 159 
87 76 78 80 82 85 91 87 84 70 73 88 84 87 98 104 95 98 90 86 92 92 82 90 102 109 126 134 152 173 178 184 187 185 189 190 189 193 194 195 193 193 193 188 182 183 162 125 88 69 67 71 57 51 66 88 102 129 125 124 145 157 168 175 178 183 187 181 176 175 171 163 147 141 145 154 155 155 162 165 153 140 100 46 23 59 129 165 181 186 186 182 182 180 178 170 162 165 169 172 167 165 152 143 144 144 144 133 114 125 136 148 
98 99 99 77 87 87 90 97 87 83 73 84 93 91 101 103 91 75 87 98 92 99 93 94 100 106 125 146 166 180 186 189 179 190 195 193 191 194 196 197 192 190 187 183 180 182 161 120 89 75 77 75 60 50 55 62 80 123 133 128 151 169 173 177 183 184 182 183 183 173 151 125 109 117 138 163 172 170 168 160 162 169 146 71 44 153 191 188 182 174 179 184 179 178 181 174 172 159 162 159 152 152 154 138 129 130 129 129 111 113 128 145 
111 108 103 94 84 76 77 91 96 91 85 91 89 92 91 74 59 54 58 70 88 92 94 96 102 113 129 143 162 184 186 186 186 191 189 190 196 199 197 196 198 192 190 185 187 180 162 127 98 79 82 86 63 42 48 47 52 105 125 134 159 169 175 179 181 184 178 162 138 102 93 100 111 127 142 166 173 172 164 163 178 160 124 98 129 177 184 184 182 175 177 176 177 175 174 176 169 165 158 157 148 146 143 133 130 126 125 120 113 105 112 129 
102 98 92 95 89 92 93 97 106 86 93 87 87 91 91 92 89 87 97 100 91 91 87 94 101 113 129 148 171 179 182 184 192 192 192 196 194 195 196 198 195 193 189 186 184 178 158 138 111 94 97 103 71 49 48 48 44 94 116 138 164 171 178 185 191 186 165 169 176 158 113 90 115 128 151 168 164 161 165 176 180 140 111 117 173 189 180 181 180 179 177 176 173 173 177 180 182 175 162 148 155 145 137 134 127 125 120 124 116 111 109 126 
82 81 98 89 88 100 94 90 84 113 101 82 83 86 77 90 95 80 65 77 101 96 100 94 102 123 131 149 162 176 183 195 198 194 197 198 200 199 199 196 198 199 190 187 183 174 158 139 122 104 102 116 87 53 40 49 44 82 112 144 169 176 184 195 196 190 195 208 188 175 180 139 106 125 138 148 155 159 172 182 162 125 120 138 177 182 171 172 175 176 177 174 173 181 185 183 175 167 156 159 152 146 134 125 120 109 112 112 100 100 102 111 
90 91 96 96 86 97 101 101 126 138 98 85 80 77 74 71 74 76 69 70 82 94 95 113 112 109 130 152 167 180 192 195 193 200 203 202 198 202 201 200 197 194 195 185 183 178 154 140 122 112 111 126 114 59 44 38 59 77 117 153 173 185 190 192 190 190 195 165 116 92 101 142 128 128 130 143 146 152 166 170 144 129 106 145 181 169 163 168 161 163 159 160 175 182 184 179 174 170 173 163 139 135 125 125 120 111 102 103 108 96 94 106 
89 99 91 87 91 110 96 103 134 138 116 100 78 80 90 85 66 60 67 59 71 90 107 115 123 130 161 173 183 184 192 197 199 203 203 204 205 203 202 205 202 199 194 192 186 179 166 144 131 121 117 128 141 86 41 25 32 85 139 171 191 192 189 178 180 191 187 140 76 47 51 84 122 125 131 142 150 156 176 153 129 127 113 157 169 167 148 156 153 144 153 160 165 175 177 173 172 171 164 165 154 142 136 125 110 113 111 106 96 93 89 97 
103 106 98 83 87 105 101 124 137 146 124 117 96 97 87 88 93 75 65 74 72 86 105 113 122 137 157 174 185 192 197 199 202 202 202 204 204 203 204 202 201 197 194 191 183 177 171 162 146 131 124 133 139 126 103 95 108 132 165 182 188 183 179 183 189 186 166 123 51 34 44 75 112 119 114 133 140 161 167 132 122 101 102 153 152 151 136 140 139 146 149 153 156 169 172 177 176 171 161 148 138 126 119 115 109 96 96 99 95 91 92 92 
88 99 100 91 101 121 107 110 122 152 137 114 89 71 60 51 68 86 91 84 81 86 100 109 126 159 170 177 185 191 200 203 203 205 205 206 206 206 204 206 203 203 202 199 191 184 177 163 156 148 135 138 165 181 188 187 191 194 188 187 184 181 183 190 199 187 158 121 52 34 50 102 128 125 121 137 150 165 157 124 117 89 97 146 137 134 124 128 135 133 135 147 168 184 183 178 172 172 167 154 137 130 123 110 98 100 93 89 85 85 86 87 
90 91 106 96 104 125 123 123 130 135 129 99 99 87 72 57 32 42 72 73 81 92 105 113 140 164 170 183 190 197 198 201 204 209 206 209 210 208 209 206 207 204 205 203 202 192 182 171 158 151 151 154 171 192 198 202 202 202 197 193 190 189 187 190 200 180 142 112 44 22 76 119 126 122 125 139 147 163 138 116 110 89 110 147 134 126 118 123 118 121 131 146 166 175 175 171 174 167 160 141 130 125 115 109 100 84 89 91 88 84 83 75 
95 101 87 88 101 129 127 106 131 115 127 99 87 72 76 83 85 92 89 97 88 95 112 132 162 176 183 191 197 201 202 204 207 209 212 211 207 209 207 205 202 206 206 203 193 184 177 167 163 153 153 167 184 188 189 189 195 196 198 193 193 191 189 184 170 156 145 129 47 61 131 132 123 115 125 133 146 151 131 112 99 79 122 156 130 121 106 109 110 116 126 137 158 164 160 163 163 157 148 140 124 110 98 88 86 75 71 73 77 78 83 82 
90 92 91 115 140 132 134 115 131 123 107 62 62 71 71 74 79 68 71 72 97 100 123 153 180 189 197 198 200 201 208 208 208 209 209 210 210 208 205 206 207 206 204 200 198 192 185 171 166 165 169 175 186 194 194 191 195 199 200 196 194 194 196 189 168 136 114 126 132 128 142 106 94 96 117 135 150 157 129 108 101 72 121 153 131 116 103 103 105 115 120 142 168 167 161 166 161 152 146 129 117 110 101 93 79 70 66 69 75 76 80 79 
93 107 119 134 129 124 137 125 139 146 113 88 103 74 78 87 88 55 56 69 88 110 139 179 192 204 202 206 205 206 209 210 210 211 213 211 210 209 208 205 206 204 205 202 200 193 193 184 181 174 173 185 191 200 200 204 202 205 203 202 202 203 203 194 170 138 110 104 124 155 147 100 61 78 117 134 160 167 130 107 91 88 140 163 132 115 98 105 108 113 123 146 161 174 177 168 158 149 145 129 123 115 102 86 72 68 67 70 74 75 79 75 
99 114 141 134 119 131 168 119 134 143 113 104 110 95 89 80 70 69 68 73 104 117 146 184 202 209 210 211 207 207 210 212 209 211 210 211 210 212 211 209 210 207 205 204 197 192 184 180 177 180 183 200 213 212 213 211 211 210 212 210 208 205 206 200 183 147 114 94 81 77 90 86 69 97 127 148 164 173 131 103 83 85 152 170 140 120 100 100 101 106 122 149 164 172 175 165 153 153 141 135 122 118 109 92 77 69 64 67 66 76 75 74 
92 114 143 141 117 120 157 109 132 116 84 91 90 82 88 94 67 50 72 89 102 124 163 192 202 205 211 207 209 207 206 209 212 211 212 210 209 209 208 211 207 207 203 203 202 192 189 175 162 162 165 186 210 213 214 213 212 213 213 213 210 209 210 213 195 161 130 103 92 77 65 60 67 119 148 158 166 180 141 111 91 74 141 165 136 126 102 99 107 108 122 150 165 171 176 172 159 154 139 125 122 116 108 94 78 68 72 69 72 77 82 76 
114 122 139 119 121 117 134 113 142 119 105 93 110 95 91 93 97 82 64 82 103 141 169 194 206 209 210 212 212 211 209 209 209 211 212 212 211 209 211 211 210 210 203 201 199 195 189 182 162 152 162 184 206 212 213 214 216 215 213 211 210 208 210 209 202 177 152 148 155 167 136 94 96 108 129 146 158 174 146 125 94 71 152 162 132 125 108 114 110 117 131 160 172 174 175 174 162 153 143 137 128 117 106 95 82 69 63 68 71 80 85 83 
115 123 128 115 112 110 123 124 135 108 99 71 89 92 86 86 100 79 93 96 113 134 165 196 209 211 211 213 212 213 212 211 211 213 214 215 215 213 214 211 212 208 210 204 200 197 189 164 149 148 155 175 205 217 222 220 220 218 216 215 210 210 212 212 207 188 162 105 70 123 154 128 122 117 113 132 155 170 140 120 94 80 154 173 128 121 113 110 116 120 136 161 172 175 173 171 158 154 139 124 121 112 103 91 78 70 66 65 65 74 79 79 
108 122 133 123 112 115 127 115 108 85 96 89 99 115 109 101 105 99 86 91 105 136 181 204 210 209 212 210 211 211 211 212 212 212 214 213 213 214 213 212 213 214 210 209 204 194 177 159 151 140 138 158 189 222 223 219 216 216 214 213 211 209 212 214 206 187 154 69 44 100 160 159 155 139 130 131 153 172 140 120 101 93 163 187 152 121 116 118 116 123 137 161 177 181 180 175 164 152 149 132 121 118 105 90 77 72 67 71 72 71 79 83 
110 119 130 123 110 123 125 102 75 80 89 93 91 105 91 81 79 114 102 101 105 143 186 211 211 212 211 211 211 212 212 212 216 214 214 214 213 213 212 215 212 211 212 210 205 193 167 151 142 135 136 144 153 133 136 158 185 204 213 214 214 213 211 215 213 199 149 68 36 67 151 175 188 181 159 156 162 171 143 109 93 95 163 193 161 130 121 118 120 129 145 167 186 187 186 177 175 171 155 142 131 120 103 94 85 66 66 68 71 73 81 74 
99 116 128 119 116 141 114 103 95 111 101 86 95 100 72 78 96 91 139 89 118 145 184 203 210 211 211 214 213 214 212 213 212 215 215 214 215 215 214 210 216 216 214 211 208 199 186 169 149 134 122 119 105 92 97 137 170 187 204 213 215 215 214 210 214 199 156 69 37 62 132 164 191 186 178 177 187 172 132 114 86 92 167 180 156 137 136 130 132 139 151 176 189 189 185 184 185 173 163 146 137 118 108 97 81 74 74 70 72 77 80 75 
107 114 120 113 120 110 95 102 101 90 75 70 70 104 81 77 79 123 125 167 122 136 181 204 210 210 213 213 214 214 214 213 212 214 216 216 217 215 214 215 214 215 214 209 203 185 169 147 134 121 115 102 93 77 105 164 171 171 187 206 213 216 214 211 212 212 171 81 35 58 114 144 194 192 191 179 190 180 133 121 89 89 167 171 160 148 145 144 144 147 156 174 185 189 197 190 185 180 175 162 141 127 110 96 84 74 64 67 67 74 85 75 
98 117 121 123 124 89 93 109 91 89 102 108 93 100 67 67 60 62 121 103 144 165 191 205 212 214 214 216 217 216 216 215 217 215 216 216 215 216 215 214 215 215 213 210 201 186 158 139 120 110 103 95 82 79 108 117 159 165 172 197 212 213 216 213 211 213 187 126 62 60 96 128 189 197 193 194 197 191 139 122 92 83 166 174 165 147 150 144 153 161 164 172 194 201 199 198 187 183 173 164 153 136 125 106 85 73 70 65 67 76 79 74 
98 108 122 125 99 99 111 109 96 98 88 76 70 95 90 59 77 66 74 119 133 152 193 210 213 213 211 212 215 215 216 216 215 216 216 216 218 217 216 216 216 213 215 210 204 168 130 111 106 100 93 84 72 77 81 111 147 169 178 191 204 212 212 212 214 216 211 167 113 90 96 138 192 195 192 191 199 201 157 125 102 93 181 195 185 166 162 157 162 172 180 182 193 198 195 193 192 191 189 169 155 139 116 105 98 95 72 67 70 70 83 78 
76 109 139 120 104 97 110 114 103 88 90 84 71 66 75 67 84 90 82 84 127 153 169 209 217 215 213 213 214 216 214 216 216 216 218 216 217 216 217 216 217 215 212 209 197 158 112 101 99 92 88 83 70 77 57 82 130 163 174 187 202 207 207 208 204 213 224 213 176 143 139 174 195 201 197 191 188 197 171 128 107 87 182 200 189 185 177 178 179 184 183 189 195 195 200 201 198 188 179 167 161 142 130 111 97 82 68 64 68 80 79 75 
102 117 141 121 111 100 115 100 81 79 78 68 56 78 83 77 72 93 90 104 127 157 179 183 209 219 216 215 217 217 217 217 216 217 217 217 217 217 216 216 217 216 214 211 195 147 104 88 84 82 82 71 79 75 74 91 121 138 158 191 201 206 208 208 207 193 194 199 192 182 184 193 195 197 200 202 204 204 187 130 108 79 163 201 193 189 191 189 191 193 192 195 201 195 195 196 195 186 177 160 150 147 126 117 107 85 66 63 70 73 76 76 
103 115 140 126 113 108 118 90 88 91 84 86 86 97 84 77 81 82 85 103 123 158 193 201 195 204 212 215 216 217 217 218 216 217 216 217 216 218 217 216 216 216 214 208 194 145 95 79 75 74 79 69 86 79 105 113 122 131 145 185 201 207 208 207 201 194 181 167 180 190 196 201 202 205 208 207 207 211 207 149 112 81 142 202 202 198 196 194 190 196 199 199 200 198 195 198 194 190 177 155 156 145 132 116 105 93 73 67 73 76 78 100 
97 107 129 121 111 110 110 96 95 94 89 97 102 88 60 74 94 81 81 91 132 174 195 209 209 208 213 216 217 218 217 217 218 217 217 217 216 216 218 216 216 216 213 209 193 150 92 74 70 77 83 85 86 58 63 102 129 136 139 185 200 204 207 207 207 196 183 174 179 186 190 192 202 205 205 203 201 198 202 169 116 100 125 205 199 201 201 195 194 194 195 199 200 199 197 194 187 182 187 163 154 143 128 114 101 87 75 71 70 71 78 98 
94 107 121 107 115 117 108 91 102 98 93 100 89 110 119 99 79 71 68 79 112 153 191 206 210 216 216 215 217 216 217 217 217 217 217 217 217 217 217 217 215 216 213 208 188 142 103 73 66 81 90 107 82 49 88 113 132 135 126 180 202 206 206 206 206 204 192 171 164 171 182 188 187 194 196 202 205 206 203 189 128 87 78 186 204 204 202 198 190 195 198 197 205 201 196 197 196 189 169 162 156 142 122 116 104 84 77 73 67 69 94 117 
78 85 107 107 111 116 93 101 95 95 111 115 115 119 93 87 85 68 85 93 109 143 184 201 214 216 216 216 216 218 217 216 217 218 217 219 218 217 217 218 216 216 213 206 195 145 112 81 75 89 108 133 77 37 39 100 131 144 132 182 202 206 208 208 205 203 199 182 164 166 176 179 187 187 190 200 197 194 195 192 155 87 55 152 200 202 199 191 195 194 200 197 193 199 202 190 180 171 179 161 150 145 131 110 103 91 78 77 77 90 113 118 
74 94 107 97 119 121 88 92 89 98 98 100 111 100 102 92 67 62 66 84 106 141 181 198 208 213 217 217 216 216 217 218 217 217 218 217 218 218 218 217 217 216 215 210 192 151 109 89 74 96 117 159 87 38 54 111 141 147 120 180 199 202 204 206 206 204 200 194 176 159 161 171 169 170 174 187 192 178 183 186 156 97 57 141 197 205 203 206 206 202 202 202 199 195 193 194 176 173 160 153 146 141 128 122 113 94 82 75 76 96 116 121 
70 80 87 106 117 119 109 91 96 88 86 91 106 106 88 61 54 57 66 62 86 138 186 204 208 214 216 217 217 218 217 218 218 217 218 218 218 217 217 217 217 216 216 212 200 165 120 94 84 112 124 159 103 49 70 108 148 154 121 176 201 202 202 204 209 210 205 200 184 169 155 158 173 162 153 155 167 153 135 115 114 86 71 147 173 190 200 201 201 203 203 203 204 202 198 195 187 178 178 169 157 145 138 124 111 100 92 82 92 111 113 124 
77 77 97 98 85 106 110 111 110 105 107 107 105 101 71 57 60 57 49 53 70 114 163 200 208 213 214 219 217 217 218 217 217 218 218 217 218 219 219 218 217 216 215 212 196 154 127 102 90 113 114 146 115 56 75 124 159 166 134 184 202 204 205 208 206 208 204 198 191 181 165 155 165 165 153 147 153 144 124 106 87 75 68 145 167 175 196 203 207 202 197 194 195 200 203 193 191 182 172 166 166 152 135 128 118 105 101 90 108 118 121 130 
85 70 91 111 96 107 103 111 102 104 96 106 110 88 71 62 72 60 53 57 63 85 131 185 200 207 216 214 217 217 218 218 219 217 218 218 217 218 218 218 217 217 216 209 195 172 137 107 104 123 116 141 156 100 157 141 176 180 147 185 206 204 204 206 206 208 210 202 190 185 175 165 165 161 149 135 131 136 119 99 82 65 79 137 157 150 174 193 193 200 202 190 183 191 181 184 178 171 173 171 151 153 139 124 116 101 86 100 120 118 130 121 
74 76 78 95 100 104 122 122 109 105 97 108 101 92 75 71 64 67 72 52 63 87 105 159 201 201 211 214 216 217 218 217 217 218 218 217 217 217 218 217 217 217 217 209 200 182 153 122 106 122 119 124 180 97 121 141 176 185 156 190 205 207 206 207 207 208 204 202 195 188 182 169 168 165 158 152 137 123 118 105 87 77 90 132 144 157 159 178 186 189 192 195 189 191 190 170 170 169 167 159 149 136 125 116 109 96 96 116 117 129 142 139 
71 71 78 87 83 84 107 103 105 101 107 99 94 98 86 78 75 68 63 52 60 59 90 115 171 204 199 214 213 216 217 217 218 218 218 218 218 217 219 218 217 217 216 215 204 189 156 126 112 122 117 94 194 121 92 161 197 197 177 196 207 208 210 209 208 208 205 201 197 192 184 173 172 168 159 156 159 142 128 109 98 96 112 128 145 150 162 170 177 176 182 194 186 187 179 183 178 166 156 144 138 133 126 120 102 91 111 123 120 138 133 135 
77 73 77 88 83 101 103 113 103 101 114 117 107 94 88 84 84 85 82 68 59 49 43 91 119 172 210 204 215 217 217 218 218 217 217 218 220 218 218 219 219 217 218 216 207 193 162 133 113 125 121 89 139 150 120 167 190 195 193 197 208 207 210 210 208 203 203 201 194 188 184 183 177 171 162 151 152 157 142 127 113 109 126 142 155 165 160 162 163 161 159 160 172 178 163 162 168 167 163 159 141 132 130 123 98 108 129 129 144 139 142 145 
67 73 72 88 84 95 109 96 113 115 100 102 111 101 95 84 80 78 87 82 86 63 45 47 93 125 173 208 215 215 218 217 218 219 218 218 218 219 218 218 217 218 217 216 216 200 169 146 117 125 131 111 53 149 128 175 205 207 202 207 206 208 210 209 211 207 207 201 200 196 193 186 180 178 176 162 134 110 135 141 132 130 143 162 169 154 157 158 166 170 166 173 159 163 173 160 149 150 150 145 144 135 114 96 106 131 126 146 143 144 147 150 
73 76 79 81 80 79 96 105 99 97 103 109 108 105 106 97 97 87 84 74 82 93 64 50 55 57 108 160 203 218 216 216 216 218 219 218 218 218 218 218 218 218 217 218 217 211 185 160 125 123 137 132 103 82 150 170 203 208 208 207 209 210 213 212 211 212 209 205 198 196 184 187 188 176 172 178 171 154 137 134 139 153 166 165 168 173 160 168 166 180 169 165 168 167 161 158 160 157 147 137 125 121 104 107 136 140 145 146 141 148 158 172 
78 73 78 77 81 89 86 95 97 109 98 111 113 112 107 115 107 103 101 108 90 76 94 84 58 51 58 94 142 199 226 223 219 218 218 216 219 217 218 217 218 216 217 218 218 215 204 183 155 134 145 143 124 87 145 180 205 208 212 209 209 211 208 210 215 214 212 207 201 201 199 193 196 187 171 179 179 180 173 175 184 180 177 181 176 174 171 167 155 157 162 156 161 164 162 156 163 161 142 136 121 110 110 135 141 147 153 157 163 170 155 88 
80 79 74 74 76 80 96 77 83 99 109 93 95 110 112 114 114 122 113 105 116 97 92 114 94 70 29 33 68 97 163 214 223 223 219 219 214 218 217 218 215 218 216 216 216 215 200 199 177 152 141 153 142 129 143 186 205 213 213 212 212 212 214 212 212 212 215 209 205 201 200 197 196 201 194 186 187 190 180 172 188 190 193 185 184 181 174 168 165 167 165 168 159 165 163 166 160 156 138 123 110 101 129 139 159 164 166 173 156 101 56 98 
75 79 76 70 74 86 93 97 94 85 93 112 103 121 113 100 117 120 121 120 90 100 102 88 114 91 91 74 82 67 60 105 169 204 225 225 223 217 215 216 215 217 215 215 215 216 212 204 193 174 151 165 168 171 171 195 206 212 212 212 212 212 213 214 212 213 209 213 207 203 202 200 199 196 195 190 184 188 191 193 190 186 174 169 171 176 176 173 169 170 169 159 163 162 168 156 141 133 130 118 122 150 166 149 116 131 127 103 105 147 197 228 
77 76 78 80 76 77 82 87 74 85 93 99 124 106 118 114 88 94 110 129 151 126 114 102 79 101 81 84 64 88 106 71 72 124 152 194 221 229 234 224 224 216 217 215 213 212 209 205 200 198 185 170 182 182 191 200 207 211 214 212 213 214 214 215 216 215 215 213 212 210 206 198 195 194 191 186 190 189 187 191 193 188 190 180 169 167 167 172 180 176 169 166 157 161 147 144 140 144 131 137 147 142 134 166 235 211 216 220 230 232 229 223 
72 74 73 75 80 77 78 84 82 77 87 88 116 126 109 118 125 123 97 97 106 125 131 131 129 93 108 101 101 79 95 114 99 71 82 110 140 168 199 216 224 231 233 228 224 218 215 209 205 197 195 195 198 198 207 207 211 212 213 215 214 214 215 212 213 212 213 210 210 208 206 204 197 194 191 188 185 178 177 187 179 176 171 167 166 169 178 175 175 171 168 162 161 148 144 144 144 126 81 52 52 46 39 32 98 193 234 232 219 217 214 214 
74 76 77 75 76 78 75 82 80 81 80 86 91 113 111 108 105 121 122 104 106 90 87 102 116 126 92 100 97 114 107 114 117 106 97 68 68 86 119 137 158 167 182 202 219 233 231 232 222 213 204 203 207 207 211 213 214 214 214 212 213 212 213 213 212 214 212 213 211 211 207 203 198 197 193 188 185 186 178 169 166 162 165 164 166 162 164 169 171 171 167 158 156 154 152 138 110 58 50 56 48 51 50 48 27 24 76 131 188 217 224 232 
74 74 75 73 70 74 75 75 86 79 78 84 86 105 118 94 86 100 110 116 116 123 107 107 83 84 112 110 97 104 123 125 134 117 119 133 122 77 67 89 99 121 92 87 95 110 138 167 200 237 234 223 205 205 206 212 215 216 216 215 215 212 213 213 214 213 211 210 212 208 208 204 192 190 194 192 187 176 178 177 172 170 173 177 181 176 171 168 157 158 163 165 166 155 112 64 39 54 53 56 54 50 55 56 53 44 27 33 22 29 70 105 
74 79 76 77 77 72 76 77 79 86 82 76 82 86 96 131 105 97 99 98 105 96 100 98 96 98 97 92 100 83 91 106 115 134 131 146 141 161 148 115 112 102 129 128 109 92 71 62 58 69 116 177 238 224 216 207 203 205 209 211 211 213 214 213 213 212 213 209 202 204 204 202 198 199 191 190 191 184 180 181 173 177 180 178 179 180 173 173 177 184 172 149 83 52 38 48 55 56 51 53 53 56 52 50 55 58 55 49 48 64 69 57 
77 76 77 75 75 80 74 79 78 79 79 81 78 84 89 104 118 92 103 114 96 95 98 109 98 87 100 97 101 103 109 101 101 100 114 109 140 144 149 154 162 168 177 150 125 114 105 98 89 79 65 62 93 161 219 229 232 225 216 208 202 204 205 208 211 209 207 207 208 207 208 208 206 203 197 193 188 187 184 189 192 192 194 200 202 195 194 174 144 91 53 35 46 45 55 54 55 59 58 65 63 58 59 60 57 58 61 64 59 60 72 77 
77 78 77 77 78 77 75 77 81 84 80 83 84 74 77 82 122 125 88 98 112 116 108 99 90 90 94 92 94 107 107 126 100 108 103 106 88 106 139 136 131 131 102 103 94 84 78 71 72 75 71 70 63 64 101 139 150 165 203 213 223 223 215 206 202 205 210 215 206 191 182 178 178 181 178 164 168 170 170 165 167 174 161 141 111 94 58 41 31 41 53 54 56 58 60 63 62 60 61 56 59 58 60 60 60 63 57 59 61 60 59 79 
75 76 77 75 73 77 75 78 76 80 79 74 80 91 85 77 69 106 118 97 87 101 129 121 110 112 118 109 111 115 113 112 129 114 104 106 105 105 96 139 114 119 132 98 79 74 75 69 67 60 64 63 56 53 50 38 47 67 86 61 102 155 191 201 193 175 180 166 172 216 220 221 222 214 203 215 217 219 220 197 120 34 16 25 39 45 47 52 54 57 57 57 58 60 57 59 59 64 63 64 63 63 59 60 57 60 65 61 57 59 58 70 
76 76 80 79 82 80 82 79 77 76 79 84 83 75 83 85 84 71 79 98 102 92 107 136 120 106 111 105 135 124 131 116 101 104 113 98 114 113 110 97 113 81 83 102 102 83 69 74 61 60 57 61 70 79 57 61 64 50 62 95 110 154 175 185 204 188 73 88 117 130 166 188 192 176 192 214 217 212 206 189 131 63 56 57 60 55 51 53 56 55 51 54 54 58 64 62 65 69 69 65 65 61 58 56 58 60 61 58 60 59 51 59 
77 75 76 78 79 80 76 84 83 82 82 81 80 82 81 81 79 81 84 80 89 90 85 113 121 132 138 119 140 113 122 130 132 88 100 123 95 126 127 95 102 105 79 68 71 83 79 68 67 66 63 70 94 75 72 58 73 68 67 84 107 124 155 188 212 220 201 157 149 165 163 175 198 209 212 203 209 213 208 191 136 69 53 69 58 64 58 58 60 56 59 58 60 60 61 64 64 64 64 61 66 61 60 64 62 61 57 64 68 60 52 60 
78 77 79 77 75 80 77 78 80 83 80 81 77 81 81 81 81 82 79 84 84 84 97 92 105 120 130 120 124 111 94 120 120 107 126 135 125 95 128 112 107 113 91 71 69 77 75 74 59 65 69 73 76 67 59 55 68 87 79 100 119 146 208 225 220 217 215 197 169 161 156 152 177 216 215 210 203 212 211 198 137 82 75 63 64 61 62 62 57 61 58 59 57 63 64 59 66 67 66 67 63 65 64 66 62 65 64 61 65 58 51 44 
76 75 79 77 78 78 81 77 85 82 84 79 81 80 84 80 81 85 82 80 83 84 81 89 100 105 104 99 92 89 108 116 106 100 128 131 111 109 96 105 96 114 111 76 59 65 85 69 64 54 66 76 66 69 75 76 84 85 88 81 57 72 128 196 222 222 220 212 203 188 165 147 168 207 208 206 208 204 212 208 130 67 62 64 61 62 58 62 63 62 65 65 66 64 63 64 65 61 67 62 65 63 63 62 58 60 60 59 63 69 54 47 
75 77 76 79 77 80 79 79 81 80 85 86 83 88 83 84 84 83 84 85 87 87 93 99 97 105 84 82 81 75 76 133 116 82 99 119 95 86 96 83 93 107 103 87 57 49 67 84 78 56 68 76 73 74 86 84 84 76 71 83 71 70 96 155 219 244 239 232 225 226 213 190 204 199 176 199 220 226 231 194 79 68 68 63 65 62 64 64 66 60 64 65 60 66 66 63 62 67 67 68 66 65 66 66 62 60 63 60 62 63 51 46 
76 82 84 74 79 80 84 84 82 84 82 80 82 85 84 86 85 88 85 83 86 88 83 83 89 90 95 81 81 76 70 90 109 74 59 96 94 75 96 88 72 87 110 118 97 65 52 74 90 76 55 82 85 61 67 92 85 73 43 65 71 62 50 55 36 32 32 84 130 175 213 229 236 236 243 229 197 133 89 55 73 74 66 66 67 65 65 64 65 69 65 63 66 63 66 65 63 56 61 65 66 63 64 63 67 65 58 63 60 68 55 48 
78 81 77 76 79 79 82 81 81 81 82 85 85 85 86 86 87 85 89 84 86 83 84 86 85 85 93 92 89 90 81 68 86 82 67 82 80 67 49 84 80 65 77 87 92 62 62 74 86 83 74 59 76 69 76 81 84 79 61 47 26 29 34 39 38 54 43 49 28 31 51 45 52 56 62 49 39 43 65 62 72 69 69 64 67 66 63 62 65 63 67 66 65 67 64 68 65 66 65 67 66 64 65 68 64 62 63 61 67 74 68 54 
76 72 76 76 81 80 80 84 86 83 82 82 84 83 83 80 78 84 84 88 87 86 83 86 87 85 83 83 89 91 85 87 84 81 82 67 74 74 71 60 68 83 72 79 69 84 53 54 71 85 80 63 70 69 83 85 86 85 58 49 51 40 43 53 48 48 64 76 79 73 75 68 59 57 57 63 66 70 71 75 74 76 75 67 64 64 67 65 68 68 65 66 62 61 67 65 63 66 67 68 68 68 65 63 64 57 59 62 55 65 69 61 
