10 48 47 49 53 50 44 47 47 48 47 49 54 55 43 53 50 51 51 51 50 55 54 48 49 49 52 54 50 57 56 48 55 57 58 57 61 49 53 60 56 65 62 61 68 58 63 60 58 58 58 55 58 59 57 58 51 54 61 54 58 56 52 57 58 55 57 58 53 52 52 57 56 55 52 47 49 51 48 45 51 51 49 48 51 48 47 46 45 48 44 48 46 46 52 41 42 42 41 46 42 37 43 39 36 40 37 39 39 36 40 44 
46 45 46 43 46 45 46 49 50 48 43 48 46 49 46 46 45 42 38 47 42 47 45 44 47 41 45 40 36 24 33 38 43 47 54 29 21 36 39 35 26 19 24 26 25 26 22 22 21 23 28 28 33 42 38 38 38 34 36 33 39 31 34 38 41 34 34 38 39 40 43 40 36 39 38 39 44 41 41 37 38 39 39 38 38 35 39 36 38 38 42 39 43 40 39 41 36 33 37 42 41 36 43 40 40 37 40 40 38 42 41 40 
45 48 48 46 49 41 47 46 47 45 46 47 49 45 47 47 47 46 43 41 50 49 52 45 48 50 41 39 34 39 42 38 52 72 53 30 41 48 51 50 43 58 79 70 44 34 35 31 27 24 27 24 22 33 41 43 42 44 43 40 42 36 28 9 16 40 42 43 33 32 19 27 31 42 43 33 45 42 44 46 39 34 33 43 40 39 40 39 40 42 38 37 42 43 45 36 38 39 41 39 37 36 36 41 39 41 42 41 39 38 43 37 
47 42 45 42 44 50 47 43 46 50 45 45 42 44 45 48 45 44 39 45 35 28 23 35 38 35 47 43 44 38 32 51 64 41 31 28 58 89 65 44 41 38 40 70 106 78 50 41 33 30 26 22 22 18 18 24 28 32 44 45 40 42 65 110 73 21 9 14 15 31 48 51 35 24 26 34 25 11 18 20 20 33 31 20 40 41 39 39 38 38 39 37 34 35 34 40 37 36 34 38 39 39 42 40 40 39 40 38 42 42 41 43 
47 44 47 47 44 46 44 46 45 41 47 47 42 45 50 44 51 48 50 40 32 26 31 40 30 27 40 62 64 35 58 59 35 45 35 40 70 63 40 29 25 34 42 60 64 45 47 29 32 28 26 27 24 29 22 25 27 26 31 31 35 30 94 114 105 115 72 67 78 109 122 126 127 111 119 124 119 78 52 52 86 128 121 58 35 40 44 32 39 37 38 38 41 37 40 38 36 34 39 39 35 38 36 36 38 39 39 41 38 37 41 38 
47 46 44 48 42 46 48 49 46 49 50 47 51 46 45 45 43 40 40 47 43 34 38 29 30 35 51 62 52 48 50 31 37 40 33 32 24 24 28 36 47 52 68 49 26 29 20 27 31 28 22 24 22 17 18 4 2 5 6 16 35 58 93 120 128 123 141 140 142 122 112 111 123 137 123 109 123 143 147 146 135 121 131 104 24 17 28 41 38 43 42 36 36 38 38 36 36 36 33 35 41 38 38 41 41 40 39 39 43 42 39 41 
47 43 49 50 48 47 43 47 43 44 44 49 44 48 47 46 49 59 38 36 44 39 38 39 36 36 52 54 35 40 25 32 44 34 27 34 28 28 40 58 62 60 57 49 44 34 34 35 31 34 50 48 48 54 49 51 68 73 100 117 139 144 141 133 128 133 135 138 135 142 141 142 140 133 132 139 135 134 132 132 126 123 129 124 84 41 24 9 11 9 23 47 39 38 31 35 37 34 34 34 32 38 40 40 39 40 40 42 39 34 39 36 
42 46 42 43 48 49 45 49 50 49 49 47 48 42 38 39 46 58 77 57 41 53 54 43 45 58 64 50 37 24 37 47 34 26 32 29 32 36 50 63 67 64 66 76 70 78 92 99 109 115 117 123 111 105 119 130 140 150 144 148 143 141 134 133 139 139 143 142 140 137 139 135 132 137 137 137 138 136 142 137 135 134 130 140 156 169 164 147 120 81 46 20 4 19 38 40 36 38 40 41 41 39 35 38 38 36 34 38 42 45 40 39 
44 50 50 45 46 48 51 45 50 48 49 48 50 49 50 39 61 67 68 65 62 72 73 62 55 59 53 54 38 30 33 43 36 37 27 32 29 48 57 65 82 95 107 112 122 126 126 121 125 129 126 116 111 105 116 121 133 134 137 132 129 126 127 135 136 140 142 143 143 141 142 141 141 142 144 145 145 145 145 146 138 136 134 130 138 139 147 153 157 165 158 140 93 40 12 17 33 38 37 40 40 41 38 39 38 42 39 36 39 38 43 40 
46 45 48 44 47 47 50 48 46 47 49 43 45 48 50 71 77 83 57 67 80 66 66 56 58 64 57 41 35 44 56 45 34 23 34 38 63 74 90 113 117 126 130 133 133 128 124 130 131 126 120 114 115 126 128 129 131 135 132 125 118 122 128 133 141 142 142 145 144 146 145 147 145 147 153 154 155 154 152 152 151 151 151 149 137 133 137 133 139 140 145 149 166 168 142 85 31 12 33 34 34 34 35 41 38 39 37 39 40 40 38 39 
44 46 48 45 49 49 50 50 48 44 45 51 42 45 48 55 70 84 90 85 78 88 66 53 59 55 59 44 43 54 53 35 16 42 71 87 103 114 124 130 134 134 134 135 131 139 151 149 131 117 105 111 126 137 135 131 131 125 124 121 116 120 130 134 140 146 150 145 142 148 149 151 155 160 159 158 159 155 156 157 163 161 164 165 157 152 154 145 139 140 135 141 133 132 144 151 139 73 16 29 40 34 38 36 38 38 37 37 41 40 40 38 
50 47 47 45 47 47 50 51 51 51 52 50 68 65 63 60 79 93 107 106 93 62 75 63 58 64 53 50 57 46 25 30 73 101 118 128 128 128 132 134 134 135 137 138 147 148 146 132 112 107 107 116 126 132 134 127 113 110 111 113 118 129 137 143 144 148 150 148 152 158 158 160 163 160 158 160 156 160 159 166 163 163 155 159 164 165 162 161 150 145 154 149 151 148 144 144 139 159 122 35 13 36 36 35 38 39 39 39 40 40 38 41 
45 44 47 54 47 52 49 49 48 49 52 53 48 55 66 77 82 96 94 79 85 66 62 63 58 58 46 53 41 16 45 93 120 127 130 129 135 136 139 140 142 145 144 149 152 148 138 126 116 105 108 124 131 131 121 107 99 89 108 116 124 129 138 142 146 150 150 155 154 158 157 158 152 156 159 160 158 160 156 158 160 154 157 163 167 169 166 162 159 158 152 156 153 154 146 146 147 146 151 142 54 23 37 34 36 38 38 38 39 42 40 39 
48 50 48 49 49 48 45 49 51 51 51 58 65 60 53 58 75 85 95 76 94 83 64 65 58 54 52 38 21 68 111 125 128 132 131 136 139 143 143 145 149 150 152 150 151 144 128 123 108 101 107 122 132 117 89 92 71 87 115 121 124 131 138 143 148 149 149 154 160 155 153 154 153 153 156 159 161 162 158 153 150 149 151 154 154 165 165 164 157 153 163 166 160 154 150 146 144 145 145 147 156 78 15 42 42 44 44 40 39 35 36 34 
49 48 43 47 49 46 49 46 48 43 48 47 54 66 54 53 86 81 83 70 67 77 65 59 64 56 46 33 62 108 120 123 132 130 137 138 141 140 144 151 154 150 154 149 149 141 131 128 112 102 108 130 122 105 99 56 57 89 119 125 128 130 138 144 145 148 157 156 151 151 152 159 154 155 157 156 160 157 156 150 149 147 146 143 143 135 137 146 157 154 150 156 165 158 152 155 151 148 139 133 146 149 73 16 15 14 21 31 38 47 39 50 
46 44 50 49 51 49 48 49 49 62 76 75 62 43 54 54 71 77 77 83 71 73 77 57 63 56 40 64 102 119 123 127 128 133 134 139 142 144 149 145 145 151 155 154 152 144 124 110 106 93 109 130 122 104 82 50 57 85 129 136 130 135 140 144 150 151 151 152 152 150 153 148 152 155 156 154 158 155 153 148 142 141 136 126 118 112 108 116 129 145 147 147 144 145 146 143 141 140 142 141 135 137 140 103 70 54 45 24 14 8 6 0 
48 53 50 50 50 44 48 51 50 68 55 43 55 62 54 49 49 72 70 69 73 58 65 63 52 39 58 96 115 119 125 130 129 127 134 135 140 144 148 151 154 149 151 150 149 135 118 97 92 88 111 130 113 106 72 118 108 92 124 135 133 135 137 142 148 149 152 148 148 146 147 151 148 149 156 156 159 155 149 147 145 136 125 113 103 97 100 103 125 138 150 148 146 145 138 146 145 143 144 146 138 136 143 145 150 154 149 151 134 128 110 101 
49 45 48 47 44 53 50 55 70 71 70 67 51 52 62 65 50 31 49 66 57 55 60 57 46 46 86 110 113 124 129 131 136 137 137 140 145 148 153 150 147 151 149 148 152 140 135 102 73 66 118 127 109 101 121 179 164 110 137 140 132 135 141 143 146 150 150 147 146 148 151 149 148 151 153 153 152 151 147 141 129 114 95 64 41 61 100 122 138 147 147 150 153 155 154 142 139 148 147 148 149 136 126 128 127 143 145 144 151 150 158 156 
48 49 47 49 54 47 44 43 62 72 57 53 65 63 43 64 77 72 49 54 54 49 53 48 44 66 98 112 119 123 129 135 136 139 140 143 146 148 148 147 151 152 155 151 152 143 129 98 76 73 116 128 107 84 45 65 133 109 119 135 132 134 136 142 144 145 142 140 139 144 147 150 150 148 151 152 147 148 150 149 140 123 95 41 70 112 123 130 143 151 153 152 151 153 144 143 138 142 142 136 139 137 133 126 119 119 137 133 137 142 148 154 
46 51 47 45 43 50 58 78 79 68 61 38 53 68 79 65 50 68 49 38 49 49 54 46 56 92 105 113 118 127 131 134 139 140 144 145 149 149 145 148 148 155 155 154 153 140 117 88 74 77 115 120 99 59 79 96 61 110 127 134 125 133 137 136 141 139 139 137 144 143 141 144 143 148 147 146 146 146 149 146 145 141 128 64 95 133 145 142 138 144 155 151 155 152 151 150 146 138 138 144 142 144 139 138 130 123 124 141 136 142 144 153 
48 42 46 50 51 49 59 75 70 41 44 61 54 47 41 63 61 34 48 34 41 51 51 44 68 96 110 114 121 132 135 141 142 150 152 146 148 148 150 154 154 159 159 156 153 146 128 86 68 78 111 116 84 55 64 139 89 100 115 124 125 131 138 134 128 131 135 140 140 140 138 139 147 145 143 145 145 139 141 141 143 141 119 74 84 126 145 141 133 137 147 150 151 153 153 147 144 141 139 143 145 139 142 140 134 129 119 141 144 140 147 157 
48 50 48 44 47 46 49 57 56 74 59 41 58 66 39 20 45 51 44 51 35 41 49 54 78 99 108 115 128 129 137 142 147 151 151 152 145 142 153 155 162 161 161 158 157 152 123 86 70 82 113 112 77 43 4 2 40 69 105 115 122 133 130 124 128 130 131 138 139 139 140 141 140 144 146 146 150 144 137 140 137 133 108 67 102 134 151 151 153 148 152 157 160 160 156 149 147 147 147 143 143 144 141 134 131 128 118 121 146 146 148 154 
44 45 46 49 53 54 62 76 76 54 55 52 47 55 73 46 27 38 42 52 43 40 49 62 88 102 111 122 127 137 143 149 149 152 152 154 152 151 150 155 156 157 155 162 161 155 127 84 72 74 102 109 68 52 45 42 55 75 100 105 108 116 121 124 130 132 137 136 139 144 148 150 146 144 142 143 137 137 138 145 143 124 112 108 116 132 145 149 148 154 148 153 161 163 151 147 150 151 143 143 143 143 145 137 130 132 131 119 135 142 142 150 
50 52 46 53 47 62 69 80 74 68 61 58 61 53 58 62 44 35 40 43 49 40 48 65 95 105 115 122 128 133 144 152 150 155 154 153 153 149 150 151 156 158 163 160 163 154 130 97 79 80 95 113 66 54 85 73 62 77 92 95 103 112 121 125 132 135 137 137 141 141 140 142 142 139 140 137 133 139 150 150 134 115 105 110 120 131 146 149 147 148 153 157 154 147 146 149 153 155 155 155 156 147 146 149 145 134 126 125 128 150 142 141 
45 46 48 55 58 50 51 75 70 69 60 49 58 67 61 60 57 34 28 36 41 47 50 70 96 108 116 124 132 138 146 152 152 150 156 155 152 151 154 160 162 164 162 167 163 157 144 111 85 80 101 111 63 52 46 63 62 64 80 90 105 113 123 127 130 136 145 152 149 147 140 120 118 121 117 121 138 148 146 147 122 114 99 118 123 130 146 148 149 149 153 151 148 151 150 154 154 159 156 149 142 143 140 142 141 140 130 117 114 141 143 129 
51 51 62 73 63 54 52 53 59 58 58 56 39 48 58 73 70 58 31 31 46 42 53 78 94 103 111 125 136 145 148 152 148 153 151 151 150 150 156 161 162 160 162 166 162 164 155 124 92 83 100 117 70 51 63 64 60 62 79 91 103 115 125 136 139 145 155 144 126 126 137 128 110 114 123 127 135 148 155 139 118 112 100 116 124 131 145 142 149 149 148 147 154 155 152 157 161 161 159 156 151 140 133 132 127 127 128 124 113 129 151 147 
48 58 63 56 58 62 60 52 51 52 66 60 55 69 66 77 82 64 45 40 46 56 54 78 95 105 116 126 139 139 141 150 152 150 156 156 156 154 159 161 165 166 163 163 164 163 159 145 121 114 118 122 97 48 70 50 45 74 94 94 103 116 136 142 144 156 157 117 49 60 108 127 111 114 121 130 136 146 146 129 114 112 94 120 132 136 141 146 146 146 145 147 149 145 149 154 156 156 154 144 147 148 139 134 131 128 128 123 121 127 146 153 
48 52 50 59 59 57 51 59 66 68 66 74 84 77 84 91 65 56 59 38 38 44 56 76 95 101 116 132 140 140 144 148 147 149 151 147 150 157 164 166 165 172 167 166 165 166 165 148 136 129 122 122 115 82 61 94 60 78 99 98 112 140 145 141 146 152 152 104 22 27 90 127 115 109 118 131 141 148 145 124 115 108 89 119 129 134 138 142 141 144 136 139 150 154 149 152 156 152 150 149 144 141 130 123 125 134 124 119 111 117 140 154 
49 59 52 69 77 63 53 67 71 69 70 75 69 66 58 65 74 65 55 55 39 43 55 71 87 99 115 132 139 137 141 143 144 144 144 138 148 155 160 166 168 168 166 164 162 163 157 147 132 121 119 130 131 112 91 95 110 97 95 113 134 137 129 137 143 137 138 101 43 24 85 131 127 124 121 130 140 144 143 120 117 110 92 123 128 130 135 131 135 135 140 141 150 159 164 156 152 152 150 144 138 137 139 133 126 125 124 115 111 119 127 153 
46 56 89 73 68 65 78 83 69 56 54 54 53 57 70 72 81 76 51 59 60 44 57 81 89 102 121 130 128 134 139 143 144 146 144 149 157 159 163 168 167 166 163 164 162 160 152 151 141 134 135 133 134 128 120 109 99 106 117 133 131 120 133 141 159 153 139 116 52 45 97 128 134 133 136 134 139 141 140 119 111 112 94 126 126 127 134 134 130 131 131 143 150 152 156 152 147 150 147 146 146 142 133 131 129 126 125 118 119 119 122 148 
48 46 64 88 82 84 88 65 50 48 53 51 49 55 52 55 63 98 83 49 51 60 63 82 91 102 116 124 128 138 140 140 144 147 150 154 159 160 164 166 168 166 166 164 163 163 161 156 154 151 141 132 136 137 126 117 119 126 131 132 126 132 148 159 166 170 147 140 115 107 138 138 138 140 142 140 136 138 138 122 118 115 91 116 127 127 136 134 129 125 130 137 146 151 157 153 151 143 146 147 143 136 136 133 122 123 119 117 111 119 122 139 
50 60 64 49 76 80 80 50 55 51 49 57 58 65 60 47 48 51 77 66 50 54 63 75 87 100 120 128 135 133 139 143 139 146 152 157 159 163 165 165 168 166 164 164 166 165 163 156 158 153 145 146 145 145 142 141 146 146 143 137 130 149 163 164 162 160 153 149 148 149 150 141 139 140 135 130 130 130 132 116 102 108 95 115 123 119 131 122 119 124 132 138 148 152 153 150 148 145 138 138 140 136 130 127 121 113 118 108 107 112 116 137 
50 59 88 87 69 59 54 65 57 45 34 30 39 35 58 83 71 62 53 73 60 49 63 78 89 107 122 134 136 136 134 136 141 145 153 158 158 161 165 166 166 166 165 165 167 169 164 160 152 147 150 153 155 154 148 150 151 156 154 145 144 155 163 165 160 153 149 137 134 129 125 125 126 131 131 133 137 127 133 118 109 99 85 113 126 125 127 127 122 124 129 138 147 149 148 150 148 146 147 144 141 143 134 127 120 119 116 112 110 113 120 124 
52 85 114 110 93 74 67 41 31 39 46 42 41 32 27 39 63 66 53 63 61 53 62 75 92 111 128 133 137 136 136 138 137 148 153 160 160 166 168 167 170 168 162 163 167 164 161 162 159 153 156 157 155 159 155 156 157 157 152 151 153 155 165 165 157 142 141 137 130 126 117 119 123 137 141 144 133 130 131 116 108 103 73 108 126 119 126 132 127 124 127 129 139 150 153 150 150 149 147 141 144 140 133 129 122 116 116 111 106 109 114 121 
58 82 92 74 57 40 48 37 34 35 40 24 17 17 19 24 20 44 63 46 62 60 59 76 94 114 130 136 140 137 140 144 145 154 159 166 161 163 167 166 167 164 165 165 165 163 161 161 163 161 157 155 151 153 157 160 166 166 164 161 159 156 159 168 169 153 141 138 140 131 121 118 134 142 144 141 144 136 137 121 107 109 100 111 124 122 123 133 128 125 130 132 141 150 151 152 153 152 150 145 135 128 124 121 120 116 112 110 107 105 117 124 
57 63 47 65 62 51 39 47 46 44 41 48 51 50 36 21 17 14 40 58 43 77 62 85 99 121 130 133 137 139 137 140 146 154 161 165 171 167 165 167 164 164 163 163 163 164 165 164 160 159 149 147 157 162 166 167 169 167 161 157 156 156 157 163 170 156 143 119 69 101 125 132 145 144 136 141 141 144 140 112 105 103 82 108 126 115 114 122 130 134 132 132 144 152 151 152 154 157 149 147 139 130 131 123 114 107 104 100 99 107 111 112 
61 63 59 71 51 43 37 41 57 65 63 53 61 72 77 81 87 80 32 44 56 61 62 81 105 120 134 135 135 137 139 142 148 158 163 165 167 170 169 165 167 165 162 161 165 164 165 167 163 153 142 147 161 167 171 170 169 167 169 165 167 166 162 166 169 154 138 95 36 85 123 132 133 132 135 133 143 143 141 116 106 110 84 103 132 119 115 123 127 129 133 129 138 146 149 156 156 150 150 146 144 135 127 120 112 111 107 101 102 108 110 109 
68 68 68 70 54 46 42 58 53 55 58 52 46 46 40 58 57 66 72 49 45 54 84 74 106 123 134 136 137 138 142 153 157 160 165 169 171 170 171 170 171 171 168 169 168 167 166 163 159 149 147 144 153 166 172 167 163 166 175 176 170 171 171 178 179 158 138 102 32 53 121 129 128 141 140 133 135 142 140 120 106 105 89 99 127 120 119 127 126 130 133 131 137 150 160 159 160 153 151 143 139 130 121 110 105 103 99 100 95 106 110 109 
97 86 66 72 59 61 64 53 58 56 57 64 57 41 33 16 32 32 31 52 75 56 70 73 95 126 135 134 140 149 148 150 152 163 166 169 172 173 173 170 171 167 168 162 162 163 166 167 149 140 140 143 152 161 166 163 165 175 187 191 182 172 172 173 182 166 144 106 37 21 63 126 118 137 141 141 144 148 151 129 102 101 89 97 129 128 125 124 123 127 130 138 139 150 163 166 159 156 157 152 142 126 118 112 105 100 98 90 90 94 97 103 
89 105 92 81 68 52 54 63 53 51 54 54 47 42 48 47 32 45 47 38 51 88 67 77 101 123 131 133 138 146 146 155 162 161 169 171 170 168 168 170 173 169 168 164 160 158 157 158 146 132 134 139 144 141 148 158 172 183 194 188 189 187 179 174 174 176 155 124 34 16 36 116 111 127 138 146 144 149 153 150 113 101 95 91 135 131 130 132 130 131 136 141 148 151 149 156 161 160 152 145 135 135 125 119 111 107 96 91 89 93 101 101 
77 110 99 72 70 74 64 75 71 49 43 36 36 41 37 37 30 27 34 41 42 51 66 71 103 125 132 136 141 147 153 157 161 168 168 169 170 170 170 168 168 165 160 163 163 162 159 148 136 128 128 125 128 133 134 128 137 153 172 183 178 182 185 176 160 170 168 146 81 26 69 121 109 124 133 132 138 141 145 151 117 100 93 84 127 135 131 134 130 138 142 143 148 157 160 155 156 154 147 139 136 126 121 113 113 102 92 88 90 96 100 104 
64 93 69 64 73 71 57 54 56 54 44 41 40 32 43 69 58 25 21 35 37 40 56 75 106 121 130 142 149 148 155 159 160 165 168 166 169 171 173 175 172 168 168 167 167 161 161 147 137 132 122 122 120 118 112 120 113 114 135 150 168 178 189 185 165 161 173 148 147 125 142 133 111 123 135 134 138 149 153 157 131 99 93 72 115 136 138 134 142 136 137 144 150 160 162 153 156 160 151 142 126 127 123 118 105 101 98 90 86 88 93 87 
63 92 84 52 52 52 50 56 60 86 91 64 47 45 39 30 67 85 56 42 34 41 47 69 106 129 136 143 148 151 158 163 164 165 165 168 169 167 168 169 169 170 167 169 171 172 164 151 138 126 115 110 111 105 100 103 114 117 106 121 151 174 181 186 187 166 180 174 139 146 135 118 105 123 134 136 144 151 155 163 145 107 87 69 104 141 149 148 148 144 138 148 152 160 160 163 159 147 146 147 138 129 123 116 112 99 96 88 82 86 97 100 
76 75 80 75 54 48 45 44 47 52 58 47 52 52 61 64 45 53 66 60 57 37 60 83 111 130 140 151 150 158 159 161 163 166 166 165 164 167 168 170 170 168 168 172 173 169 160 149 133 115 111 105 96 92 94 117 121 119 114 109 129 155 168 176 180 175 178 199 184 144 133 127 120 126 132 133 149 153 156 153 157 125 95 68 83 126 145 150 154 146 143 147 150 160 156 159 158 156 153 147 136 130 116 107 107 100 95 93 89 88 95 92 
54 68 65 74 52 39 36 48 52 44 36 53 66 66 70 79 81 41 45 50 48 56 51 78 105 133 142 144 149 152 153 154 160 164 167 166 164 167 172 166 171 170 166 167 162 162 155 136 119 104 105 103 93 79 69 78 105 118 117 107 105 130 147 151 152 162 154 158 189 191 170 139 126 135 136 150 152 157 158 157 148 131 101 68 76 118 155 164 158 151 145 146 154 161 170 159 158 157 144 146 143 136 129 115 105 102 98 91 86 88 91 84 
70 79 56 38 71 55 55 53 55 62 57 53 56 55 42 30 54 66 45 57 58 61 61 82 112 133 144 146 152 145 151 155 158 161 164 162 167 168 169 173 167 168 173 172 174 166 151 132 111 104 103 102 83 68 62 70 74 89 111 100 112 118 134 144 145 147 159 138 125 125 129 136 143 155 157 157 148 149 150 151 146 141 115 73 58 94 140 166 166 148 139 145 153 151 154 162 160 149 149 147 138 127 120 121 116 116 109 103 94 93 91 77 
82 80 56 52 53 53 67 77 69 50 49 42 35 28 36 55 43 40 49 44 71 54 73 90 123 140 141 143 143 149 153 154 161 165 171 176 171 173 172 171 174 171 168 168 167 165 153 110 102 99 96 97 93 69 59 64 52 65 102 100 107 118 125 132 143 149 145 146 143 137 135 150 156 158 158 160 147 152 145 140 137 129 122 80 50 83 106 131 150 153 153 154 158 157 153 158 165 163 145 140 131 130 133 129 124 115 109 101 97 92 94 80 
79 80 83 37 51 47 38 56 66 66 45 51 54 55 40 26 35 40 39 44 72 62 61 95 123 135 144 142 144 144 151 155 161 165 170 165 169 170 171 170 172 170 172 171 166 158 136 101 93 97 95 98 93 71 65 41 39 63 82 87 92 107 122 136 140 139 145 140 137 138 137 148 162 160 158 160 156 160 161 147 131 129 113 90 42 68 109 126 125 134 153 160 157 160 159 153 157 159 158 156 154 146 134 132 130 123 111 106 100 97 97 71 
52 57 59 73 37 45 47 37 33 34 41 37 39 29 41 33 23 16 28 45 62 69 73 86 120 129 134 143 149 149 152 158 160 163 162 167 168 170 169 169 170 170 168 167 166 156 122 80 83 78 77 97 95 92 84 32 36 56 67 78 98 106 122 129 136 138 137 142 142 139 136 147 160 162 158 153 152 149 151 143 134 121 117 92 49 69 119 119 124 131 135 138 144 152 163 166 164 158 154 158 151 151 143 135 131 124 119 108 104 100 89 73 
84 52 57 56 74 56 49 52 64 65 65 63 52 39 25 32 40 35 31 31 56 59 60 82 121 133 137 145 147 155 155 155 163 164 165 171 169 172 172 175 168 173 168 167 168 157 123 83 73 67 72 100 99 113 83 70 40 53 76 85 96 107 117 130 139 143 144 147 145 145 143 149 156 160 160 157 149 145 138 131 123 123 116 100 45 44 127 130 123 128 138 145 145 148 152 160 157 160 151 150 155 149 143 137 129 125 118 113 106 103 90 77 
84 68 55 53 52 65 53 57 68 72 51 44 52 64 78 74 62 54 54 49 46 56 73 94 126 133 141 149 152 152 157 157 161 169 169 168 174 172 170 171 173 168 179 170 168 157 122 69 64 73 80 110 103 104 110 142 143 86 73 80 97 104 110 120 131 135 141 141 142 146 152 156 156 161 162 162 161 153 146 142 132 131 129 128 89 24 45 108 114 126 138 141 146 151 147 153 152 149 152 147 149 145 140 139 135 127 125 122 112 105 91 99 
79 68 58 46 40 40 42 33 46 49 55 48 35 32 26 33 35 35 40 51 47 55 80 101 131 136 143 148 151 151 156 164 165 166 160 164 172 169 171 171 172 175 171 167 163 150 120 70 64 67 85 119 108 94 67 81 70 133 92 81 90 111 115 124 129 138 135 136 145 148 153 158 156 151 156 159 159 152 144 141 145 133 128 129 124 98 66 81 107 131 141 136 145 155 147 145 154 150 146 144 142 149 144 138 132 132 126 120 113 104 87 109 
57 78 59 50 52 50 49 66 57 50 55 55 63 68 71 57 46 33 26 29 45 49 66 89 121 139 142 150 158 162 161 168 169 165 151 151 171 176 177 179 183 178 182 174 165 149 119 71 60 65 96 126 107 86 61 143 123 57 91 98 102 106 121 124 129 133 141 138 141 151 158 153 156 159 154 158 159 155 154 143 125 126 128 129 135 142 136 136 138 137 145 143 142 142 154 154 151 145 149 150 153 141 140 131 132 129 119 116 114 99 94 117 
58 58 61 45 45 62 54 64 62 54 52 67 61 59 53 42 35 36 39 33 34 50 63 83 118 132 141 144 154 161 166 167 170 170 159 154 171 176 176 175 178 178 179 174 165 152 132 77 56 68 96 129 110 89 29 20 62 76 93 99 101 113 114 122 127 132 136 141 145 156 160 160 154 156 154 154 158 158 161 160 142 128 123 125 132 137 152 154 156 150 143 147 143 145 141 141 143 154 150 143 136 135 135 132 132 137 128 124 117 102 112 133 
45 59 81 99 73 63 75 76 80 72 62 50 36 43 43 39 30 31 34 37 34 38 60 88 127 142 139 146 152 160 160 168 168 166 166 168 168 174 180 174 178 178 179 174 162 147 130 104 68 62 100 130 104 90 61 11 32 70 90 106 114 115 124 126 125 125 130 133 146 150 153 157 155 154 155 156 161 156 156 163 159 149 136 130 130 134 147 151 150 150 142 145 144 140 138 144 137 140 154 153 159 146 143 145 143 133 128 123 112 104 129 150 
44 44 53 72 77 68 62 64 68 90 90 64 64 51 47 44 45 33 28 26 36 46 61 91 122 139 147 149 155 163 166 169 171 171 169 170 171 176 179 182 181 178 179 175 170 150 118 98 69 62 98 123 111 90 126 110 69 57 93 115 118 118 135 137 131 132 135 141 147 151 153 155 159 156 155 159 160 159 157 152 141 148 152 147 142 143 150 145 141 138 142 139 142 149 137 137 142 140 150 152 154 155 147 147 142 140 132 124 112 110 131 138 
45 41 46 67 67 73 63 58 72 57 53 50 55 37 34 35 42 39 27 35 36 46 64 92 120 135 146 153 161 163 170 176 173 172 171 177 176 173 178 178 182 181 180 177 167 155 133 109 84 72 105 125 107 105 36 29 48 71 99 119 127 128 130 131 130 137 141 148 149 146 148 149 153 157 156 155 157 155 158 161 160 152 155 155 152 150 146 149 150 146 141 143 142 138 146 145 154 154 148 152 149 148 146 138 141 137 131 126 117 130 146 151 
53 52 54 64 82 76 71 78 71 60 59 49 31 35 34 41 38 37 39 38 36 41 64 84 108 134 148 153 156 164 168 173 176 179 176 173 175 174 173 174 177 180 177 180 172 148 138 120 93 81 98 118 107 110 71 79 100 106 98 123 132 126 132 138 141 142 151 154 148 150 151 150 151 148 149 157 156 150 152 152 156 163 161 165 162 150 149 143 147 145 134 132 144 151 156 165 156 150 162 158 147 146 143 144 139 132 127 117 116 141 150 147 
47 55 71 96 88 85 73 52 57 68 81 70 71 71 63 48 42 44 30 32 41 52 72 92 110 132 144 154 153 162 172 170 169 174 177 172 174 179 178 180 176 176 178 177 169 155 136 132 110 96 93 117 108 99 103 95 157 126 129 145 141 136 134 143 147 144 146 149 155 155 156 153 149 155 155 160 160 151 152 153 153 152 152 158 161 161 156 155 158 154 145 146 152 149 151 156 163 158 158 151 147 130 146 150 138 145 135 120 128 144 148 144 
54 52 70 95 109 90 70 64 62 63 69 78 89 67 48 36 40 47 53 49 45 50 62 88 118 143 147 152 161 159 167 173 177 177 177 181 180 182 181 182 181 183 179 180 181 162 142 133 117 92 94 108 104 81 122 76 92 108 131 149 145 141 141 146 147 150 153 153 157 161 158 155 151 155 161 171 165 161 154 149 152 157 155 153 159 156 158 154 159 165 158 159 162 166 161 159 156 162 164 156 147 141 140 143 142 141 131 128 143 150 146 139 
45 52 74 96 103 93 76 60 63 66 58 45 40 46 42 45 50 50 66 56 56 53 57 85 114 138 155 156 165 170 169 170 174 176 179 175 176 180 178 180 179 180 179 179 176 169 151 133 119 97 95 107 110 76 116 116 67 104 141 152 146 146 146 147 146 148 153 154 162 159 158 153 152 147 154 161 171 164 163 152 150 154 160 164 163 162 152 154 155 158 164 164 157 155 153 153 157 147 152 154 154 152 151 144 143 132 125 137 153 154 143 134 
54 55 71 88 90 87 88 77 51 54 59 59 53 48 41 46 38 49 60 60 61 46 62 88 111 138 147 156 159 165 170 172 171 176 175 179 178 179 182 177 182 183 180 182 181 180 162 138 120 108 98 104 111 97 52 123 104 141 148 158 153 149 150 149 154 153 148 153 154 159 159 162 150 155 157 156 161 172 172 167 159 162 163 163 166 166 165 160 161 164 165 165 164 161 155 157 157 149 151 156 152 155 148 135 135 140 143 153 152 156 151 154 
49 54 64 78 80 74 93 96 87 74 74 71 76 63 66 51 46 51 49 52 56 43 53 80 107 138 154 150 162 163 172 170 176 170 179 177 182 180 184 184 182 182 182 183 181 174 176 164 132 111 99 96 112 112 68 65 108 100 140 158 156 153 154 155 158 157 156 158 154 155 161 167 166 162 161 160 158 167 172 169 166 156 172 168 167 167 171 165 165 160 157 154 155 155 157 158 154 161 155 149 147 135 143 141 141 139 153 159 158 150 148 160 
51 51 58 64 72 73 85 85 76 70 79 83 70 47 65 62 60 55 48 52 42 42 48 59 89 131 148 156 164 167 171 169 170 174 176 184 183 187 184 186 189 190 187 184 184 185 186 172 152 136 118 104 116 117 103 63 98 111 147 161 161 157 158 154 158 160 161 158 159 161 164 159 163 170 168 169 174 172 173 174 172 173 167 167 165 161 164 159 156 157 158 170 163 156 156 156 158 159 162 152 151 141 137 141 148 158 154 159 161 155 152 156 
53 51 49 67 66 62 72 84 79 81 73 74 51 65 64 62 60 56 58 62 54 56 42 48 75 113 137 148 162 166 170 173 175 175 179 182 183 189 192 192 191 191 189 186 185 187 185 184 167 161 140 118 115 118 116 97 90 124 148 161 162 161 158 160 160 158 161 167 159 165 163 162 166 170 168 168 163 171 173 172 171 171 170 164 163 164 158 152 154 159 165 167 173 175 172 165 164 157 151 154 146 146 149 149 153 166 168 160 155 159 165 170 
47 47 53 64 80 67 72 78 96 100 89 73 73 82 90 79 63 86 73 63 51 49 39 50 70 90 130 150 163 170 173 180 179 178 179 182 188 191 191 195 199 195 198 194 198 193 191 188 168 159 161 135 115 119 126 125 107 119 144 156 162 163 167 168 170 170 168 164 167 164 169 171 167 177 173 171 161 172 175 175 171 168 168 164 163 165 166 166 162 160 160 170 164 164 170 168 166 165 154 150 145 146 159 165 165 171 166 162 153 166 164 164 
54 52 51 55 75 62 73 82 89 87 91 87 88 100 97 69 84 94 66 58 50 44 36 41 58 102 107 136 157 164 169 180 183 185 190 192 192 194 194 193 194 200 200 206 202 198 200 195 191 173 169 155 132 124 135 143 133 138 149 163 164 162 166 169 173 177 173 171 172 173 169 175 178 173 180 177 185 178 176 176 172 164 168 161 162 162 172 169 173 173 169 171 176 168 168 165 158 157 150 147 148 160 171 170 173 175 172 172 169 168 175 178 
49 48 54 53 60 69 68 70 81 91 94 96 94 88 79 82 86 76 58 65 48 45 45 42 50 68 110 110 130 159 163 175 188 186 189 195 193 194 193 196 197 196 198 199 199 200 197 196 192 187 180 170 155 137 141 149 152 149 160 163 167 175 177 178 176 176 175 173 170 169 167 163 160 173 177 178 181 178 177 176 171 168 168 169 170 168 166 170 169 170 173 165 167 164 163 161 159 150 147 145 155 165 173 170 173 171 177 184 184 172 171 174 
44 47 52 47 55 54 60 72 76 96 104 104 106 101 88 84 73 70 79 75 54 47 48 51 62 53 90 125 122 137 157 167 182 194 197 199 198 196 200 195 199 199 199 200 200 201 201 197 195 194 188 186 176 162 153 159 166 167 169 170 168 173 179 181 180 183 181 174 173 179 177 174 158 173 177 176 179 178 176 172 170 173 171 168 167 169 172 173 174 171 163 165 168 171 163 157 149 147 160 170 178 171 169 174 170 180 186 182 176 178 178 172 
54 53 53 50 47 47 55 64 81 92 96 106 111 103 98 96 77 87 95 90 67 65 61 60 63 60 59 84 113 119 131 152 162 169 180 189 187 190 194 204 199 200 201 201 202 203 203 203 200 196 193 191 187 178 178 169 173 183 171 171 173 176 178 181 182 180 183 185 186 184 186 185 186 182 184 189 187 181 177 172 175 171 172 181 182 170 171 178 170 175 176 178 175 169 160 150 159 173 179 168 161 172 181 173 181 187 181 183 184 186 197 199 
51 46 46 44 40 44 45 64 63 72 74 94 112 95 93 87 85 88 97 85 67 68 67 67 84 53 44 42 69 99 111 132 137 138 141 152 159 167 177 183 200 210 212 210 205 204 204 200 199 197 198 195 198 196 200 195 190 188 193 186 185 182 185 186 186 186 181 186 188 185 184 183 182 185 187 187 188 185 184 181 181 184 178 171 164 176 176 174 181 178 176 172 162 151 145 160 171 169 180 185 190 196 195 212 215 210 211 211 202 193 181 167 
45 51 46 49 47 43 48 51 67 68 73 80 89 103 101 99 76 78 99 80 78 74 62 59 80 58 50 42 35 49 69 83 111 115 122 122 129 137 147 160 165 178 195 210 214 213 211 208 205 202 201 200 198 199 194 195 198 196 200 199 198 197 193 192 186 186 191 189 187 192 184 186 183 185 183 180 179 183 185 187 184 183 184 180 173 175 181 175 176 172 168 149 156 174 194 211 215 222 212 208 204 191 180 156 142 119 100 70 50 32 26 21 
48 47 47 43 47 48 44 48 77 80 81 82 90 100 108 89 86 100 92 88 81 81 54 52 61 91 56 40 38 32 31 45 56 79 85 99 105 111 117 128 140 150 149 159 183 201 212 220 216 209 202 200 197 198 196 196 197 197 199 199 198 196 193 191 188 186 190 188 190 190 191 189 189 185 182 180 183 183 177 180 183 182 179 178 177 176 177 184 186 202 205 214 210 208 189 169 141 109 86 58 38 14 11 17 7 15 19 16 19 29 36 36 
44 46 48 45 46 43 48 51 56 84 71 73 77 76 85 88 94 107 92 97 96 83 63 56 59 76 72 48 50 31 23 38 53 56 61 71 75 85 86 100 100 97 117 127 131 138 151 168 189 204 211 205 202 195 197 200 197 199 197 197 196 195 195 197 195 192 191 189 187 186 187 186 185 185 189 188 190 186 182 181 177 174 172 183 190 200 203 200 187 158 140 97 61 33 28 21 21 14 14 17 30 35 41 31 44 36 47 44 38 45 42 41 
51 50 48 50 45 47 47 45 45 75 85 63 76 79 91 76 93 104 86 94 104 90 63 58 42 63 72 56 52 60 56 22 37 50 54 56 60 65 71 63 74 89 85 99 109 122 124 119 122 145 180 201 210 216 206 199 198 199 199 199 195 198 196 194 191 193 191 193 191 191 190 190 188 191 185 179 176 165 170 176 183 196 206 206 182 155 108 58 14 6 19 18 23 32 35 43 45 44 44 49 47 48 47 48 49 56 54 53 53 42 35 38 
45 48 48 50 46 48 46 49 47 49 85 60 64 83 89 66 94 94 83 103 95 84 70 61 62 64 70 69 60 49 49 62 28 40 53 46 54 59 62 88 78 75 91 95 84 75 104 144 131 105 103 135 167 180 206 213 216 220 217 217 210 202 199 196 198 194 191 189 184 186 185 179 174 164 167 167 178 186 197 201 203 185 140 68 43 25 20 24 39 46 48 45 42 47 51 48 48 46 50 46 45 45 47 49 49 46 43 41 40 39 36 32 
48 48 51 40 46 47 48 42 43 47 46 85 62 63 74 65 84 82 86 93 97 86 70 60 64 61 61 58 49 52 41 39 66 35 37 60 65 70 69 85 120 109 91 87 99 107 90 91 110 109 99 79 73 83 80 105 101 121 159 181 204 226 230 222 215 202 196 192 190 186 179 172 180 188 197 207 209 216 214 203 189 161 121 86 49 49 45 50 44 42 45 47 48 45 43 46 47 47 43 46 46 40 36 40 37 35 42 40 38 35 34 34 
46 46 41 53 46 48 45 48 50 47 43 52 72 69 74 84 81 87 94 79 68 72 63 61 46 64 63 65 54 38 47 37 41 65 40 32 77 108 97 83 82 88 106 105 97 100 105 92 94 88 76 76 84 84 119 102 117 105 87 96 79 93 144 170 183 191 188 186 181 183 202 229 223 212 210 212 217 190 194 178 188 189 161 122 51 43 47 51 51 48 45 44 46 50 47 47 47 43 46 38 38 43 42 40 42 36 37 39 39 41 47 43 
50 44 50 41 49 50 52 48 46 47 44 49 57 69 65 75 79 93 105 100 89 82 58 56 59 63 76 76 62 42 46 63 52 93 78 75 54 78 93 75 82 65 70 97 104 100 84 74 71 74 70 70 82 93 77 80 91 100 89 62 51 38 33 45 43 98 185 189 171 174 185 181 216 238 224 205 154 119 142 164 162 157 136 119 69 50 44 38 40 45 45 43 42 41 48 45 43 49 45 44 41 41 42 43 37 35 36 44 47 51 49 51 
45 48 45 48 48 41 42 50 46 45 46 48 51 64 75 71 85 86 70 76 81 90 60 62 74 61 69 64 62 51 33 72 59 63 87 58 77 75 83 87 78 77 67 85 92 79 85 63 55 68 65 58 52 62 80 64 62 66 60 70 77 77 64 58 79 141 178 173 167 143 77 61 92 124 145 126 106 123 141 158 179 158 135 118 76 47 52 52 51 46 46 50 48 47 43 46 47 41 41 45 44 44 39 38 39 36 34 34 33 41 44 45 
46 46 45 49 44 51 49 46 46 45 48 50 47 50 70 68 82 66 57 70 77 58 55 48 46 79 81 81 73 74 59 46 94 50 43 54 42 72 64 65 86 92 90 81 86 89 61 62 55 41 55 71 73 45 45 84 70 61 82 99 97 83 96 99 96 161 182 196 193 131 36 46 73 89 94 113 132 138 139 129 161 179 167 134 85 51 48 49 50 45 51 47 42 46 44 39 39 43 44 41 39 40 44 39 43 37 36 33 37 37 43 46 
48 52 50 48 49 44 50 43 48 49 48 43 48 49 52 66 71 87 94 83 82 81 50 46 72 55 78 91 87 64 65 79 54 70 56 71 58 46 71 58 48 99 108 99 116 97 84 69 66 71 65 59 78 79 53 51 68 65 72 80 79 75 71 63 88 184 204 188 180 195 136 100 91 97 108 116 160 194 191 186 189 178 179 155 79 47 46 43 45 49 47 46 52 41 42 41 38 40 36 42 41 37 34 33 38 47 41 41 37 40 36 38 
55 48 47 45 50 47 43 50 49 48 46 52 56 52 54 52 73 82 75 66 50 92 83 72 68 79 70 85 88 68 56 63 63 73 36 50 108 51 61 88 77 63 108 86 73 116 77 76 58 68 72 58 52 67 72 49 71 66 79 56 63 80 73 71 114 175 155 144 165 190 158 120 106 106 107 108 118 196 210 214 200 163 172 154 79 48 47 43 45 44 45 46 39 41 37 40 46 41 43 43 39 42 41 42 39 39 47 41 40 38 39 38 
45 48 44 50 47 51 49 47 50 45 45 51 52 50 52 53 68 76 86 63 45 83 77 69 94 80 77 45 62 81 61 44 44 82 75 42 35 79 20 35 103 67 36 108 72 50 87 58 64 53 75 85 68 69 69 79 70 87 93 102 86 60 59 104 165 190 180 174 169 176 160 138 114 105 100 92 93 139 153 164 188 198 207 131 54 48 50 48 45 47 39 38 39 40 44 42 37 40 40 39 41 33 39 40 39 44 43 48 45 43 44 46 
42 46 52 53 48 49 51 47 46 50 47 42 42 52 50 54 58 52 71 94 54 31 57 51 61 98 93 100 59 81 78 64 71 50 83 43 91 58 85 34 48 108 72 54 77 54 41 48 59 66 64 87 77 63 58 66 60 49 59 64 94 97 96 166 187 236 233 225 213 207 205 171 141 115 93 81 111 174 155 162 199 199 116 41 42 45 49 44 47 49 45 44 47 48 47 42 45 38 37 37 40 44 38 41 46 40 45 51 49 45 42 44 
51 47 54 46 54 50 48 47 49 51 55 52 51 46 50 51 48 63 50 84 109 75 45 55 65 79 81 72 83 40 102 87 61 113 116 118 87 105 71 90 76 80 88 44 77 102 84 93 63 56 72 80 95 74 76 73 80 79 64 49 30 72 171 189 83 123 202 201 199 190 197 215 213 199 183 176 196 211 205 205 152 66 31 44 51 46 46 47 44 43 44 45 44 40 37 36 36 44 42 38 40 38 42 41 41 45 41 41 48 43 41 41 
48 45 43 48 43 45 51 48 51 50 46 51 55 56 50 51 52 52 52 44 75 109 87 53 53 68 70 74 79 85 58 119 91 40 105 136 89 79 68 39 104 89 65 48 29 84 91 73 66 59 77 70 71 82 43 54 68 81 82 93 90 84 176 169 47 29 72 138 179 221 218 222 229 226 234 228 211 173 137 84 42 35 38 48 50 48 41 43 45 44 43 38 39 44 42 42 43 36 34 43 43 46 40 42 38 48 44 39 42 43 39 35 
46 51 51 48 52 53 48 53 50 49 49 49 48 47 49 50 53 51 54 49 38 47 100 86 64 47 75 74 112 95 90 95 126 98 56 70 83 65 55 64 33 79 62 72 104 57 49 69 86 73 43 48 36 60 86 72 67 61 52 64 68 74 101 202 182 151 170 157 138 70 57 39 59 66 39 30 15 17 16 30 45 44 54 49 45 40 43 43 44 49 39 45 47 41 42 45 37 36 41 36 35 38 42 36 39 39 41 48 43 39 36 38 
49 47 56 52 44 45 53 47 47 48 47 46 47 47 47 46 44 51 51 51 49 54 50 76 85 89 91 98 105 91 94 86 90 108 99 73 60 88 122 97 73 73 77 50 88 105 79 91 82 79 65 44 39 24 40 70 98 89 62 51 63 71 56 72 119 131 80 45 24 29 31 36 42 28 40 50 42 46 46 50 49 49 45 48 51 48 47 44 46 43 41 39 45 43 38 39 38 44 39 40 40 37 40 43 42 40 42 39 39 38 37 35 
49 48 47 44 55 49 44 50 51 48 50 48 47 48 49 46 48 45 49 47 52 46 55 44 49 55 63 74 77 97 87 89 88 87 107 114 101 68 96 103 109 63 70 64 73 94 95 67 59 41 49 56 53 49 39 33 44 66 76 73 67 67 55 36 30 30 47 51 55 53 50 51 45 46 38 44 46 43 47 44 50 49 51 46 45 46 46 49 43 39 44 45 44 44 45 42 48 43 41 42 43 46 35 40 44 47 45 42 43 44 44 51 
47 46 49 53 58 49 49 43 43 47 53 53 52 48 43 48 48 46 48 53 52 51 48 54 51 48 49 47 44 49 49 52 52 51 53 78 113 106 88 85 77 78 74 62 58 64 62 69 57 66 38 48 55 59 73 67 57 50 54 64 58 49 54 59 53 57 57 53 57 53 63 58 57 56 56 52 49 47 52 45 46 45 42 43 50 52 46 45 48 49 44 45 42 41 45 44 40 44 38 41 42 43 47 44 43 41 42 43 43 48 51 46 
46 46 46 47 44 50 48 53 51 49 47 44 46 49 54 54 52 53 51 49 48 49 49 51 52 52 53 57 53 51 57 52 51 56 58 45 54 63 65 83 76 75 77 61 57 60 51 45 64 59 72 56 61 63 60 65 57 58 59 53 52 55 52 52 59 53 54 57 55 57 49 56 57 48 47 49 50 53 52 46 43 50 51 51 48 45 51 46 47 46 45 42 43 39 42 42 45 40 46 41 45 41 43 43 40 41 36 39 42 46 48 50 
