10 121 122 121 121 120 122 123 122 120 122 116 120 120 123 120 123 120 119 125 121 121 124 125 124 123 122 122 120 122 115 120 122 123 128 124 112 90 89 100 107 125 122 121 122 119 119 119 121 121 119 112 113 116 112 112 114 115 116 113 117 116 116 115 113 116 117 117 113 114 114 116 117 115 111 112 113 114 117 116 109 113 116 112 113 111 110 112 111 114 112 114 109 110 109 107 110 109 106 106 107 103 103 102 99 102 100 97 98 95 98 98 
121 122 122 118 121 120 121 122 121 123 119 117 119 119 120 119 111 113 103 107 110 100 88 95 97 91 83 76 71 68 65 61 64 75 70 70 68 61 62 70 68 68 71 65 60 45 40 33 30 26 29 38 25 23 21 25 23 23 27 29 26 23 31 33 30 39 41 35 58 82 81 80 75 81 81 76 79 81 80 79 77 74 79 76 73 71 75 77 74 66 67 69 73 70 70 70 71 68 72 68 71 70 70 67 68 72 68 68 69 72 67 65 
119 121 121 121 123 122 120 120 121 121 122 121 124 121 110 99 109 106 107 108 96 92 90 97 88 77 72 61 57 59 57 69 69 63 58 61 53 60 65 62 49 49 52 58 49 32 33 37 34 32 34 43 37 26 19 13 14 16 20 26 28 28 26 34 34 28 33 26 30 55 64 74 74 80 79 76 76 76 81 76 77 75 74 74 73 72 69 73 72 69 69 75 74 74 71 70 71 72 71 71 69 68 68 72 69 67 67 67 68 67 69 73 
122 122 120 119 119 120 123 122 121 122 118 116 113 107 103 107 111 109 112 103 93 92 94 96 78 71 67 55 55 64 70 77 72 72 65 60 57 51 48 47 39 44 53 45 37 40 30 30 24 41 55 68 75 61 42 34 27 20 17 12 17 13 22 35 35 38 39 35 33 33 53 62 58 59 75 78 79 80 73 68 74 76 73 71 74 76 72 65 67 67 64 68 67 69 71 69 71 70 69 71 70 69 67 70 70 69 69 72 72 70 71 67 
120 123 121 121 120 124 123 121 117 118 121 114 103 103 105 103 102 112 104 94 95 81 95 87 77 62 60 60 56 53 59 68 67 70 78 68 70 57 52 41 36 43 33 30 30 36 40 51 56 60 60 47 45 57 56 61 70 83 83 76 68 53 39 27 25 27 42 41 36 38 47 58 62 62 63 60 59 62 76 74 73 71 72 69 67 67 79 74 61 64 68 70 71 72 74 74 74 72 73 73 75 75 72 74 68 69 69 69 69 66 71 68 
123 121 120 120 121 120 122 121 120 116 115 112 109 109 109 108 96 93 94 100 88 87 91 86 77 71 62 57 75 74 87 82 73 64 64 66 50 37 35 34 40 44 40 30 28 28 36 44 52 56 41 46 48 51 46 43 48 53 56 58 59 68 64 60 53 51 48 46 43 40 39 49 50 55 57 58 63 59 64 72 73 72 64 63 71 72 64 66 67 60 62 70 71 70 74 71 71 76 73 69 68 68 70 66 68 67 69 70 70 69 70 63 
119 124 124 125 122 126 125 119 117 118 115 117 106 106 107 104 99 99 98 96 95 98 90 83 72 79 72 85 81 73 69 72 64 67 56 44 39 44 42 33 33 29 31 24 24 18 26 37 51 57 55 49 54 54 52 51 45 52 53 51 59 55 48 48 58 61 68 51 41 39 36 39 50 61 61 66 69 60 54 61 59 60 60 63 68 61 63 61 54 58 63 63 63 71 70 72 73 69 70 70 69 71 69 69 66 71 73 72 71 71 70 73 
125 123 122 116 121 119 118 115 116 113 116 112 106 104 95 103 99 101 97 98 87 71 72 75 90 68 66 70 67 70 71 65 70 63 50 41 43 42 37 40 39 34 36 41 35 42 41 38 39 57 62 54 45 42 39 42 51 51 54 47 44 51 64 61 62 62 44 51 51 46 44 43 36 38 43 58 59 60 57 54 53 48 48 46 50 49 59 63 50 51 56 63 62 56 59 54 61 67 61 66 69 71 67 71 74 72 66 67 70 68 70 88 
120 120 120 123 122 123 126 119 120 113 114 104 96 98 93 104 105 104 101 81 80 80 92 89 64 57 59 62 67 75 70 64 50 39 34 37 29 23 30 36 38 39 37 32 44 42 39 29 33 54 57 51 46 37 38 33 34 47 41 36 40 43 47 47 42 41 46 38 41 54 51 41 46 52 46 42 44 46 43 48 40 40 47 47 49 52 49 55 54 53 55 48 46 43 48 50 48 56 66 65 65 66 75 68 70 71 69 72 70 74 73 105 
123 124 122 121 121 117 117 117 112 111 106 99 99 101 102 94 99 108 98 89 83 92 75 54 45 44 53 54 58 42 36 37 48 50 47 34 37 40 43 43 39 36 39 43 37 33 24 22 26 38 47 42 43 37 32 36 44 39 34 34 33 34 35 36 34 42 42 47 47 45 51 65 62 54 49 43 45 53 52 43 45 54 44 42 42 46 58 55 47 46 39 39 35 41 46 53 51 40 40 55 69 67 65 71 69 72 74 74 74 70 81 133 
122 120 123 121 120 121 119 116 113 111 104 99 105 96 94 96 97 101 97 93 92 61 44 32 45 60 70 74 73 81 81 77 66 57 53 52 53 57 62 61 59 57 52 59 66 47 40 31 30 38 43 43 44 33 44 49 46 44 42 39 38 35 38 44 53 48 46 44 43 39 53 61 58 66 58 57 48 45 47 52 43 38 43 41 47 51 36 38 39 43 45 44 42 36 42 45 38 47 48 42 41 52 61 70 72 71 73 69 72 72 99 133 
121 122 120 122 119 115 117 117 110 106 102 103 104 98 95 89 92 90 75 63 40 29 54 84 107 120 118 122 122 123 120 113 107 98 84 71 60 51 36 40 37 28 28 29 37 41 43 34 23 30 30 29 34 39 39 37 35 37 41 45 36 37 42 44 47 48 47 50 56 55 54 54 66 63 49 44 44 46 58 55 57 55 51 56 59 62 55 48 49 48 47 46 37 34 36 37 41 45 39 41 48 40 48 51 58 59 61 65 71 76 121 139 
125 126 124 121 120 115 114 109 101 101 105 105 97 91 96 83 81 69 32 26 55 100 127 134 138 137 135 135 134 135 130 127 122 113 113 101 92 87 85 76 72 73 72 54 34 25 9 9 25 31 56 81 88 96 93 89 94 96 87 75 81 68 63 52 44 43 35 37 47 49 63 62 62 55 49 51 49 64 67 68 58 58 57 51 57 56 68 71 47 43 39 32 34 41 38 37 40 32 28 41 46 50 49 43 55 59 53 52 52 69 120 137 
119 119 121 119 117 118 112 106 97 98 96 93 96 99 81 71 62 30 55 108 128 141 143 142 142 141 139 135 136 135 131 127 126 129 132 137 124 106 105 116 122 125 124 122 114 110 95 73 34 26 44 93 113 124 122 119 113 108 108 103 102 102 99 103 105 91 82 75 62 64 58 52 47 39 53 68 65 46 51 52 45 44 46 52 58 64 47 38 56 53 45 46 37 30 36 42 43 35 41 33 35 44 41 44 46 37 40 34 39 47 56 86 
121 120 119 113 112 113 106 105 104 95 96 93 95 91 75 61 41 63 115 136 141 142 144 145 147 144 142 136 136 132 133 129 128 123 121 128 133 126 112 112 117 118 124 127 126 129 128 118 111 64 37 45 64 107 119 124 121 117 111 113 111 110 110 107 104 99 102 100 96 89 82 76 69 80 92 90 77 61 55 40 44 42 48 45 46 54 40 57 59 54 49 63 59 35 37 38 47 41 36 41 50 53 56 46 37 46 42 40 38 45 46 55 
124 121 120 112 110 113 101 102 104 95 88 96 87 67 58 51 84 123 141 142 141 142 143 143 141 141 143 141 138 133 131 124 118 124 122 116 119 123 126 116 113 116 119 119 126 128 130 126 120 131 179 201 71 58 78 110 125 129 126 119 117 109 112 116 112 110 111 114 112 110 108 101 100 94 88 75 75 78 77 74 71 72 68 56 50 59 55 54 55 48 41 52 54 49 64 53 50 50 65 62 54 44 41 46 55 56 45 42 40 39 41 42 
120 121 118 117 112 100 106 107 108 94 89 94 78 75 54 88 123 133 133 139 137 140 140 141 136 140 147 149 145 146 145 143 140 134 133 127 125 123 122 122 122 119 122 123 119 121 113 115 119 148 223 235 142 118 109 92 96 117 132 144 137 129 123 118 117 118 123 118 111 113 107 96 103 107 104 89 84 93 100 101 83 65 48 48 56 55 45 44 48 52 50 51 45 32 30 44 41 37 18 29 39 32 35 40 40 34 46 50 54 48 39 37 
122 116 110 110 111 108 101 108 106 94 86 92 67 58 80 115 126 128 130 126 127 128 131 133 138 142 143 148 147 147 150 149 151 150 145 141 131 127 124 125 129 129 123 104 93 96 99 105 116 122 131 139 126 147 163 174 133 107 104 112 129 134 127 124 119 119 125 123 123 119 109 105 97 98 92 84 79 76 91 101 91 87 81 66 73 52 51 55 43 51 48 43 52 45 38 43 40 51 37 37 45 50 49 46 48 46 33 44 42 43 39 36 
123 119 109 115 110 99 99 108 106 87 91 75 55 81 117 126 127 132 130 132 133 139 140 139 139 136 131 135 137 141 146 151 151 152 141 136 138 137 135 143 142 124 104 96 94 105 118 120 117 105 82 70 77 84 89 112 132 146 155 135 97 102 126 121 119 123 133 133 131 136 127 113 105 98 95 90 93 100 94 88 79 75 67 49 49 50 63 58 57 51 43 44 35 32 59 71 71 66 67 56 53 47 48 42 37 33 30 37 41 32 39 37 
120 115 110 106 109 106 96 97 94 78 66 56 92 122 123 129 139 149 153 149 151 152 156 153 151 149 144 145 142 141 144 140 141 148 150 153 153 156 162 163 138 113 113 108 108 104 98 99 101 110 125 132 125 124 113 106 107 121 127 146 176 143 103 122 127 135 142 147 145 142 135 127 110 100 97 97 108 98 85 82 65 67 64 53 55 62 68 66 46 48 52 51 63 69 74 62 54 48 35 38 36 36 35 47 45 32 37 45 43 45 33 29 
116 118 113 109 109 112 93 89 85 74 68 89 114 120 127 144 153 157 157 157 158 158 161 156 157 162 162 162 163 154 153 149 151 159 163 162 164 166 170 163 140 126 123 106 110 111 114 114 104 99 101 96 111 131 136 143 137 122 124 122 139 213 150 106 130 135 149 160 156 147 139 133 125 112 101 105 107 102 91 87 83 83 84 73 66 75 60 51 62 69 62 70 54 49 60 63 56 55 62 61 46 44 42 36 36 43 40 40 35 37 33 26 
115 115 106 110 109 103 93 89 75 62 87 107 119 132 147 155 159 158 160 164 164 161 161 163 165 165 165 169 170 169 166 166 166 166 167 167 173 176 173 156 145 130 132 104 117 137 132 123 110 92 71 71 114 132 143 167 160 157 149 143 138 141 191 106 131 133 141 156 151 139 132 123 122 125 125 121 119 115 112 108 102 87 77 74 88 83 71 77 73 64 64 60 58 61 55 46 45 70 76 66 70 53 31 42 58 44 41 41 44 56 70 69 
117 116 115 111 100 100 88 64 71 94 111 119 131 144 156 164 163 166 168 167 164 158 163 164 167 172 170 170 169 174 174 174 177 176 177 181 182 183 171 148 138 120 123 97 145 153 146 129 100 69 50 79 120 141 136 149 168 175 174 161 156 144 187 150 119 120 137 142 150 157 139 133 131 123 126 123 115 122 119 109 91 82 94 95 96 84 87 69 55 64 69 57 40 42 57 67 69 46 45 41 46 57 75 82 59 51 59 55 53 33 62 50 
110 114 118 110 103 94 85 75 78 110 121 120 129 151 163 160 163 165 171 170 165 164 166 167 166 166 164 171 173 174 177 176 176 182 181 182 181 176 162 147 134 121 152 120 161 161 152 125 83 56 62 93 113 137 131 126 167 179 177 167 155 153 155 164 115 122 143 146 145 150 153 149 143 129 130 120 106 104 108 93 82 92 113 109 88 76 70 60 63 63 64 50 62 73 86 76 58 78 85 107 100 94 90 85 72 54 63 67 52 62 53 29 
112 114 110 104 96 87 74 71 98 112 111 125 148 162 168 165 168 171 167 171 167 165 166 168 164 163 167 168 173 173 171 177 182 181 180 182 187 182 172 148 133 112 191 155 171 166 158 122 66 64 77 110 121 145 147 135 161 175 181 170 159 156 167 183 122 128 148 150 149 154 152 151 148 134 113 110 117 125 105 98 108 115 110 96 77 66 73 79 73 74 76 83 84 91 97 106 134 113 91 99 63 70 63 52 63 76 56 49 63 72 60 51 
113 116 115 109 101 83 72 84 104 113 132 151 168 171 169 174 173 175 175 172 171 174 174 175 177 176 174 170 170 175 178 176 179 184 183 189 192 191 181 154 138 110 186 167 174 173 158 105 77 108 116 119 138 159 155 147 160 162 177 172 168 163 168 183 116 138 159 154 155 157 165 158 147 123 116 134 127 108 95 100 99 100 99 90 83 86 79 64 68 86 89 77 76 82 87 94 82 72 67 73 71 73 68 63 66 65 68 51 42 39 53 60 
125 120 113 102 103 93 82 95 115 141 154 165 166 171 176 182 181 177 176 176 177 174 170 174 178 174 174 167 166 168 167 168 173 180 183 186 189 190 183 148 136 106 180 178 183 177 154 82 60 78 108 126 141 164 151 151 163 161 175 169 164 165 168 183 109 136 155 152 156 163 162 155 141 120 134 132 113 106 102 95 104 106 100 85 80 82 77 67 84 84 72 73 81 86 94 77 90 75 60 66 63 62 67 76 73 66 58 71 67 70 72 44 
122 117 107 90 88 79 89 115 144 149 162 167 171 179 181 184 185 185 186 181 181 181 177 172 175 176 170 171 171 169 170 173 178 182 189 188 189 192 182 144 122 110 189 172 188 183 151 65 76 70 76 120 142 167 150 156 163 164 178 174 170 169 168 191 109 146 160 149 155 167 167 157 128 153 163 136 111 100 88 97 101 80 69 61 55 68 84 93 111 88 77 92 77 70 92 108 98 67 62 81 66 66 78 78 74 62 77 90 88 72 66 66 
112 111 102 87 81 85 108 133 147 155 165 172 177 182 187 186 184 187 186 184 182 183 183 182 180 178 173 177 175 175 167 169 176 178 179 182 184 189 181 147 120 106 174 156 182 178 152 61 41 59 81 136 155 167 143 168 161 162 174 174 178 175 173 193 110 144 165 163 167 165 163 141 141 167 157 131 107 103 112 103 84 74 55 60 65 73 93 92 68 65 87 78 86 91 97 86 78 89 110 96 89 88 85 69 76 86 72 61 48 51 61 56 
113 113 92 83 83 89 128 146 152 163 171 175 180 177 183 186 187 188 187 187 189 189 186 182 189 187 184 183 182 179 182 178 179 174 174 180 184 190 189 151 110 98 134 153 197 185 144 88 179 84 90 134 159 166 145 172 162 164 176 176 178 177 175 192 114 144 164 164 164 168 158 151 174 169 158 130 117 110 96 98 105 101 93 72 70 72 71 75 102 109 96 88 82 94 88 77 79 76 68 70 72 68 74 88 76 67 64 45 45 49 50 35 
116 112 87 79 86 107 135 153 164 169 174 174 180 183 188 192 193 190 190 191 191 190 191 193 191 191 189 188 188 187 188 188 186 179 178 180 179 186 186 156 99 91 135 145 196 185 138 63 90 82 99 139 152 154 156 180 163 166 179 177 178 175 182 196 129 149 166 169 169 167 156 158 176 172 153 132 125 109 106 116 108 90 75 74 62 64 73 84 93 89 79 92 78 84 71 79 69 55 58 56 64 75 76 66 54 41 45 52 65 58 61 61 
114 105 80 73 97 126 150 168 173 175 177 177 178 185 190 190 191 194 197 198 195 194 195 200 199 196 193 193 195 196 193 192 188 185 184 180 183 186 186 151 102 94 125 133 165 174 134 83 99 125 136 149 157 159 170 179 169 173 178 182 179 177 181 194 142 153 172 172 172 172 164 168 172 169 156 133 118 135 134 113 99 80 63 66 59 73 85 85 98 83 92 86 88 66 61 61 52 75 69 60 80 79 67 63 51 55 63 64 55 56 51 56 
105 95 81 88 114 138 166 168 171 178 179 178 178 186 192 196 195 198 199 200 199 197 198 199 197 196 193 194 195 194 193 193 194 190 188 184 187 189 187 146 99 88 116 117 152 160 127 93 146 165 140 149 155 159 183 181 170 180 184 186 183 179 183 190 139 154 174 166 162 165 168 171 177 165 149 118 129 137 118 110 99 83 69 66 68 78 81 95 91 82 89 86 62 49 48 54 64 57 67 84 94 80 65 68 86 93 106 94 92 63 66 59 
103 87 85 98 128 159 174 174 181 182 183 180 187 189 193 196 200 200 200 199 201 200 199 197 200 197 197 197 196 195 201 197 194 193 189 187 185 189 184 140 102 86 101 98 134 160 128 96 103 129 131 146 154 167 189 182 179 188 185 185 182 183 184 183 135 161 172 168 169 166 169 175 171 157 134 126 135 129 117 106 106 100 87 81 84 89 90 87 99 109 103 98 84 66 56 52 60 72 81 83 87 69 91 98 91 102 95 65 63 68 67 71 
97 93 88 110 147 175 176 173 178 183 185 187 186 188 190 196 202 205 202 200 199 199 196 198 197 198 196 197 199 199 198 199 198 193 190 186 183 182 180 149 102 83 92 74 93 125 123 91 101 110 122 145 156 176 185 187 181 184 182 184 188 190 189 183 147 163 169 172 169 167 177 177 167 146 125 141 137 134 125 102 83 74 79 85 89 95 106 114 108 93 112 87 75 63 63 60 64 65 71 82 104 121 116 105 83 80 58 60 62 62 60 56 
95 95 98 130 163 176 180 181 183 185 184 185 184 189 196 196 202 203 201 202 203 199 200 199 198 197 194 193 194 196 198 198 195 196 189 184 180 184 184 161 117 88 90 122 191 195 139 98 105 106 125 146 156 177 184 188 186 182 182 182 185 190 198 179 143 170 175 163 153 154 173 181 168 148 152 133 113 118 114 91 81 82 82 85 99 114 120 115 94 120 132 109 98 81 63 73 62 55 77 109 105 70 47 45 53 44 42 61 66 45 45 35 
100 97 112 147 169 178 175 183 186 185 185 185 187 189 194 200 200 203 204 201 199 201 200 201 200 199 197 194 196 196 198 201 201 200 194 190 185 183 185 177 139 96 93 173 220 214 177 123 113 114 128 147 159 177 192 188 184 184 179 176 178 178 190 170 167 175 152 112 101 122 159 176 165 154 143 115 108 114 110 100 89 81 98 106 113 116 121 119 138 142 114 91 89 66 66 74 73 102 102 88 82 82 73 75 75 88 96 74 72 78 69 43 
110 105 118 164 173 175 177 183 183 185 191 190 190 190 190 198 201 201 202 201 201 200 200 200 201 197 197 194 196 198 199 202 201 200 197 193 186 181 172 164 151 111 115 166 217 223 174 135 119 122 141 160 167 187 190 187 173 171 168 167 159 170 189 150 148 129 110 98 98 115 151 170 162 134 115 100 110 113 97 94 95 94 87 105 114 121 130 139 149 122 100 92 84 71 63 69 93 73 63 88 90 93 112 132 129 106 78 77 83 78 76 77 
108 109 131 163 171 174 179 181 182 186 187 188 188 188 190 193 199 200 202 201 199 200 200 200 200 199 197 197 196 196 201 201 201 201 199 195 191 183 176 162 154 125 113 139 218 191 140 132 144 149 154 161 170 184 184 176 158 156 152 140 163 196 149 112 113 134 143 136 120 104 117 162 170 146 123 116 113 111 115 89 86 88 91 114 119 129 141 134 122 118 129 113 90 75 69 87 81 54 63 78 84 94 107 101 91 89 98 106 90 73 74 76 
111 109 130 161 173 179 183 182 185 188 188 187 190 194 193 191 196 202 200 199 199 200 200 198 201 201 198 197 197 199 198 199 200 200 200 198 192 188 173 158 155 141 155 115 138 122 114 124 144 158 144 145 164 179 174 162 132 113 128 169 199 135 83 115 148 150 141 124 117 110 87 126 162 156 132 121 113 123 108 86 92 92 92 108 120 125 139 125 122 124 116 114 83 80 88 87 71 67 83 87 111 100 92 98 98 111 104 71 66 93 74 63 
113 116 139 164 173 176 182 184 184 185 187 187 190 193 196 196 196 197 201 198 198 199 201 201 200 198 198 197 196 195 200 200 200 200 200 198 194 191 182 163 156 134 201 138 116 106 109 107 121 127 129 151 163 145 126 115 135 188 209 172 120 106 137 157 159 147 127 105 98 104 103 114 144 132 115 108 117 111 95 101 86 75 84 103 131 121 121 114 114 118 121 104 90 85 74 66 63 76 77 103 125 126 109 92 78 65 71 88 85 74 60 57 
101 112 138 160 173 179 181 185 186 187 188 190 189 193 199 197 197 196 197 198 198 197 197 200 197 197 195 198 199 199 198 199 201 199 198 199 197 195 192 175 160 142 167 164 125 112 112 95 110 115 129 133 118 121 142 199 211 186 152 126 122 135 148 153 147 139 119 88 54 71 91 103 109 104 105 107 103 91 96 91 79 73 92 105 128 123 113 120 126 130 125 105 88 83 73 89 112 96 105 119 117 123 99 99 105 88 94 105 97 48 48 40 
98 109 135 162 174 185 185 185 185 188 192 191 193 192 196 196 195 195 199 198 198 201 197 198 198 198 198 197 199 200 200 200 200 202 200 199 198 198 196 189 173 158 134 151 127 109 96 74 94 111 132 125 117 132 180 172 134 118 125 123 126 136 145 147 145 138 118 66 25 56 83 92 99 95 100 94 82 91 98 90 83 84 106 120 148 143 126 130 124 123 120 112 89 77 74 89 101 110 124 113 92 87 118 103 98 97 54 33 45 75 76 63 
105 105 131 157 170 181 185 188 189 189 189 192 190 193 197 198 196 197 197 199 200 198 197 198 199 200 198 196 197 198 198 199 199 199 201 201 199 199 197 190 190 184 176 159 143 148 191 108 154 119 97 72 65 81 103 119 141 145 136 137 136 137 136 138 136 127 115 57 29 45 66 64 69 97 103 100 103 101 94 89 95 94 135 137 153 152 126 121 138 134 127 99 86 84 84 89 109 126 120 115 121 114 88 94 116 112 111 93 69 70 74 66 
104 100 122 151 176 181 183 186 185 185 188 190 191 193 195 198 199 199 200 200 202 201 202 201 199 199 195 197 197 197 199 200 200 197 196 197 194 192 190 187 185 184 166 157 158 161 164 123 175 94 79 101 134 155 168 166 164 157 154 160 166 164 157 147 131 111 101 60 43 61 62 72 101 109 113 125 115 114 117 114 96 88 135 149 157 156 133 132 127 124 120 104 87 77 93 110 120 104 100 105 92 101 111 101 97 98 106 99 88 78 74 52 
104 105 114 149 172 180 184 185 188 191 191 191 192 192 196 197 201 204 201 199 200 202 202 202 201 199 200 200 200 199 201 200 201 201 200 200 197 195 190 184 178 153 142 158 174 186 164 116 144 128 166 188 193 189 180 176 176 168 166 173 175 174 169 163 140 113 91 75 45 61 62 71 97 124 139 133 133 128 123 97 89 90 142 155 166 162 124 107 102 98 94 97 91 72 88 95 99 102 86 79 95 113 124 125 123 111 80 90 102 84 87 82 
99 105 113 149 169 176 182 182 184 187 190 190 192 193 193 192 193 198 200 200 199 199 200 201 202 201 198 199 197 197 195 198 200 201 200 200 201 197 196 183 177 178 167 155 164 187 186 139 145 175 197 201 198 198 189 189 184 187 187 185 188 187 180 173 159 132 108 102 83 61 66 69 83 115 112 112 112 110 100 93 107 113 152 159 172 164 134 128 121 118 113 78 70 72 89 105 108 108 100 95 127 120 100 86 85 71 85 86 88 80 76 81 
98 95 105 146 171 177 183 184 183 187 187 187 188 187 188 195 196 194 198 199 198 199 201 201 199 200 196 196 196 199 198 200 197 198 200 201 200 196 195 186 171 168 148 148 175 194 213 193 137 188 201 200 198 199 198 195 195 195 197 197 199 193 190 185 178 160 139 119 116 97 79 79 98 125 126 121 121 113 129 121 117 102 143 173 179 164 133 133 130 123 113 99 73 71 77 102 100 75 81 76 85 86 93 83 84 89 77 88 93 82 59 55 
95 86 99 144 172 177 181 184 184 186 189 192 193 191 193 193 194 196 193 195 198 198 197 196 201 201 199 199 200 201 202 201 199 197 196 198 199 201 196 190 169 155 149 166 184 192 210 204 126 183 198 201 199 199 196 196 195 196 197 198 199 199 196 194 187 172 154 139 122 108 87 94 114 117 121 118 115 109 119 116 110 97 147 176 185 165 123 119 112 111 112 98 74 70 79 89 86 99 122 134 110 90 68 82 99 84 77 63 92 107 97 101 
92 81 96 136 165 178 184 185 191 189 189 187 190 192 192 195 193 195 199 199 199 195 195 196 198 201 200 198 198 196 199 197 200 200 197 197 195 195 188 180 175 171 163 165 172 169 207 198 119 168 204 200 196 194 191 194 195 195 193 195 198 201 203 199 187 180 169 153 133 109 97 104 103 100 93 96 111 116 111 111 109 105 148 171 183 163 131 118 113 103 97 83 83 94 83 75 89 98 104 104 100 116 118 101 79 66 68 80 60 53 74 51 
93 81 87 126 156 176 180 185 186 188 190 189 188 193 195 193 195 195 197 198 198 194 193 194 197 200 198 197 197 196 198 200 201 202 202 197 200 196 187 178 180 182 167 148 141 135 206 193 107 106 144 192 205 202 197 193 196 195 194 193 194 195 200 196 182 173 165 147 134 118 106 113 109 106 117 116 109 97 103 103 100 89 143 169 173 167 141 132 124 108 105 103 86 91 81 77 73 87 84 75 83 82 54 59 76 96 118 100 94 84 89 69 
93 85 73 106 146 175 182 185 183 191 191 191 192 192 194 193 195 194 195 197 198 199 195 193 195 200 199 199 200 197 200 200 200 200 201 202 200 196 188 171 175 170 172 126 94 160 222 170 101 94 59 85 127 158 191 188 183 186 190 193 197 198 194 186 174 167 162 153 142 121 118 102 112 98 83 95 95 113 112 98 88 75 138 173 182 169 142 134 132 131 112 107 91 80 79 90 94 72 66 71 82 79 80 85 110 112 91 88 94 98 82 90 
90 80 68 83 131 163 176 181 184 185 188 192 191 191 190 193 194 195 199 198 197 195 195 197 196 196 197 198 197 201 200 200 202 202 203 200 198 188 176 168 158 144 134 102 106 119 127 130 155 162 147 132 151 152 122 150 168 177 182 187 189 191 187 174 162 155 151 132 83 112 111 97 91 103 108 94 92 83 94 97 91 77 120 146 160 167 137 120 121 109 121 114 100 81 91 88 97 104 100 104 98 91 93 98 86 58 42 61 72 59 70 33 
99 82 69 70 109 155 175 177 180 185 189 187 188 188 189 192 193 195 195 196 196 196 195 195 197 199 197 196 199 199 198 200 201 201 202 200 198 191 181 166 154 147 180 117 117 122 116 136 170 181 171 171 164 169 173 145 136 160 174 184 188 185 177 162 149 148 115 40 40 122 138 123 102 99 103 99 97 114 119 113 100 80 116 138 155 163 152 138 120 106 94 97 92 82 80 87 85 88 107 117 99 92 80 68 63 75 82 72 75 67 88 97 
105 91 72 61 81 130 169 181 183 188 187 188 190 188 193 194 197 199 198 196 198 198 195 194 198 197 195 196 199 199 199 200 198 201 200 200 197 192 182 166 142 145 181 128 119 126 129 131 167 177 173 171 182 181 171 178 165 125 142 167 170 173 166 158 153 141 92 18 59 145 139 148 128 84 76 90 106 109 104 90 99 105 112 134 156 156 147 145 143 131 118 100 105 82 94 93 107 105 85 89 115 108 103 95 105 114 113 100 80 87 74 72 
115 97 79 61 68 107 153 172 179 180 184 186 191 192 190 192 195 197 198 199 199 200 198 192 192 196 194 196 198 198 196 201 203 202 200 198 191 179 167 143 118 124 113 125 132 134 124 121 142 149 159 166 180 186 181 181 180 163 111 106 147 155 164 157 155 146 123 86 74 128 130 135 130 113 87 78 83 95 103 95 90 96 108 128 153 150 148 154 136 127 116 102 79 81 74 75 96 101 113 120 115 121 118 130 106 81 78 97 105 61 94 82 
108 103 86 63 68 85 138 165 176 182 183 186 189 191 191 189 190 194 197 197 198 199 195 196 191 195 198 196 195 197 201 201 200 200 199 196 190 171 151 127 110 123 105 119 135 138 119 118 128 132 150 159 175 190 187 185 180 178 171 106 79 104 133 163 161 156 143 126 113 110 125 142 133 131 113 90 86 87 91 87 95 106 115 129 153 145 140 140 150 136 119 90 70 54 63 79 89 87 77 83 125 115 103 81 87 90 103 105 102 115 98 97 
115 103 88 72 51 54 118 155 171 181 184 187 188 191 194 196 195 196 198 199 198 197 195 194 195 196 198 197 197 198 198 198 202 201 200 198 195 176 145 117 99 137 115 133 139 135 111 108 114 125 142 156 172 186 192 189 182 173 175 188 117 90 113 162 170 164 151 136 122 122 144 155 153 123 107 108 101 100 91 95 87 83 109 138 149 140 146 146 134 134 124 111 96 76 73 67 66 80 85 80 82 77 77 82 82 87 74 74 108 101 76 69 
112 104 96 89 62 43 69 133 165 175 183 186 189 192 191 191 193 193 196 198 197 197 196 194 195 194 195 194 199 199 200 200 199 199 196 196 195 182 135 105 83 132 123 143 144 126 103 101 106 125 144 154 165 176 176 190 187 181 177 179 196 110 108 155 174 168 160 150 153 165 170 166 159 165 135 100 85 81 92 96 103 94 110 130 146 143 135 140 152 145 128 106 91 84 75 66 71 60 68 82 80 76 82 85 90 87 96 119 122 94 95 64 
115 110 106 107 95 56 46 96 154 169 180 183 185 188 191 194 196 197 196 193 192 194 197 195 195 196 199 196 197 198 198 200 200 199 197 198 201 183 133 89 90 117 119 135 139 111 103 105 125 122 138 149 168 174 166 176 187 186 183 181 189 160 102 149 180 174 176 180 178 176 168 160 158 162 142 121 111 101 89 94 81 84 105 125 134 149 141 136 126 135 133 116 90 74 68 66 65 69 71 72 69 77 71 79 81 100 110 97 70 69 72 96 
113 108 106 96 94 77 49 57 126 162 177 182 185 190 191 192 193 193 196 197 199 196 196 197 193 196 196 196 197 198 199 199 198 200 199 194 201 189 140 93 101 121 165 165 133 89 106 156 165 141 141 145 168 183 159 163 184 182 183 187 190 186 111 144 184 184 177 181 182 184 180 179 159 143 134 112 113 115 98 94 99 95 116 128 137 143 138 137 144 135 114 96 97 75 68 63 59 45 56 52 59 51 58 71 78 92 84 74 71 68 56 47 
111 109 115 114 112 117 81 48 72 153 171 180 180 184 188 189 189 194 192 193 195 193 194 194 195 194 193 193 195 193 196 198 198 197 197 199 195 184 145 96 147 122 201 220 189 81 106 115 147 142 133 140 156 183 175 155 179 188 187 184 191 195 106 146 186 185 186 185 184 187 184 184 168 144 131 115 97 98 116 93 74 85 108 121 125 130 133 126 111 103 94 85 73 73 56 59 54 65 65 76 62 65 70 101 114 99 64 48 47 62 88 91 
112 116 119 128 123 117 114 79 47 104 159 171 179 182 187 187 189 189 190 188 190 190 189 191 190 190 192 190 190 192 192 197 198 195 195 197 198 176 146 103 151 141 205 211 205 97 80 86 85 136 143 137 145 178 178 152 164 185 187 187 189 195 109 138 181 179 182 185 184 181 189 186 177 153 124 120 107 99 94 97 89 92 95 114 128 126 122 111 106 92 87 80 87 67 67 68 59 52 60 67 81 85 81 60 65 63 88 96 110 104 96 73 
117 117 120 116 123 119 124 112 80 65 131 172 174 180 184 190 188 189 192 193 192 189 184 187 190 191 192 190 188 192 195 196 197 196 196 199 196 177 148 114 152 160 204 217 206 94 83 56 93 123 152 145 140 164 181 151 159 184 189 188 191 193 118 142 185 184 185 185 184 183 185 189 182 157 131 120 113 110 103 95 77 80 82 93 110 120 123 127 115 96 86 89 79 85 82 77 71 61 61 88 95 95 89 61 56 91 101 98 81 60 40 20 
117 117 115 118 118 117 121 119 114 98 95 140 171 177 179 182 187 188 188 191 194 190 188 188 191 188 188 191 191 191 191 194 196 196 196 197 193 165 131 118 138 165 188 196 182 87 146 122 83 125 152 157 138 153 189 156 162 185 188 190 188 192 130 140 182 187 186 185 183 175 176 183 180 165 140 127 126 113 92 85 82 73 66 71 95 104 95 78 91 98 95 76 76 69 73 74 89 71 69 69 78 74 62 73 89 91 100 84 81 60 66 73 
116 125 121 120 124 120 116 119 122 115 112 106 154 171 174 175 174 182 185 186 187 184 177 176 181 186 186 185 184 183 187 186 187 191 196 196 191 164 133 118 142 173 185 180 187 97 69 94 88 110 141 159 149 145 188 162 163 188 186 185 190 191 133 141 183 183 185 187 181 171 178 180 184 176 149 134 118 126 113 97 89 80 70 71 68 93 89 88 63 70 89 87 70 42 44 67 64 84 91 78 81 71 70 61 64 73 58 43 40 42 61 67 
113 115 117 115 114 117 123 120 119 119 117 105 90 155 172 171 176 179 189 187 186 186 183 181 183 185 184 182 182 183 185 190 191 195 200 201 200 175 139 130 143 168 194 180 180 111 78 83 113 150 159 164 156 142 176 157 162 187 195 192 188 189 133 146 183 186 187 188 185 171 168 178 176 184 152 130 121 111 118 102 99 89 91 80 75 64 76 73 65 52 39 64 71 70 58 64 63 41 46 54 53 70 66 70 79 63 61 78 71 76 60 51 
123 121 119 121 124 123 123 120 121 121 123 124 90 72 145 167 169 178 179 179 177 173 176 181 187 186 184 186 192 191 191 195 196 196 196 198 192 174 144 138 142 150 184 174 179 121 92 140 159 143 138 166 159 148 170 161 178 186 187 191 190 178 124 156 182 184 181 183 182 172 147 159 177 178 165 132 108 110 112 103 100 98 80 70 69 64 55 58 81 64 67 49 56 84 82 71 55 51 48 63 66 64 76 57 65 76 74 66 69 54 39 27 
124 123 124 121 121 120 119 121 122 120 121 120 117 69 68 152 162 165 175 175 177 178 178 179 180 186 190 186 185 191 190 190 191 194 195 193 184 167 141 136 135 138 187 171 173 134 77 108 139 128 137 162 154 145 163 164 184 190 185 184 188 169 119 159 187 186 183 182 179 177 167 133 156 182 168 153 110 101 107 110 105 100 94 80 79 74 66 50 51 67 47 60 69 37 43 69 86 64 61 58 61 71 94 89 60 34 42 34 31 56 39 37 
120 122 123 121 126 120 118 124 121 122 122 121 120 98 56 65 144 150 151 154 168 171 170 175 177 176 180 183 186 183 184 188 187 191 193 191 176 159 136 131 132 134 183 163 165 147 107 76 88 116 143 161 143 142 161 164 186 189 186 188 190 160 119 164 184 184 183 181 179 179 170 158 127 142 168 163 146 116 101 90 91 90 77 78 75 73 76 75 80 76 78 65 76 102 78 58 71 74 69 49 53 63 41 35 57 65 60 60 74 57 45 51 
124 123 124 122 122 124 122 120 121 122 124 121 121 108 86 43 62 138 154 150 142 149 159 163 167 166 167 170 176 176 176 181 185 188 191 191 188 165 136 128 137 131 181 168 150 152 107 93 52 100 144 147 133 150 154 169 180 187 187 186 190 140 123 167 174 178 175 176 178 170 163 163 156 139 133 143 136 136 132 120 110 108 101 100 83 66 62 66 69 73 80 103 79 88 90 80 71 61 78 91 89 70 90 93 64 59 66 65 55 52 68 47 
124 121 122 121 122 121 126 125 120 123 122 123 118 114 109 78 36 42 126 160 156 150 147 152 157 158 160 164 159 158 161 170 180 186 187 188 188 179 160 122 130 131 165 164 146 138 127 88 81 98 129 133 136 152 160 175 181 186 189 191 186 133 145 178 178 171 169 167 172 168 164 163 157 157 144 135 137 136 122 113 105 98 80 75 81 75 69 64 69 79 72 42 74 70 74 63 86 87 83 88 88 107 93 104 86 85 53 41 51 54 44 74 
120 123 121 122 123 119 123 123 123 124 123 124 125 116 118 100 83 52 22 63 138 166 162 155 149 157 159 156 154 156 165 161 159 163 179 188 190 179 153 135 115 118 139 166 174 148 135 125 102 101 107 113 130 153 169 168 182 181 179 176 173 119 158 179 180 179 175 172 173 173 165 162 150 145 129 128 127 120 118 103 96 69 76 78 75 68 80 87 67 55 70 82 48 59 57 71 68 67 69 79 71 32 43 48 66 54 54 57 58 35 41 56 
123 121 120 120 120 121 123 123 121 122 125 124 119 114 118 114 84 74 67 46 38 95 145 163 164 152 150 148 145 146 152 158 157 149 145 150 162 169 158 123 105 100 103 104 129 141 143 144 133 101 80 86 122 152 172 172 167 169 166 196 176 149 173 181 182 180 179 168 170 168 162 147 142 123 116 119 112 111 102 92 82 81 83 91 90 64 51 58 71 66 42 58 68 71 71 47 58 56 42 41 65 71 52 70 42 33 46 52 56 51 48 49 
124 123 121 123 123 122 123 121 125 124 123 122 124 116 110 122 98 82 73 73 71 42 51 94 140 157 156 151 143 142 139 142 142 139 136 137 137 136 141 135 111 109 96 72 56 74 88 66 65 79 109 133 142 161 176 180 180 175 180 183 153 177 178 172 175 171 169 169 160 149 146 148 130 123 125 124 116 107 93 75 78 81 86 81 71 73 73 52 48 53 71 62 65 51 46 64 56 58 66 59 45 63 66 62 67 83 77 71 61 49 49 51 
123 123 122 121 120 121 123 124 120 121 123 122 123 122 118 114 103 93 88 77 62 68 63 41 38 67 102 138 156 158 161 158 154 152 151 150 148 151 147 143 149 153 135 112 99 58 86 55 19 31 61 88 123 149 174 181 186 176 138 116 159 178 177 176 172 168 154 144 135 128 114 108 120 118 111 102 93 94 102 81 70 57 61 60 60 62 60 65 49 56 53 64 56 62 61 51 41 54 56 61 56 47 57 50 51 36 27 40 51 51 51 50 
123 122 122 123 123 122 124 123 125 122 122 122 122 126 120 117 102 90 97 94 82 78 81 79 72 59 56 50 57 81 92 109 123 124 118 114 115 112 117 129 136 135 126 107 100 116 129 100 75 61 74 84 83 100 134 147 130 121 139 170 175 169 169 162 155 158 152 141 128 120 127 125 120 101 95 83 75 62 65 63 70 65 54 46 51 45 53 55 56 52 52 61 57 52 55 49 42 39 43 61 53 47 43 50 46 50 52 46 54 38 43 61 
122 118 122 118 122 122 118 122 123 123 125 122 121 119 120 120 112 107 94 105 100 77 88 93 73 61 62 79 60 33 29 27 31 49 66 70 77 71 59 61 69 65 57 32 44 76 190 180 200 143 121 115 125 131 130 139 159 177 180 177 168 165 168 165 160 156 145 133 127 134 128 122 110 97 82 70 63 63 53 61 53 44 51 58 47 56 48 54 58 51 53 66 64 57 47 54 46 38 36 36 41 41 46 45 47 35 45 42 41 46 40 57 
120 122 124 126 122 123 123 123 123 121 122 122 121 121 121 120 113 106 111 98 110 104 89 73 60 47 44 52 82 81 56 55 63 52 36 44 42 51 54 46 37 33 24 23 29 72 164 139 151 90 56 66 68 93 109 119 122 136 146 149 148 145 136 133 132 125 124 122 116 104 91 83 77 82 85 69 69 62 62 58 45 50 42 53 49 48 49 44 48 43 44 40 42 50 61 49 46 53 40 38 46 62 58 50 48 46 38 43 33 34 43 71 
123 121 120 120 123 121 122 121 123 123 125 123 124 124 123 122 116 108 116 112 106 103 101 95 77 71 50 41 43 44 54 50 39 54 63 49 47 48 58 53 44 47 41 40 41 60 74 61 63 56 46 47 54 38 50 56 59 51 43 49 50 49 54 50 54 64 66 69 76 77 65 67 54 58 55 50 49 54 52 57 60 58 42 45 40 40 53 58 51 53 52 58 52 45 46 50 40 32 42 44 34 35 47 52 35 38 42 46 51 38 41 76 
121 123 124 121 122 124 123 121 121 123 121 123 124 123 123 120 116 109 112 114 111 108 101 108 105 85 76 62 48 33 26 40 41 20 17 22 25 30 31 47 45 44 50 58 57 51 27 29 33 49 64 84 69 62 57 53 53 65 78 60 57 53 51 52 42 41 46 40 55 62 63 60 61 54 62 75 57 56 53 48 53 51 43 48 38 42 45 41 56 66 57 50 55 55 40 51 50 56 45 43 40 32 40 58 46 33 46 57 49 50 56 64 
121 118 118 120 120 120 121 123 124 123 123 123 126 120 122 125 118 117 108 120 110 109 104 105 109 104 93 97 83 58 36 24 27 35 27 29 34 35 47 41 34 38 34 42 52 58 53 54 55 53 58 73 84 64 50 49 39 41 71 85 61 59 53 59 59 50 62 56 48 48 58 56 40 50 53 59 71 70 70 69 53 53 52 41 36 35 43 48 58 53 50 41 42 51 52 44 50 51 53 57 46 47 48 58 58 51 57 77 91 79 41 36 
122 122 122 119 122 124 121 122 119 120 122 121 122 125 120 122 120 116 108 112 114 107 108 103 106 107 92 83 85 87 62 32 19 25 45 41 28 23 32 29 37 33 39 41 48 62 61 60 56 57 53 56 59 49 44 53 51 50 47 64 74 63 54 62 69 74 72 83 74 75 72 82 80 71 63 61 57 59 56 56 57 47 57 72 81 79 75 57 53 58 55 68 51 50 59 53 54 64 56 67 61 60 60 65 70 52 57 65 85 107 80 66 
122 122 122 124 121 121 120 121 123 122 123 123 124 121 123 121 122 125 118 107 117 118 111 106 100 98 104 97 89 83 92 80 47 32 31 45 46 59 55 44 37 47 55 51 66 61 62 67 54 56 60 52 49 46 44 56 56 63 60 71 65 77 78 76 86 85 92 91 83 75 80 80 88 83 61 59 68 62 66 55 53 57 45 51 59 61 64 62 74 73 69 59 58 53 51 60 55 48 60 46 45 62 73 77 68 56 51 69 73 81 98 133 
120 119 119 119 122 120 122 121 120 122 122 123 120 124 122 121 122 118 127 120 105 113 117 119 113 105 106 106 100 100 96 96 100 85 76 74 76 82 91 78 53 42 59 65 70 81 66 74 54 49 48 53 47 55 62 58 64 68 67 68 86 98 91 99 97 87 90 94 103 91 82 77 70 86 82 57 73 76 65 60 55 50 56 65 70 68 73 74 83 93 64 56 56 56 69 77 64 71 72 74 70 65 64 85 79 71 58 51 77 112 129 146 
120 120 122 122 120 121 120 122 122 121 120 121 122 122 121 121 120 121 120 123 119 111 111 114 112 100 97 98 96 100 108 107 91 88 67 61 69 65 68 66 53 54 59 75 72 62 66 71 66 68 61 46 64 74 75 70 77 73 75 83 86 97 99 98 85 89 92 85 91 96 94 86 67 50 71 84 85 81 76 60 66 72 61 66 75 83 70 79 89 90 78 74 68 69 67 74 77 82 79 82 85 88 92 97 90 89 93 94 106 148 143 142 
119 117 121 122 121 123 124 120 122 122 125 124 123 125 123 122 122 124 124 123 123 122 118 118 122 120 117 114 111 105 92 90 95 87 85 53 46 43 38 29 32 59 84 93 78 69 70 75 79 81 87 84 81 77 81 82 83 85 90 102 91 106 104 94 105 99 100 102 91 105 98 90 100 101 96 93 98 89 58 50 61 67 65 85 87 86 94 82 101 101 81 100 100 91 91 91 99 102 95 95 91 88 91 93 95 96 99 99 99 136 154 157 
117 121 120 121 118 116 119 122 121 118 120 121 122 120 120 119 118 121 121 123 124 118 124 121 118 119 118 116 119 122 109 102 97 70 56 53 39 25 30 41 54 62 71 80 88 96 91 95 99 85 81 89 91 83 89 86 90 79 94 109 111 109 108 100 102 106 117 116 109 99 85 89 105 97 88 90 91 77 81 80 81 70 67 79 94 94 82 92 89 86 89 104 103 91 99 106 101 100 100 103 106 100 92 101 102 104 92 95 95 119 147 154 
123 121 121 121 122 124 121 119 123 124 123 121 124 125 121 122 120 120 121 121 122 124 122 122 118 117 117 112 110 107 112 112 80 56 51 36 29 41 59 60 81 98 103 103 109 116 116 99 98 90 85 83 98 102 98 107 106 105 106 107 112 106 108 110 115 116 112 113 111 94 99 98 109 104 98 93 83 97 96 87 91 90 85 98 95 102 103 101 105 101 104 99 105 108 107 103 104 108 108 103 104 100 99 106 100 99 97 95 97 105 142 148 
119 121 120 119 121 121 120 123 121 120 121 122 120 122 121 122 121 123 122 121 119 122 125 123 124 121 118 117 115 112 118 103 92 71 59 47 35 38 49 76 90 100 110 113 113 105 105 107 102 92 76 96 92 109 118 110 109 114 115 118 116 113 108 112 118 114 115 110 115 112 104 111 108 105 106 101 111 107 106 78 87 98 93 93 101 110 117 106 108 113 111 108 110 107 107 105 99 102 107 105 102 100 104 103 100 99 97 96 98 94 128 146 
120 121 119 121 119 119 123 118 122 121 121 124 123 122 121 121 123 122 125 122 125 121 123 125 123 124 123 123 124 115 113 104 91 85 66 39 29 41 65 97 113 118 120 114 117 121 117 116 117 114 101 105 127 121 112 117 116 115 117 115 115 115 117 111 118 115 111 113 112 112 107 110 115 110 105 113 108 102 93 91 93 85 101 105 112 114 110 111 113 112 111 103 106 107 107 106 107 105 98 102 102 105 100 98 103 101 102 101 98 99 109 150 
122 120 121 121 122 121 119 120 120 125 123 121 120 123 121 120 122 123 120 124 121 124 122 124 123 121 123 119 118 123 122 127 117 96 85 65 63 69 83 110 117 117 116 119 120 119 119 120 118 118 113 114 104 111 113 113 115 116 118 117 116 115 112 119 113 116 118 119 120 114 116 114 115 116 115 113 115 114 107 106 103 108 112 114 112 112 115 113 107 111 111 112 107 106 109 108 107 106 106 105 103 106 105 101 97 99 98 97 98 97 98 135 
