10 97 99 94 98 93 100 96 101 99 101 99 101 101 98 97 94 98 95 99 101 95 70 43 60 72 73 58 49 38 53 38 32 21 19 17 12 15 11 8 12 32 57 50 53 66 52 54 59 71 76 78 57 40 32 38 75 75 82 81 77 73 73 70 63 58 61 58 54 46 52 44 44 49 44 43 47 42 42 42 43 45 44 43 45 46 41 44 47 46 42 35 39 39 40 43 37 38 41 41 40 40 38 41 41 37 39 41 37 39 42 67 
104 106 105 107 104 100 107 102 103 104 104 108 105 104 102 107 103 108 107 102 99 105 106 105 102 110 93 38 22 27 31 30 25 21 24 29 18 22 24 27 32 42 26 32 37 31 34 43 30 23 46 81 104 114 137 127 133 108 98 77 84 81 86 81 72 78 78 86 76 83 85 96 97 96 95 100 95 95 97 92 93 101 95 95 96 94 91 93 93 92 91 92 94 92 95 91 93 89 91 87 90 87 85 87 118 143 130 106 142 152 144 115 
106 106 104 101 102 104 105 107 107 106 107 103 104 101 105 102 104 105 98 106 107 102 105 105 107 94 54 29 35 27 23 27 23 22 26 21 25 23 34 37 18 21 32 29 27 25 26 27 35 28 56 68 60 70 84 111 143 152 150 136 128 113 108 125 138 132 102 109 113 111 92 83 79 87 91 96 98 95 97 98 95 92 93 92 93 96 93 97 96 93 98 97 89 93 92 92 91 90 91 90 90 91 95 93 128 134 103 131 145 107 83 84 
107 102 104 106 105 104 104 102 103 100 103 107 106 109 106 103 108 104 106 101 101 105 106 105 82 49 44 44 36 23 21 23 30 30 17 17 21 35 25 16 28 28 24 29 29 26 26 22 26 28 38 82 89 72 61 80 108 119 135 146 137 151 161 169 188 205 185 144 159 136 149 148 134 107 95 96 95 97 91 94 95 97 98 91 94 96 97 94 95 94 95 94 100 91 91 92 91 93 92 89 88 89 85 103 126 134 113 104 80 93 107 128 
103 108 102 104 105 104 105 106 104 104 106 105 102 101 103 105 104 105 102 103 98 98 104 85 66 42 34 27 22 16 24 33 27 20 21 26 40 24 20 28 27 33 34 20 25 20 17 23 28 22 25 41 72 83 89 124 152 156 143 140 133 137 131 145 156 170 177 177 178 161 139 175 168 147 105 95 97 96 96 94 96 96 95 94 99 90 94 94 94 96 91 93 89 97 93 93 94 92 91 94 93 92 88 109 118 111 106 102 127 143 144 141 
106 103 106 105 102 105 105 105 104 106 105 106 110 107 105 105 106 106 112 111 113 104 87 67 51 37 34 27 22 34 39 30 23 23 30 40 25 18 17 23 30 23 24 32 30 24 27 24 29 33 35 45 35 45 63 81 96 113 129 116 126 120 103 87 118 131 154 180 182 190 174 168 170 153 126 93 97 97 99 96 96 97 95 95 93 99 96 94 94 91 94 92 95 88 89 94 94 90 89 87 88 86 99 96 97 116 137 151 156 159 158 158 
105 102 101 105 104 104 102 104 106 103 101 101 101 107 104 106 104 106 106 97 94 84 73 53 39 28 24 11 26 45 35 29 28 32 28 29 17 23 27 29 27 27 27 26 32 22 33 34 37 31 42 37 35 38 55 62 60 58 75 87 78 85 98 135 166 173 168 170 178 194 198 171 170 152 116 81 87 96 94 98 94 96 97 97 96 93 94 94 96 92 92 96 94 96 93 91 88 97 95 88 88 89 107 101 133 150 158 161 151 140 128 114 
102 109 108 102 104 105 107 103 106 105 111 106 103 103 103 107 105 87 57 52 55 48 39 35 29 28 21 32 45 40 37 26 25 19 34 32 17 22 26 28 27 24 25 25 25 32 32 27 26 34 38 47 48 49 59 55 73 69 62 57 62 89 124 150 151 144 136 127 122 126 121 123 120 118 111 90 95 93 97 91 97 97 97 94 95 98 96 94 95 96 93 94 96 95 95 94 96 94 91 92 84 86 136 158 158 150 135 121 108 111 106 113 
102 107 102 109 108 108 106 104 99 103 102 103 103 104 110 98 83 54 51 63 56 50 41 42 33 30 33 48 47 39 32 30 16 31 34 18 24 31 30 28 27 33 30 30 34 29 32 29 32 42 41 47 54 60 60 83 93 96 108 127 136 141 141 144 139 139 138 136 132 126 123 125 125 123 125 124 118 114 96 99 91 97 90 95 97 98 97 98 96 94 92 97 90 88 91 89 90 90 94 72 88 135 158 149 130 108 105 109 129 146 153 167 
110 107 108 101 103 103 104 105 108 103 104 108 110 110 95 83 62 53 60 55 45 51 44 37 32 30 32 32 33 34 23 16 30 36 34 22 28 27 28 29 35 34 36 35 38 41 37 44 39 41 44 54 72 95 117 121 138 152 158 151 152 150 148 146 148 147 147 146 143 143 135 130 125 124 125 125 125 129 125 119 110 97 102 89 94 94 95 95 94 96 94 91 94 97 96 93 91 88 83 134 164 155 131 123 132 145 161 175 176 173 168 151 
106 103 108 106 106 105 106 105 107 106 109 106 107 93 69 62 64 68 62 48 55 40 48 33 31 27 32 33 31 26 18 25 31 30 34 26 29 36 37 39 41 36 36 47 44 40 48 42 40 49 75 98 119 141 156 163 165 159 154 156 145 143 144 145 141 141 142 139 142 141 136 128 125 119 116 114 119 121 125 121 122 118 105 105 82 92 94 99 96 92 93 95 96 96 92 93 89 98 151 164 137 127 128 131 143 142 135 131 133 127 124 116 
106 109 103 104 107 105 103 102 102 103 104 99 70 53 48 53 48 42 51 50 48 44 28 22 25 29 26 22 19 23 19 22 34 41 38 42 48 52 58 62 62 65 66 59 55 60 50 59 69 95 124 144 153 160 159 164 159 162 157 155 158 153 146 147 146 141 142 143 141 146 144 150 141 140 132 127 123 115 116 122 123 122 124 116 118 96 92 90 95 101 94 96 92 92 93 90 106 163 159 125 114 102 77 55 18 0 4 4 2 3 18 43 
107 108 104 106 109 103 107 107 106 107 98 71 50 37 44 46 45 46 53 56 47 31 26 28 24 25 23 23 23 25 24 29 40 45 58 60 70 79 82 81 77 76 84 77 81 75 83 96 119 139 146 153 155 158 160 162 161 163 161 164 161 156 152 152 148 147 142 142 144 148 152 148 154 149 149 139 128 121 113 114 116 124 129 122 120 121 112 97 89 82 91 95 92 95 95 105 149 148 108 80 40 21 14 30 70 94 104 109 108 108 96 78 
106 104 107 107 103 109 105 104 102 98 73 47 40 45 42 41 50 54 48 43 41 32 29 28 31 30 33 24 26 22 19 35 56 65 76 87 97 106 106 100 102 107 111 105 109 117 125 138 140 148 153 158 160 164 161 155 150 160 157 161 161 154 164 159 158 157 158 159 160 157 142 147 152 151 148 148 144 134 127 122 120 115 121 133 127 121 132 131 116 112 97 94 94 89 100 130 145 101 78 72 92 112 141 153 152 149 150 152 151 153 157 159 
103 105 103 105 105 102 105 106 108 92 66 59 42 49 58 66 66 64 59 44 28 35 37 35 31 26 23 25 25 23 29 45 74 94 112 114 123 122 120 130 129 128 123 130 137 145 144 149 150 151 154 155 158 153 145 144 141 152 156 158 165 164 169 171 170 166 163 162 160 168 159 151 150 147 145 148 149 148 140 138 129 123 118 121 126 128 130 123 126 114 116 108 102 109 120 135 130 127 134 145 144 148 144 136 136 141 140 146 151 146 149 152 
109 108 111 110 107 107 107 104 103 94 74 65 62 75 77 82 77 61 51 33 42 49 37 36 26 25 20 18 22 27 34 58 97 124 125 138 139 144 145 147 153 154 155 149 152 150 154 154 156 145 144 143 146 138 131 132 138 143 153 165 175 175 173 175 171 173 167 168 168 161 165 158 158 156 157 155 155 153 155 146 141 136 130 131 126 123 125 132 127 126 124 123 124 110 105 111 132 136 137 138 142 137 134 138 140 136 140 140 137 149 148 147 
106 107 103 106 105 103 107 108 98 97 75 72 75 71 74 74 63 59 49 41 47 37 31 20 24 27 30 28 25 31 49 83 124 146 150 152 156 157 161 165 164 162 160 159 155 158 155 153 151 149 148 140 124 119 112 118 129 140 156 160 170 177 176 178 178 174 174 174 170 168 164 157 153 152 156 156 154 158 155 146 142 140 135 134 134 126 127 132 133 138 130 131 128 120 112 101 96 120 137 135 139 150 152 141 136 144 146 141 141 140 148 155 
106 107 108 107 103 106 110 91 82 72 58 71 64 53 60 59 57 56 41 47 50 35 21 22 25 25 22 32 38 52 78 124 150 159 158 163 161 169 172 171 172 167 169 167 163 160 164 159 169 168 141 128 123 124 119 117 116 126 135 147 165 176 185 176 184 183 182 175 166 164 169 167 163 153 159 160 160 153 158 155 147 142 137 131 130 134 129 129 135 136 136 132 125 123 128 121 106 85 97 130 130 130 141 147 139 137 138 146 146 143 136 137 
104 105 105 107 105 110 100 74 68 47 61 62 55 52 56 49 55 50 52 71 45 34 37 31 31 28 30 28 50 82 114 152 164 164 166 166 164 167 168 173 174 173 172 171 171 166 166 176 178 165 132 120 131 135 121 118 116 110 107 140 159 169 172 178 187 188 183 178 167 171 164 166 161 156 159 162 159 162 154 152 146 142 137 138 130 129 130 131 131 132 133 131 129 125 124 119 119 110 89 93 126 137 133 141 150 142 141 140 144 143 140 139 
107 103 105 104 104 101 62 43 59 69 63 53 51 65 55 56 52 37 60 57 49 40 35 35 32 31 37 48 64 89 140 165 165 169 170 174 178 175 175 178 181 176 176 177 176 178 181 183 185 169 145 131 127 135 128 112 105 89 112 160 166 163 164 177 183 188 192 184 182 178 171 171 168 168 166 164 161 163 155 155 152 145 145 144 140 140 141 138 136 137 137 134 135 133 127 116 113 107 101 79 78 112 123 122 141 147 140 144 140 140 142 136 
105 108 105 108 108 86 53 54 58 82 78 61 76 74 57 52 53 44 50 49 47 40 35 38 33 32 38 51 75 103 156 169 168 170 170 180 181 182 182 184 186 182 183 184 183 182 184 183 181 169 140 131 137 142 125 108 90 87 137 174 166 162 157 156 175 182 186 184 182 181 173 169 171 170 166 165 165 162 161 160 154 153 154 145 142 146 141 138 129 131 142 144 140 138 131 121 114 109 105 88 74 87 112 123 121 130 144 140 140 135 144 141 
103 106 108 103 102 73 51 51 80 94 84 75 99 79 61 56 50 48 53 50 34 34 32 25 31 31 28 41 76 121 170 178 176 175 180 184 187 186 187 186 183 186 186 185 184 187 187 180 172 147 127 131 139 144 122 94 71 98 151 167 169 164 160 156 158 173 181 185 184 181 175 179 173 176 172 171 169 168 162 160 155 150 144 147 146 143 141 135 127 137 149 147 138 134 133 127 118 112 107 97 81 63 78 103 106 112 124 138 134 132 132 136 
107 107 109 107 86 59 59 56 63 92 90 79 99 75 65 63 50 62 57 45 49 43 38 36 32 33 37 39 59 100 151 172 181 188 189 188 190 192 192 191 189 189 188 186 186 186 189 186 184 142 124 115 123 144 120 87 90 100 147 169 165 171 166 161 167 175 180 187 186 185 183 179 179 174 175 172 169 165 162 157 155 151 146 142 138 135 137 137 135 143 149 151 148 139 133 133 118 114 109 101 83 82 71 71 99 107 106 121 130 129 127 130 
106 108 108 88 68 74 65 68 69 83 96 77 69 83 89 77 63 66 54 56 36 29 31 38 40 46 72 63 54 77 137 181 186 185 189 193 193 192 189 190 190 192 192 192 192 189 188 186 184 165 135 115 117 136 117 85 72 100 150 173 167 165 167 169 169 172 178 183 183 185 181 180 181 180 180 173 164 166 154 151 152 147 144 137 137 137 136 137 137 141 145 152 145 137 129 123 122 119 113 106 100 79 69 66 66 93 105 107 119 125 121 129 
106 104 102 81 73 95 96 78 72 81 99 88 63 70 83 80 79 60 56 51 44 34 35 33 37 52 66 67 77 112 169 183 184 185 188 192 192 193 194 189 190 192 192 190 191 190 189 187 185 165 148 122 118 126 102 80 89 111 146 175 162 154 169 175 169 171 173 186 189 186 186 183 187 183 178 170 168 155 154 150 147 140 133 132 137 133 131 137 138 138 144 147 146 139 131 129 124 119 117 107 93 89 70 64 64 58 72 92 98 111 118 120 
105 104 95 79 82 93 102 90 67 53 85 88 68 69 66 90 86 77 70 50 37 27 23 27 41 56 49 70 91 151 180 185 185 187 192 192 194 194 193 194 192 192 192 192 194 192 191 190 184 167 141 119 115 121 101 83 97 136 164 178 169 159 165 177 168 182 185 188 192 186 187 187 186 182 177 171 165 160 151 142 140 142 131 134 129 132 128 128 141 145 142 144 143 139 137 133 128 123 119 120 117 102 84 64 65 63 68 78 89 98 109 112 
106 105 92 57 62 92 94 92 69 55 80 96 73 59 72 99 92 86 61 60 44 31 38 32 45 55 70 75 123 171 184 188 189 191 190 191 193 194 195 191 192 194 196 195 194 193 189 191 188 176 145 118 109 119 102 63 59 95 162 177 167 157 166 178 161 173 186 191 189 191 191 185 183 177 175 168 158 152 152 139 131 136 135 128 132 129 133 137 138 133 140 140 140 138 135 134 132 134 128 123 123 115 105 76 53 66 56 68 80 87 95 107 
106 107 83 58 55 87 94 101 87 80 84 114 74 64 95 111 88 70 58 59 50 38 25 35 47 55 69 109 156 181 190 190 191 189 191 193 192 193 192 193 193 196 195 194 196 193 191 187 185 161 135 104 107 116 89 41 47 86 138 172 161 159 176 172 168 184 185 192 192 193 190 185 179 175 170 164 160 146 137 144 135 131 133 134 129 130 133 134 128 125 132 141 139 137 140 144 143 130 129 130 131 125 115 99 70 56 60 59 66 72 75 92 
109 95 69 65 69 94 79 76 102 80 79 109 73 78 110 107 82 58 60 59 55 38 40 37 48 68 90 134 169 184 188 191 190 191 194 191 193 195 194 194 197 195 197 194 194 192 190 187 183 163 129 89 96 114 79 77 51 65 130 181 166 156 180 182 169 186 195 193 194 193 192 183 173 171 165 156 152 139 134 135 139 139 132 137 133 131 136 127 122 117 121 133 135 142 150 145 141 134 133 134 135 130 128 118 104 69 61 62 64 72 79 74 
102 70 60 70 75 87 82 75 103 90 82 102 80 90 107 97 76 56 54 61 57 42 37 40 54 73 106 159 184 186 191 192 194 194 195 197 195 196 197 195 196 191 190 195 192 189 190 185 178 157 124 98 101 112 77 53 48 56 121 173 156 163 190 179 164 184 195 194 192 192 190 186 180 172 162 146 143 131 128 138 147 150 148 143 137 134 132 120 108 105 123 132 146 151 144 150 148 141 145 142 137 136 133 125 116 99 68 57 57 70 72 78 
102 56 57 83 77 102 98 89 105 91 80 83 68 88 105 97 79 55 64 71 60 44 35 46 66 91 134 165 183 186 188 189 192 195 195 193 198 199 195 197 196 199 194 192 193 191 187 183 173 149 111 99 99 107 69 67 61 74 128 165 150 176 186 174 167 187 198 198 196 194 187 183 180 168 155 148 135 127 136 145 147 146 142 143 138 139 128 107 91 89 112 148 156 159 154 152 153 148 148 147 147 140 138 131 125 118 91 69 63 59 69 73 
94 43 59 92 99 109 93 89 104 96 76 81 64 70 95 93 91 73 67 79 68 46 46 63 70 105 141 166 180 187 190 194 194 195 196 198 198 196 197 197 197 197 195 190 184 186 182 181 175 148 108 86 90 108 82 48 60 90 152 162 147 179 171 154 174 192 195 197 192 190 187 182 179 162 140 128 124 129 145 160 155 142 140 138 138 131 114 94 81 80 124 156 164 156 152 157 157 150 141 147 155 149 143 145 137 124 106 78 59 62 68 77 
81 30 49 87 94 111 96 72 93 82 67 63 56 71 86 102 86 78 77 79 72 45 62 64 74 123 153 164 185 190 191 192 194 194 195 197 198 199 199 198 199 200 199 194 193 190 183 183 174 152 114 86 95 102 87 86 107 130 164 163 151 178 170 157 191 197 193 193 193 190 181 170 163 154 126 120 133 147 158 159 147 144 145 145 139 127 99 75 39 76 141 159 157 154 150 150 154 148 141 151 161 158 149 143 137 135 114 96 71 58 57 67 
80 59 55 89 103 104 87 87 96 79 64 66 53 66 83 102 90 77 69 76 74 58 55 63 88 135 148 157 187 192 194 196 195 196 195 198 197 198 196 197 198 200 199 195 192 188 183 179 170 154 106 80 89 105 95 96 116 127 156 162 155 175 160 164 192 195 194 194 194 190 184 164 149 132 123 135 153 160 168 157 155 145 142 138 126 116 87 49 25 59 134 159 158 151 142 141 145 145 146 152 174 163 153 158 144 135 126 108 83 69 54 60 
75 51 63 77 105 109 97 77 93 80 66 64 58 63 83 91 80 86 78 91 84 77 54 58 96 135 149 154 182 191 195 198 199 198 199 199 200 199 202 201 197 200 199 197 192 191 186 174 169 154 116 81 91 97 77 98 83 97 127 153 164 165 151 177 190 191 193 187 183 180 169 149 135 134 134 147 168 164 161 159 153 144 143 136 131 125 102 55 28 43 109 141 145 147 145 144 140 144 150 150 168 165 166 160 152 139 130 112 86 70 68 61 
77 50 61 67 94 98 104 73 73 82 56 50 56 62 90 89 78 96 97 106 90 69 55 77 107 141 148 149 177 194 200 199 200 201 199 199 201 202 201 201 199 198 198 197 195 189 186 179 173 159 121 81 87 104 85 91 76 69 125 158 168 158 161 188 193 192 190 185 180 175 151 138 130 130 130 148 169 170 163 158 149 151 144 140 132 121 90 42 24 53 100 136 145 137 139 139 135 144 154 157 163 166 166 159 152 144 127 119 91 67 67 61 
79 72 66 75 93 98 92 69 88 85 54 44 57 81 74 80 70 100 103 108 81 63 50 73 112 141 151 146 172 189 198 200 200 201 203 201 201 202 202 201 200 201 198 195 192 190 187 183 176 163 119 81 84 97 90 80 97 77 129 156 151 150 177 189 189 187 183 181 173 154 138 131 128 122 124 158 174 163 167 158 152 150 147 134 135 116 76 55 60 92 92 133 146 133 134 139 135 134 149 156 164 163 164 170 159 146 131 118 95 74 65 61 
70 68 64 76 94 96 85 72 79 78 69 60 64 83 81 82 86 98 103 105 93 49 55 84 113 136 142 149 171 190 199 200 199 198 199 201 199 199 200 201 199 197 200 196 194 193 184 180 169 163 127 90 86 97 95 86 106 91 117 147 150 166 183 184 179 176 173 166 158 145 151 161 156 135 110 131 174 163 152 160 148 144 154 147 134 96 61 61 48 77 81 126 149 138 134 132 123 121 147 156 166 161 169 174 165 152 132 115 100 83 69 72 
77 75 74 88 108 81 79 72 65 77 71 58 78 86 98 96 99 110 104 102 84 47 53 85 118 142 145 144 164 182 193 198 197 199 198 197 200 201 199 197 198 199 197 193 189 187 191 181 170 157 125 101 85 97 95 86 98 122 140 155 170 179 181 176 173 173 170 159 144 141 164 166 156 143 114 86 119 162 146 145 146 137 146 154 129 77 57 55 37 66 97 128 153 143 136 132 123 113 134 161 168 171 169 168 163 156 132 114 105 86 68 71 
73 78 77 84 103 87 72 63 47 53 77 56 68 95 104 100 99 111 98 109 70 50 59 90 118 145 138 139 159 176 190 197 199 197 199 201 199 201 200 199 198 199 197 194 194 188 186 182 176 161 137 106 89 93 95 88 90 96 135 157 171 174 171 177 172 176 167 148 145 153 161 165 156 137 110 88 74 140 152 152 150 151 147 151 114 70 69 85 74 105 131 139 156 155 134 129 120 111 133 155 166 171 168 163 159 148 144 117 102 91 74 69 
63 68 74 96 96 109 90 69 58 63 76 55 39 83 111 110 114 118 89 84 56 45 58 90 121 141 138 137 157 170 189 195 199 200 200 199 199 199 199 196 195 195 195 194 192 186 187 181 177 162 144 119 98 96 96 87 69 80 111 151 168 177 176 168 171 171 168 162 168 168 171 168 148 117 75 72 67 93 139 151 154 158 160 147 102 69 72 86 58 90 96 105 137 158 143 131 110 101 125 154 167 165 168 166 164 155 142 124 103 94 72 69 
78 71 83 95 101 97 100 85 79 69 70 74 45 76 106 112 100 102 85 79 51 51 58 77 115 138 134 135 151 175 187 197 199 200 199 197 199 197 196 196 194 195 197 192 188 191 186 185 177 170 149 127 109 101 100 98 100 116 144 160 169 176 171 168 169 168 175 174 175 176 178 170 143 116 57 54 62 75 122 154 160 154 172 150 101 68 88 117 73 64 105 129 132 164 153 136 114 93 108 149 161 170 171 172 164 157 138 129 113 89 73 69 
89 55 72 107 104 87 100 97 81 92 79 77 50 65 94 79 83 87 71 68 62 58 53 79 112 132 130 130 144 167 188 194 196 197 196 198 197 198 197 196 196 193 194 192 193 190 189 186 176 167 153 135 118 109 113 132 158 171 175 172 171 170 171 166 163 167 167 163 167 175 177 170 138 99 90 47 70 78 112 140 158 168 171 144 89 74 127 140 122 89 137 159 141 155 150 127 114 88 108 148 169 170 173 171 162 148 145 138 118 99 74 63 
93 79 82 104 111 91 84 85 87 103 93 103 72 74 101 97 91 77 54 57 55 63 54 72 108 119 122 132 144 167 190 197 197 199 197 196 196 197 196 195 194 189 192 191 188 189 185 188 180 169 154 146 129 127 144 166 181 176 177 173 168 169 168 170 171 171 171 172 174 173 171 176 163 113 102 73 69 72 102 128 159 173 175 132 86 72 103 132 130 64 122 121 129 152 153 135 113 85 101 141 165 168 164 165 168 160 143 131 112 95 79 65 
93 79 91 97 104 92 86 102 88 106 92 110 94 79 88 69 103 88 44 54 42 47 48 75 101 117 120 127 139 170 186 193 194 196 198 195 196 195 195 195 194 195 192 192 188 190 189 185 178 174 163 146 144 154 172 184 187 189 187 187 188 183 183 188 186 188 187 182 183 185 194 187 169 133 93 85 73 86 89 119 146 176 189 128 81 71 105 128 118 68 114 120 132 146 156 135 118 84 90 136 160 169 166 165 171 161 139 133 119 87 72 67 
88 75 101 103 101 110 110 125 84 114 102 109 105 77 85 74 100 97 42 44 49 43 45 62 92 110 123 129 147 169 183 190 197 198 195 197 194 194 195 194 191 190 195 192 192 192 191 185 179 172 159 155 157 163 179 193 197 198 198 197 194 199 197 198 198 198 200 203 201 204 211 193 160 120 98 89 63 80 95 105 129 160 184 144 78 64 83 100 90 74 141 161 145 144 152 136 123 89 88 129 160 166 169 173 162 162 150 138 120 93 78 67 
75 65 84 102 103 98 115 117 76 101 102 103 110 87 87 90 92 105 85 69 44 41 42 58 82 103 116 129 146 170 184 191 194 195 196 194 196 194 193 192 192 193 192 193 191 188 186 184 173 170 165 164 171 176 184 195 203 202 199 199 198 197 197 198 197 199 199 202 201 199 192 184 154 121 93 79 71 69 94 105 113 144 173 154 88 72 92 121 137 76 122 118 127 149 154 140 125 91 96 122 157 163 166 174 171 173 148 131 119 101 77 68 
75 69 85 98 91 82 110 113 97 96 93 103 107 90 102 101 103 101 85 75 51 46 33 49 84 101 113 120 147 172 177 190 191 194 194 195 194 194 193 193 194 191 193 189 188 188 185 181 175 173 170 171 180 183 188 195 201 197 197 194 195 194 194 192 192 188 188 195 194 191 184 172 157 119 89 77 76 85 88 97 106 123 158 134 82 77 109 132 139 76 97 92 121 151 160 140 124 99 90 118 157 164 166 169 168 167 151 135 113 98 77 70 
71 78 86 106 109 89 102 113 111 76 84 88 97 111 100 102 91 97 81 73 66 49 52 43 69 98 113 123 151 174 184 189 194 194 194 194 194 193 192 195 195 190 193 193 190 187 188 185 179 169 166 170 169 173 186 191 198 197 197 198 196 192 184 180 179 181 175 172 178 181 186 188 160 130 100 78 66 88 104 103 108 113 136 113 76 78 118 141 149 97 145 159 145 141 154 140 117 82 86 122 152 159 173 171 169 158 142 129 114 95 79 69 
78 82 87 104 101 92 91 107 103 86 70 70 89 108 89 89 81 92 84 68 68 60 37 43 58 88 102 122 152 173 184 190 196 197 198 198 197 194 194 195 193 192 194 193 186 185 187 186 179 171 168 165 165 168 178 189 197 194 194 195 191 177 167 164 166 162 156 144 143 150 163 167 157 119 101 73 73 101 99 102 112 123 119 103 72 67 103 143 151 99 116 109 125 151 152 133 114 84 94 115 156 166 161 166 167 170 137 121 102 95 77 68 
55 79 101 105 105 87 82 105 82 93 82 78 87 93 86 81 81 73 81 69 69 69 42 45 66 79 101 116 136 166 184 191 198 197 197 197 197 196 196 195 196 199 194 194 193 188 186 183 177 169 163 160 151 151 160 163 174 171 164 162 146 146 150 153 150 148 143 145 141 142 137 135 122 100 84 65 65 83 109 108 111 116 126 95 70 59 59 96 75 86 121 124 121 148 153 128 114 92 89 113 150 162 173 172 164 159 141 113 110 96 80 57 
62 79 89 103 112 95 80 93 79 79 86 97 80 87 91 71 74 68 74 76 69 77 47 48 59 74 96 114 133 154 176 190 192 194 196 194 196 197 197 193 197 195 191 189 190 190 190 185 184 170 161 148 140 130 138 150 149 145 146 148 144 144 141 142 139 140 144 141 146 156 162 147 120 105 74 54 56 89 100 107 111 114 126 102 71 74 105 127 112 110 140 155 131 143 146 130 112 91 99 121 155 162 165 157 157 150 126 121 105 94 79 69 
65 90 102 104 104 100 77 90 75 72 88 108 79 77 89 74 70 75 64 60 65 59 54 58 66 81 95 109 123 141 165 185 195 194 198 198 197 192 195 196 194 192 194 194 192 192 189 185 180 172 160 141 124 121 126 134 137 134 134 144 145 146 151 151 150 146 141 133 144 154 157 149 128 104 77 62 65 107 110 107 107 116 112 108 81 59 81 104 80 82 109 103 106 144 147 125 115 95 99 113 145 151 153 157 155 153 136 120 107 98 78 59 
65 69 88 99 96 99 79 90 81 75 84 103 96 80 93 73 73 68 72 62 64 63 57 53 61 73 88 103 121 134 150 179 192 195 192 194 194 192 193 195 193 195 192 191 190 189 189 185 176 161 153 131 110 104 111 116 118 115 111 118 134 140 139 140 142 145 142 127 123 134 148 138 121 116 102 79 88 115 112 111 108 110 117 112 91 57 56 83 86 103 143 131 105 132 130 120 107 98 108 124 143 155 158 157 149 142 135 115 103 86 71 68 
70 56 73 97 104 97 86 85 102 73 79 102 101 78 80 81 70 72 74 63 74 68 60 63 66 76 90 104 117 128 141 163 181 191 191 192 193 194 193 196 195 195 195 192 190 190 189 181 177 162 140 121 105 98 92 83 76 83 108 119 123 134 145 138 137 140 144 129 108 105 132 136 129 117 108 94 103 124 118 109 108 112 101 110 108 72 60 79 86 76 103 109 114 126 124 115 109 104 106 110 128 145 154 153 148 147 130 120 100 90 68 65 
83 65 69 86 105 88 89 75 90 74 90 89 94 82 66 74 54 64 67 56 67 61 62 64 70 79 90 99 126 128 137 156 178 186 191 192 192 192 193 194 198 193 189 193 193 191 187 184 180 165 142 118 98 91 90 77 79 90 122 140 134 148 152 151 146 143 142 142 129 110 108 124 136 127 111 100 117 124 119 116 111 108 105 95 103 86 56 53 61 64 98 87 108 127 120 114 112 106 109 118 132 151 154 153 158 136 126 114 99 82 65 74 
78 68 84 86 98 89 81 62 83 75 72 91 88 81 59 75 51 62 62 64 68 66 63 66 76 74 89 107 120 132 140 152 169 187 192 194 196 194 194 195 193 194 190 191 191 186 182 182 177 167 146 117 89 90 89 86 90 103 127 140 140 144 162 169 166 163 157 154 146 136 120 110 96 92 94 107 117 124 126 120 110 103 100 102 107 101 71 55 53 57 66 77 108 120 111 112 113 106 113 123 145 164 165 153 144 139 121 109 92 76 66 86 
80 63 80 91 98 100 95 72 70 83 73 83 89 79 59 71 58 56 55 65 69 57 67 67 70 80 91 106 119 133 145 148 162 176 192 189 193 193 194 195 193 194 192 191 188 186 175 175 174 165 134 110 88 86 91 84 91 105 91 140 145 153 155 175 169 172 172 172 163 165 149 138 126 128 124 125 128 122 117 113 112 109 113 112 110 105 80 45 29 21 38 81 106 109 109 116 112 110 120 130 146 162 164 150 146 134 114 96 87 73 78 96 
95 70 66 89 87 74 96 81 54 67 73 72 86 88 56 58 49 62 63 73 71 57 73 63 70 84 96 108 122 136 143 150 159 176 184 190 191 194 193 195 194 194 193 186 185 180 177 177 175 169 135 98 77 85 88 81 93 83 87 134 142 147 156 171 180 172 173 171 174 173 167 162 150 144 151 156 142 141 136 126 118 119 114 112 105 107 92 50 11 33 73 97 112 117 120 118 121 126 131 136 149 151 145 142 135 123 108 97 79 69 85 94 
101 87 88 89 83 87 71 96 83 66 59 71 82 72 62 62 50 46 66 70 57 49 63 74 74 94 99 114 115 138 150 155 153 169 184 191 191 191 192 193 192 193 192 191 188 182 176 176 180 171 143 102 73 82 89 77 92 82 89 122 143 165 170 167 176 184 181 183 185 176 174 172 161 153 151 160 161 152 143 145 131 121 115 110 113 105 96 67 37 49 99 119 124 122 128 126 130 127 131 143 146 146 144 134 121 114 98 86 70 77 95 95 
102 90 83 83 78 68 66 78 92 79 65 62 68 76 55 50 46 48 52 64 53 50 65 68 81 80 96 106 123 136 144 151 157 162 178 185 189 190 191 191 192 190 186 185 183 177 174 178 175 164 146 100 72 84 89 76 86 90 112 131 152 168 166 166 172 183 183 188 188 187 181 180 171 162 150 152 154 154 148 141 135 125 121 107 108 104 97 88 73 81 92 104 119 124 124 131 131 129 134 138 135 136 131 120 106 100 89 70 69 81 90 92 
99 79 72 79 81 73 77 60 78 84 75 51 64 71 74 47 35 46 50 55 45 55 71 77 77 77 94 108 118 134 147 150 153 158 167 184 186 187 189 188 191 188 186 185 180 171 173 180 172 163 139 100 69 90 78 83 95 119 127 139 145 165 170 172 168 180 188 184 187 189 182 177 173 168 160 148 149 153 150 146 132 123 119 115 113 109 100 90 87 90 103 106 120 128 130 126 128 126 124 122 131 123 111 108 103 93 70 73 81 92 89 92 
101 82 53 69 75 87 66 64 56 84 92 63 55 59 76 49 38 34 35 63 53 59 70 76 78 82 90 103 119 136 146 152 152 159 171 179 186 187 190 189 185 188 192 186 181 175 179 177 172 162 130 103 68 82 87 82 64 69 101 143 153 155 165 165 162 180 184 186 190 189 187 182 177 170 164 155 150 146 141 146 138 130 125 118 114 112 111 109 99 100 110 113 113 127 129 127 129 122 118 117 115 109 110 107 90 66 68 72 86 94 94 96 
101 94 72 57 63 76 72 68 51 52 79 82 42 48 55 57 39 41 37 54 46 48 60 67 65 76 90 100 120 132 144 149 149 148 152 171 183 185 186 189 184 186 183 186 184 178 180 175 170 158 140 112 70 86 98 75 39 63 77 128 156 157 165 148 155 171 182 183 182 184 181 178 179 170 164 161 150 142 140 137 135 132 131 128 119 114 120 120 109 103 111 118 122 124 121 118 123 120 118 116 114 111 105 93 74 69 71 77 90 94 92 99 
105 102 95 77 55 72 76 58 61 45 58 82 67 54 47 65 40 31 32 44 41 48 63 68 56 68 84 103 120 124 133 142 148 145 151 160 171 185 184 181 187 185 183 181 179 177 177 171 170 145 133 111 74 89 100 61 76 43 55 108 150 151 168 153 151 163 177 185 186 190 186 182 183 171 166 161 156 142 140 132 127 128 125 120 120 118 118 113 108 107 110 122 125 122 129 125 127 122 119 117 118 113 95 81 70 69 79 92 93 91 95 95 
102 99 98 97 75 60 70 76 57 47 36 69 73 52 48 46 50 30 37 49 42 50 58 57 51 67 85 101 111 123 133 144 145 145 150 159 166 175 185 189 185 185 186 183 183 179 179 173 165 152 138 112 76 91 109 66 44 34 54 98 151 151 166 164 158 159 174 186 189 189 188 182 179 169 162 158 155 149 140 133 124 126 124 123 121 119 116 111 114 118 124 126 136 133 136 132 127 116 114 112 107 93 80 72 74 72 87 89 85 94 97 93 
104 104 102 93 79 68 61 54 72 65 52 49 71 58 39 38 34 33 30 41 44 56 57 49 57 72 84 100 113 118 126 138 141 144 152 157 164 175 180 181 180 184 182 183 180 176 171 171 166 153 133 110 79 85 104 70 61 48 52 98 149 157 166 162 148 156 181 181 184 185 181 177 181 175 168 157 150 145 139 130 126 126 118 113 115 114 111 114 119 129 143 134 135 134 132 126 112 114 113 104 93 84 83 73 67 86 91 97 96 95 93 98 
104 104 95 100 77 55 71 61 44 46 60 69 65 71 49 33 41 38 45 37 35 46 49 42 54 63 84 97 108 120 125 132 138 141 145 151 157 163 170 179 179 176 177 175 175 173 169 166 169 157 129 116 87 93 111 75 51 49 70 119 148 151 158 149 149 147 154 177 181 188 180 178 176 168 154 149 150 146 135 130 126 126 122 117 120 119 121 122 126 138 134 137 140 127 123 116 115 105 101 101 90 87 71 69 83 89 88 88 91 94 92 90 
102 102 104 96 74 58 65 67 56 36 38 67 75 81 54 37 24 32 29 36 44 48 48 36 46 68 79 93 112 114 121 123 131 139 138 147 149 157 166 171 175 174 174 174 172 170 172 174 169 155 129 117 104 96 103 88 69 79 103 125 145 148 153 156 141 153 149 168 174 180 180 177 176 168 162 154 147 141 140 133 128 124 123 124 121 122 120 123 129 130 130 131 129 124 114 111 105 102 94 90 87 80 77 85 91 90 92 97 96 92 89 92 
99 102 104 101 73 48 50 62 61 57 48 55 80 87 68 37 32 31 34 31 31 42 40 31 37 63 79 87 100 111 120 132 132 140 142 143 149 151 158 166 168 168 167 165 166 166 170 172 169 156 138 123 108 102 105 98 81 105 118 119 138 141 146 147 142 151 159 176 182 181 179 176 170 163 154 146 144 136 132 128 122 124 121 125 121 121 122 123 121 125 113 122 115 113 111 104 103 99 91 90 78 73 84 95 95 93 95 88 89 88 93 96 
103 100 99 100 77 49 44 38 48 53 51 52 71 71 67 46 26 30 34 30 32 32 35 29 39 53 68 84 92 103 111 119 129 133 133 141 139 143 149 158 162 161 161 159 162 166 166 170 169 160 135 122 107 100 107 105 76 81 93 115 133 128 137 134 127 142 149 167 180 184 175 177 174 163 156 148 139 134 128 121 111 114 116 116 119 115 116 116 121 118 115 109 108 105 102 107 105 98 94 84 80 87 93 85 88 92 86 84 87 89 90 88 
103 104 100 104 91 55 55 48 38 40 33 43 51 74 66 63 39 27 32 29 29 31 32 23 28 37 55 74 92 99 105 115 126 132 133 138 143 142 148 150 150 156 153 159 158 159 157 160 158 155 141 127 110 101 112 108 77 75 78 107 119 127 135 131 132 141 152 161 176 181 174 164 161 160 150 144 133 130 123 116 117 115 113 109 110 111 112 106 106 106 108 107 108 108 111 100 96 94 88 84 83 89 85 90 92 85 87 87 92 92 96 100 
100 98 105 102 100 69 32 35 40 39 32 35 56 65 61 59 52 35 26 29 16 28 27 30 18 18 27 53 73 89 102 113 121 132 138 140 140 144 146 145 148 148 153 151 154 154 155 157 153 144 139 122 112 112 107 108 75 70 82 93 112 123 126 126 128 135 154 160 166 169 173 164 161 152 145 140 129 126 124 116 108 107 108 108 102 103 99 102 105 111 111 106 104 108 100 99 97 88 86 84 83 87 93 92 93 93 90 86 85 80 64 46 
106 99 97 96 92 88 58 28 32 35 28 25 38 51 60 50 43 44 29 26 31 29 29 25 22 13 16 22 51 77 88 99 115 119 128 133 137 135 135 141 140 146 146 146 147 145 143 144 144 139 129 119 109 111 111 108 91 48 76 90 111 123 125 125 131 143 155 166 167 165 163 161 151 145 137 128 128 121 117 111 105 104 103 103 111 108 116 113 110 110 108 108 104 101 105 104 86 81 71 68 73 66 47 30 34 37 44 43 37 25 19 23 
103 99 99 100 93 87 81 45 22 13 27 41 43 48 42 44 41 41 40 26 24 30 23 22 26 22 21 19 28 53 74 88 107 118 121 130 131 135 133 130 136 141 140 139 142 143 141 138 138 146 128 108 104 110 115 109 101 77 75 81 93 109 111 127 139 138 153 159 161 164 162 152 148 137 131 132 120 116 114 110 108 107 108 109 111 111 113 114 109 105 107 107 104 102 94 63 42 33 41 43 46 64 62 44 27 26 18 40 53 65 75 78 
100 99 95 95 98 87 71 39 38 47 52 58 51 46 40 47 38 29 34 32 30 18 24 18 17 23 21 14 15 29 43 63 77 95 113 115 120 119 123 127 121 124 120 126 127 124 121 124 127 137 125 103 97 85 97 101 102 99 83 89 91 108 119 126 136 140 143 153 154 151 150 144 137 135 131 122 120 112 108 106 104 101 100 106 105 107 106 100 103 103 104 103 96 75 45 34 32 33 32 42 52 58 67 81 75 60 49 27 21 32 42 47 
106 101 96 94 96 90 83 64 61 61 57 49 53 50 41 57 62 42 29 23 22 30 19 22 21 18 21 25 23 20 35 39 54 76 91 97 110 114 111 112 119 113 119 111 112 111 115 112 108 111 119 114 97 92 89 91 93 91 96 93 103 104 111 118 128 133 131 137 137 137 136 133 127 124 115 113 110 106 104 104 101 102 99 95 103 98 93 95 96 99 82 67 38 27 26 37 39 38 39 33 35 50 58 58 71 83 87 84 71 63 59 54 
99 100 100 93 100 101 98 89 74 58 69 62 56 44 43 50 57 57 34 23 25 21 29 19 17 18 18 18 20 24 24 32 39 40 57 81 89 95 106 109 109 111 108 112 113 109 111 103 101 100 95 96 96 88 82 73 83 96 100 105 106 112 118 113 120 121 128 129 132 131 135 128 124 116 112 107 113 107 104 104 99 96 97 94 91 92 99 103 90 60 39 22 31 39 42 38 38 39 41 41 42 36 43 61 56 62 70 82 88 94 93 96 
100 103 101 92 88 94 91 87 82 86 72 64 58 55 44 31 58 45 42 32 25 28 21 22 26 30 24 20 22 23 30 32 38 38 37 44 66 80 87 97 103 109 108 106 105 108 105 108 100 102 99 93 89 89 89 84 80 83 94 101 101 107 107 121 116 117 115 119 118 124 120 116 111 109 104 101 102 103 106 102 98 94 93 91 95 91 81 54 27 26 33 46 46 38 35 36 37 38 39 36 36 38 39 37 53 52 40 58 71 73 73 77 
102 100 100 97 85 84 84 89 85 74 73 68 56 40 40 42 42 60 43 37 39 31 24 27 23 24 25 25 32 30 35 35 37 33 42 39 30 36 60 71 74 84 90 95 93 98 101 98 109 103 104 100 100 99 98 100 93 96 97 103 104 105 106 106 111 112 113 109 110 106 109 107 107 105 100 101 103 96 92 87 84 87 94 97 81 65 38 36 40 43 40 36 32 42 40 40 41 41 36 38 39 36 38 37 32 39 52 33 26 33 58 61 
102 104 100 97 90 67 70 73 81 81 72 63 57 59 47 46 49 53 53 42 39 35 29 30 36 43 32 28 28 39 40 42 48 45 31 29 41 36 30 43 47 54 64 68 68 68 70 73 75 86 90 101 101 109 106 102 107 100 96 100 102 105 102 101 96 100 97 102 99 101 90 96 97 98 98 92 87 86 83 92 94 93 80 54 36 31 39 37 42 40 40 41 43 39 38 38 34 34 33 36 40 40 32 31 37 39 58 67 60 47 20 29 
99 99 101 99 100 98 89 73 70 62 53 56 63 57 46 51 55 49 42 40 45 34 32 34 39 35 38 43 43 39 48 44 42 40 45 37 28 35 33 29 30 31 35 39 36 32 34 26 32 25 33 47 72 85 97 105 105 107 108 108 106 106 99 101 101 95 94 92 96 97 97 98 95 92 85 87 85 94 94 85 69 51 35 37 36 41 40 41 34 38 37 38 37 37 42 38 38 39 44 33 35 36 40 36 36 35 44 53 62 68 82 75 
98 102 100 101 95 99 97 94 90 79 80 77 71 61 56 62 60 53 41 49 43 42 38 38 37 46 36 46 56 60 45 39 43 42 37 37 41 31 33 28 23 29 32 35 34 31 28 34 29 30 25 23 17 29 53 70 83 96 103 112 106 107 106 100 96 99 101 102 100 95 100 94 86 87 82 78 78 74 60 41 26 33 35 42 37 45 40 45 44 39 40 39 39 39 37 38 40 40 35 39 39 36 38 37 35 38 42 60 61 43 62 70 
102 97 98 99 104 96 101 96 94 94 87 66 60 51 45 52 47 55 56 45 50 50 52 54 52 45 45 36 53 57 57 48 39 40 41 49 43 42 37 38 35 26 24 30 33 40 39 25 27 23 30 24 33 29 20 32 37 37 42 55 64 77 86 103 105 103 99 91 91 89 81 78 78 84 86 88 91 80 57 42 47 45 42 41 43 39 35 34 36 39 38 39 36 38 39 38 35 41 36 37 38 41 39 36 34 38 31 47 68 74 57 68 
91 97 101 98 96 100 91 94 92 89 77 70 68 63 56 55 55 44 53 51 44 45 43 59 56 48 53 51 40 49 63 61 56 52 55 39 29 25 26 28 39 40 33 24 21 21 20 28 27 21 21 23 25 32 39 40 42 42 44 36 35 35 19 31 51 51 72 81 73 63 69 78 99 97 93 88 92 80 52 43 43 43 45 33 39 44 48 41 45 41 43 37 38 38 41 41 40 35 38 32 36 35 34 36 38 30 39 44 59 57 69 68 
102 102 99 97 99 92 97 83 86 89 89 76 65 61 61 51 57 48 46 62 53 47 48 46 53 44 32 51 44 33 35 42 53 51 32 28 30 23 22 21 23 33 38 43 42 39 32 23 25 20 20 21 20 21 30 41 36 39 36 36 25 22 37 59 61 63 51 52 49 63 80 89 93 92 96 97 79 62 47 40 41 43 38 43 42 39 39 37 35 40 38 40 46 42 36 37 36 41 41 39 40 38 39 43 39 44 36 38 58 59 52 70 
98 102 95 98 97 96 92 94 94 96 92 93 67 73 49 52 54 56 42 48 52 55 57 60 50 57 54 48 51 53 51 41 42 37 41 39 28 22 26 27 20 14 27 19 15 25 26 33 34 31 23 23 25 28 27 17 26 19 27 35 60 64 81 83 78 79 79 76 79 94 99 101 94 81 70 55 52 34 39 48 44 44 39 35 39 41 41 42 42 35 41 39 31 36 41 43 43 35 38 39 37 40 40 36 33 27 36 31 44 56 61 57 
102 98 100 102 101 102 100 95 98 97 95 86 84 69 59 41 54 49 52 48 51 48 44 43 55 56 49 45 32 33 33 43 35 37 30 27 29 28 22 19 24 22 20 25 33 25 23 17 15 21 27 21 23 23 19 27 19 38 48 73 71 89 90 90 93 88 93 93 94 70 50 34 39 33 36 39 36 46 41 39 38 35 47 45 41 40 40 36 37 40 36 41 44 42 40 35 37 40 40 38 38 35 34 37 39 39 35 39 45 66 62 53 
99 96 100 99 99 101 100 100 102 101 96 95 91 74 73 39 23 49 33 43 44 47 43 39 48 42 52 41 34 29 35 28 27 27 26 24 25 27 27 20 23 21 21 21 25 27 24 19 19 19 18 18 18 21 22 19 24 16 52 66 70 58 55 55 58 62 56 48 38 38 40 47 45 44 40 40 43 41 45 44 42 44 38 40 47 37 40 43 44 38 41 38 35 35 37 38 39 35 33 33 40 39 40 35 35 36 40 38 41 60 56 57 
96 101 101 99 97 99 94 97 91 98 101 95 94 89 85 89 74 37 42 29 49 58 51 54 43 48 39 41 42 34 18 24 24 28 32 25 27 24 22 22 27 27 30 21 21 24 26 30 25 21 21 27 24 23 21 20 29 53 74 78 72 71 65 66 59 51 54 53 50 52 47 40 43 45 42 47 44 43 48 39 40 42 44 39 42 42 46 42 40 43 38 39 43 42 40 40 41 40 45 45 40 38 38 42 36 38 34 36 37 60 60 66 
99 96 101 102 97 95 94 96 103 99 98 96 98 99 96 89 84 78 53 50 30 52 58 41 45 39 41 33 28 33 33 23 26 23 27 28 17 18 22 25 19 17 25 27 27 22 23 25 31 24 22 24 22 19 22 22 53 82 76 75 72 73 66 61 58 54 53 54 50 50 41 47 48 45 44 44 42 42 38 45 43 45 40 41 41 41 42 41 42 38 44 41 35 39 38 42 36 40 31 39 36 39 38 37 34 36 38 35 37 59 72 65 
100 100 95 98 104 102 98 100 98 98 96 98 96 94 101 101 97 99 94 67 44 20 38 38 28 32 45 34 34 31 36 34 28 29 20 25 28 28 21 22 21 15 16 20 17 23 24 22 22 34 27 21 20 18 25 54 80 82 77 75 71 64 67 68 67 61 53 47 51 47 51 45 45 44 45 42 42 41 44 40 37 39 43 44 39 40 38 35 38 40 39 40 42 42 39 39 43 35 42 38 38 36 35 37 40 38 35 36 35 52 63 59 
