10 109 105 103 106 105 106 106 107 108 107 104 103 104 106 99 103 105 109 106 102 79 44 50 50 39 40 33 20 18 26 29 26 18 26 20 9 12 22 36 49 56 88 106 108 103 98 98 81 83 93 95 96 96 83 89 86 81 89 83 85 84 81 80 79 79 79 80 77 78 79 75 79 78 83 75 77 78 80 80 79 77 75 80 78 78 74 74 77 74 75 78 74 75 76 80 75 72 75 73 72 73 75 75 72 74 70 70 71 73 68 71 
109 113 111 114 113 113 110 113 110 109 115 112 110 113 111 113 107 109 113 113 111 114 109 110 107 107 103 102 96 96 92 90 89 89 84 82 80 75 81 80 79 77 78 80 76 80 79 79 78 80 78 76 78 76 75 77 78 76 81 76 78 81 75 77 79 79 77 75 79 80 75 72 77 78 73 80 75 72 72 75 70 74 73 70 73 76 70 73 74 67 71 73 71 69 69 72 71 72 72 70 68 63 67 70 70 66 82 116 118 120 101 80 
112 112 112 110 111 111 110 112 113 112 110 110 113 112 113 111 115 113 110 114 115 109 108 106 104 106 108 104 103 99 92 92 85 86 86 81 84 81 74 76 80 78 76 74 76 74 77 76 78 75 74 76 75 76 75 74 74 74 76 77 76 75 75 78 74 73 74 77 69 74 78 79 72 75 76 75 74 79 78 73 73 77 77 76 75 75 74 73 72 75 76 69 71 74 70 69 69 70 71 69 69 72 69 68 64 73 88 102 94 84 90 108 
114 112 112 113 112 113 115 113 110 112 111 113 109 110 110 114 109 112 112 108 111 109 111 106 112 114 110 100 93 87 87 88 91 85 87 88 81 88 88 82 84 86 84 82 82 77 78 77 76 79 80 74 76 76 78 80 75 77 73 69 59 60 67 60 61 61 66 59 64 63 67 73 80 78 76 76 74 71 70 73 75 73 76 73 74 72 74 72 72 74 67 77 74 71 76 76 69 71 68 70 71 70 70 70 70 74 68 90 101 113 123 124 
109 111 111 107 111 111 110 111 110 111 111 111 111 112 113 111 112 111 109 114 113 108 110 115 109 85 52 36 39 34 36 38 47 66 65 67 73 60 50 41 32 32 51 71 78 79 78 80 79 73 78 77 75 76 76 74 76 69 66 76 86 82 74 103 123 108 117 132 124 108 80 69 67 63 68 68 73 72 76 76 75 76 75 75 75 76 73 71 74 75 75 70 73 71 67 71 72 72 71 68 67 68 66 62 68 100 115 123 137 148 152 151 
110 112 111 113 113 112 114 114 112 110 112 112 116 113 110 114 108 109 110 108 111 112 113 98 73 35 28 23 23 25 21 25 29 31 28 30 36 35 28 28 25 24 21 24 31 42 74 87 87 89 87 85 82 78 77 80 80 91 122 139 157 156 130 135 136 129 112 117 115 112 99 92 88 84 85 76 75 70 67 64 64 72 69 75 74 75 75 72 71 70 74 74 72 75 74 70 72 69 70 71 69 59 53 67 116 140 140 138 140 123 117 107 
112 112 114 113 110 113 110 108 111 114 112 112 111 112 112 108 112 112 112 112 110 108 74 40 24 25 23 31 36 26 24 30 36 23 18 24 32 27 32 39 31 27 28 35 35 45 67 69 66 59 75 76 64 54 55 74 82 112 117 123 120 119 123 115 115 113 115 107 102 100 104 99 100 105 97 101 97 96 90 86 84 65 70 63 63 67 70 72 76 74 74 70 74 71 71 70 70 70 70 62 59 75 106 131 127 114 103 94 100 106 124 132 
110 110 112 115 114 112 113 114 113 108 110 112 113 111 109 111 110 109 110 111 118 86 36 25 20 21 34 29 18 25 42 43 26 22 29 29 26 26 26 24 29 31 35 33 36 36 45 44 37 41 42 47 60 81 105 120 128 120 123 118 123 120 114 117 112 119 116 126 127 126 128 127 124 116 115 103 102 98 100 106 103 105 96 99 92 79 67 68 66 65 67 72 76 74 74 70 71 69 60 70 110 135 128 109 102 103 114 124 143 160 169 176 
113 114 112 111 110 112 113 111 110 113 112 111 111 113 112 112 114 114 116 116 90 42 28 25 23 40 29 26 30 30 34 18 15 22 27 28 29 29 30 34 31 36 33 35 37 42 42 37 44 67 89 114 135 142 138 138 132 132 129 125 118 121 123 117 124 123 131 127 123 132 139 137 139 139 139 138 129 130 127 118 111 108 109 104 107 108 110 100 90 80 72 63 60 66 68 74 68 66 95 130 129 105 95 103 98 101 103 107 109 114 128 128 
112 112 111 114 114 111 111 109 115 114 111 113 109 109 111 116 119 114 103 73 34 23 23 22 35 40 29 26 22 27 29 21 24 26 27 25 27 33 30 29 31 34 42 41 35 32 37 48 85 115 136 141 140 137 141 138 140 139 129 138 138 137 141 138 138 140 140 143 143 141 145 144 145 150 148 150 152 148 141 142 134 127 125 117 112 110 112 107 111 109 102 97 83 76 70 64 69 91 128 126 102 86 76 50 32 19 18 11 15 16 23 27 
115 114 113 113 110 109 111 113 113 110 112 112 113 119 119 114 85 74 53 27 20 21 19 31 37 28 25 21 21 25 24 22 26 31 28 30 30 26 34 37 43 35 30 23 31 49 86 118 133 144 143 133 124 125 131 132 138 146 150 153 158 161 162 157 155 158 156 151 149 144 143 150 155 156 160 160 162 161 156 152 145 144 135 133 124 124 116 120 113 111 110 101 103 94 85 77 98 133 111 65 36 17 6 20 38 53 70 79 82 75 71 59 
111 111 111 110 111 113 113 111 111 113 112 114 116 106 92 66 50 41 45 43 39 35 36 40 34 28 24 20 24 31 33 25 26 25 31 33 39 36 36 44 38 42 42 62 78 106 126 130 128 126 119 110 111 116 122 140 155 165 171 172 173 173 173 176 173 169 161 154 156 156 157 148 154 159 162 161 160 162 160 153 149 144 143 132 136 127 121 120 119 116 115 115 105 103 90 85 86 98 90 71 78 85 101 116 119 120 121 121 122 123 123 128 
114 111 112 112 110 111 111 112 111 111 115 114 90 57 49 43 45 48 38 30 29 29 29 27 22 23 19 21 32 25 30 29 33 33 43 54 53 64 80 77 86 98 112 121 128 125 117 117 113 104 101 97 96 102 112 128 147 161 171 183 185 183 186 183 181 170 158 154 158 157 154 151 147 158 158 157 157 155 159 158 152 154 150 144 140 141 136 125 124 134 129 122 120 112 104 93 88 75 83 118 130 126 120 123 116 119 119 119 121 124 125 126 
109 115 112 112 113 111 111 115 118 117 109 79 50 44 40 42 42 30 25 24 22 26 26 22 22 16 20 23 29 34 36 44 55 75 86 92 104 110 118 118 125 128 133 130 131 134 137 126 105 105 108 111 102 99 103 107 120 141 149 162 175 185 191 190 191 184 174 168 161 155 163 160 161 157 161 162 159 160 161 159 161 159 160 154 151 148 142 131 130 137 137 132 121 115 110 101 94 89 76 70 102 117 119 113 117 119 122 120 118 117 120 123 
112 112 113 112 115 114 115 122 113 90 57 41 32 39 45 39 35 31 29 30 33 32 31 26 23 19 18 27 37 40 56 75 94 103 119 128 135 144 143 144 139 139 134 139 145 154 160 138 118 111 115 121 108 99 98 100 122 149 155 150 153 167 178 181 183 178 176 169 164 161 160 165 166 161 161 164 165 166 170 166 167 166 163 159 155 148 142 138 130 135 136 136 127 120 114 106 100 96 91 76 68 92 113 118 116 112 117 124 122 115 113 116 
112 112 111 110 111 114 112 86 55 35 38 41 41 41 38 40 30 33 35 31 33 25 24 23 23 25 26 24 43 77 98 118 132 143 147 151 153 152 155 152 159 156 158 160 165 169 155 133 113 118 124 136 116 90 75 106 141 160 159 158 155 154 164 169 171 179 180 175 170 170 168 169 168 171 172 173 173 167 168 166 165 163 159 154 148 141 137 136 130 130 131 136 133 125 121 115 109 109 101 93 74 61 81 109 108 116 115 114 116 119 122 120 
114 113 115 114 116 114 91 48 32 35 38 49 50 52 51 37 32 34 34 32 23 21 23 22 16 20 24 36 69 104 125 134 141 148 157 156 158 164 161 164 165 168 167 172 172 166 153 123 108 108 122 139 123 85 79 98 133 159 165 168 174 164 169 176 175 175 175 177 179 174 174 178 177 180 176 170 171 171 167 170 165 159 157 152 145 141 136 138 142 139 138 140 133 130 123 120 117 117 115 118 106 92 64 74 101 106 111 109 106 115 114 117 
112 111 111 112 113 93 53 43 37 48 53 57 54 46 38 32 39 37 25 18 20 22 24 20 21 21 25 55 102 132 140 149 157 164 163 165 169 171 171 172 174 174 178 176 176 170 170 146 126 115 112 142 132 95 97 103 133 160 168 166 178 176 179 179 175 172 184 179 181 180 182 186 184 184 180 179 172 169 168 161 166 164 157 151 145 147 150 149 140 139 149 147 142 141 129 123 124 126 127 127 122 113 102 83 69 87 99 102 104 105 108 110 
112 114 112 112 113 79 54 46 50 49 44 49 43 40 39 45 44 34 31 33 35 38 27 27 26 32 58 89 126 135 146 156 166 174 179 178 178 181 177 178 180 178 179 181 181 176 175 160 138 123 121 140 131 98 85 98 144 161 172 157 176 179 180 179 179 174 182 186 184 187 185 188 186 183 182 173 174 177 173 167 156 159 154 151 150 156 155 146 145 138 139 146 145 148 140 132 123 128 130 134 131 124 112 109 86 72 83 95 94 97 101 107 
114 114 113 113 106 70 46 53 45 44 40 40 44 43 30 36 40 39 43 39 38 33 36 37 38 61 76 117 141 151 165 172 180 182 182 183 183 182 180 184 183 182 186 184 187 189 181 171 149 130 123 133 143 94 62 76 140 156 172 162 180 179 179 171 172 182 181 185 185 188 187 182 185 181 181 179 171 170 171 174 173 166 154 163 162 157 160 149 138 139 148 152 145 141 144 136 130 130 135 139 138 138 132 125 111 88 65 68 85 91 95 103 
110 112 112 112 95 48 41 39 45 42 47 42 39 43 38 42 42 37 34 29 27 34 31 30 42 60 93 140 160 169 178 184 186 187 190 188 187 185 184 187 188 184 188 188 189 189 189 177 160 129 117 129 143 92 57 78 109 159 164 163 183 184 180 177 178 180 189 189 191 190 190 184 180 183 175 177 178 172 174 172 174 173 176 172 168 165 159 140 126 136 158 165 157 145 142 144 141 137 135 141 146 146 145 137 132 110 87 66 66 82 87 92 
115 112 115 111 66 51 47 48 39 53 47 40 47 39 39 46 39 42 40 38 37 32 35 33 35 51 92 134 164 175 181 184 188 189 187 188 189 186 188 186 189 192 193 192 190 189 188 176 153 127 102 120 142 72 24 62 99 163 162 166 178 189 184 178 179 186 192 191 191 191 190 185 185 183 178 171 169 170 179 180 177 172 168 168 162 163 154 129 109 136 173 179 165 164 156 146 135 132 145 149 149 154 149 139 132 125 111 84 57 63 72 79 
114 116 114 78 53 52 59 48 55 64 55 52 46 42 52 45 41 39 32 30 33 30 37 57 64 72 99 131 167 177 180 184 189 190 191 191 191 190 188 193 193 193 192 193 190 188 186 179 156 127 97 112 135 100 48 72 107 174 160 166 182 189 182 169 175 186 191 193 193 192 190 190 187 184 178 177 177 178 179 185 177 166 166 164 166 150 134 100 86 141 171 168 166 158 152 153 142 139 153 158 154 154 151 149 138 129 110 87 73 61 64 72 
112 113 80 39 52 71 68 55 52 67 60 65 58 51 47 45 52 39 33 29 27 27 44 70 85 102 119 157 174 178 181 185 190 193 191 192 193 193 197 194 190 196 194 190 192 190 186 179 151 121 102 106 128 114 99 89 145 182 159 164 184 187 182 175 179 191 194 196 194 192 187 185 190 185 173 173 177 179 183 185 173 167 165 158 153 147 131 91 73 151 174 164 161 161 156 151 155 153 156 155 159 159 159 154 144 131 118 93 68 56 59 61 
114 81 42 40 42 57 71 71 58 42 59 67 60 69 59 57 48 45 35 28 26 33 54 64 84 109 137 169 180 183 183 185 189 187 191 194 193 196 193 194 191 190 191 191 189 189 188 177 158 120 91 106 127 101 104 141 178 181 158 165 188 182 170 182 186 187 188 187 188 188 186 180 181 184 176 181 185 184 184 178 173 166 153 155 147 148 131 94 60 124 150 142 140 144 151 157 160 163 164 158 163 170 167 161 150 132 122 108 86 68 58 62 
106 60 41 39 50 52 62 68 68 55 53 63 63 67 64 53 47 47 37 29 31 41 57 66 81 123 155 173 182 185 185 189 188 189 193 195 195 195 195 199 199 194 187 186 189 186 187 179 161 125 89 97 122 121 124 167 183 191 167 170 186 183 175 185 190 191 187 185 188 184 187 185 186 183 181 183 191 191 183 177 168 163 158 155 149 142 126 87 68 129 150 147 138 130 127 141 154 160 166 170 170 172 168 159 154 140 124 116 94 73 55 54 
87 58 61 60 46 44 31 51 71 58 55 64 75 76 58 43 53 51 44 30 30 48 59 68 98 142 170 182 182 184 189 190 193 191 196 199 199 197 197 199 197 197 195 193 191 189 186 181 169 132 84 86 112 113 126 150 176 182 167 171 181 171 171 183 188 186 187 182 180 186 190 179 170 156 150 154 166 180 177 175 168 159 161 159 150 137 109 69 43 115 152 150 150 127 108 125 147 158 170 177 176 172 168 168 154 147 132 119 101 77 61 56 
85 56 66 65 53 50 53 53 76 65 44 64 95 80 52 40 46 52 47 39 35 47 57 75 113 158 178 182 185 187 189 190 192 195 194 197 196 197 198 198 201 198 196 192 194 187 180 177 171 143 88 85 105 100 139 111 135 164 175 182 177 168 177 186 186 185 183 178 173 170 153 146 134 123 119 121 147 161 158 161 163 151 142 156 159 131 88 53 33 98 143 145 143 132 109 106 139 157 169 173 179 179 172 164 157 150 147 130 101 81 67 49 
88 64 61 58 62 65 60 48 77 74 55 78 95 81 58 42 45 59 54 47 44 60 65 86 127 160 171 180 183 187 188 189 190 190 193 195 195 196 197 198 199 199 198 196 193 191 188 181 174 145 92 76 95 99 126 116 118 162 181 184 172 175 177 183 176 170 160 160 146 132 132 141 137 120 99 103 117 145 146 142 146 148 150 160 150 116 75 45 35 96 153 170 147 133 102 92 122 150 172 180 180 176 171 161 151 153 142 128 108 83 68 62 
83 65 69 63 58 69 70 50 72 71 64 79 92 76 70 65 53 56 57 48 42 65 66 98 131 155 175 186 186 188 189 190 192 194 197 199 199 200 200 199 199 200 198 196 194 191 190 185 180 152 102 84 91 101 107 141 108 153 192 183 172 174 176 167 162 160 152 137 132 147 166 159 127 95 82 63 68 89 133 143 152 152 159 166 147 105 74 60 54 90 156 173 152 136 111 90 114 143 173 181 179 174 169 173 155 147 146 132 110 92 70 64 
48 53 67 51 55 72 85 58 71 64 61 87 98 92 69 61 54 55 58 62 59 53 70 106 136 160 180 188 191 192 194 194 194 197 197 199 200 202 201 197 201 200 198 199 195 193 190 183 177 159 116 89 89 101 101 150 147 144 188 184 174 172 159 156 156 155 151 147 158 169 165 164 154 117 93 55 63 64 105 134 144 158 165 169 137 102 80 71 91 93 150 171 167 145 115 79 103 131 167 183 179 182 173 166 158 149 150 138 111 90 72 66 
36 53 72 73 58 68 89 72 71 78 65 76 93 91 75 61 62 56 67 61 62 64 75 114 144 158 177 186 190 195 194 195 199 197 198 199 202 200 201 202 201 202 199 194 195 192 189 184 178 163 129 99 84 94 99 126 178 187 182 167 161 161 160 156 149 146 149 154 158 165 176 184 182 157 118 87 64 68 101 141 148 170 187 184 138 90 87 76 97 90 134 161 162 147 132 84 96 121 158 181 179 180 178 171 165 156 150 133 114 91 72 68 
41 53 71 72 64 68 72 62 69 72 59 68 92 90 72 62 65 66 75 65 56 57 82 120 150 158 172 186 195 196 196 196 198 200 200 200 201 202 200 202 202 202 199 199 196 194 193 190 182 170 147 117 94 86 96 85 112 136 151 155 159 161 153 150 153 162 171 172 177 186 198 198 180 156 124 97 67 70 116 151 165 179 189 194 176 109 84 67 79 74 128 162 165 153 137 90 97 119 152 173 175 177 178 173 162 156 158 137 123 97 76 66 
53 62 80 73 56 71 95 65 72 70 65 68 92 89 71 64 75 70 77 63 56 65 90 120 158 159 173 187 193 197 197 196 197 198 198 199 201 200 201 200 199 200 202 201 199 196 193 191 187 182 158 132 111 101 95 94 92 115 143 149 155 154 165 172 182 189 193 198 200 205 206 198 184 159 129 94 70 66 116 145 154 163 181 187 182 131 94 64 65 86 113 161 167 152 127 92 100 123 151 175 179 175 175 173 163 150 146 135 118 98 83 72 
57 61 75 75 62 70 88 79 58 59 57 63 80 74 66 67 82 79 79 69 52 58 86 125 155 160 172 183 192 195 195 196 196 197 199 198 200 197 199 199 198 200 201 199 197 199 194 190 185 178 164 143 122 117 128 140 160 161 164 175 174 180 184 195 200 201 201 204 205 201 198 201 190 169 129 98 76 71 116 136 135 145 162 187 178 119 92 77 102 124 115 162 167 152 128 83 99 122 147 174 183 180 176 173 171 154 145 135 125 103 80 65 
61 72 78 79 64 63 72 87 66 54 54 66 64 64 66 76 84 81 86 74 53 65 97 130 156 158 171 179 189 196 196 197 199 197 199 198 198 201 199 200 198 201 200 200 200 196 198 196 190 183 170 159 144 141 154 172 179 181 187 187 192 194 196 199 201 200 198 198 200 196 196 202 196 173 140 108 74 82 133 144 139 147 163 186 164 105 89 84 114 138 114 165 169 151 126 94 102 124 151 172 179 178 171 170 168 150 142 133 125 103 86 73 
70 75 77 77 63 64 73 85 65 51 56 68 75 71 73 74 94 83 88 72 50 66 95 138 155 161 169 180 185 194 197 198 199 199 200 201 200 200 199 199 199 198 198 199 198 199 197 196 193 186 175 167 160 163 175 186 191 196 196 198 197 198 198 198 196 195 190 188 188 182 182 181 185 167 130 115 78 96 139 145 145 148 164 181 160 106 84 78 119 158 118 158 166 153 137 101 109 130 152 176 175 176 177 173 170 159 146 137 128 106 88 64 
63 78 77 81 81 63 71 66 71 53 56 68 74 85 89 86 98 85 90 69 50 67 99 132 154 161 167 174 184 192 199 196 198 199 200 200 200 201 201 201 200 199 200 199 199 199 199 196 194 188 176 170 174 175 181 193 199 201 200 198 198 197 200 194 191 188 186 175 167 161 162 156 158 146 117 101 66 91 121 136 137 143 146 162 164 115 79 64 84 108 101 149 166 152 132 102 114 128 149 167 176 176 176 173 169 155 140 140 119 110 85 67 
61 70 82 83 80 65 66 69 74 54 38 53 74 82 88 94 95 93 95 64 51 69 87 120 146 154 166 175 185 195 197 197 198 200 199 200 200 200 200 200 198 200 201 199 197 197 196 195 189 185 183 181 189 190 189 197 203 201 202 200 201 201 188 184 182 177 173 168 164 162 162 164 155 143 128 82 56 80 108 143 139 136 143 152 157 139 100 50 57 65 81 136 152 152 136 119 123 131 146 157 169 172 170 167 157 146 147 132 123 106 81 68 
54 73 75 76 76 74 51 49 64 68 41 38 61 82 88 86 90 80 83 69 54 64 75 108 129 150 160 169 183 195 201 201 200 200 201 201 200 200 200 202 200 199 200 201 200 197 196 193 192 190 187 189 190 190 199 201 202 201 203 200 196 186 179 176 175 172 164 165 165 168 174 168 166 149 131 92 62 75 112 154 144 141 138 143 152 158 141 84 47 48 66 132 148 153 136 131 130 135 148 156 167 170 161 168 152 144 141 138 121 108 84 62 
53 60 83 71 62 60 66 66 45 68 63 49 67 75 78 85 82 70 55 73 60 58 78 97 115 135 157 167 185 190 194 196 197 198 201 199 199 201 199 199 200 199 201 199 197 196 195 196 193 187 182 184 186 188 190 194 200 200 189 185 176 168 171 168 167 162 161 158 157 165 167 169 163 150 134 125 101 83 116 160 152 141 142 145 134 140 142 124 80 34 41 127 158 146 140 142 144 146 149 157 160 171 166 160 159 154 141 130 116 104 80 61 
51 65 71 83 75 68 63 71 69 61 74 55 63 80 69 75 85 73 52 60 57 49 67 89 102 124 153 171 183 192 193 195 199 198 197 199 199 199 198 201 201 198 200 200 197 194 194 194 193 189 184 179 179 178 182 184 190 182 180 172 167 167 167 168 167 168 166 162 152 152 153 159 152 142 139 135 115 98 129 165 161 153 143 138 133 135 144 139 117 73 37 120 151 147 148 149 150 150 148 148 149 160 164 163 157 152 138 128 117 104 76 64 
65 69 72 75 80 71 62 63 76 59 83 80 63 73 75 64 79 77 71 67 49 52 64 85 103 121 143 169 184 188 193 198 195 199 198 199 200 199 200 201 201 202 199 200 201 197 196 194 193 187 180 178 170 169 166 176 178 171 164 169 169 165 168 170 170 167 165 163 152 130 125 136 146 153 149 136 118 125 162 166 166 157 152 138 134 139 144 149 135 101 61 105 147 158 163 158 160 158 149 147 149 155 155 151 150 146 135 131 116 95 65 59 
63 74 73 65 74 74 62 71 84 69 78 82 73 59 74 80 82 80 71 67 68 56 63 83 97 112 131 161 184 191 192 196 199 199 200 200 201 200 200 199 201 200 201 199 196 197 198 197 195 190 186 171 153 153 151 158 163 160 159 161 163 162 159 163 160 156 163 163 159 149 138 125 128 132 124 118 123 146 166 170 166 159 153 151 149 148 141 145 139 111 68 95 152 170 169 164 162 150 143 142 145 145 152 153 147 145 135 120 106 80 67 73 
70 77 87 73 75 86 73 58 87 78 74 86 88 79 73 82 69 81 82 67 72 64 56 75 92 107 124 157 183 193 194 197 200 200 201 202 201 201 202 199 199 201 199 199 196 199 197 197 197 187 177 167 149 131 136 144 143 145 141 139 138 150 155 158 157 161 160 154 159 164 154 150 139 133 129 138 144 155 169 172 172 167 161 149 150 143 145 145 142 125 85 68 145 177 173 167 158 148 142 138 143 148 148 148 141 132 126 116 92 66 67 81 
60 70 78 84 88 88 87 60 85 82 76 75 86 86 75 70 73 69 80 75 75 73 55 60 80 101 113 144 174 189 197 200 201 198 200 202 201 200 198 200 201 199 199 200 201 199 199 196 193 188 173 153 133 115 123 129 129 119 114 122 135 144 155 165 168 165 171 163 167 165 171 174 175 173 172 177 174 177 179 176 175 179 175 164 159 155 152 153 149 136 112 90 126 163 174 164 158 150 140 131 131 145 146 139 140 124 115 109 78 70 80 80 
72 71 81 81 89 93 91 75 61 86 63 80 97 96 85 83 83 71 77 82 78 79 67 61 75 87 108 134 163 183 192 198 197 200 202 202 200 199 198 201 201 200 201 198 200 197 199 198 193 190 176 163 131 116 109 120 112 108 120 150 157 155 163 170 178 179 180 179 177 179 179 184 183 187 188 187 184 184 184 185 182 179 176 170 160 160 154 158 158 149 135 112 130 146 158 161 154 148 139 130 125 131 138 135 128 119 117 96 71 73 83 79 
69 74 74 69 78 92 84 85 78 78 82 72 84 98 92 81 90 83 80 73 86 73 72 64 75 87 100 121 149 176 185 192 197 199 199 198 200 201 198 200 200 201 200 199 199 199 196 194 194 190 184 168 139 101 97 106 108 126 157 168 174 172 166 164 177 179 181 180 180 181 188 187 185 191 189 188 186 185 187 187 186 187 179 168 162 157 158 167 153 154 146 135 127 143 144 147 151 140 136 128 128 132 132 129 119 120 101 84 72 85 80 77 
70 78 72 77 68 92 90 70 81 75 88 73 74 93 97 84 76 86 77 84 77 84 77 75 78 86 98 121 149 165 180 188 194 199 199 199 199 199 199 201 201 201 200 198 200 199 198 194 192 190 179 148 124 98 87 98 103 126 161 145 177 179 181 178 173 186 190 186 189 191 193 194 195 192 191 193 193 190 183 186 188 184 184 175 173 172 166 158 154 153 155 142 129 135 138 138 142 139 128 129 128 130 129 127 118 105 95 76 76 83 85 69 
63 75 81 78 70 70 85 88 71 78 88 87 73 81 91 88 81 80 82 84 74 93 85 82 78 87 96 111 136 164 171 180 188 197 199 200 201 201 200 200 198 201 201 201 199 198 198 192 189 187 183 153 104 87 82 89 99 129 130 122 160 179 169 179 188 184 184 193 191 194 196 195 195 194 194 192 189 189 188 184 183 184 181 177 167 162 158 152 155 154 152 146 136 132 133 133 135 135 132 126 120 123 126 123 107 102 83 74 78 88 82 71 
72 75 77 76 61 68 85 83 73 79 79 92 83 59 83 87 63 70 78 72 80 81 74 80 81 86 96 113 133 152 168 174 185 194 198 198 199 200 201 201 202 200 201 200 196 196 192 189 187 186 186 164 115 82 82 89 94 122 96 117 148 174 182 181 178 187 187 188 196 194 195 196 193 192 189 189 186 184 184 181 180 180 175 170 163 163 161 153 146 152 146 142 140 134 133 136 137 132 132 121 124 117 115 113 104 95 82 75 76 81 69 65 
68 76 77 85 76 69 77 79 72 77 77 71 82 68 64 83 60 56 65 68 69 76 79 76 79 80 96 118 128 153 168 175 183 191 196 198 198 198 201 201 202 200 201 201 199 198 193 190 189 189 183 167 121 81 78 86 92 111 103 115 131 157 177 190 184 185 187 192 190 192 195 193 190 192 192 189 182 180 181 182 179 180 173 169 173 163 156 145 143 140 134 142 136 143 138 134 132 128 123 124 119 121 114 105 102 94 84 79 86 82 70 81 
61 71 78 81 74 65 77 92 77 67 81 75 80 83 58 83 67 65 68 64 78 69 72 83 82 83 99 117 124 151 169 174 181 189 196 199 198 200 200 199 200 200 199 197 197 197 190 189 192 189 179 164 128 85 71 88 90 111 84 123 151 163 164 184 189 187 180 190 194 194 191 194 194 192 191 191 186 181 178 180 176 173 168 166 167 165 157 148 148 141 141 135 135 141 138 140 137 128 125 120 117 110 113 105 98 84 73 75 73 63 67 94 
72 82 78 66 81 65 63 79 84 61 73 82 88 76 60 63 62 60 67 69 72 72 62 83 82 93 104 119 122 152 171 173 181 185 191 194 198 198 200 200 199 199 199 196 195 192 190 189 189 187 180 164 130 102 75 96 102 98 75 88 126 173 166 175 186 177 172 181 190 192 195 193 193 191 188 186 184 179 172 167 169 166 163 161 165 162 159 152 145 144 142 135 134 134 131 140 134 126 120 119 116 112 107 99 98 79 69 74 66 69 86 106 
60 73 80 80 73 81 55 67 85 84 68 79 77 91 71 63 58 48 55 64 71 65 64 84 84 86 105 119 122 146 171 179 185 186 191 198 198 197 198 196 197 196 198 200 197 192 193 189 191 189 179 168 143 116 72 105 117 84 41 74 92 162 155 173 191 189 180 174 185 185 193 191 191 187 185 186 180 174 175 172 171 173 170 161 155 154 154 156 155 143 143 144 141 135 130 133 128 125 117 116 112 106 102 101 92 78 75 71 71 88 106 116 
63 72 80 81 75 84 72 45 77 83 67 75 78 78 77 55 58 46 47 51 69 55 60 81 83 89 102 115 123 155 167 173 183 185 186 191 197 198 197 200 200 196 197 196 195 194 191 191 188 186 181 161 150 122 73 104 129 92 24 50 87 156 163 170 186 198 186 175 183 193 190 190 191 188 186 183 180 172 172 164 164 160 155 149 147 149 151 151 148 144 139 141 142 137 132 127 126 127 123 121 113 113 105 94 85 75 70 63 78 94 108 119 
68 72 83 88 87 86 85 62 46 71 71 68 78 75 83 53 52 41 44 47 63 55 59 84 89 94 109 122 121 145 165 177 178 183 187 189 194 195 194 193 194 195 196 195 194 192 192 191 191 188 181 166 146 114 82 99 137 122 93 68 91 161 163 169 180 192 181 171 168 172 177 180 185 188 182 179 178 171 169 165 157 155 152 149 145 147 144 143 144 140 137 134 138 135 128 128 123 118 122 114 109 107 99 89 81 70 67 82 97 109 118 120 
64 76 82 81 80 82 83 87 55 52 53 56 63 63 77 73 43 32 45 39 56 63 54 80 89 91 107 117 123 151 169 179 183 182 182 182 186 190 197 195 194 195 197 194 194 193 191 188 184 185 182 169 149 129 96 97 136 121 75 67 112 164 161 172 173 186 179 170 169 164 177 185 185 183 183 181 174 169 165 158 150 152 151 145 146 146 148 143 137 134 138 135 126 124 131 125 124 121 120 114 109 104 99 85 68 65 75 92 104 114 114 117 
58 66 79 82 79 74 86 89 82 69 64 42 48 61 60 67 46 34 40 37 54 57 48 71 87 99 113 111 121 146 164 175 181 180 175 180 185 187 190 194 197 195 192 191 193 194 193 192 189 187 185 174 147 131 112 107 128 129 102 109 140 160 162 169 169 183 181 171 176 174 180 181 186 185 181 172 167 166 162 157 152 146 144 145 145 143 141 145 141 139 135 128 127 133 132 123 122 121 114 109 106 102 91 78 70 80 96 103 111 117 114 117 
49 51 69 77 84 77 77 82 90 67 65 62 41 47 50 58 62 37 30 36 43 48 53 78 90 99 111 112 123 148 161 171 173 177 176 178 183 188 189 191 190 192 191 191 190 188 189 187 187 189 185 172 154 136 121 117 124 133 109 117 135 145 150 168 162 174 173 167 168 171 173 181 184 180 178 169 168 158 152 143 143 143 147 145 146 144 142 141 142 140 134 134 129 127 128 126 119 115 115 112 102 92 76 70 80 94 104 115 116 117 115 121 
55 66 58 81 73 81 62 60 73 85 76 71 63 42 46 46 56 47 28 31 50 47 55 66 87 95 105 106 120 146 159 165 173 173 177 176 180 182 188 188 190 190 191 189 185 186 186 184 187 188 184 175 159 140 123 118 119 138 112 111 117 132 148 161 160 165 159 154 168 172 169 171 179 178 176 168 157 149 147 142 144 142 139 144 144 147 143 144 145 132 130 132 125 121 125 123 114 112 114 104 96 77 67 80 98 102 104 109 112 117 119 121 
69 74 64 63 74 67 72 55 50 52 62 73 64 52 41 39 40 42 38 35 47 45 57 72 87 95 91 102 114 142 157 163 168 170 169 173 177 179 181 185 184 187 184 186 188 183 184 184 184 188 186 177 159 143 125 122 123 133 119 104 104 128 142 152 155 156 156 153 163 168 177 174 171 168 162 157 157 152 147 147 140 140 137 144 144 140 139 138 133 134 130 128 125 122 120 116 114 109 104 93 78 77 89 98 105 110 115 113 113 114 118 117 
46 71 77 67 77 70 58 63 52 46 57 65 72 66 52 40 35 31 41 35 40 34 53 63 80 85 91 95 118 138 150 157 163 162 171 171 173 178 178 179 182 183 184 180 178 176 180 181 180 183 184 179 163 147 132 123 122 128 115 93 97 114 129 146 154 156 151 148 168 174 178 173 172 170 165 156 147 145 140 144 144 140 140 143 142 141 130 125 124 126 126 118 118 116 114 114 111 101 84 71 76 90 103 106 113 113 114 115 112 120 117 118 
54 61 72 71 75 77 69 59 60 45 37 53 75 76 58 42 38 33 32 38 36 40 41 53 66 76 88 98 109 133 149 152 153 156 161 168 170 175 174 175 178 180 175 175 177 177 177 178 179 176 173 166 155 144 128 126 134 132 122 83 75 103 131 146 149 146 142 154 163 173 178 172 167 163 156 149 143 140 134 129 135 134 138 139 132 131 128 123 119 118 109 113 113 117 109 101 92 81 79 90 95 100 105 105 106 111 116 114 116 113 108 111 
83 72 75 67 68 74 72 64 47 51 41 41 78 73 70 45 33 30 29 32 36 34 42 47 55 65 77 100 118 132 137 145 157 158 166 167 169 169 168 170 173 175 176 176 174 170 178 174 171 173 169 167 152 134 121 127 132 131 126 94 81 97 125 142 141 140 145 162 172 176 171 170 164 153 147 144 141 133 130 134 141 142 142 142 134 127 119 113 114 111 113 115 115 106 99 88 82 79 84 100 101 105 107 113 108 109 110 113 109 104 108 109 
71 74 82 76 56 71 66 66 60 56 62 40 51 79 74 64 29 22 24 30 36 34 34 44 50 69 86 100 111 124 135 143 155 159 161 160 163 167 172 172 168 169 167 168 169 168 167 166 166 169 163 165 164 130 113 107 115 132 125 112 83 97 97 122 130 137 152 168 177 166 168 163 153 146 147 146 145 139 142 138 136 133 134 131 124 121 114 117 108 113 114 106 105 98 85 78 81 91 98 97 108 109 104 108 109 106 107 100 98 104 107 107 
70 60 66 70 54 61 72 57 59 35 44 59 63 81 79 66 54 26 23 22 27 32 35 38 46 67 88 105 118 127 131 140 142 151 160 164 165 166 164 164 167 165 167 169 173 168 165 167 164 159 158 163 158 138 117 110 99 112 115 118 109 98 106 114 135 144 154 162 164 163 156 155 148 144 140 138 133 132 126 133 136 137 133 127 122 112 109 108 108 106 102 97 94 83 75 76 89 99 97 104 104 101 103 104 102 103 99 109 111 115 116 117 
78 59 40 52 53 37 61 67 44 51 31 29 48 70 78 78 60 45 19 19 30 25 28 35 37 64 87 111 123 125 128 129 140 152 152 157 161 167 162 164 162 162 166 166 160 163 159 155 148 146 150 149 152 137 119 102 107 101 102 103 108 112 119 126 134 143 149 155 149 151 151 145 142 136 136 133 131 128 125 128 129 124 123 111 105 102 107 101 101 99 99 93 79 70 77 93 102 108 111 105 94 92 89 100 102 96 91 83 93 98 101 102 
69 59 60 52 49 45 46 60 63 46 50 34 33 65 80 77 60 46 43 20 19 25 28 28 37 50 74 88 108 116 125 130 133 140 146 149 152 155 161 160 156 152 151 150 150 150 148 140 143 140 138 137 142 136 131 114 98 97 93 105 108 119 125 132 143 147 137 144 145 138 134 133 126 130 128 126 129 127 127 124 120 113 104 101 101 102 103 103 103 99 94 83 83 103 110 108 98 86 76 76 85 92 71 36 40 59 76 70 44 31 22 17 
64 48 51 62 61 43 40 43 53 53 47 41 33 51 58 64 60 44 41 44 25 18 22 25 23 44 58 81 92 104 120 126 129 136 143 147 150 152 146 150 151 154 146 145 142 139 137 132 130 129 122 118 117 119 118 116 108 97 86 94 106 114 128 126 127 140 147 143 138 136 133 127 123 121 119 119 117 115 112 113 106 94 96 104 103 102 100 102 104 101 83 79 75 71 55 33 30 26 34 49 68 93 105 94 64 41 51 79 100 118 120 114 
33 22 35 44 44 45 35 35 37 38 40 41 38 35 41 52 53 47 33 30 40 27 25 23 25 26 49 76 101 110 111 113 119 122 131 137 140 142 143 142 142 135 140 134 136 134 138 136 134 131 126 126 123 117 109 108 109 108 114 107 110 116 119 127 129 129 130 129 127 126 123 123 121 112 109 114 117 115 108 103 101 103 108 108 104 103 103 100 85 58 40 30 31 22 29 39 42 49 55 58 61 69 83 108 116 101 68 41 49 58 77 91 
91 63 52 51 47 41 36 34 32 31 29 29 37 46 39 38 46 51 44 33 25 31 29 24 20 22 30 50 73 103 111 110 112 112 120 122 128 131 131 129 129 134 127 136 132 135 135 128 131 124 126 125 125 121 116 117 114 115 112 112 116 120 125 128 128 129 131 124 123 120 116 116 116 115 115 111 108 107 108 105 106 112 109 102 109 103 101 72 45 32 36 39 40 44 45 50 53 58 61 60 63 58 67 76 94 116 119 117 88 76 62 61 
109 107 92 67 44 51 41 30 33 28 20 19 17 27 38 26 31 56 52 37 31 25 27 28 23 20 16 22 37 58 87 101 104 104 113 121 121 118 118 124 127 131 134 130 130 128 124 128 122 126 123 121 120 118 117 119 121 120 121 126 122 120 127 124 130 127 119 113 116 114 114 112 109 108 110 111 113 112 105 105 109 106 102 104 101 89 47 35 35 43 44 47 52 57 58 62 64 66 65 68 68 70 63 64 68 72 92 110 128 129 122 114 
110 105 95 79 53 48 48 38 21 24 25 22 28 38 32 35 34 49 67 49 31 27 29 26 20 19 21 21 25 23 32 47 61 77 85 91 99 106 111 114 123 119 114 122 123 118 117 116 122 123 126 124 121 119 121 125 126 131 131 129 129 127 128 132 127 121 127 123 116 118 109 113 115 117 115 113 111 106 104 107 105 108 107 96 67 39 40 45 55 55 57 57 62 63 66 63 63 61 66 67 68 68 71 70 65 65 64 66 69 85 101 110 
108 106 102 86 47 53 47 40 31 33 43 43 52 44 40 31 38 36 60 54 37 24 24 26 26 22 24 31 26 29 29 27 35 49 71 78 87 80 78 89 95 110 107 106 109 111 101 98 102 98 110 115 123 127 122 122 124 127 124 127 123 123 124 121 122 122 114 111 115 110 121 119 119 119 109 110 106 105 106 104 102 101 76 44 42 54 61 62 60 64 64 68 64 66 64 67 69 71 69 69 75 72 68 71 72 71 67 68 68 55 45 46 
105 101 102 99 67 51 56 41 35 30 32 39 39 43 39 32 33 30 33 54 33 24 28 29 20 23 29 39 38 30 36 40 45 46 38 46 56 77 82 77 72 65 76 80 81 80 83 72 67 62 61 61 62 76 107 120 123 123 129 130 134 131 129 129 124 121 117 117 115 118 115 111 110 99 106 106 104 101 88 85 72 45 45 62 67 67 63 66 66 66 65 65 73 68 70 69 70 65 71 72 65 68 71 67 68 70 73 71 84 97 82 79 
105 106 101 101 93 52 42 48 48 42 38 44 49 35 36 34 32 30 26 41 43 27 31 27 21 16 26 34 32 40 44 54 53 57 59 48 33 22 34 50 63 61 52 52 50 53 55 48 38 38 37 38 34 40 47 67 86 104 107 110 106 112 124 129 129 125 117 116 114 113 111 107 109 105 103 91 88 88 103 113 94 67 64 65 68 63 68 66 71 69 73 70 68 69 70 70 74 73 73 69 76 71 72 72 70 73 70 66 72 87 90 104 
107 103 101 97 103 89 42 38 56 50 68 66 46 35 32 30 30 29 27 29 46 39 29 27 23 27 27 39 31 28 42 55 60 47 46 56 65 61 51 38 33 36 37 35 41 41 39 39 45 37 32 25 29 26 29 29 32 35 41 54 57 66 71 58 54 68 110 117 106 97 94 95 89 97 95 111 119 129 124 121 111 82 64 69 68 70 71 70 69 71 70 70 74 72 70 72 70 70 71 76 67 73 71 72 71 68 73 73 73 84 92 87 
110 108 100 94 93 85 71 75 68 75 72 57 42 40 35 26 24 28 28 26 31 41 42 34 31 31 29 31 41 41 33 36 51 61 59 52 48 58 51 50 44 36 40 36 32 37 43 39 33 30 34 24 22 26 29 35 37 44 54 43 48 49 45 51 48 38 48 77 97 102 105 101 107 99 108 145 149 129 128 120 105 81 68 69 68 71 69 69 71 71 71 70 72 74 76 76 73 75 73 73 74 73 69 69 69 67 64 67 67 73 80 83 
107 107 108 99 98 82 59 68 71 59 52 55 53 42 30 31 30 26 28 28 30 38 32 34 33 33 35 38 28 47 58 56 58 73 70 66 56 46 38 37 36 47 44 48 52 44 36 36 36 28 22 27 21 18 24 22 26 36 38 46 35 33 33 27 27 44 43 57 99 119 122 124 113 106 126 145 135 126 123 119 100 72 71 69 73 73 74 78 74 74 77 77 74 73 70 72 73 76 73 70 74 71 74 72 71 73 71 69 71 73 84 83 
108 110 109 99 86 75 56 58 59 50 61 55 45 33 34 33 28 36 34 31 30 22 30 36 35 29 40 35 47 39 45 51 61 62 56 57 54 35 32 25 25 21 31 36 39 41 42 39 39 32 26 24 28 23 19 20 24 29 28 28 35 35 34 35 45 50 57 76 100 120 127 121 107 124 137 144 116 111 119 98 74 70 72 74 73 74 80 74 75 73 74 72 72 74 77 75 74 70 72 73 73 72 70 67 70 74 68 72 72 69 80 92 
107 107 106 104 88 71 54 60 58 53 49 42 37 48 42 37 37 39 38 32 32 39 34 33 38 45 40 37 38 46 47 56 60 61 57 47 42 43 37 33 29 21 22 21 26 26 24 24 23 26 27 27 29 29 22 23 20 18 26 24 25 37 56 82 80 81 103 101 98 104 110 103 108 119 134 118 108 95 73 67 70 73 77 71 76 77 76 75 72 76 74 74 76 75 74 73 72 77 75 75 72 72 73 72 74 68 70 67 69 68 74 85 
107 106 107 103 98 89 52 43 63 51 50 56 64 53 42 33 40 42 44 41 41 39 45 44 48 64 60 45 35 42 47 49 58 57 55 52 47 37 31 23 24 28 22 27 22 25 28 25 24 25 21 19 17 18 23 18 19 23 21 30 33 41 63 95 113 110 118 117 115 122 135 133 137 111 107 107 79 71 71 69 73 75 75 78 75 74 76 76 76 75 75 77 73 73 73 72 73 70 71 70 73 73 69 70 69 72 71 71 69 69 71 85 
105 108 106 106 102 106 81 34 35 59 52 64 61 52 45 41 41 36 43 46 52 42 46 52 47 52 72 72 64 43 39 28 21 34 35 33 31 29 27 28 27 24 25 20 21 19 19 24 26 23 18 19 21 20 16 18 20 18 20 23 32 42 58 93 115 122 124 131 132 147 156 148 122 78 71 62 67 73 72 73 74 75 75 72 75 72 77 75 73 73 81 77 73 75 70 76 75 74 73 73 72 69 72 69 69 71 68 65 71 68 66 85 
109 105 107 109 110 108 111 97 59 37 54 55 47 42 55 49 46 44 44 45 57 51 46 51 57 53 58 72 69 55 37 38 35 27 26 26 28 29 27 27 23 21 17 20 25 23 24 27 24 25 27 23 22 24 26 21 24 25 21 23 27 40 65 97 113 118 123 123 127 115 100 74 63 74 72 76 76 73 74 80 78 77 77 78 77 81 76 78 76 77 73 76 74 71 74 70 74 73 77 74 70 76 75 71 71 70 72 72 69 71 70 79 
107 108 108 105 103 107 105 106 98 82 70 57 53 44 44 45 43 45 44 38 43 62 51 48 63 66 55 62 59 47 36 28 32 26 28 29 28 26 27 26 26 23 24 24 21 22 25 19 27 30 27 29 21 17 24 24 23 21 25 24 30 48 70 79 79 75 70 66 62 60 62 69 74 76 73 78 73 75 77 74 75 75 75 76 72 73 75 77 75 76 75 73 74 77 79 77 75 73 74 73 77 69 68 72 72 70 66 69 64 68 67 75 
105 107 104 107 107 104 103 91 88 92 99 94 75 64 57 54 43 49 52 45 45 54 65 58 48 51 48 46 50 45 40 37 30 32 22 26 29 31 29 26 26 24 26 28 24 27 20 23 25 22 26 25 28 29 27 24 22 28 29 35 49 62 72 71 71 75 73 76 77 77 79 80 79 77 79 78 80 77 78 80 77 79 77 77 78 78 77 75 77 74 74 74 77 71 71 70 70 75 74 75 73 73 72 72 69 70 73 70 71 69 71 71 
108 106 107 104 104 102 92 98 98 101 103 93 83 67 66 48 56 51 53 52 36 43 53 62 54 58 48 42 35 38 35 28 29 29 27 21 27 24 16 16 19 19 21 19 17 21 27 25 24 26 34 34 32 28 27 21 21 21 27 35 52 71 78 82 81 76 79 79 77 79 83 75 77 79 75 75 73 77 75 79 79 76 76 77 73 78 77 74 75 77 75 78 73 77 76 75 78 73 72 74 70 74 73 71 72 71 68 69 70 68 68 70 
104 106 107 110 108 105 104 104 103 104 105 101 86 74 56 49 49 51 52 50 60 47 54 48 51 43 48 45 41 35 34 39 35 36 36 35 26 26 26 23 22 23 24 24 27 26 30 28 30 28 21 29 32 27 22 28 29 28 36 63 80 82 83 80 81 79 78 80 79 79 77 83 78 79 82 76 75 76 75 77 75 75 77 77 77 72 74 75 73 74 74 71 78 71 74 78 76 76 74 70 75 70 72 75 73 70 72 73 67 72 71 70 
105 105 103 107 105 107 106 107 108 104 104 101 103 89 76 52 28 32 43 45 38 42 46 53 42 39 38 37 33 26 22 26 28 28 22 26 25 22 23 21 20 24 19 22 18 21 27 27 23 22 21 22 24 38 34 20 22 35 57 73 77 79 76 79 78 81 76 79 76 80 80 73 77 76 76 79 79 73 78 80 79 75 76 74 77 77 77 73 77 77 75 75 74 74 76 71 68 73 73 74 71 72 74 70 69 68 70 66 69 69 69 71 
104 105 108 106 109 108 107 107 104 105 105 107 100 102 84 84 79 40 29 33 44 34 30 40 32 28 32 36 39 34 28 23 25 26 25 21 28 30 24 23 21 18 11 15 21 23 19 23 24 21 16 16 30 62 74 54 41 58 81 80 85 82 81 80 80 78 81 76 78 78 76 81 79 81 77 74 78 80 77 74 74 78 79 82 74 78 75 78 74 74 77 74 72 74 77 73 76 72 74 72 73 75 73 71 73 70 69 72 68 71 72 69 
108 107 105 108 108 106 107 105 105 107 109 101 106 103 109 98 92 92 69 43 26 38 36 35 45 48 34 41 37 32 32 33 31 24 26 24 18 18 18 14 10 17 50 88 93 65 41 31 33 43 44 62 74 88 85 78 76 78 82 80 78 80 78 80 79 83 79 82 80 78 78 77 79 74 78 81 79 76 75 81 77 77 77 70 75 79 77 73 77 76 73 76 75 69 71 75 71 72 73 74 72 71 70 70 68 73 73 72 69 71 71 72 
