10 63 64 65 66 67 68 64 67 68 68 68 67 66 67 65 67 69 65 66 68 70 70 68 73 71 71 66 65 67 70 70 69 69 67 67 69 68 66 67 66 62 61 62 63 64 66 64 62 65 66 61 59 62 61 60 63 60 61 60 63 57 56 62 61 56 58 60 60 57 56 60 57 58 57 61 58 59 58 60 59 58 59 57 57 56 58 58 57 57 59 60 57 58 55 58 56 57 56 55 54 53 52 52 52 52 54 52 52 56 55 88 
75 75 76 78 75 75 76 78 79 77 77 76 72 75 76 75 75 78 68 54 42 34 31 29 29 27 23 24 26 23 20 26 28 23 27 28 26 26 31 33 33 30 33 32 29 27 30 34 46 48 40 40 40 42 48 46 47 57 52 47 48 40 43 45 49 51 61 75 68 58 54 46 53 52 55 53 51 49 52 49 49 53 53 54 52 52 53 55 53 54 56 54 55 55 56 55 59 67 136 179 185 190 185 179 186 191 192 195 189 192 193 191 
77 74 74 76 77 75 76 74 75 73 77 76 77 76 81 77 71 59 44 25 21 24 20 20 24 25 24 28 26 24 28 23 24 30 30 30 24 26 29 30 31 28 27 28 29 35 37 42 40 41 42 43 44 46 49 50 53 50 46 38 37 44 43 43 44 46 51 62 67 57 51 53 49 50 47 49 53 51 49 51 54 51 52 50 52 52 54 51 54 53 52 52 54 56 57 59 55 72 155 189 191 185 182 189 191 193 190 191 188 193 194 192 
75 77 75 74 76 73 75 76 74 75 77 73 78 74 68 59 45 36 23 22 21 19 20 23 25 24 24 22 23 23 20 23 28 29 27 23 26 28 28 29 27 27 28 30 32 34 38 37 32 39 38 45 51 52 48 43 38 32 35 40 41 38 47 57 60 58 47 44 54 63 51 51 47 49 50 49 50 49 51 48 49 51 51 51 52 52 49 51 52 50 53 52 53 51 53 54 56 96 174 187 184 182 187 190 193 192 191 192 188 192 188 187 
74 75 76 78 74 75 74 74 77 78 77 73 58 57 45 35 27 20 20 19 25 24 23 24 21 21 24 24 23 25 27 27 26 23 24 29 27 26 26 23 22 23 28 30 31 35 35 33 37 40 40 37 41 38 34 32 28 31 36 40 48 58 59 56 48 50 62 52 45 45 48 40 52 52 48 51 47 48 47 49 48 48 50 48 48 50 50 50 48 52 54 52 55 57 55 57 59 121 182 179 182 188 192 192 191 191 191 188 180 187 189 189 
75 74 75 70 75 75 78 77 75 61 48 40 39 34 25 26 24 22 21 28 26 24 21 21 19 22 24 24 24 25 27 25 27 30 27 23 22 19 22 22 25 31 29 30 31 32 31 32 34 39 42 41 32 30 33 36 45 46 51 54 54 49 46 39 42 46 40 48 49 44 45 42 31 37 46 48 49 47 50 49 48 44 43 48 47 46 47 48 52 49 49 51 46 47 51 52 74 144 174 184 189 189 188 186 189 189 186 185 189 191 194 195 
74 75 76 76 75 77 72 63 45 33 33 34 35 26 31 26 24 25 32 26 22 22 20 20 23 27 28 28 28 27 27 26 26 27 25 24 23 23 28 33 31 32 32 31 32 32 32 31 31 34 35 36 43 47 47 41 40 48 47 42 41 38 41 38 31 25 36 40 42 49 45 48 47 40 33 38 48 52 50 46 47 51 51 48 48 50 51 49 47 50 49 48 50 49 50 53 78 159 180 181 179 180 178 181 182 187 190 193 192 192 192 193 
75 73 73 77 75 64 47 32 28 25 31 31 28 30 25 23 26 34 33 27 25 20 21 28 30 28 28 26 27 31 32 31 30 24 28 32 37 32 34 36 34 33 31 29 30 32 31 35 36 34 32 36 39 41 36 35 41 37 32 35 38 42 40 27 17 25 26 37 42 47 47 37 48 53 42 33 37 45 47 47 48 46 46 49 46 46 45 48 48 45 47 49 50 50 48 52 124 177 186 184 179 180 184 189 193 193 194 194 193 193 193 195 
73 79 79 68 57 45 36 27 27 25 29 30 32 31 27 32 36 35 30 25 19 24 27 28 29 29 28 35 36 34 30 25 26 30 35 35 34 41 38 35 35 37 37 39 39 37 39 36 36 36 35 33 35 34 30 32 32 34 38 38 43 49 53 61 40 16 21 28 32 46 50 44 35 48 49 45 37 34 36 50 45 46 48 46 47 47 47 47 48 51 50 47 46 45 47 104 174 192 191 186 185 188 190 192 194 193 194 194 193 195 194 194 
74 66 61 48 43 39 31 30 25 27 36 41 36 30 36 34 30 27 20 17 17 21 25 33 32 34 34 29 33 32 34 40 41 40 36 41 50 47 49 50 48 47 42 42 39 38 34 35 33 33 39 40 41 38 34 28 27 28 23 28 49 69 62 75 79 55 11 6 18 25 35 41 38 38 48 47 46 38 29 37 50 46 44 47 46 45 49 47 47 44 45 50 51 50 75 160 183 183 178 175 173 174 177 182 185 189 189 189 191 193 195 197 
62 59 51 46 32 27 27 29 29 39 41 39 36 32 26 28 24 19 19 19 24 33 38 34 41 43 43 50 56 63 65 73 75 78 83 81 76 64 62 58 52 48 49 48 42 36 35 37 39 35 33 34 39 41 43 39 36 32 33 27 38 61 77 71 76 86 84 65 35 8 16 24 29 35 41 40 34 40 50 37 39 48 45 43 48 48 48 49 47 47 50 45 47 56 112 170 168 166 167 171 178 179 178 177 180 183 187 189 192 194 196 197 
55 55 46 34 30 29 28 31 41 41 42 40 33 31 29 26 22 25 27 33 43 46 46 51 50 53 69 80 85 88 90 93 97 97 90 90 88 83 78 75 71 63 60 57 53 53 47 42 40 42 39 40 38 38 38 38 36 31 26 27 35 47 60 73 77 81 89 87 78 47 16 18 20 26 32 36 34 30 34 45 40 38 46 38 38 48 48 47 49 47 46 47 43 43 109 147 149 148 151 155 155 158 157 159 158 162 159 161 164 165 168 169 
53 41 30 31 35 31 31 46 46 31 35 40 33 27 27 26 26 24 27 43 51 56 61 64 74 86 90 85 84 87 86 84 82 81 79 72 62 53 45 42 44 46 46 46 46 39 42 42 39 36 33 37 34 30 34 37 36 36 37 31 30 35 44 58 67 79 85 89 89 81 40 17 17 24 29 31 37 33 30 33 41 42 37 36 26 27 39 40 42 44 45 43 52 94 126 140 150 159 165 169 170 173 176 177 180 178 181 181 178 181 179 179 
40 30 38 43 35 33 41 39 33 38 46 37 32 28 27 25 20 26 40 57 62 67 73 68 73 68 71 77 80 75 71 67 66 56 44 34 29 25 22 21 24 18 20 28 33 38 32 32 28 28 34 34 32 32 28 24 30 29 38 45 38 38 36 43 56 70 85 94 96 96 65 24 17 19 28 36 39 38 28 28 30 34 35 38 30 24 24 31 36 44 46 50 91 126 144 158 173 181 186 190 192 193 194 194 193 196 195 196 197 198 196 197 
43 40 41 40 39 45 42 31 44 57 42 33 20 29 31 25 27 35 51 56 66 77 71 55 63 67 73 74 71 69 67 60 44 32 26 24 32 30 29 25 25 30 38 38 34 33 43 49 53 54 57 53 45 40 41 48 50 47 42 45 52 48 49 53 51 55 68 82 84 85 61 26 11 11 17 25 29 37 26 22 26 32 31 27 35 28 20 23 27 32 47 74 110 134 159 173 184 186 186 187 182 179 177 178 179 179 182 181 182 183 184 186 
44 48 44 40 45 46 34 44 47 51 39 29 31 30 25 24 29 39 50 66 79 75 61 65 70 72 78 80 77 73 64 49 43 42 42 45 44 43 39 44 44 52 54 52 49 46 48 50 55 55 46 51 55 59 51 51 53 55 63 79 87 90 86 89 77 72 80 77 77 75 65 49 39 31 23 18 14 15 23 20 22 26 26 23 23 28 26 18 19 27 38 58 92 125 142 157 166 167 169 169 167 168 175 178 181 183 183 184 188 188 189 188 
50 46 42 50 54 43 50 46 50 50 34 30 30 32 28 32 41 53 73 85 87 81 74 78 78 79 86 80 82 77 65 61 65 65 68 69 78 71 67 70 76 79 78 75 77 83 83 78 77 69 69 64 70 66 67 70 77 78 86 95 101 99 95 91 89 88 84 85 88 86 83 82 78 80 75 62 52 37 27 15 15 17 18 19 23 20 20 22 20 18 24 29 43 72 99 112 121 131 142 151 155 158 164 170 175 179 181 183 183 188 188 185 
52 49 53 56 52 50 54 48 41 37 29 30 32 31 37 37 57 78 90 92 90 79 80 76 81 89 84 85 86 78 74 75 79 85 88 95 97 103 105 100 100 102 100 102 101 107 104 100 100 100 93 93 93 90 87 91 96 98 101 100 100 101 99 95 95 90 87 85 84 87 93 97 96 88 91 81 81 88 75 58 48 38 35 37 30 25 20 18 14 14 9 8 7 13 28 45 69 90 107 116 125 129 124 120 142 156 158 158 174 189 192 190 
54 56 52 45 39 53 55 38 36 29 32 36 35 34 43 57 75 93 101 101 91 95 94 95 88 77 79 84 87 91 89 88 100 100 106 106 110 110 109 113 113 111 111 105 106 109 112 104 101 103 102 99 97 101 101 99 98 100 99 94 100 100 99 103 97 99 100 98 92 90 93 93 91 97 96 99 91 81 86 89 76 64 62 63 62 60 64 65 71 73 78 79 72 70 74 84 92 93 101 112 113 112 112 114 110 108 106 103 104 134 156 182 
48 52 54 48 65 65 50 38 32 30 31 31 36 43 59 76 89 99 96 86 97 103 93 95 71 66 64 77 83 88 94 104 106 112 113 113 115 113 115 112 109 111 108 114 110 109 116 109 106 106 105 102 100 98 96 97 94 96 94 92 90 93 95 97 100 105 101 102 98 97 91 92 89 90 92 91 95 92 88 86 94 93 82 75 70 72 76 76 78 85 88 97 103 106 100 102 97 100 99 99 103 105 111 117 121 122 121 121 124 116 106 101 
48 46 46 68 62 52 38 35 37 38 40 40 46 59 65 78 84 92 89 95 109 97 80 64 51 64 70 73 73 85 102 111 112 113 117 115 116 117 115 113 113 109 109 109 111 110 116 106 103 112 110 106 103 98 104 103 107 101 101 96 95 93 94 95 95 93 97 97 100 93 93 96 92 96 96 101 99 100 95 88 85 85 94 93 83 77 77 79 85 87 89 92 95 97 98 100 100 103 106 110 109 110 112 113 113 118 120 123 126 128 126 123 
47 42 52 58 54 43 37 36 40 42 46 50 53 57 66 78 92 91 97 105 88 63 50 42 52 61 54 59 75 88 97 109 114 117 115 117 114 114 113 113 110 115 116 111 107 106 122 112 110 114 113 111 110 110 110 112 111 108 104 106 102 103 99 101 98 98 97 99 96 96 99 100 100 95 100 102 95 97 97 84 82 83 85 88 87 84 80 76 76 85 91 91 92 94 95 100 98 98 108 111 111 111 110 111 113 112 114 120 123 124 123 126 
36 42 49 52 41 37 33 41 42 52 55 55 54 65 76 85 91 94 94 79 56 52 47 49 54 48 53 75 79 84 94 102 111 119 118 117 117 117 115 117 112 107 117 119 109 112 124 115 120 119 120 114 117 116 115 110 111 109 111 109 113 110 110 110 108 105 105 102 107 106 110 109 107 107 104 105 100 92 86 88 86 82 79 85 92 84 80 79 78 84 87 83 88 97 102 108 104 104 106 105 109 112 115 115 114 112 110 113 117 116 117 118 
45 50 51 50 45 33 37 47 52 52 48 51 64 81 87 89 89 80 62 54 57 54 51 54 53 57 65 72 82 86 97 108 112 116 116 115 110 110 108 108 111 109 113 122 119 106 123 119 122 124 119 121 120 117 113 113 109 113 113 117 116 114 110 106 103 102 104 101 102 107 107 108 105 106 101 99 99 100 99 96 98 97 85 75 82 81 76 78 71 70 79 78 75 83 94 95 99 99 102 103 105 112 115 114 113 115 114 115 118 120 119 121 
43 45 48 46 39 45 53 54 58 52 52 65 88 95 92 92 78 62 66 69 63 51 48 52 55 60 79 87 90 96 103 110 115 113 108 107 109 106 106 107 109 105 106 112 117 106 117 116 124 122 122 125 121 112 111 116 119 120 118 114 113 111 108 104 101 98 102 102 101 99 102 106 110 108 108 104 100 97 99 95 93 94 92 90 89 87 89 79 81 74 63 70 75 79 85 91 98 100 104 105 101 108 114 118 115 119 121 121 121 122 124 125 
33 37 44 47 50 54 54 53 51 51 69 96 110 97 89 77 66 70 75 71 51 46 51 58 66 80 85 95 104 111 111 115 116 115 110 107 105 108 107 106 107 108 109 107 117 101 110 119 126 123 124 122 116 118 118 119 121 118 111 108 112 116 117 115 111 105 104 104 103 103 105 109 114 107 106 104 102 101 95 93 93 90 91 94 94 97 89 86 87 82 72 65 75 76 83 84 83 87 96 98 96 104 107 108 116 120 120 122 120 122 121 124 
34 39 50 50 51 47 48 46 46 60 88 106 98 83 77 81 82 83 71 51 52 58 56 67 73 84 99 106 112 112 115 120 122 117 115 113 117 113 114 111 108 104 109 111 120 108 100 117 127 126 126 124 117 122 125 130 127 118 111 114 120 123 117 115 112 112 104 100 101 102 110 111 113 113 108 109 111 110 108 104 100 99 101 96 92 99 98 85 82 89 83 73 64 67 76 82 85 83 86 92 98 100 100 107 109 118 120 120 121 121 123 122 
39 46 46 47 41 43 43 47 61 81 88 78 69 71 83 85 87 70 54 60 60 63 73 82 91 103 107 114 115 117 120 125 123 124 124 119 121 119 114 114 106 101 107 105 113 111 94 116 127 130 129 122 128 132 132 132 123 119 120 126 127 123 121 120 118 112 108 105 101 103 103 110 111 111 108 105 110 111 114 111 110 105 103 106 105 100 98 86 90 89 90 90 83 71 67 73 79 83 85 93 100 103 105 105 111 112 119 123 119 120 119 121 
37 35 41 36 42 45 50 64 81 82 72 68 70 81 88 88 74 64 64 62 69 80 86 101 109 115 118 117 119 120 125 125 128 130 126 119 113 109 104 102 97 96 98 105 104 102 92 105 123 135 130 127 132 135 136 129 128 125 129 130 132 131 130 126 121 116 112 108 100 93 91 92 102 104 101 104 100 107 113 108 104 109 108 106 102 99 97 88 86 94 94 92 78 70 71 72 71 75 83 86 89 91 99 103 108 108 107 114 114 114 121 123 
38 40 38 43 45 52 60 72 71 66 66 75 86 90 85 75 66 63 67 76 84 87 94 106 118 124 122 122 120 122 124 125 127 126 128 120 109 103 99 96 95 96 100 106 95 88 90 112 123 124 131 140 140 141 138 135 130 130 133 136 135 131 130 125 121 118 110 105 95 92 98 105 106 109 110 107 103 103 101 104 101 99 103 106 102 94 95 99 97 89 88 86 81 75 70 67 68 69 70 79 87 93 93 98 106 107 109 109 112 112 111 115 
31 36 43 48 52 59 69 71 66 67 80 89 92 91 80 70 69 74 80 89 91 99 111 121 125 128 127 124 125 122 126 126 124 124 124 118 108 99 95 91 95 98 99 101 88 78 98 114 121 120 128 142 145 138 141 143 139 136 134 138 138 136 134 127 123 117 110 100 95 93 102 109 109 106 108 107 106 110 113 111 105 102 99 96 94 91 92 96 106 101 88 82 91 90 77 65 58 65 73 72 74 82 94 98 99 100 105 104 109 115 112 112 
39 52 49 51 46 51 61 65 71 88 98 95 82 80 71 71 74 82 90 96 102 112 117 120 126 126 127 127 127 133 133 128 127 131 126 115 107 97 92 85 93 96 100 83 70 82 102 113 126 126 132 136 142 143 149 147 146 146 145 139 139 140 139 131 119 116 108 103 96 99 104 106 105 109 110 107 109 114 114 113 108 106 103 91 91 92 90 95 91 98 91 91 83 90 90 83 74 70 66 70 76 78 78 98 104 98 96 103 101 101 106 107 
50 49 45 45 53 64 73 83 93 94 86 76 76 74 71 76 87 94 101 99 112 117 126 128 130 128 127 132 133 135 137 133 134 131 129 122 107 96 90 91 95 96 86 69 67 85 111 113 119 136 145 136 132 142 147 146 147 149 147 145 143 139 135 131 124 116 111 105 102 105 109 108 108 108 107 112 116 117 110 112 109 106 106 105 101 96 89 90 95 89 94 100 91 80 75 80 81 70 67 71 70 76 78 80 95 99 102 99 103 96 105 111 
48 44 45 53 65 68 77 84 84 80 72 80 84 72 76 86 99 103 100 106 122 126 128 132 128 127 132 133 136 139 133 131 131 122 119 118 104 94 87 86 90 94 77 64 59 86 118 115 114 124 140 137 139 139 140 145 152 151 150 148 147 144 134 130 126 121 112 107 106 108 106 103 102 106 115 117 119 114 113 115 115 112 106 105 106 105 93 87 82 80 88 91 90 91 87 86 84 80 66 61 70 75 76 77 85 98 100 104 101 96 96 104 
42 43 53 60 64 65 74 77 74 70 76 82 75 78 90 101 107 112 114 121 129 130 132 128 130 131 127 134 139 138 134 128 121 116 109 101 90 82 83 89 96 85 77 63 59 81 117 117 114 119 137 137 143 143 140 143 150 153 154 148 147 143 140 132 127 121 118 114 110 104 104 98 99 116 120 118 110 110 113 115 116 116 114 110 100 92 93 95 86 78 87 95 89 86 93 92 84 82 78 61 63 70 67 76 82 92 96 98 100 95 92 98 
45 48 55 55 62 67 71 76 74 75 84 76 81 105 116 118 123 123 126 130 135 136 132 132 137 137 136 137 137 139 142 132 127 112 95 89 91 83 77 95 100 84 70 55 60 83 114 117 109 113 133 137 144 145 145 145 152 154 151 151 148 145 139 134 128 124 121 119 113 109 102 96 109 114 111 110 107 102 107 109 112 113 115 111 99 91 101 101 96 96 94 88 88 85 85 87 95 87 79 70 66 71 73 73 81 84 96 95 95 95 94 92 
43 46 48 50 56 61 67 68 70 75 81 94 109 120 126 133 132 130 133 136 135 133 134 135 136 134 136 138 137 140 140 141 128 109 102 95 94 83 79 97 94 76 54 45 52 78 106 124 117 103 130 137 144 146 140 146 151 151 154 152 146 143 136 132 129 123 120 113 115 112 99 99 110 109 108 108 113 109 104 102 106 104 104 101 96 99 101 103 97 98 100 102 99 106 103 101 102 92 74 73 67 63 63 72 75 79 80 86 89 92 95 96 
36 42 46 47 53 61 66 73 79 87 96 107 114 123 131 132 131 131 136 137 137 139 143 143 142 137 139 139 138 139 139 139 133 114 102 94 87 74 80 96 91 73 47 40 45 81 112 122 119 109 125 136 141 144 142 143 151 154 149 151 145 141 133 128 128 125 119 118 112 103 99 102 109 116 119 117 109 101 90 88 96 97 92 96 100 104 103 98 98 95 100 94 96 102 101 99 101 106 98 87 81 72 61 57 62 69 76 78 87 95 96 91 
41 45 44 49 59 63 69 78 89 99 108 112 123 136 134 132 134 133 133 138 138 143 143 145 146 140 143 141 139 139 136 138 124 107 98 87 75 68 86 101 90 70 50 34 50 73 96 120 115 106 126 133 137 143 141 148 153 151 147 141 140 137 134 131 127 126 121 119 112 100 95 104 115 121 122 117 109 96 87 88 87 90 103 103 102 100 99 102 107 106 101 98 99 101 105 106 102 101 100 90 84 81 64 56 57 57 63 70 78 86 89 87 
38 40 43 53 57 61 70 86 100 109 115 125 137 136 134 134 135 137 140 140 146 147 145 146 144 141 141 139 143 144 137 131 125 106 88 75 60 66 86 94 85 64 42 38 42 75 96 113 113 106 124 133 135 136 137 145 152 150 146 147 141 136 133 128 125 124 124 116 106 101 101 112 122 127 121 112 105 95 84 90 93 95 102 109 110 108 105 102 106 104 107 107 103 102 99 103 99 98 101 98 99 97 88 65 50 53 56 60 69 77 79 84 
36 39 49 55 61 74 87 98 107 116 123 125 129 125 130 134 138 144 146 145 148 151 147 145 140 140 143 144 144 140 137 130 124 106 91 71 63 64 88 95 79 55 36 37 50 76 91 110 104 104 116 124 130 133 138 146 149 145 144 141 140 138 133 125 121 124 119 111 104 95 105 119 131 123 117 108 101 92 75 77 88 98 101 105 110 111 107 99 99 103 100 96 93 88 99 104 100 106 101 103 103 101 99 89 67 56 60 61 59 65 72 81 
43 52 56 58 72 84 97 107 111 118 121 122 124 133 134 144 151 152 154 150 151 151 149 148 144 147 146 143 144 144 140 132 123 109 87 67 53 62 85 79 70 62 61 80 99 96 95 101 100 104 118 118 126 134 141 147 151 149 145 141 136 134 129 127 124 119 115 107 101 107 119 123 120 119 118 109 103 88 69 78 97 101 101 99 106 107 110 109 104 98 94 91 96 97 97 103 105 107 108 100 105 107 101 95 81 56 53 59 61 67 69 74 
42 49 53 60 76 88 100 115 120 120 117 122 124 135 146 150 154 157 154 150 150 148 148 148 146 146 146 145 145 143 139 130 125 109 90 67 48 55 84 80 65 64 67 93 104 96 92 98 99 104 112 119 124 133 138 145 144 146 146 139 132 126 126 124 121 117 111 101 104 114 123 125 119 120 112 108 105 90 57 58 93 112 110 107 104 106 108 108 109 104 97 98 97 99 104 99 99 106 111 116 112 105 103 99 87 56 54 55 59 61 70 74 
36 49 62 80 94 105 115 117 114 117 123 127 133 141 144 148 149 152 152 152 153 150 149 150 146 143 147 147 147 145 138 130 125 114 92 70 54 57 79 79 62 64 59 83 92 87 92 92 92 104 109 116 129 138 145 145 141 141 138 137 133 128 123 116 113 108 104 107 115 120 123 121 115 115 115 108 106 94 63 37 68 99 115 113 107 102 99 102 101 101 99 96 96 98 100 102 99 104 108 113 113 110 105 98 95 79 52 51 54 61 66 64 
44 59 74 89 104 108 110 114 120 128 130 136 140 143 145 149 149 152 153 149 147 145 145 148 146 144 145 149 144 143 139 131 122 113 93 71 53 57 78 87 61 64 61 67 88 87 86 90 94 101 109 119 129 134 138 140 139 133 127 130 131 127 119 115 108 107 114 119 122 122 123 120 115 116 114 116 102 97 74 46 53 84 109 112 111 105 98 96 97 96 94 93 90 91 91 92 95 101 104 107 111 112 108 100 99 87 60 48 52 53 59 67 
60 67 79 87 98 107 117 127 130 131 135 138 142 146 147 147 150 151 147 148 146 145 143 146 145 143 139 141 140 142 137 130 124 113 89 66 55 61 74 89 74 62 71 65 75 84 94 90 96 104 113 125 133 138 138 139 135 131 128 127 124 120 115 108 109 118 120 125 125 125 123 122 116 110 112 105 108 101 80 54 48 59 92 112 110 104 101 96 93 96 91 87 85 86 84 84 92 94 103 111 105 95 90 94 97 91 77 54 53 56 56 63 
69 83 85 97 109 117 122 127 130 137 139 139 145 143 143 146 148 147 147 145 142 143 146 145 146 143 143 143 141 139 139 133 126 117 92 73 65 64 78 93 91 81 74 85 77 87 101 101 103 111 116 126 132 130 133 136 134 128 124 126 122 116 109 111 117 119 126 127 125 125 122 119 116 112 111 111 105 101 84 63 67 65 70 98 117 116 109 104 94 91 88 88 89 83 84 86 91 104 113 106 106 104 100 102 102 89 82 60 53 55 58 58 
63 76 94 109 114 119 126 132 137 140 143 136 140 145 141 143 143 143 142 143 141 146 147 144 145 141 141 147 145 140 136 134 127 117 102 81 73 70 75 91 95 91 88 91 101 100 104 106 107 115 122 129 129 130 129 128 128 126 121 117 116 112 105 102 108 114 123 127 122 118 115 112 113 112 108 107 104 101 87 79 101 105 96 100 118 125 119 106 99 89 88 84 86 81 79 81 93 103 105 109 105 102 95 95 93 88 85 59 52 52 56 58 
54 64 85 105 123 121 129 136 134 139 138 141 136 140 140 144 139 138 141 144 144 144 144 144 142 142 143 142 142 136 133 127 124 120 109 91 81 74 72 86 97 97 93 91 96 107 113 111 109 115 123 126 127 122 118 120 118 114 110 112 111 107 100 92 93 97 108 121 118 117 113 114 111 108 108 108 98 98 83 83 103 107 80 86 117 129 122 111 100 92 87 84 78 77 82 86 97 105 108 109 106 95 95 88 84 82 82 66 50 49 53 58 
38 49 64 80 102 120 126 132 133 135 137 139 143 144 139 137 141 141 144 143 138 142 145 143 142 141 140 143 143 142 130 129 127 119 109 102 85 79 72 83 92 96 95 95 90 101 106 107 116 121 123 120 117 120 116 111 107 107 105 104 106 108 105 105 104 92 80 89 107 107 108 108 108 107 100 96 104 98 79 57 77 68 45 60 102 124 127 113 104 89 89 88 82 74 73 80 94 103 104 107 104 101 97 95 91 89 84 64 50 56 56 63 
32 39 46 54 78 101 120 124 129 131 135 135 135 138 136 134 138 138 140 138 141 143 139 139 139 141 139 140 140 135 136 132 123 116 111 104 90 85 85 84 90 92 95 95 96 96 96 105 114 120 122 119 114 110 111 106 105 106 106 107 108 115 118 112 106 97 80 59 65 94 98 101 103 100 103 101 100 98 77 65 82 97 94 72 87 117 123 115 106 98 91 90 78 70 72 80 90 98 105 102 97 93 90 86 80 78 71 63 54 55 60 62 
37 41 47 53 52 66 89 105 119 130 136 137 138 140 138 138 140 140 140 143 144 142 140 136 137 137 135 138 137 138 132 129 122 119 116 111 102 94 91 91 90 94 93 96 103 109 110 115 119 119 115 113 113 109 105 108 109 108 106 104 108 113 118 118 113 101 79 58 58 81 91 99 99 100 105 109 104 96 76 64 89 106 108 89 87 116 134 122 116 101 91 81 78 70 71 81 96 98 99 98 93 91 85 85 86 87 73 55 49 54 59 66 
37 44 49 51 57 58 60 73 89 104 119 121 126 125 127 129 131 133 137 136 138 137 141 139 140 136 134 136 135 129 125 123 122 121 120 117 114 108 102 104 103 101 102 101 107 114 119 118 118 115 111 110 109 108 109 109 108 106 107 108 111 114 116 113 107 100 65 46 57 76 81 88 90 98 102 101 105 96 77 60 83 100 101 83 80 108 129 124 115 100 90 84 82 72 66 78 90 96 101 95 92 85 84 82 80 76 72 61 53 56 61 60 
43 49 50 51 59 59 56 56 61 75 85 93 100 104 109 110 113 112 109 111 116 121 121 123 127 130 133 135 135 131 129 124 118 116 118 119 117 114 120 124 126 126 125 120 116 116 116 112 111 110 112 106 104 104 106 107 108 106 105 103 104 108 112 114 113 101 64 41 53 69 77 81 84 91 100 104 103 98 79 76 103 116 120 90 66 87 104 104 92 94 85 81 77 62 54 66 85 89 94 96 87 79 76 78 71 69 62 57 60 67 64 61 
34 39 49 52 56 60 60 53 58 65 81 87 87 100 107 116 122 128 125 122 118 114 118 122 127 130 134 133 135 133 130 127 123 119 114 113 112 115 119 127 137 144 144 137 132 123 116 112 106 105 103 104 106 104 106 108 109 108 104 103 101 105 104 106 105 99 81 46 41 65 73 75 82 89 95 100 110 101 83 77 106 123 121 104 65 75 96 101 106 100 91 83 76 69 58 66 81 89 91 92 87 74 64 73 71 70 67 66 59 56 61 61 
42 39 44 58 59 56 55 61 58 52 56 66 82 90 95 99 106 114 121 124 126 124 119 121 123 121 126 129 132 130 123 120 114 108 105 106 108 107 113 123 138 143 144 141 138 133 120 114 111 108 105 103 98 106 107 105 111 111 112 107 101 101 104 106 101 97 94 79 53 45 60 68 71 82 93 100 114 105 86 74 96 115 121 106 62 76 99 109 108 100 88 81 77 68 57 67 87 93 92 91 86 74 70 73 75 70 65 58 52 61 65 63 
31 44 44 48 60 54 54 52 61 64 56 55 65 76 89 97 101 106 109 116 115 117 114 118 119 123 119 120 123 126 124 122 118 107 105 103 96 96 107 123 132 137 140 137 133 132 135 128 121 119 117 116 114 111 113 116 111 117 114 109 112 106 105 108 109 104 93 92 87 63 45 50 59 67 76 87 98 105 89 66 78 93 94 86 64 77 108 119 116 99 86 78 75 65 54 70 88 91 92 87 81 75 73 74 81 74 64 61 64 64 64 63 
39 32 45 45 46 59 51 56 58 57 65 62 53 65 69 76 92 99 105 109 115 117 114 111 111 115 119 118 118 121 120 122 112 107 99 97 104 107 114 125 135 139 135 132 129 126 126 125 130 130 133 132 132 133 128 127 128 128 125 126 120 121 119 115 113 113 108 101 94 90 68 48 45 49 69 87 99 101 90 72 73 90 94 59 48 86 106 112 109 95 83 75 72 66 60 74 83 92 94 84 83 76 83 89 87 83 70 60 60 60 64 63 
43 45 41 51 53 50 60 55 51 47 51 61 61 54 61 71 72 87 97 100 104 114 118 117 116 110 109 115 121 122 125 120 115 107 103 102 99 111 118 121 126 127 123 123 122 125 121 121 119 118 124 129 134 135 137 138 137 136 140 138 139 136 130 132 129 125 117 104 93 85 81 62 41 50 68 85 99 99 87 67 81 104 114 102 68 81 101 100 91 81 77 73 70 56 60 76 88 84 78 87 84 85 77 76 83 77 65 62 59 65 60 61 
46 41 42 44 52 56 55 58 62 56 42 51 56 60 56 59 68 70 81 95 103 105 105 114 116 116 115 114 114 122 123 121 117 105 105 102 105 103 103 102 106 104 102 106 106 110 111 115 115 110 115 118 125 128 126 126 130 134 130 135 136 136 135 139 136 122 112 104 91 84 73 60 41 43 63 85 94 93 83 69 84 106 117 94 66 82 90 96 91 81 70 69 67 58 56 76 85 85 86 83 82 79 80 85 78 70 63 63 65 62 62 65 
48 41 46 45 45 54 53 55 55 65 47 44 51 53 54 54 57 64 70 82 93 101 103 107 113 117 119 123 121 119 119 122 115 110 98 95 96 96 92 83 73 64 64 63 70 78 87 90 98 104 107 112 111 118 119 119 119 119 121 123 126 128 131 134 129 116 106 97 89 80 73 57 45 47 61 81 93 91 76 65 87 110 113 79 67 90 94 89 85 77 72 72 64 58 66 76 90 89 83 85 84 79 74 81 80 69 64 65 63 65 64 65 
41 46 45 51 47 48 57 52 53 49 57 37 42 54 53 54 53 53 59 66 80 86 95 99 106 116 116 118 121 116 115 113 112 107 104 102 100 97 84 65 53 53 52 58 71 77 79 70 71 73 80 87 86 88 92 102 108 108 112 115 120 121 122 123 120 113 102 99 89 83 69 52 41 46 63 80 86 82 71 53 51 69 70 56 71 87 89 83 77 77 76 68 63 64 74 78 81 87 88 84 83 80 85 91 78 65 61 59 63 61 63 61 
37 42 45 50 60 49 47 59 56 57 58 49 39 38 47 52 50 46 45 51 60 77 86 94 101 111 113 114 118 122 116 113 109 107 105 103 94 85 72 56 52 56 59 72 74 77 86 86 83 79 68 59 57 58 64 70 77 89 96 101 98 99 103 105 105 98 97 88 79 70 53 43 42 51 62 76 82 78 67 51 52 46 38 64 83 82 77 72 72 72 73 68 64 70 76 82 84 91 88 85 91 88 87 82 69 62 66 63 64 64 60 64 
34 34 49 46 54 64 46 49 57 59 57 60 44 36 39 49 46 51 46 41 46 54 68 87 97 97 107 110 115 115 112 108 110 105 103 104 97 84 66 51 59 50 54 61 67 80 91 87 89 92 94 89 82 73 65 61 65 64 65 64 62 64 65 71 77 79 77 71 58 48 47 48 51 59 71 78 76 73 61 53 56 63 67 78 80 76 68 71 71 74 65 65 69 77 81 86 93 93 91 92 93 90 78 62 58 58 59 64 59 61 64 63 
39 34 39 56 53 52 56 44 58 58 56 57 58 42 34 36 47 44 48 42 38 44 53 64 87 98 96 108 116 114 109 102 103 106 110 105 93 76 59 57 55 48 48 72 91 80 82 81 86 86 99 104 99 94 88 81 74 71 68 61 66 70 69 67 62 57 48 46 47 48 55 61 57 64 64 68 73 67 49 30 35 50 69 74 68 64 68 71 74 70 69 66 70 73 82 92 91 92 90 88 90 84 70 63 62 64 64 61 65 66 63 67 
35 31 30 42 57 54 54 47 48 60 60 52 58 56 41 33 34 41 40 43 39 39 44 52 64 88 96 102 111 118 116 108 103 102 99 96 86 66 55 64 56 44 37 47 60 78 74 76 81 91 101 107 106 106 106 102 95 88 85 82 78 76 78 70 66 58 48 46 53 66 73 73 73 71 73 70 72 66 44 28 37 64 71 75 71 71 71 70 72 69 71 75 78 82 82 79 85 83 80 85 77 62 57 61 63 63 65 67 62 67 69 67 
43 35 31 32 53 53 47 53 50 54 59 54 52 58 46 36 30 36 38 39 38 35 39 41 52 65 89 96 103 105 110 108 105 98 96 93 77 63 55 63 58 45 24 38 53 74 71 79 78 93 99 104 110 114 113 113 111 108 104 97 92 88 86 85 79 73 69 69 71 75 81 80 78 77 72 74 74 63 40 34 61 76 80 78 74 76 75 73 72 74 74 76 82 94 93 86 85 84 74 69 60 61 60 62 62 59 62 66 71 68 69 70 
41 35 31 27 37 57 55 55 51 44 59 52 45 46 54 41 29 28 35 29 35 38 35 39 42 54 72 83 91 104 100 102 102 97 97 90 76 60 59 71 65 54 76 36 47 76 80 83 83 89 97 103 109 113 120 118 116 114 109 107 102 97 93 90 86 83 83 86 86 81 78 81 78 77 80 83 79 68 41 53 76 81 82 79 77 74 80 78 78 79 86 86 84 81 86 80 75 67 62 61 64 64 65 66 66 64 62 66 63 67 64 72 
38 38 36 34 35 42 52 58 57 55 55 51 49 45 46 41 34 25 28 34 32 34 33 33 37 46 56 71 87 97 103 102 104 101 95 89 84 58 53 69 62 41 33 35 41 63 77 86 83 90 97 101 107 113 118 121 119 121 119 113 109 102 99 96 92 85 79 83 89 88 88 82 82 83 81 82 79 67 59 70 75 81 76 78 82 80 76 86 91 89 82 77 79 73 59 61 61 56 55 54 53 53 51 50 48 54 58 63 66 67 73 78 
41 37 38 31 31 33 46 47 57 55 52 52 41 40 44 41 38 28 25 31 30 33 35 31 35 34 45 62 76 90 98 99 101 104 104 91 86 58 56 73 68 42 26 28 39 61 71 88 83 86 99 104 110 115 117 113 121 123 124 118 112 112 105 102 97 93 82 76 85 94 92 90 84 80 80 79 79 79 77 79 77 75 75 76 79 81 85 75 74 77 65 55 52 49 41 33 27 26 18 13 18 25 35 42 48 55 59 60 68 74 80 88 
54 38 35 32 31 29 33 47 44 54 56 55 54 40 44 40 34 30 24 28 28 28 29 35 31 33 27 46 70 89 100 98 100 99 98 94 84 63 51 79 72 56 41 48 68 70 71 89 89 87 101 106 107 110 112 115 122 123 122 117 115 113 110 110 107 97 91 80 79 87 90 89 88 86 87 82 78 77 77 82 73 69 74 82 85 79 74 73 75 61 61 56 39 28 27 30 31 27 24 13 13 20 25 29 33 39 45 50 58 64 70 71 
60 50 33 34 29 29 32 38 46 40 50 56 51 46 38 42 37 31 24 23 22 23 26 24 32 31 29 35 51 73 92 103 100 100 97 91 86 64 60 78 75 61 49 72 80 80 86 94 90 88 103 111 109 112 114 118 118 122 121 122 116 111 106 103 100 101 93 86 73 78 92 91 87 84 81 80 75 72 76 76 84 83 83 86 79 70 70 55 53 64 50 40 29 26 27 31 30 31 29 27 20 16 20 25 27 33 37 42 48 60 66 67 
53 50 39 29 34 28 26 30 43 37 39 48 53 42 34 36 34 33 31 23 20 23 26 27 25 27 30 30 40 60 81 92 102 97 93 89 84 73 60 76 75 64 51 46 53 65 88 94 87 88 105 108 106 107 112 120 124 124 125 122 119 114 111 109 106 105 100 95 84 69 75 82 82 76 75 75 79 82 79 86 84 83 79 76 69 64 55 55 60 46 29 28 39 38 35 29 32 34 37 32 25 19 12 15 21 27 30 41 51 55 63 78 
57 57 48 39 29 27 24 30 37 38 38 39 45 46 37 31 31 33 29 26 19 19 22 25 24 24 27 28 35 51 61 82 92 96 93 86 76 68 60 74 81 62 57 41 44 60 85 87 83 94 106 109 108 111 117 116 124 122 121 121 119 116 111 106 103 102 98 94 90 80 72 73 80 79 76 79 80 82 83 82 83 76 73 74 71 67 74 65 47 27 23 30 52 56 46 38 33 36 38 42 40 42 47 45 38 46 65 73 77 79 97 111 
41 61 55 48 38 33 28 23 35 37 32 34 41 48 37 33 33 30 28 25 20 15 17 22 20 22 27 26 28 44 60 65 84 85 86 87 76 66 59 66 79 66 52 52 43 60 80 87 88 100 105 106 108 113 113 118 119 120 119 118 113 109 106 106 100 96 93 93 90 91 86 77 79 78 78 73 80 85 83 79 77 75 69 57 62 65 59 38 18 21 27 35 38 56 64 55 46 45 46 52 56 62 67 72 83 94 99 102 103 117 126 120 
30 44 62 45 37 35 37 23 22 34 30 29 32 43 45 31 31 29 27 28 20 21 20 19 20 23 23 28 30 34 52 64 65 75 78 70 71 64 58 67 72 67 52 46 55 66 79 83 91 93 97 104 103 103 105 109 115 116 112 108 109 106 104 99 97 95 90 89 90 92 91 91 87 87 87 86 81 80 80 73 63 55 62 67 64 46 24 18 23 24 30 36 34 33 46 70 70 62 60 60 70 86 98 107 112 114 117 118 124 130 125 121 
56 35 34 55 51 37 32 34 29 29 40 32 31 29 45 48 34 31 32 27 26 16 18 20 19 17 22 22 21 27 41 59 67 61 71 77 66 69 61 61 72 76 74 63 62 67 81 85 77 87 98 102 97 98 103 108 108 108 107 104 100 100 98 95 92 87 84 82 79 74 77 77 76 74 70 69 70 67 61 60 63 66 68 61 43 28 22 24 25 34 36 40 37 38 37 38 64 89 91 95 99 101 106 107 110 115 118 121 123 121 119 123 
69 67 47 36 49 49 39 33 27 27 31 37 31 30 30 41 48 34 35 37 33 29 22 17 18 21 22 21 24 27 29 45 64 66 57 64 67 67 59 55 61 67 76 78 70 62 61 71 80 85 94 97 103 103 101 100 102 101 102 98 99 99 93 90 87 83 77 70 69 64 61 63 66 68 70 68 69 71 72 70 67 55 46 33 32 27 32 35 35 39 40 39 43 40 39 36 33 40 71 109 120 123 123 122 124 124 122 128 128 130 133 134 
66 65 65 54 40 42 44 35 29 26 25 33 36 27 29 34 47 40 31 33 33 31 26 20 20 19 19 20 19 20 24 34 53 68 66 56 63 61 56 51 49 57 62 72 70 60 65 72 80 88 85 89 92 93 96 92 85 87 88 90 88 85 83 79 74 75 68 66 63 67 75 80 85 80 78 76 67 65 61 56 38 27 21 24 27 40 42 39 40 40 41 40 40 39 40 39 40 35 29 39 69 95 115 128 124 127 127 130 131 131 134 133 
69 67 66 63 62 52 36 35 26 33 27 30 42 40 33 29 33 49 35 28 31 34 29 20 21 21 24 20 18 20 22 18 33 52 57 60 52 54 55 48 52 48 58 66 70 64 70 77 72 73 81 81 81 80 79 79 80 76 70 67 63 64 66 60 61 58 64 57 61 62 65 67 61 64 61 51 48 40 35 32 31 30 32 35 40 40 42 44 41 44 40 41 42 41 40 40 37 40 41 35 26 23 26 45 87 101 99 99 102 107 107 107 
67 68 69 67 63 66 61 49 41 32 36 33 28 41 32 32 31 38 42 31 26 24 33 29 18 22 21 22 19 18 20 26 21 27 38 47 57 56 55 57 55 60 57 60 64 65 74 80 81 76 77 75 78 74 75 73 66 68 69 71 71 70 63 62 62 66 59 60 53 47 46 43 35 24 25 26 28 27 26 31 39 38 38 43 41 42 45 42 43 43 42 44 44 40 40 39 43 40 39 36 38 39 38 35 54 103 115 114 111 110 116 121 
68 67 65 66 65 66 67 61 53 42 34 37 36 33 36 28 33 31 31 25 22 25 25 32 23 22 27 21 21 18 21 24 25 22 27 28 33 36 42 45 51 51 51 53 56 59 54 43 39 42 43 48 47 52 53 53 52 49 50 49 45 43 41 39 41 39 42 41 38 39 39 37 32 24 28 37 40 36 29 31 35 37 40 42 44 42 44 47 45 41 43 43 42 44 40 41 39 38 39 42 42 40 39 39 45 86 109 120 126 126 122 119 
67 65 67 65 67 61 68 67 64 62 46 35 37 35 28 32 23 33 31 28 25 26 26 22 22 20 22 23 19 22 15 17 21 26 25 20 16 16 14 17 23 30 37 33 32 36 37 29 27 26 27 24 23 21 21 23 17 18 19 21 24 24 30 35 39 41 37 41 42 39 43 40 38 32 33 41 43 43 37 30 32 40 45 44 43 44 44 44 47 47 44 42 41 44 45 46 44 44 42 42 41 43 42 43 44 65 104 114 119 125 128 131 
69 68 64 69 69 71 65 68 67 64 65 56 44 42 45 36 39 26 25 26 21 17 24 28 24 23 23 21 21 20 22 19 19 20 25 24 21 18 22 20 15 19 25 36 34 29 26 26 26 24 26 30 26 23 24 21 22 26 25 21 22 32 36 38 41 41 44 44 43 44 41 42 40 39 38 40 45 44 45 44 44 44 47 42 47 45 46 47 47 47 48 49 46 46 46 45 44 43 45 46 48 46 46 46 46 50 95 111 118 119 125 124 
68 66 68 65 65 64 70 67 67 66 66 66 69 69 65 70 64 59 49 40 33 29 16 21 28 27 27 27 26 27 24 22 21 25 20 26 28 24 25 28 33 33 35 26 28 31 31 25 21 22 19 17 23 23 26 28 32 26 26 32 37 38 44 46 47 48 42 41 43 44 42 45 43 41 45 45 43 45 46 44 48 44 43 46 47 47 47 52 49 52 51 50 50 50 52 51 48 49 46 48 47 49 48 48 46 50 72 106 115 118 120 123 
63 66 66 65 68 67 66 67 70 69 67 69 68 69 71 70 71 70 70 66 61 48 40 29 18 23 23 24 27 28 30 27 27 23 26 25 26 27 30 30 32 34 33 31 28 26 26 26 27 27 26 25 23 24 26 33 35 42 42 42 47 47 44 45 45 44 46 48 45 43 47 45 44 46 44 44 44 46 46 47 46 49 46 48 47 50 48 48 55 53 54 55 52 51 49 50 53 50 49 48 49 48 49 49 50 48 55 96 112 118 122 122 
69 67 67 66 67 67 69 68 68 66 66 66 69 68 67 67 66 65 66 69 68 70 62 60 52 53 51 32 25 20 15 17 13 14 14 14 19 22 25 27 28 24 26 29 32 30 27 24 21 21 26 29 30 31 32 37 43 44 47 47 47 48 47 44 43 47 46 46 46 47 46 45 44 45 47 46 45 45 45 43 47 47 52 50 52 51 52 53 51 55 52 53 53 53 52 53 53 54 52 51 52 52 50 52 49 51 51 73 108 117 118 120 
64 65 66 68 67 67 66 66 67 67 70 68 68 66 68 67 65 65 66 68 67 69 71 68 73 72 68 65 59 58 52 50 48 35 28 27 23 24 22 17 18 22 21 19 20 24 29 24 24 30 42 49 53 48 42 44 46 45 45 47 46 42 48 49 48 47 45 47 48 45 45 47 47 49 47 49 47 50 51 48 48 52 49 52 53 55 52 58 55 57 55 55 55 52 52 53 52 53 51 53 52 52 50 48 50 51 49 53 93 111 117 119 
62 64 67 69 66 69 69 67 67 68 65 64 66 68 69 68 70 71 70 66 69 67 67 71 67 67 66 70 71 71 69 72 69 69 70 62 64 58 50 44 32 19 21 23 33 30 34 38 40 43 53 55 53 55 57 54 53 54 53 53 51 52 48 49 50 50 50 46 45 49 51 48 48 47 45 47 50 50 52 53 50 52 57 56 56 53 58 54 58 52 54 54 54 57 56 53 53 53 55 50 52 52 52 50 50 50 52 50 71 106 113 120 
66 67 65 64 66 65 65 65 67 66 69 71 68 68 65 67 68 65 65 71 69 69 70 65 68 68 71 67 66 66 69 66 69 68 67 68 67 68 68 62 60 55 47 55 60 62 61 61 62 62 60 62 60 58 56 58 55 56 57 53 56 56 56 53 52 47 49 52 51 48 49 51 52 50 51 50 49 52 54 57 58 55 55 55 56 59 57 59 54 58 57 56 56 53 55 55 54 54 52 54 52 51 54 53 55 53 50 53 53 97 114 113 
65 67 66 68 67 69 67 70 68 67 67 65 69 67 68 66 66 68 70 67 70 67 69 69 69 68 67 69 70 71 68 67 67 66 66 69 69 66 64 67 65 63 65 65 63 65 63 63 58 62 61 59 61 59 62 62 62 60 59 60 57 57 58 56 56 59 55 54 53 52 52 51 54 54 55 55 57 56 57 57 59 59 59 59 58 57 58 56 61 59 57 57 56 58 56 52 53 53 54 54 55 57 54 54 53 52 52 50 52 74 108 116 
65 67 65 67 68 66 69 66 65 67 66 67 67 68 68 70 69 67 67 68 64 68 69 67 66 66 70 69 69 66 68 67 70 67 68 65 66 67 67 65 66 66 65 64 62 60 63 64 65 59 63 62 59 63 59 57 58 60 60 58 59 59 57 57 59 55 56 55 56 57 56 57 56 56 54 56 57 59 56 57 56 57 59 61 59 58 57 61 58 57 56 56 57 57 56 57 56 59 54 56 56 52 55 54 53 54 56 55 50 64 102 114 
