10 122 122 124 124 125 128 123 124 123 125 126 127 123 125 124 124 123 123 120 126 124 122 123 122 124 125 124 127 120 119 124 123 122 121 121 122 117 124 123 121 120 119 119 118 121 119 116 119 115 113 112 109 107 104 106 103 99 95 100 103 99 101 100 95 102 96 99 101 101 102 98 100 99 98 99 98 96 94 97 99 96 96 95 94 96 95 97 98 93 97 95 95 97 97 95 97 97 95 93 97 94 92 88 92 92 91 91 88 93 93 90 
127 132 128 125 131 126 127 130 128 126 126 124 130 127 129 125 127 126 125 125 121 121 122 116 109 108 95 95 98 89 91 86 84 85 92 90 84 88 90 85 85 85 84 85 79 81 87 84 84 85 85 84 85 86 79 86 84 87 79 80 80 85 84 85 86 84 84 89 92 82 80 83 78 79 82 78 77 78 75 81 78 78 81 74 77 79 76 80 83 82 81 85 87 84 89 81 83 86 90 88 90 89 88 86 89 88 91 90 94 95 99 96 
131 126 127 129 128 130 128 128 128 127 129 126 128 131 127 126 126 125 122 126 127 124 118 114 107 98 100 100 98 96 96 94 90 88 85 87 87 82 87 84 85 86 85 83 81 84 81 81 81 77 79 79 83 79 84 80 79 76 84 84 87 88 79 83 83 82 80 87 84 81 81 79 75 77 77 79 76 75 77 76 79 75 76 76 77 77 75 73 76 77 82 81 80 82 80 84 85 87 84 82 83 82 85 88 86 90 85 86 86 89 91 94 
128 127 122 124 128 125 127 127 128 127 127 128 128 123 126 127 125 129 132 127 124 119 111 107 101 102 97 93 94 93 91 88 95 92 93 89 87 88 84 83 83 87 83 87 84 81 84 88 86 84 81 85 82 83 82 83 80 78 68 67 68 67 79 76 81 85 80 78 75 81 78 81 82 77 78 78 75 80 81 78 71 75 75 78 74 79 78 80 79 75 75 78 80 83 81 82 84 81 82 83 86 87 85 85 87 86 88 82 83 86 84 88 
129 132 130 127 129 130 128 128 127 127 130 125 127 134 129 129 134 138 123 115 110 102 98 92 93 90 78 79 81 88 89 88 80 76 76 84 87 91 91 89 85 86 81 84 81 82 81 78 81 77 81 80 83 81 80 71 77 88 97 102 96 86 70 61 66 67 79 83 83 81 79 79 75 79 78 78 79 78 73 78 77 75 74 74 77 74 74 71 73 76 72 70 69 74 74 76 83 78 83 82 80 81 83 88 80 85 85 86 83 85 83 82 
127 125 126 127 129 130 129 126 127 127 124 127 128 129 129 124 120 107 99 96 93 89 82 83 78 69 56 56 64 65 62 58 47 51 56 66 81 77 71 72 82 87 86 86 83 84 85 83 80 84 83 81 85 81 75 95 105 109 117 122 129 130 132 125 104 81 66 70 71 77 80 76 77 78 78 77 77 75 76 73 78 80 79 78 74 73 74 79 76 75 77 77 78 77 77 77 74 76 77 81 79 81 78 78 80 79 81 83 83 81 84 80 
128 129 129 128 127 125 127 129 127 130 129 122 125 127 117 111 102 93 90 87 85 78 84 73 67 58 51 48 54 54 51 46 46 46 42 43 51 46 46 48 60 68 76 80 84 80 84 86 84 82 81 77 78 82 106 128 104 62 66 79 89 101 112 120 126 124 108 96 83 74 67 65 80 83 75 80 78 79 78 79 74 75 74 75 73 77 77 73 78 74 75 75 71 75 76 78 76 78 76 72 78 77 80 80 83 79 81 77 81 81 76 80 
127 128 129 131 127 130 129 126 128 130 128 131 123 120 109 91 91 76 83 96 90 82 75 68 77 71 45 39 36 41 44 45 40 34 36 38 38 42 42 41 42 38 50 57 64 68 70 81 88 88 88 86 86 85 127 148 129 67 34 43 48 60 88 103 113 118 124 104 102 97 97 90 59 61 80 77 78 79 78 77 77 77 77 78 76 72 75 74 71 74 73 77 74 73 72 71 75 69 79 76 75 76 75 74 76 76 76 77 78 81 79 80 
128 127 127 127 129 125 130 129 127 125 129 122 120 105 94 97 90 90 88 85 94 86 77 83 91 81 76 52 41 42 41 33 38 39 41 39 40 40 43 38 37 42 40 42 41 44 50 56 61 70 76 80 84 86 126 158 159 137 58 47 83 108 114 124 134 141 141 147 139 116 100 106 114 83 61 67 74 79 78 76 74 75 75 75 72 77 80 77 77 76 73 75 75 75 72 75 71 74 72 76 77 73 74 76 75 76 75 76 77 76 76 75 
128 128 128 127 127 129 126 127 129 128 126 120 103 95 94 88 101 110 110 100 88 86 93 89 83 72 68 73 44 47 46 44 47 45 43 46 49 52 53 52 46 47 50 43 37 37 36 37 38 45 54 62 63 75 98 137 165 143 105 69 80 108 125 121 121 123 127 139 149 163 145 108 118 141 116 77 68 71 71 70 76 77 75 78 78 77 70 72 77 75 72 77 72 73 75 72 72 74 75 78 71 72 73 73 74 75 75 73 69 69 71 67 
129 126 128 129 132 126 127 127 126 129 132 114 106 91 92 100 108 103 103 102 100 95 91 87 80 79 76 79 75 58 51 47 40 42 48 58 57 59 61 58 57 50 40 46 46 30 31 32 39 45 44 48 51 49 59 93 126 121 102 76 59 80 109 111 100 93 95 96 112 134 152 143 93 118 148 133 96 71 77 83 77 76 77 75 76 75 73 77 71 73 77 71 74 73 73 76 76 70 68 66 71 74 74 69 73 70 67 65 69 73 81 91 
126 128 127 128 127 129 130 128 128 142 131 107 101 106 107 107 102 104 110 104 94 93 89 88 82 78 68 74 80 61 54 49 46 57 66 64 65 57 50 59 55 49 52 49 51 47 35 37 34 37 38 44 44 42 48 60 70 72 71 73 66 66 73 88 82 71 68 78 86 100 114 134 109 81 121 148 133 101 72 70 75 78 80 76 72 74 77 78 77 76 75 74 72 76 71 70 69 74 70 75 72 71 66 72 69 66 69 77 86 96 98 99 
126 126 130 126 124 127 127 124 133 143 125 114 119 107 109 112 115 118 108 101 101 100 99 86 80 90 87 86 76 73 68 71 81 79 73 71 62 65 70 64 58 57 57 51 48 46 45 40 46 44 51 42 48 53 51 42 41 37 46 62 68 67 65 65 58 50 53 62 75 79 91 128 139 120 110 135 142 132 98 77 73 73 70 72 77 78 73 70 74 76 76 74 79 73 73 70 76 71 70 66 73 73 75 67 70 77 92 103 111 112 112 111 
131 127 128 130 128 127 124 130 137 134 125 124 125 119 118 121 121 115 114 105 106 101 98 95 97 96 94 81 81 86 91 98 92 83 76 76 76 75 73 76 69 65 63 61 55 50 51 49 45 52 49 55 63 61 56 53 59 69 76 75 71 68 62 47 34 40 53 62 81 105 104 122 150 148 123 121 140 140 122 84 75 76 72 75 73 74 78 80 79 77 73 72 73 73 74 73 69 73 73 77 74 71 71 69 74 93 99 90 87 86 95 111 
129 129 129 127 128 129 132 129 149 138 128 140 134 130 130 125 118 116 111 115 109 104 100 102 101 97 97 94 99 103 106 101 101 95 96 92 86 91 86 87 89 81 78 81 82 84 83 85 89 82 92 96 96 97 95 102 108 112 114 112 112 109 105 97 84 66 62 81 99 117 136 124 132 145 121 120 129 139 126 107 73 74 75 77 78 75 73 75 71 73 72 76 75 72 70 71 75 74 73 68 71 71 68 72 79 90 65 56 63 73 66 74 
123 124 128 129 129 131 133 141 147 136 147 147 149 139 134 134 129 121 121 114 109 103 106 100 101 100 101 106 119 120 110 121 121 119 116 105 107 106 105 104 103 105 104 102 106 113 114 116 118 124 122 122 123 122 122 125 129 134 130 132 131 126 127 120 112 108 94 101 115 128 130 134 128 142 126 119 131 139 130 108 77 75 78 79 75 76 78 76 73 73 75 69 77 78 76 72 74 72 71 73 71 75 72 72 86 66 53 48 59 57 71 67 
127 128 127 128 126 124 139 147 152 156 167 164 153 140 158 150 137 129 120 113 111 112 110 107 104 110 121 130 129 128 134 132 134 133 129 128 120 122 120 125 121 124 121 122 117 121 118 123 123 123 121 126 122 122 127 129 135 137 138 137 137 136 134 135 131 119 117 102 92 91 102 109 119 128 134 113 130 145 138 114 81 77 77 75 74 76 72 72 74 76 76 75 73 73 78 74 69 69 69 71 71 67 69 74 66 49 38 48 46 40 42 54 
130 131 129 130 127 127 138 149 155 171 173 161 146 163 167 151 139 128 124 119 120 116 112 111 120 128 139 135 130 129 132 134 135 130 132 133 136 137 134 133 133 134 133 128 127 121 123 118 117 116 116 115 117 116 120 127 129 130 135 138 144 144 146 144 147 146 137 131 124 115 105 100 96 100 108 104 117 141 145 126 84 67 72 75 78 76 77 75 77 75 75 74 71 73 74 69 72 73 74 70 74 72 73 76 58 41 43 41 39 38 44 45 
125 126 128 128 128 133 144 153 164 169 165 157 164 179 176 154 142 133 136 128 122 122 127 133 139 145 143 139 132 134 132 132 132 136 133 129 130 133 139 138 136 130 125 124 122 121 119 113 105 105 103 106 113 114 114 114 130 139 142 146 147 150 152 156 153 151 151 149 142 135 131 115 110 103 92 89 95 100 104 107 93 84 75 73 66 68 73 76 74 75 74 74 72 74 73 75 75 71 70 69 72 75 75 70 56 48 54 57 54 47 38 25 
129 128 125 126 132 131 136 155 159 168 166 158 164 174 174 152 144 148 136 120 122 130 134 142 144 139 140 140 142 139 138 136 137 133 138 137 137 135 132 137 133 131 136 134 131 129 122 114 107 98 102 106 115 116 110 113 120 132 144 146 153 153 154 158 162 159 159 158 153 151 145 141 129 120 113 103 99 95 95 91 95 98 96 93 88 80 73 74 76 73 74 77 80 72 76 73 69 74 73 73 70 72 75 62 51 41 45 36 28 17 28 56 
128 127 126 127 136 133 139 149 155 164 165 160 160 166 158 148 142 132 123 126 130 137 138 138 138 143 148 146 145 141 141 143 144 150 146 146 145 143 145 142 143 145 144 150 149 137 129 120 111 113 108 111 115 108 112 107 111 123 135 145 150 155 160 164 164 166 166 163 160 158 156 144 142 129 118 117 106 103 98 96 95 93 91 92 88 92 86 72 74 70 70 64 63 72 68 64 73 62 66 60 55 56 48 34 28 33 43 23 35 52 71 95 
127 130 127 131 131 125 139 144 151 158 166 149 149 147 144 136 127 124 131 145 147 142 140 139 144 139 138 141 133 140 144 148 155 154 154 148 148 152 152 150 151 154 156 162 158 144 133 119 115 121 125 119 110 107 101 109 111 118 132 141 145 152 157 163 165 167 169 166 164 164 162 158 148 142 136 121 118 108 103 105 97 92 89 90 91 84 84 86 70 72 78 83 73 73 78 74 74 85 80 92 90 90 86 85 80 88 91 99 108 112 118 109 
127 127 128 129 127 129 136 136 145 164 156 144 146 137 128 140 151 159 168 162 157 159 155 153 148 147 146 146 145 145 151 156 158 159 155 158 159 163 164 166 166 164 166 163 152 148 134 119 118 127 129 122 111 100 93 104 108 121 135 148 156 157 157 159 166 170 175 171 169 167 168 164 159 154 147 138 127 114 107 106 105 101 98 90 83 89 88 80 88 75 77 98 116 109 109 108 106 106 110 101 105 111 112 111 111 113 111 115 115 116 121 125 
125 126 126 130 126 125 121 125 142 148 139 135 137 139 150 156 164 172 165 153 158 161 166 165 160 154 157 164 166 167 164 161 162 167 169 167 167 167 168 169 172 176 171 164 155 142 129 116 120 132 129 126 110 91 98 93 105 122 139 145 153 166 166 164 167 174 174 174 174 173 174 168 164 166 156 144 136 132 124 119 116 115 109 105 94 87 84 90 86 82 73 74 94 119 120 114 113 115 110 114 109 105 108 113 111 115 116 117 121 124 122 123 
126 124 121 120 115 117 115 125 134 134 129 125 132 145 145 153 152 147 146 154 159 164 164 156 161 165 166 165 155 158 165 170 168 167 166 164 163 165 169 172 174 175 177 164 149 137 126 114 117 122 125 118 101 109 107 100 119 119 134 140 151 168 174 173 175 179 180 175 178 180 177 173 168 158 155 150 146 134 128 128 120 120 121 116 113 104 95 89 95 93 85 76 74 85 109 116 114 116 117 115 115 111 109 108 111 115 118 116 120 124 130 127 
127 129 119 114 109 109 114 121 127 122 120 123 123 131 132 136 135 144 153 161 162 163 160 162 171 171 173 172 165 156 159 160 165 164 163 163 163 165 169 177 177 182 178 173 160 131 118 109 116 127 125 112 118 118 89 91 133 130 132 145 146 164 177 175 177 179 180 185 182 179 179 175 170 171 159 155 144 142 134 125 131 127 131 133 122 120 109 102 94 95 97 88 74 73 71 84 98 104 106 110 109 108 113 107 111 114 115 119 118 118 121 126 
129 122 113 108 99 111 110 115 115 111 111 103 119 132 130 132 134 147 158 162 165 164 169 175 178 173 171 170 164 162 160 160 159 161 163 167 165 172 176 179 182 183 181 172 156 135 112 106 118 125 121 118 130 115 119 124 140 142 141 149 147 165 180 184 177 179 181 187 189 185 181 183 180 173 165 157 152 146 138 139 135 139 141 137 137 131 124 117 104 102 101 102 95 83 71 66 73 86 91 93 101 106 104 108 109 109 111 118 118 115 121 124 
126 120 109 98 95 95 103 112 110 106 102 112 126 130 129 131 139 152 160 163 162 167 174 176 174 171 171 170 169 166 170 167 170 169 166 169 173 173 176 181 183 183 183 177 160 136 114 99 113 125 120 136 138 116 125 148 161 152 140 152 149 163 184 189 187 184 184 188 186 188 191 185 181 180 173 163 158 153 147 139 143 144 145 145 139 138 127 118 118 111 109 110 105 101 94 76 59 62 72 88 90 95 97 98 107 109 106 110 118 120 119 121 
123 109 100 94 92 89 98 104 102 101 102 116 131 123 127 132 144 152 159 161 165 168 167 169 175 168 175 176 179 179 178 177 178 178 171 174 178 180 181 183 184 186 184 178 156 127 108 98 110 123 124 145 127 101 105 115 147 160 140 151 145 162 184 190 187 187 187 186 190 191 192 186 185 179 174 167 160 156 147 149 150 150 154 153 152 149 140 134 123 118 113 107 114 114 112 102 83 65 60 63 72 82 85 91 93 92 95 100 108 113 114 117 
113 109 99 94 89 84 92 95 98 94 97 106 122 125 131 142 151 150 155 159 160 166 168 172 176 179 186 189 188 188 186 186 184 182 182 182 180 183 187 186 191 189 188 179 156 131 111 96 105 117 129 149 113 93 101 113 118 151 146 153 144 164 185 193 194 188 191 192 190 191 189 188 185 184 177 171 163 157 155 157 158 161 161 163 161 161 154 144 135 125 122 117 113 117 117 117 108 87 63 57 57 64 70 77 82 89 91 95 98 105 111 111 
113 97 89 85 81 88 94 94 93 95 91 99 107 117 123 138 143 155 160 165 168 170 175 178 182 182 191 188 190 194 190 187 186 184 182 178 183 188 188 191 191 192 190 181 159 132 112 96 100 108 129 145 108 71 52 86 123 156 146 160 144 166 188 191 194 193 191 190 192 191 192 187 185 181 176 167 165 163 161 159 156 157 163 167 169 173 167 160 151 139 130 126 122 120 126 125 121 108 88 59 57 64 63 65 74 79 85 89 89 97 106 108 
110 95 90 81 73 81 83 87 93 88 96 97 102 114 125 137 139 143 153 170 175 182 185 187 191 193 192 195 197 196 192 190 187 186 184 183 183 188 192 194 193 192 191 182 155 129 106 94 100 102 129 139 104 136 94 79 118 159 150 152 146 171 183 189 190 188 192 193 193 191 190 191 186 181 173 168 159 161 159 158 156 157 157 163 171 174 180 176 167 154 145 135 128 124 122 127 127 119 105 81 60 53 59 60 63 66 74 80 81 83 92 98 
104 92 93 81 73 75 76 80 81 89 87 93 100 113 127 134 137 147 158 168 179 183 186 190 189 192 193 195 197 198 195 194 192 188 189 189 189 191 195 194 195 194 193 185 166 129 107 92 88 98 130 141 107 92 114 112 128 162 150 148 155 181 192 193 191 190 189 190 191 189 190 184 184 179 177 171 166 161 166 164 159 149 147 152 161 173 178 177 178 171 158 145 140 137 133 129 130 127 119 97 70 57 55 60 63 65 65 72 78 80 83 87 
105 96 90 80 69 70 79 78 79 77 88 89 96 106 117 128 140 158 169 175 177 184 187 188 193 195 194 195 196 197 197 197 193 194 191 192 193 196 199 199 197 196 194 190 169 139 112 95 89 86 118 137 115 94 89 114 146 159 155 147 162 184 192 196 194 193 193 191 192 191 186 183 183 176 171 170 170 176 175 168 160 151 146 136 147 171 181 183 181 176 167 157 153 144 142 142 137 137 127 111 92 57 55 55 57 56 60 60 68 71 75 73 
105 93 89 86 65 67 71 75 72 73 79 90 93 108 120 133 144 162 174 182 184 184 188 189 192 195 195 196 197 200 199 197 198 195 194 197 197 199 199 199 199 197 196 194 174 141 117 97 86 80 107 135 134 131 166 175 170 165 149 150 169 182 191 190 192 192 193 193 188 185 182 178 172 167 164 169 178 183 175 165 155 146 131 125 147 167 181 182 184 177 174 164 155 155 149 150 150 148 145 132 111 84 58 54 55 60 62 64 67 66 69 69 
92 93 94 89 70 61 69 72 75 69 71 79 91 107 122 138 144 154 167 177 187 188 186 186 192 195 200 201 201 199 200 197 198 197 197 195 200 200 200 199 200 197 197 190 177 150 123 99 89 79 90 127 141 133 163 184 174 164 155 153 172 182 186 192 191 191 194 190 190 179 181 176 168 162 170 178 184 184 172 164 154 141 126 113 140 174 177 178 180 177 173 174 168 163 160 163 161 158 153 142 127 106 78 55 56 59 57 57 58 64 70 67 
95 99 87 79 66 62 66 66 68 71 75 81 95 105 119 142 155 160 165 165 174 184 188 182 184 191 196 198 201 201 199 199 199 199 198 200 201 201 202 203 201 200 198 193 189 167 145 124 102 87 92 118 137 142 136 163 163 158 152 166 176 184 192 191 192 191 193 194 192 190 185 175 166 172 183 187 183 172 169 163 158 148 117 97 124 166 179 176 179 176 178 174 172 175 169 164 164 163 159 156 144 128 104 74 51 51 60 61 61 58 61 63 
95 91 92 83 71 72 72 71 70 68 74 77 85 102 110 133 149 155 160 163 170 174 178 186 185 184 189 195 199 199 200 199 200 199 200 200 200 201 202 200 203 198 196 190 185 177 158 131 108 88 83 109 135 142 125 119 146 155 162 171 181 187 188 190 190 190 193 194 193 192 182 171 167 177 187 185 179 175 168 166 164 156 111 71 92 153 179 177 175 176 173 169 168 170 173 173 167 171 168 159 149 137 117 89 65 52 50 53 53 59 60 64 
94 99 89 78 69 69 70 76 75 77 80 82 96 109 114 124 132 150 159 168 172 174 176 175 184 184 178 185 194 198 199 200 197 200 201 201 202 202 200 202 201 198 197 193 189 182 161 142 121 96 83 96 126 144 144 128 145 157 163 172 183 187 185 185 184 186 188 189 193 188 183 172 168 178 184 186 182 175 173 172 167 149 106 71 49 110 168 169 170 169 171 169 166 173 177 183 180 176 176 169 162 144 133 110 80 57 57 57 58 55 58 53 
101 96 88 71 67 72 78 74 73 74 80 87 104 118 118 121 124 136 157 170 180 181 183 176 174 184 175 179 191 198 200 200 200 201 201 202 201 202 202 201 201 199 196 194 190 184 167 152 132 108 86 84 108 139 150 152 153 158 171 173 179 179 180 179 179 186 187 180 171 153 149 153 158 168 180 182 183 177 173 174 172 149 106 78 47 76 132 154 156 160 166 169 174 173 180 187 189 183 181 176 167 156 140 118 91 61 50 49 56 58 59 64 
105 103 81 66 70 81 81 86 83 80 84 90 95 114 114 121 126 136 152 171 177 180 179 177 169 175 181 173 183 197 200 201 201 202 200 201 202 200 201 200 200 199 198 190 186 181 174 162 148 127 104 80 83 103 130 148 162 153 158 165 164 167 170 172 177 176 172 162 146 141 126 113 127 148 166 178 178 175 175 177 170 151 111 85 61 67 121 145 148 146 156 164 167 174 178 184 189 192 189 184 178 166 150 132 103 66 52 51 57 60 57 55 
114 94 83 82 81 69 69 67 78 89 92 91 89 99 116 118 130 142 152 168 177 183 186 188 175 168 171 178 175 189 196 198 201 200 201 201 203 203 202 201 201 202 196 193 187 182 175 167 156 143 129 107 80 81 98 123 148 150 151 156 161 161 161 165 166 165 156 149 150 144 136 101 95 121 151 168 167 170 174 178 170 144 117 91 104 114 117 143 143 138 140 148 161 166 176 180 190 191 189 183 177 171 158 137 118 79 55 46 52 53 60 63 
107 98 97 86 76 70 69 76 79 94 99 90 92 105 122 116 125 137 148 166 180 188 192 196 196 188 166 174 174 185 197 200 201 202 202 201 201 202 203 202 202 201 199 195 190 181 175 172 164 160 152 136 118 97 99 119 138 147 157 163 164 166 166 162 159 150 149 151 159 159 145 106 75 81 121 151 164 172 180 182 168 139 107 81 80 90 114 145 160 147 138 135 151 161 170 183 186 191 191 189 183 175 167 150 126 94 67 54 49 56 54 60 
104 98 93 80 76 73 69 70 74 87 108 114 104 105 112 118 113 127 142 157 174 190 196 198 200 200 191 169 182 186 192 199 201 201 201 202 202 202 202 203 202 200 199 196 193 185 180 176 174 173 172 167 160 147 133 132 141 150 158 161 161 161 158 153 156 151 150 163 163 164 144 107 66 62 83 126 158 174 181 183 165 138 111 84 72 69 92 149 169 161 143 137 144 152 170 186 194 194 194 191 185 183 167 153 131 102 66 54 51 49 51 58 
107 100 91 83 77 75 76 80 80 76 105 123 121 104 112 115 119 129 132 152 167 182 193 199 202 202 200 195 182 189 194 196 201 202 203 203 202 202 202 201 202 200 200 197 192 189 186 181 179 179 184 183 177 173 166 162 156 151 150 149 149 148 147 144 148 154 154 156 162 157 146 112 66 60 78 104 145 173 181 184 168 141 115 92 109 121 100 141 174 167 149 131 133 144 166 183 190 195 194 193 187 181 175 155 134 108 74 50 48 54 53 54 
115 108 97 91 75 74 85 85 91 74 70 113 130 119 92 111 128 123 132 142 160 170 185 193 200 202 201 200 199 193 196 199 203 203 203 202 202 202 201 199 201 200 199 198 193 189 187 187 185 188 189 192 195 192 186 186 179 174 172 165 161 154 152 150 153 158 164 168 167 165 149 126 90 49 67 90 128 162 175 185 172 144 126 96 122 151 116 129 174 169 155 141 129 139 165 183 193 196 195 192 188 183 172 158 138 108 76 57 53 55 48 54 
122 107 102 83 80 79 79 75 81 87 73 89 112 125 115 94 118 126 125 141 153 167 181 193 198 199 201 201 199 197 201 201 201 201 202 202 202 202 203 202 201 201 201 198 195 193 191 189 191 193 195 199 201 200 197 194 190 190 190 187 179 180 176 172 170 168 171 176 179 181 172 144 116 75 65 81 112 155 178 187 171 140 125 97 102 133 111 126 178 178 160 138 128 137 165 188 193 198 198 195 191 184 175 155 143 116 84 54 48 50 51 51 
135 112 102 84 86 79 87 77 76 91 89 90 107 124 131 117 112 135 129 132 159 168 172 187 195 202 202 198 199 200 201 203 203 203 204 203 203 202 200 201 202 202 200 198 196 194 190 191 191 195 199 204 202 201 201 201 197 198 195 190 194 197 199 198 194 192 189 192 196 194 191 169 139 112 86 80 103 142 167 187 178 145 125 100 110 129 100 116 177 180 161 139 125 130 156 186 193 194 197 195 190 183 178 161 137 113 83 58 53 50 53 59 
139 118 101 88 93 86 93 87 77 79 97 103 116 116 124 125 118 131 140 134 151 170 168 178 194 198 202 201 199 199 202 203 202 201 202 203 202 202 201 201 202 199 199 192 192 191 187 185 188 194 199 200 201 202 200 201 198 199 195 197 198 201 200 200 201 198 201 199 200 193 186 169 146 119 101 87 100 141 161 176 172 142 119 106 135 150 97 105 163 167 154 140 131 137 152 177 193 195 195 194 190 186 173 156 135 114 81 54 46 47 55 52 
134 121 109 107 101 89 92 97 87 86 98 109 117 109 112 127 120 120 134 141 147 167 170 178 191 196 199 202 204 202 203 203 202 203 202 202 202 204 201 201 201 200 198 198 192 187 184 183 186 191 195 199 199 198 199 198 200 200 201 199 198 199 199 201 200 199 200 201 201 200 189 162 143 122 105 90 113 147 159 171 171 142 124 101 151 176 113 105 160 168 152 139 131 140 153 176 192 194 197 195 192 184 175 162 145 116 89 62 52 52 55 61 
132 121 111 105 100 90 99 94 104 96 103 115 129 118 115 119 130 110 118 144 149 163 172 175 187 193 197 201 203 204 201 202 204 202 202 204 202 201 203 202 201 201 200 193 191 188 184 181 182 187 191 193 193 193 193 194 192 194 196 196 196 194 192 194 196 195 194 196 199 199 190 163 145 122 113 105 130 149 164 170 159 140 123 97 135 177 150 118 164 177 160 140 129 140 154 177 190 195 193 196 193 187 176 160 142 118 85 57 49 52 55 59 
136 130 115 117 103 100 103 99 109 114 121 123 136 121 108 103 110 124 117 135 155 163 171 170 180 192 198 201 199 201 202 203 200 202 202 202 202 202 202 200 200 199 197 193 192 186 179 179 177 180 179 183 180 179 166 164 167 174 177 181 178 182 182 182 180 183 181 183 190 191 183 161 136 112 115 129 142 152 161 169 155 130 121 112 136 174 151 134 164 174 162 142 133 144 158 179 190 193 195 198 194 185 176 161 141 118 92 60 52 52 58 66 
130 128 111 116 109 105 113 106 116 122 130 129 146 133 124 108 109 119 122 136 150 158 172 176 175 189 197 200 201 202 202 201 202 203 202 201 201 201 201 202 200 198 196 192 189 183 179 173 171 169 169 165 150 145 138 140 144 152 160 163 164 159 163 171 177 176 172 172 174 172 164 140 110 107 127 136 154 162 166 169 149 135 119 100 137 166 142 134 154 167 153 139 135 145 164 178 189 196 196 194 192 184 177 160 143 118 88 57 55 63 62 69 
137 130 117 116 113 113 121 117 123 124 134 143 159 135 140 122 111 111 125 134 151 155 169 180 178 194 200 199 200 201 201 201 203 202 202 201 202 201 201 201 202 200 195 196 191 189 180 171 162 152 147 133 125 126 131 139 143 145 151 158 163 165 163 158 159 160 166 175 177 163 150 118 94 120 140 148 157 167 172 172 147 130 118 104 133 159 137 133 151 158 149 138 137 149 162 180 191 195 196 194 190 184 171 161 141 118 81 55 57 64 66 73 
141 134 120 123 118 118 129 127 131 129 148 152 167 139 147 125 107 110 126 132 150 159 167 180 179 188 196 199 199 198 200 202 201 202 202 201 201 201 202 201 200 198 196 191 191 182 169 161 146 130 118 111 117 139 152 155 160 156 153 156 158 161 162 164 153 150 154 166 177 169 147 109 79 118 143 152 162 169 169 167 145 131 120 103 144 167 142 133 145 145 140 140 147 155 160 176 191 196 194 192 191 184 175 154 141 119 85 58 56 61 70 76 
138 134 125 123 125 124 130 135 136 131 153 155 174 142 141 118 111 114 121 132 144 156 172 181 178 187 199 199 197 198 201 201 201 200 199 202 201 200 203 202 202 198 195 194 188 175 162 146 127 117 107 106 130 147 160 163 166 160 157 162 169 164 161 168 171 157 150 159 164 168 153 114 96 127 146 157 156 158 168 168 147 128 116 99 134 151 134 139 140 138 140 144 154 164 169 181 189 195 193 191 188 183 171 154 130 107 77 56 59 68 77 85 
143 130 121 128 132 131 133 132 136 135 157 158 170 151 130 114 116 114 123 135 145 149 160 184 184 183 195 199 200 201 201 201 201 203 203 201 201 202 200 202 202 200 195 190 185 169 145 129 112 100 100 121 137 144 143 142 151 163 159 165 172 182 178 176 179 178 164 160 163 161 152 126 119 143 158 165 168 162 166 167 144 125 115 95 111 123 124 131 138 140 145 155 163 168 175 181 191 193 196 192 185 176 161 143 127 102 66 62 72 74 79 87 
140 132 127 134 131 134 143 134 132 140 155 160 167 148 126 113 122 119 124 136 147 155 160 175 185 183 191 199 199 200 202 200 201 200 201 201 202 201 202 200 200 196 194 192 184 157 139 124 102 96 113 128 130 133 131 135 139 154 164 168 177 183 187 185 186 189 187 170 155 150 139 132 138 153 161 166 165 164 166 165 152 133 111 90 101 117 123 135 135 146 157 162 169 171 176 183 186 192 193 190 180 172 156 139 115 85 67 64 79 87 93 105 
140 128 128 131 139 141 142 141 135 149 155 151 154 141 123 121 120 121 115 132 146 150 164 176 182 182 190 196 199 198 197 199 197 199 200 201 201 201 199 197 195 194 193 189 178 153 119 105 99 97 122 127 128 128 138 151 142 144 151 164 173 183 187 190 188 192 196 192 178 158 146 138 148 149 157 161 164 162 162 162 156 131 113 82 69 109 139 142 150 158 162 164 168 173 177 181 184 185 185 180 173 156 142 128 107 75 62 78 79 91 100 113 
137 132 131 141 147 139 140 138 137 148 150 147 145 133 120 123 123 118 120 136 145 153 164 178 184 185 191 196 199 199 199 197 199 197 198 201 199 199 200 196 196 190 193 192 176 136 113 107 94 102 126 131 134 141 173 172 156 147 140 156 174 180 185 188 191 189 192 192 189 180 170 164 162 171 170 165 165 170 170 167 161 137 107 81 79 120 147 153 161 169 164 164 163 169 176 178 177 178 177 162 160 149 135 117 89 69 73 77 94 105 114 115 
139 131 131 135 141 144 144 139 132 143 147 140 141 118 110 123 126 113 120 133 141 148 167 176 182 186 192 194 197 198 198 197 196 197 199 198 201 201 199 197 196 196 193 189 170 132 106 93 88 103 125 134 116 126 144 167 164 155 144 147 170 183 188 191 193 196 195 194 192 183 174 168 175 184 189 182 170 166 164 170 167 147 106 79 104 140 157 164 167 164 163 165 168 173 172 175 175 173 167 165 154 137 125 101 82 73 86 96 100 111 121 122 
141 133 130 134 140 137 140 137 132 138 138 133 125 112 105 121 124 115 122 126 130 147 164 175 178 182 188 191 194 195 195 196 193 194 194 197 199 199 199 197 199 198 195 188 160 124 105 96 86 107 128 131 95 113 103 121 150 153 149 145 167 184 189 190 191 192 194 193 192 187 175 161 167 184 192 189 181 170 163 165 165 151 114 98 136 153 161 165 162 168 169 170 170 169 171 171 168 162 157 150 142 128 110 89 69 80 87 97 114 123 126 130 
139 137 131 130 141 138 139 137 125 131 131 120 111 100 101 115 119 111 120 112 124 139 150 161 174 178 184 191 191 192 195 195 194 191 193 194 195 195 195 196 197 197 193 182 157 123 100 89 89 113 132 132 86 77 94 107 133 147 151 147 168 182 187 190 192 193 193 191 189 188 185 169 157 165 179 190 184 176 165 159 149 146 132 119 149 161 164 165 170 168 168 170 172 167 164 162 159 153 147 140 130 118 100 76 75 80 93 109 121 128 134 133 
142 141 135 137 142 143 139 132 115 121 125 124 108 94 95 106 116 113 107 100 113 143 156 156 172 178 182 185 189 191 189 192 193 191 191 192 196 197 196 197 198 195 191 179 158 125 104 94 95 122 138 124 117 170 54 97 133 149 151 147 159 180 187 189 190 194 195 194 193 191 187 180 170 158 158 177 191 179 169 157 151 149 142 143 157 165 172 175 174 176 176 169 167 158 156 155 151 143 138 129 124 109 85 73 81 93 109 121 135 137 137 135 
137 141 138 132 142 147 140 126 113 117 119 114 102 89 90 101 112 109 99 91 104 132 155 167 172 173 176 180 178 183 185 185 189 191 189 193 194 193 194 195 195 191 189 174 157 124 98 99 106 128 142 133 104 144 110 106 127 142 146 145 158 180 191 189 190 192 193 191 191 190 189 182 180 169 160 155 168 181 168 157 152 153 154 158 164 172 176 177 177 172 168 163 156 153 147 144 143 135 132 128 114 93 74 75 92 104 120 130 135 135 137 138 
144 136 132 131 132 140 133 126 113 109 114 115 96 85 91 99 107 110 93 84 92 116 139 152 161 165 167 173 181 184 183 186 186 188 188 188 188 190 192 192 193 190 183 169 147 126 107 98 106 121 140 132 100 92 89 101 132 142 147 147 160 177 187 192 189 190 192 192 193 188 187 187 181 174 167 158 146 142 154 154 149 153 161 168 174 179 176 171 167 165 158 152 149 148 145 142 137 132 132 119 104 79 72 83 99 123 132 132 134 137 138 135 
140 138 129 134 133 141 134 118 112 107 111 110 97 78 89 101 101 109 99 87 91 93 127 143 153 159 163 161 172 176 181 183 182 182 180 184 183 183 188 191 192 189 180 163 141 124 107 101 109 110 132 134 107 100 107 125 146 139 148 146 165 183 188 186 193 194 191 194 193 190 190 187 183 176 174 169 160 147 131 136 146 155 169 177 182 182 175 169 161 156 149 151 146 142 142 140 136 136 125 105 84 73 88 109 123 131 135 133 136 135 137 132 
124 144 137 124 128 137 135 116 111 113 108 116 101 86 81 93 100 113 101 86 94 90 108 132 146 159 160 163 160 169 169 175 180 183 178 177 184 185 188 190 194 189 180 164 152 129 108 116 115 110 134 137 121 131 150 154 149 137 142 147 167 181 188 191 187 191 193 191 192 194 189 187 180 176 170 172 167 162 157 148 155 170 181 179 177 173 167 159 154 146 149 145 142 143 138 135 133 125 114 84 73 90 104 120 130 137 137 133 134 135 134 135 
116 133 140 131 125 135 139 115 112 105 99 112 105 85 87 79 91 111 109 89 89 87 95 120 138 142 148 153 162 163 167 174 177 178 178 176 180 185 186 187 187 189 179 164 148 135 115 114 124 105 117 138 128 109 141 147 142 138 141 145 169 184 187 187 188 190 191 192 192 189 188 184 177 170 170 168 164 162 160 160 157 160 165 167 169 162 154 149 142 143 138 137 137 132 132 129 124 113 90 84 92 109 123 132 138 138 134 135 135 133 133 133 
112 124 138 134 126 125 142 127 105 108 99 94 91 85 76 85 90 102 107 98 88 90 87 101 126 134 147 146 150 161 166 165 166 174 174 175 177 181 184 189 189 181 169 160 146 129 121 128 132 122 101 114 124 109 98 127 134 133 150 162 176 179 181 187 191 192 191 190 191 191 183 183 176 173 167 161 155 159 157 156 160 156 157 159 157 155 149 142 143 135 139 132 132 132 126 122 116 92 84 91 112 124 133 137 139 143 142 134 132 132 135 138 
107 120 132 138 126 114 131 125 106 103 94 96 90 86 76 78 86 92 106 109 91 83 91 93 116 126 133 143 146 151 158 160 156 160 164 167 172 184 184 183 185 184 173 156 149 133 126 135 137 128 115 106 113 115 103 111 127 139 150 161 177 182 187 189 189 191 192 190 189 189 190 182 180 172 167 161 156 152 151 155 150 155 155 152 156 148 142 142 136 140 135 128 127 123 118 114 99 89 95 115 124 130 137 135 138 140 137 136 136 137 137 137 
124 109 128 135 130 116 120 131 114 96 88 78 84 81 81 83 80 84 94 95 97 89 89 84 96 118 130 134 143 144 150 152 152 151 158 159 160 167 173 179 178 180 178 159 147 134 131 133 133 132 122 109 114 117 105 109 131 146 157 164 170 175 177 182 187 186 187 187 185 186 182 183 175 166 161 155 149 151 148 150 152 150 148 148 143 140 138 134 133 132 127 125 121 118 107 95 94 107 123 127 132 133 134 131 130 126 129 131 132 136 136 136 
117 115 124 129 135 118 108 121 128 104 90 78 79 87 84 85 90 86 99 90 77 87 80 79 80 102 120 125 137 142 145 147 150 149 149 151 155 154 155 161 168 174 176 170 153 136 128 130 134 135 126 117 113 121 119 116 131 150 157 163 170 170 176 183 183 184 185 184 179 181 177 168 168 162 154 149 148 144 144 143 144 147 145 140 139 138 131 128 126 125 121 120 118 106 103 104 111 123 127 131 132 128 126 124 127 132 132 133 129 132 128 128 
122 123 119 118 127 125 102 104 122 116 94 79 81 69 86 83 80 81 77 85 74 68 81 78 77 86 118 131 140 144 144 146 141 144 142 144 143 147 145 145 152 152 160 165 153 139 131 134 138 137 133 123 117 115 117 124 136 149 157 163 166 168 174 182 183 183 184 184 178 176 170 166 165 157 153 148 144 143 141 145 142 143 144 142 135 131 130 128 126 119 115 115 109 108 109 117 122 124 125 123 121 124 124 119 117 118 121 123 123 124 126 131 
124 119 124 112 118 117 106 94 101 117 105 86 77 74 76 86 88 87 80 78 74 64 55 66 73 89 119 138 146 146 145 144 145 146 143 139 138 143 148 149 146 146 143 144 147 136 128 127 131 133 132 127 126 121 117 121 131 147 155 164 169 171 174 176 180 178 178 176 171 172 170 164 156 154 148 145 143 143 144 142 144 140 135 132 129 128 123 121 123 120 114 106 83 78 79 86 94 92 91 94 92 97 93 95 96 92 89 85 80 77 78 82 
128 123 122 121 106 111 107 89 89 92 100 83 75 70 74 71 82 84 75 74 68 57 58 58 60 70 105 128 140 151 151 147 144 145 147 146 141 143 141 142 142 143 140 136 132 127 119 113 124 128 136 131 126 126 124 123 129 135 146 156 160 164 171 176 173 174 175 171 169 162 159 161 153 150 149 143 139 137 136 134 130 129 128 125 125 122 122 124 114 111 92 67 65 53 62 69 72 74 78 85 88 81 87 84 88 88 86 88 74 56 49 37 
122 126 125 127 116 112 111 101 92 86 78 80 77 85 80 85 72 71 67 61 72 68 62 58 50 47 77 101 115 129 144 145 143 142 142 146 142 137 135 136 133 136 136 133 132 131 122 115 112 123 130 132 133 127 136 140 142 147 153 155 159 163 165 167 175 172 172 168 166 164 159 149 148 143 142 137 130 124 127 126 127 123 123 121 123 125 120 106 98 78 60 56 61 78 82 86 91 91 90 85 88 91 90 92 90 92 93 84 87 95 90 89 
127 126 125 123 127 117 123 110 100 100 83 74 61 72 80 85 85 80 64 62 59 64 60 69 69 69 58 86 114 117 126 138 146 148 136 137 130 129 127 124 127 130 135 139 133 131 132 131 127 122 121 126 128 130 138 144 153 153 154 156 155 153 156 161 160 162 161 160 158 150 151 145 139 137 135 132 126 123 123 124 122 127 124 119 122 106 94 83 61 61 68 75 78 84 88 86 82 88 93 95 97 93 92 93 95 90 92 95 99 91 90 88 
124 124 123 125 122 126 116 114 100 101 101 92 84 73 71 77 75 71 74 57 64 59 64 67 82 111 124 102 114 125 128 128 123 129 131 122 117 109 109 105 99 102 104 112 126 135 133 131 133 132 132 129 138 138 141 142 142 146 148 148 151 148 151 150 151 150 148 150 145 144 137 131 129 123 119 112 112 116 117 117 117 107 101 98 76 71 60 60 73 74 87 89 89 85 86 87 93 89 93 90 91 92 93 91 92 97 90 92 90 94 95 93 
123 126 124 123 123 125 123 121 115 97 99 90 94 79 80 67 77 76 67 66 58 58 67 75 77 91 132 151 134 124 125 137 121 102 104 102 99 90 92 90 84 82 79 80 91 105 118 119 129 130 129 133 135 136 138 139 145 142 139 140 138 141 137 135 137 132 126 120 117 117 120 110 108 113 118 124 131 121 101 81 71 70 54 53 59 69 76 87 88 90 81 88 87 89 92 91 89 93 92 94 92 92 93 91 91 91 91 85 92 91 91 95 
125 121 124 124 126 125 129 126 124 114 99 102 92 96 89 98 87 81 80 71 68 71 70 72 89 89 87 102 125 133 125 113 122 109 89 87 71 71 62 55 63 58 62 66 59 69 75 88 90 105 114 110 108 113 122 127 128 137 142 144 145 141 135 127 121 120 124 130 133 131 122 148 157 149 165 176 172 150 105 68 69 74 81 87 85 85 88 89 86 89 92 90 91 93 92 95 95 96 91 91 97 94 93 95 95 96 92 94 90 90 91 92 
125 124 126 123 126 125 124 123 122 121 122 94 94 100 97 79 91 95 72 78 83 74 78 80 71 78 78 71 82 94 108 106 88 91 88 72 75 59 56 57 45 57 55 56 57 56 61 62 75 83 95 106 102 93 96 92 91 92 103 103 96 98 99 112 121 132 150 162 156 139 127 161 164 170 173 172 165 140 104 83 86 86 88 86 89 89 88 90 92 93 94 95 94 95 96 95 95 90 97 100 93 90 92 91 95 88 89 88 95 93 88 91 
124 122 122 125 122 122 125 124 124 127 119 124 105 86 96 84 85 96 100 88 79 87 80 74 74 63 66 66 58 57 56 69 76 68 61 65 56 60 55 48 46 41 47 46 42 44 43 51 54 63 74 92 98 95 95 94 83 80 67 58 85 92 102 111 124 132 142 156 143 143 154 170 163 163 167 162 153 127 95 89 86 88 89 87 92 96 94 95 93 91 91 89 94 93 93 96 95 96 92 91 94 95 93 90 88 90 94 90 90 90 92 88 
123 124 123 126 124 126 124 123 124 119 124 124 120 109 79 71 79 97 98 98 84 76 80 76 66 65 53 60 51 56 43 47 54 55 51 46 50 51 52 50 47 46 48 48 39 38 39 45 43 48 54 59 69 81 79 80 87 73 86 118 138 136 137 135 128 130 137 129 120 142 159 167 147 155 164 162 142 112 91 88 94 94 94 95 92 92 93 91 95 92 98 94 98 97 96 93 94 94 99 93 94 92 92 95 93 93 93 91 92 89 88 91 
125 124 126 124 125 125 124 127 126 127 127 124 126 126 121 76 64 76 90 95 69 60 70 74 72 58 60 54 57 46 53 47 46 49 45 46 50 48 49 48 45 47 44 43 40 39 32 40 45 40 42 41 46 63 81 82 74 88 111 146 155 151 148 139 127 124 121 119 119 142 140 138 150 154 158 144 125 96 93 93 93 94 95 94 95 98 97 97 96 97 96 97 96 96 94 96 96 94 97 93 98 94 95 94 95 93 89 91 91 91 95 90 
121 127 124 126 124 126 126 120 123 122 122 123 121 119 128 125 92 82 69 79 76 67 55 66 70 69 53 51 52 49 49 37 42 46 47 51 51 41 38 38 38 33 33 35 38 38 36 25 29 39 54 68 78 89 91 94 98 118 141 153 158 158 157 148 137 132 129 131 142 152 129 143 154 154 139 109 96 95 97 96 98 99 94 96 95 96 94 94 97 93 95 96 92 94 95 98 97 94 93 94 95 93 90 91 91 86 90 93 87 91 89 87 
126 123 122 125 126 123 125 127 125 125 125 123 124 125 120 126 120 109 109 89 103 104 88 75 74 65 55 44 48 57 53 54 44 49 47 48 46 40 37 34 32 34 36 40 37 35 33 45 52 69 82 103 132 139 125 94 79 107 124 130 142 152 158 159 169 160 156 155 155 146 151 150 143 121 101 98 96 95 95 97 95 94 97 95 101 96 99 100 97 97 95 99 99 97 97 90 97 95 94 95 92 95 94 91 91 97 95 91 91 89 92 91 
127 125 126 124 125 126 124 127 125 124 122 130 127 127 127 121 126 123 123 127 121 124 123 112 115 101 81 65 60 56 51 54 45 44 49 43 45 42 35 33 36 37 41 46 50 59 73 89 102 105 108 103 134 152 119 59 76 95 104 109 109 120 127 148 160 169 168 156 154 145 135 122 104 97 95 92 98 101 96 97 96 96 99 97 96 99 97 96 96 96 100 97 98 96 94 98 97 97 97 94 96 93 92 92 96 90 90 91 93 90 86 90 
123 124 123 125 124 126 126 124 123 126 128 125 126 122 124 122 120 125 127 124 129 125 124 127 126 127 122 113 107 101 84 67 65 70 58 48 46 49 50 52 59 60 69 95 110 112 113 111 108 107 102 104 111 126 120 81 76 96 104 117 127 133 153 149 146 140 125 132 115 103 104 89 95 96 95 99 99 102 100 99 99 99 96 96 97 96 93 93 97 96 95 98 95 97 95 95 96 95 95 93 95 98 95 91 92 94 94 92 88 88 90 90 
123 125 125 124 124 121 122 126 125 129 126 125 125 126 125 125 127 124 123 124 124 122 131 128 127 125 123 127 126 124 126 121 115 115 112 110 105 96 100 105 113 111 112 118 118 118 112 108 108 106 106 104 97 108 126 134 129 123 130 132 129 133 118 117 106 97 100 92 89 95 90 101 97 101 102 99 98 94 99 97 97 95 98 95 96 99 97 97 96 98 96 98 97 95 93 92 95 92 93 94 94 89 91 91 88 88 92 91 95 92 86 89 
123 124 123 125 124 129 127 124 124 121 126 123 125 125 125 126 125 124 124 125 126 128 126 127 124 124 123 122 126 123 121 123 124 125 126 124 125 125 124 124 122 123 124 117 117 112 116 112 110 105 107 105 108 98 100 105 115 122 114 109 103 93 90 96 90 92 92 92 98 100 101 100 101 101 100 98 96 102 99 100 100 100 98 98 95 95 96 96 94 99 98 99 95 93 95 96 93 92 93 90 92 94 92 93 91 93 93 93 90 89 93 94 
127 126 126 124 124 122 127 125 125 124 120 126 126 127 122 126 124 125 125 124 124 124 130 122 126 125 123 122 124 125 122 122 122 121 124 123 123 121 119 120 122 120 119 118 115 118 115 110 113 113 105 105 102 104 100 101 95 91 92 92 96 102 99 98 101 103 104 101 98 101 103 96 99 97 99 98 100 97 97 96 97 97 99 98 94 95 96 98 98 95 94 97 95 97 97 94 94 96 95 98 93 94 97 93 96 94 91 91 90 91 87 84 
