10 119 120 120 116 116 118 118 117 120 122 119 118 119 119 119 122 122 121 114 117 116 127 125 117 118 114 120 118 119 116 114 118 112 112 112 111 112 113 113 109 105 106 105 108 109 110 108 109 106 103 105 103 105 107 101 98 98 99 96 92 93 87 84 81 83 75 67 69 70 66 63 59 59 56 54 53 50 49 48 51 51 50 45 55 45 41 41 46 48 45 47 49 44 51 42 44 43 44 42 38 38 39 38 41 44 34 39 41 39 43 45 
119 122 120 124 123 123 124 123 123 124 124 114 125 123 125 121 123 119 123 122 123 113 118 115 116 116 123 120 117 119 118 115 114 113 114 113 111 115 115 110 112 113 111 109 107 105 105 104 102 102 104 103 103 102 101 104 104 100 104 103 103 101 99 103 99 102 99 100 100 102 100 102 100 95 95 98 103 97 96 100 89 94 97 101 96 95 95 91 92 93 91 88 90 94 94 91 92 95 93 91 88 91 92 96 85 88 87 90 83 85 84 80 
121 123 125 121 122 122 119 121 124 123 120 122 120 118 118 119 121 122 120 118 112 118 124 122 122 120 111 108 111 112 113 113 113 114 117 113 113 111 112 114 111 107 109 106 108 105 102 106 105 104 104 104 106 103 101 102 102 101 102 103 101 101 98 101 102 100 100 101 96 93 95 95 97 97 97 95 96 94 98 98 98 92 94 93 94 94 91 98 95 93 93 96 89 91 91 94 89 92 91 92 92 86 87 86 91 87 86 87 86 88 84 89 
123 123 121 120 118 124 118 122 121 120 122 119 118 122 118 120 121 118 123 118 120 125 111 106 103 100 103 103 117 121 120 118 118 121 120 116 123 119 116 111 110 109 111 107 108 107 108 105 105 105 108 101 101 105 105 103 106 103 105 103 100 99 105 101 98 99 98 100 101 100 104 101 98 100 97 97 97 96 98 95 92 97 99 95 96 93 96 91 92 94 98 92 92 96 91 88 93 91 92 93 94 93 89 91 87 90 83 85 85 88 87 85 
121 124 120 127 126 123 122 120 123 122 119 124 123 120 122 120 122 121 118 126 129 116 103 95 79 67 77 83 86 99 106 110 108 100 86 66 61 91 114 120 120 118 112 109 110 107 104 107 104 103 100 104 105 101 104 108 102 104 102 100 102 105 98 100 100 97 102 100 96 100 97 98 101 97 100 102 97 97 95 95 100 97 97 94 97 100 92 97 98 91 90 93 90 92 94 95 94 90 91 86 90 94 91 90 91 86 91 86 89 85 87 82 
120 118 123 123 122 124 120 125 123 120 123 124 120 121 121 125 119 121 146 152 127 94 82 68 59 80 70 84 69 62 63 68 71 71 63 50 40 36 68 106 102 93 108 114 110 105 103 106 107 105 108 103 102 108 103 99 100 103 101 98 92 97 97 101 96 100 98 100 106 99 101 98 95 99 96 95 99 98 96 97 94 93 96 95 91 92 96 94 93 97 96 92 95 90 93 91 97 92 92 93 91 86 93 91 89 88 83 89 88 86 86 89 
123 125 119 123 123 123 123 121 121 121 122 118 121 121 120 119 131 150 131 110 90 84 81 74 78 74 76 68 67 52 42 42 36 35 25 28 38 37 33 35 25 33 52 61 78 100 109 105 107 105 103 109 104 107 100 106 102 105 99 103 116 118 115 105 107 101 101 104 95 101 101 102 98 99 99 97 98 96 99 98 96 96 96 97 98 97 97 93 93 93 95 92 93 96 97 93 86 90 92 88 87 86 88 89 86 88 88 86 87 89 84 83 
121 121 123 126 123 121 119 120 122 121 122 128 120 122 122 144 153 129 105 84 79 66 65 73 72 68 64 64 59 57 41 36 43 39 39 36 31 37 35 35 33 45 44 42 50 79 106 110 102 102 105 105 105 98 104 100 98 104 117 124 119 117 114 114 109 105 100 89 101 94 98 96 102 102 95 98 97 95 97 100 101 97 99 98 99 97 96 98 97 94 91 91 94 90 91 90 94 96 96 93 90 90 86 92 87 88 88 87 89 85 86 92 
120 121 122 122 123 119 126 124 121 122 122 120 120 120 133 156 128 104 94 82 70 76 89 87 85 83 77 69 62 47 46 42 39 49 28 33 40 33 31 28 34 31 29 50 36 32 46 75 91 105 112 113 114 111 105 108 98 136 137 87 47 41 38 54 74 97 113 118 105 102 97 94 97 97 98 99 96 99 101 91 94 98 97 94 96 95 95 94 92 93 98 95 89 94 94 92 90 86 85 92 96 88 93 88 91 89 92 85 89 90 89 85 
123 124 122 125 124 126 126 124 125 123 122 123 124 144 147 140 117 102 97 100 96 91 95 92 78 73 72 77 68 53 43 39 37 45 43 30 29 25 26 36 28 31 39 29 37 30 26 37 52 43 58 69 82 106 109 111 113 157 140 79 33 31 28 21 31 55 75 95 112 116 114 111 93 94 99 96 100 99 97 98 99 95 93 96 97 97 93 95 96 94 87 90 95 94 92 94 91 94 95 93 87 85 87 93 87 91 85 90 83 89 88 87 
124 122 121 118 124 120 124 120 120 124 124 124 126 162 142 115 106 99 88 87 94 100 104 111 91 80 77 78 66 41 43 28 37 34 34 34 31 30 27 30 36 29 26 37 36 40 44 42 45 47 33 30 30 40 55 71 124 176 163 123 34 43 54 89 115 127 137 131 124 114 107 115 130 101 82 99 101 101 96 96 96 96 99 98 97 95 90 99 97 95 102 93 96 94 95 90 93 94 89 89 95 93 89 89 91 88 90 89 89 85 83 84 
120 123 124 125 121 123 119 126 126 122 120 124 160 154 129 106 108 108 111 124 119 105 102 99 106 95 93 89 90 59 30 34 42 42 31 25 23 28 37 39 42 49 38 27 27 35 30 38 40 48 37 39 41 36 26 28 65 164 182 156 98 60 84 126 145 138 133 141 142 145 141 116 88 126 129 90 92 96 99 94 96 99 97 97 93 96 102 94 92 96 96 96 95 94 91 94 90 89 94 95 90 89 92 87 88 91 86 86 92 91 88 88 
120 121 125 120 124 124 122 119 123 122 125 137 172 152 127 123 114 109 106 127 137 129 107 109 115 91 93 100 98 109 91 38 39 36 22 35 38 34 30 33 34 42 35 34 33 30 41 33 28 25 38 25 31 39 35 43 49 102 170 177 132 73 71 104 129 128 118 105 113 119 138 171 143 82 124 148 106 85 95 99 101 95 96 97 98 97 95 98 97 93 94 92 97 90 93 95 92 93 87 83 93 94 92 92 89 88 89 90 87 89 90 76 
124 123 121 126 123 120 121 121 122 118 131 170 175 153 137 134 133 124 122 121 126 122 129 121 100 105 103 91 77 64 92 79 44 41 55 44 32 39 44 41 44 41 50 44 40 42 32 38 33 30 26 37 44 42 60 49 44 62 134 150 136 104 60 71 95 116 99 88 80 94 108 136 173 173 69 127 161 125 92 91 96 96 97 97 97 94 93 91 94 96 95 96 93 96 94 89 90 93 94 96 95 90 90 91 92 93 84 86 85 81 75 64 
121 120 126 119 123 123 123 124 119 129 153 172 163 149 141 144 139 139 142 139 125 121 122 116 116 106 104 104 90 88 75 92 67 58 45 49 52 43 48 52 55 57 47 47 47 37 47 31 27 29 32 33 35 40 41 49 47 43 82 120 123 106 63 51 82 94 85 68 66 71 89 109 135 173 111 66 145 162 116 97 92 99 97 97 95 99 102 100 96 94 98 95 93 94 92 98 94 91 95 93 91 92 93 90 89 88 86 83 86 94 91 97 
123 127 121 125 124 124 124 117 120 139 167 179 161 163 167 172 154 143 137 129 123 125 126 121 121 110 105 101 96 84 84 101 93 63 59 64 55 60 64 61 59 65 63 58 50 52 50 67 44 36 28 30 35 47 51 49 45 55 54 83 86 100 114 98 77 64 59 54 53 62 80 96 111 154 149 94 122 178 161 113 91 93 96 98 96 93 94 91 94 96 92 94 101 95 94 89 91 96 92 92 91 90 88 93 86 83 95 110 116 116 113 105 
123 122 124 123 122 123 120 123 136 158 172 180 165 171 181 175 160 156 150 141 145 142 130 126 119 109 112 101 94 97 101 104 92 84 77 71 69 82 79 76 68 57 68 57 55 41 47 45 55 44 40 46 45 49 52 50 50 44 49 36 35 53 70 94 105 74 40 56 71 81 106 133 129 147 173 144 107 161 176 147 102 94 99 94 98 97 95 101 97 91 95 95 92 96 96 95 90 93 90 95 92 89 92 89 93 106 113 112 108 103 105 102 
125 126 121 121 125 124 119 131 143 154 178 182 169 179 183 179 175 162 155 153 152 140 131 131 125 121 118 120 107 113 109 110 112 109 90 89 102 91 90 88 84 85 75 77 65 60 60 50 52 47 50 47 58 58 49 52 50 54 47 43 38 30 42 49 65 92 79 69 71 75 96 138 171 165 190 190 141 134 166 170 134 94 94 99 94 96 100 99 98 97 96 94 96 90 89 90 90 96 91 91 90 95 88 104 115 117 112 109 108 104 96 100 
122 121 125 125 121 124 125 141 134 149 183 182 179 189 190 183 168 162 160 150 138 131 134 132 127 129 125 121 117 117 113 119 117 112 121 120 103 97 93 99 96 95 94 80 81 77 75 78 69 69 60 66 61 66 71 72 83 75 71 61 72 79 67 70 64 53 82 94 71 82 88 85 124 183 164 184 148 117 143 167 151 101 90 96 98 97 92 88 94 95 94 95 95 99 94 94 96 91 95 89 91 90 103 100 75 57 50 69 82 106 119 115 
124 120 121 120 122 121 130 135 134 157 175 182 177 190 193 182 171 159 160 151 145 146 135 132 130 120 115 109 124 121 115 143 147 147 135 127 120 112 120 112 103 105 104 112 95 94 100 103 98 96 99 96 98 101 104 110 110 108 102 106 115 114 115 106 100 88 60 65 108 158 173 164 144 154 167 177 150 123 154 162 156 119 86 91 96 98 98 98 96 95 97 96 93 95 93 94 94 93 88 98 92 97 106 78 41 27 25 25 41 60 98 116 
121 123 124 126 125 129 140 132 118 153 164 164 188 191 185 182 173 152 146 146 148 139 139 133 118 118 118 130 141 135 150 163 158 155 143 143 147 147 139 128 123 126 120 126 127 116 109 111 115 124 122 124 134 134 141 144 139 140 145 144 148 151 147 149 146 144 137 119 101 106 147 178 179 159 148 161 175 127 147 173 167 129 86 98 96 97 99 93 94 94 95 97 95 90 93 93 94 96 94 88 96 101 80 46 31 33 30 23 18 21 11 25 
122 123 120 122 119 126 129 118 123 143 152 173 190 186 185 180 166 161 161 160 153 149 139 125 125 136 144 145 135 151 178 175 161 148 155 167 171 163 145 137 136 133 132 131 131 131 131 133 131 129 134 142 144 147 145 148 147 147 148 150 153 156 151 153 150 146 140 137 128 110 90 102 124 142 145 137 166 120 140 173 173 132 88 95 97 98 96 96 98 98 92 94 94 98 100 93 93 89 89 91 94 89 56 38 35 41 37 41 44 13 44 90 
130 126 126 123 131 132 116 121 125 137 169 180 181 183 171 151 162 166 181 188 176 146 136 135 140 145 136 137 161 165 170 169 155 148 162 161 163 153 152 152 146 148 148 150 142 149 144 135 136 138 146 146 147 149 148 149 149 152 157 156 160 158 157 154 150 148 145 142 132 128 118 94 85 92 102 121 120 107 128 177 179 142 89 93 91 94 97 100 98 92 98 96 96 95 93 95 91 91 98 94 97 75 54 37 52 60 52 36 6 73 135 148 
122 124 120 119 121 120 119 112 124 153 164 158 167 167 173 187 185 193 195 193 171 163 138 132 135 145 156 162 159 160 170 152 149 158 161 158 154 155 157 156 159 155 155 150 154 155 151 152 144 146 140 140 139 140 143 146 147 142 146 150 151 160 157 157 157 155 151 144 144 137 126 122 110 102 107 100 103 109 113 138 169 149 98 97 109 103 91 93 95 100 93 97 94 93 94 91 97 94 96 98 76 52 42 41 45 16 5 18 87 136 134 132 
123 121 123 125 122 117 122 122 136 156 163 151 173 175 190 193 189 199 202 192 176 156 139 146 156 158 154 159 160 164 161 155 155 149 151 164 161 161 159 160 157 157 160 163 163 161 155 151 151 145 144 142 137 137 133 142 140 145 147 151 149 149 157 160 161 162 163 160 155 153 149 135 125 115 96 102 110 110 107 103 103 118 95 70 76 90 95 108 100 95 92 99 99 94 96 95 92 96 94 77 36 21 13 21 13 17 56 98 123 119 119 122 
122 123 127 121 120 121 119 126 145 148 135 143 160 191 194 186 182 193 199 193 166 148 161 160 150 157 157 151 152 153 141 145 146 144 141 145 160 160 157 154 155 150 155 161 158 155 153 147 148 150 146 144 137 143 142 143 141 135 137 138 148 152 156 161 165 166 166 169 164 165 157 153 145 134 126 107 100 107 112 112 114 110 115 113 92 78 74 68 83 95 98 91 90 92 88 86 88 83 84 71 69 68 81 101 115 131 131 129 130 128 130 127 
122 122 120 123 120 112 123 131 132 125 123 134 166 191 187 178 176 182 185 157 143 163 159 148 148 151 149 146 142 150 156 159 162 159 159 157 155 163 163 165 159 158 155 155 156 154 152 151 148 142 147 139 129 123 125 124 130 129 120 114 130 139 154 160 165 169 171 170 165 168 167 162 155 148 141 129 117 100 99 105 113 113 117 115 114 113 102 84 63 54 60 59 65 69 88 94 96 111 116 122 124 130 134 130 127 126 125 127 128 132 135 133 
127 126 124 123 117 114 122 120 122 120 122 132 165 178 174 156 161 167 159 154 162 159 156 155 155 158 154 158 153 153 166 167 163 161 163 165 162 165 169 173 173 171 166 160 162 159 159 163 164 159 156 149 140 126 113 113 123 118 104 100 117 136 145 150 159 160 166 170 170 169 167 168 161 153 143 134 126 118 98 99 101 104 109 114 116 113 114 114 106 89 80 106 118 116 117 131 131 129 133 133 133 130 130 131 132 133 128 128 127 128 129 137 
118 120 121 112 113 122 113 112 110 109 123 149 168 156 152 153 151 145 154 165 172 172 169 168 163 168 166 168 169 174 172 173 176 172 168 174 170 173 175 172 168 162 163 164 164 169 166 170 174 172 163 148 136 116 115 107 96 93 92 91 99 115 135 150 154 165 166 170 175 178 176 169 166 163 158 147 142 129 115 105 100 97 104 107 112 110 112 113 117 115 94 85 103 142 139 133 134 133 126 131 130 129 133 134 132 133 134 133 132 133 133 134 
123 125 116 113 115 112 112 100 105 123 136 139 149 148 140 138 142 152 168 179 177 164 166 166 166 175 182 181 183 179 179 173 169 165 166 170 179 182 181 177 173 158 161 169 168 170 176 176 181 176 163 153 136 122 110 109 101 88 77 86 100 115 133 150 157 156 166 173 174 179 176 173 170 166 162 153 147 136 129 117 109 99 95 99 111 117 112 119 117 108 105 99 78 73 135 143 136 134 136 129 132 128 128 128 135 131 132 131 134 134 134 133 
123 119 111 108 108 101 89 97 106 113 117 126 130 129 131 133 144 158 177 169 167 183 183 179 177 167 159 155 156 148 139 146 151 161 168 176 181 181 177 174 167 171 174 176 181 179 180 181 187 178 168 147 125 108 113 103 82 85 76 75 94 116 149 162 164 165 160 164 170 177 178 177 167 167 163 155 147 142 130 129 121 121 113 111 97 97 113 118 121 128 119 107 97 91 58 95 126 131 128 134 131 130 132 127 123 130 133 135 132 130 130 131 
122 120 111 104 93 83 80 86 88 104 105 118 124 114 123 123 137 165 186 176 185 202 197 185 174 179 177 168 169 168 169 175 172 161 172 170 173 172 174 172 173 170 174 180 179 183 182 180 175 170 158 136 112 108 113 104 90 62 52 76 105 136 150 163 161 165 164 162 171 179 177 171 168 170 165 161 153 148 138 128 122 121 125 126 117 109 104 106 111 116 120 115 101 96 86 60 78 106 113 122 125 133 131 131 125 127 131 133 132 129 131 131 
126 120 107 101 90 83 85 88 97 108 110 120 118 119 122 127 143 169 172 183 189 192 185 182 185 181 178 176 184 189 192 184 184 179 176 177 177 175 172 175 173 174 178 183 183 183 187 188 178 172 155 132 106 100 99 91 72 72 100 93 111 129 147 145 155 172 167 168 174 183 177 175 174 173 172 168 158 152 145 138 135 120 121 126 133 128 122 108 100 103 105 108 105 98 93 86 70 69 94 105 112 111 125 127 131 133 128 129 133 131 128 129 
115 107 100 83 90 85 88 82 79 95 104 118 111 114 122 125 136 151 158 167 174 178 183 188 182 177 177 185 190 190 188 189 183 174 173 175 171 176 177 177 172 168 173 182 186 189 190 188 176 156 138 129 102 97 95 85 72 100 91 77 129 117 130 141 149 167 178 171 173 182 184 179 173 177 169 167 161 163 147 137 131 127 121 129 136 137 135 129 123 108 106 102 97 93 90 85 77 64 58 75 89 103 109 113 116 122 125 122 127 130 129 124 
117 107 90 79 82 76 82 86 91 86 105 110 114 121 115 114 135 149 161 172 177 179 189 183 176 174 184 191 191 187 188 186 181 177 168 170 171 170 163 170 164 159 167 181 187 191 191 190 179 155 129 121 98 93 91 75 92 108 84 88 129 131 130 139 137 159 173 179 175 184 183 181 182 179 179 170 158 148 146 139 130 126 127 127 132 137 142 144 134 128 117 105 92 94 88 77 81 82 60 56 66 74 93 100 110 112 111 119 118 124 129 122 
109 92 77 77 87 78 93 90 87 92 102 103 108 115 109 121 139 142 159 177 180 185 177 178 177 185 190 190 189 188 184 184 177 177 171 168 165 163 160 160 167 174 185 187 191 190 190 185 171 154 144 108 88 95 80 73 106 91 95 134 142 144 126 140 130 150 182 180 179 175 184 188 186 185 176 170 162 155 149 142 134 123 121 126 138 139 146 149 145 140 131 114 105 94 89 87 81 71 77 64 59 64 70 81 90 97 107 111 113 111 121 124 
105 89 86 91 91 76 90 81 81 97 99 111 111 111 106 121 129 139 150 168 172 171 177 174 175 185 188 188 189 182 184 185 186 180 175 175 169 174 168 166 172 181 186 188 190 191 188 187 177 154 125 99 83 81 74 90 105 62 67 92 131 165 123 140 127 136 179 187 182 177 179 186 189 184 174 171 162 161 148 135 124 120 117 119 134 147 153 154 150 145 131 120 115 104 91 86 84 79 75 70 63 58 58 60 72 85 93 97 109 103 103 115 
95 82 84 89 92 73 105 93 89 99 100 112 114 104 113 112 126 145 159 169 169 169 175 181 186 186 186 187 188 184 189 190 185 190 195 191 185 181 179 182 185 187 189 192 191 190 188 184 170 141 123 100 86 87 71 101 84 53 57 99 98 157 120 136 115 128 182 188 188 189 184 190 188 182 178 173 165 155 146 142 131 119 118 126 135 148 157 158 156 151 146 129 114 106 95 91 87 86 85 83 70 61 56 61 67 74 78 90 99 103 99 105 
93 84 96 92 92 90 107 105 78 88 101 110 107 107 110 117 132 146 162 171 175 167 167 174 179 180 187 189 192 194 198 200 200 198 197 194 193 189 186 181 185 191 193 193 192 193 192 185 166 136 110 95 78 71 68 93 66 64 35 73 113 166 123 132 111 127 179 187 192 189 193 190 185 184 185 179 171 161 154 138 127 124 126 123 138 149 154 155 156 156 146 135 124 113 104 92 91 92 89 87 83 69 57 57 57 60 68 68 82 93 105 99 
98 97 99 96 96 104 104 107 105 98 104 103 102 95 107 104 106 116 132 143 152 172 189 195 195 199 198 198 201 199 201 202 204 200 196 192 190 187 189 184 185 192 197 193 195 194 191 188 172 135 115 88 85 69 69 79 60 39 29 61 98 152 121 137 103 132 181 193 193 191 192 190 190 188 184 174 167 160 149 139 129 129 124 128 139 148 160 161 165 165 154 139 122 108 102 95 95 104 108 99 94 82 62 58 59 65 60 68 72 81 82 91 
109 97 106 111 93 116 114 106 89 101 98 104 94 87 86 104 115 125 142 163 168 170 178 189 203 204 208 208 202 203 203 204 207 207 204 199 192 188 181 183 187 192 195 198 197 193 190 182 168 131 107 81 72 59 64 75 57 69 62 86 103 154 119 127 108 143 183 191 192 194 192 189 188 182 177 170 164 159 155 141 131 126 127 132 137 144 145 156 165 167 158 146 131 112 106 100 88 99 111 113 105 97 82 54 53 58 65 63 65 68 75 83 
120 105 112 116 102 102 99 86 82 88 93 101 94 92 92 101 113 126 141 166 182 182 181 182 185 192 195 201 208 207 203 202 202 202 202 199 195 190 189 189 192 197 199 200 197 194 188 184 168 131 100 82 79 65 70 78 64 57 67 87 130 149 128 113 109 164 185 188 193 194 193 193 186 179 181 169 160 152 143 133 132 127 129 130 135 134 140 157 164 160 158 151 136 115 102 103 107 110 122 123 120 110 97 74 58 61 63 64 60 74 76 76 
134 112 123 136 109 103 101 94 89 87 85 80 83 84 87 93 107 122 139 166 175 184 186 191 185 181 187 187 185 194 201 200 202 201 198 198 196 191 191 193 195 198 200 200 198 193 189 187 174 134 101 80 68 51 59 79 81 112 121 142 144 138 124 109 126 172 189 198 191 191 189 190 190 179 174 169 164 154 144 135 128 129 127 136 141 150 158 164 162 156 151 151 149 132 122 121 115 128 133 136 123 113 104 90 69 54 60 69 70 62 69 77 
147 113 129 144 112 112 100 82 81 86 96 98 92 83 85 85 99 107 120 130 156 170 174 175 178 182 176 174 182 177 191 197 196 199 199 197 193 194 191 191 198 196 201 200 197 193 188 183 175 140 101 87 82 64 55 72 78 92 125 131 131 132 124 109 138 174 187 189 195 193 192 187 183 178 171 162 156 149 133 132 127 122 136 152 164 171 161 153 140 130 138 145 154 150 145 133 140 139 138 140 136 127 105 91 85 61 55 56 69 66 65 65 
141 121 150 148 129 113 93 75 75 84 89 91 101 102 100 100 95 101 133 136 136 144 152 167 176 181 182 172 167 171 167 186 194 195 192 194 192 188 192 193 197 201 199 198 196 193 190 185 175 141 113 86 76 72 57 70 82 81 96 108 115 118 110 121 152 170 187 193 196 197 195 193 184 175 164 154 142 137 126 123 121 143 162 171 175 171 154 129 121 113 133 160 168 170 159 152 151 150 145 143 138 127 117 93 89 78 57 54 62 68 68 74 
144 133 159 137 132 110 101 93 85 81 86 92 100 90 88 87 101 114 124 147 136 141 146 152 159 167 171 175 174 168 157 145 161 183 189 182 188 193 196 197 199 199 201 200 195 193 188 181 175 151 112 94 81 67 60 65 78 84 76 90 106 114 112 137 148 173 187 195 196 194 195 190 183 166 159 148 133 125 112 132 146 166 174 174 169 161 142 122 114 102 130 167 176 174 168 160 161 154 151 151 144 136 127 108 92 84 69 55 61 65 70 68 
138 144 159 147 127 100 102 92 81 84 89 87 98 105 109 112 111 100 121 137 148 140 147 155 172 171 167 169 178 181 174 168 150 148 171 178 179 187 193 197 198 200 200 199 197 193 186 181 171 158 132 110 91 74 65 76 72 79 70 71 94 107 121 142 155 179 193 192 194 191 193 183 172 160 147 141 123 112 138 161 173 175 178 171 165 157 135 130 110 83 136 174 176 167 170 167 170 167 164 151 144 143 130 116 106 82 70 62 55 61 62 70 
149 157 157 145 127 107 102 95 92 82 80 81 78 88 102 120 122 116 94 125 158 149 149 157 171 181 182 178 183 182 179 177 181 161 154 166 169 172 188 196 197 197 197 197 198 192 188 178 169 158 143 115 93 84 71 71 82 77 91 79 97 104 127 135 168 189 191 192 189 190 187 186 176 167 152 134 125 142 166 177 179 176 173 165 163 147 149 135 104 75 132 173 171 165 171 172 175 171 161 162 151 143 136 133 122 110 75 59 53 53 70 73 
159 164 158 138 121 112 101 79 77 74 72 74 86 89 96 102 142 146 138 114 132 154 166 167 176 178 183 186 190 190 192 195 192 189 174 166 169 164 183 194 196 196 197 195 197 192 185 181 172 161 145 117 104 83 73 66 77 90 91 102 104 115 127 152 181 188 189 186 187 185 182 178 176 168 158 145 155 162 173 181 180 175 168 162 157 155 158 129 94 73 145 165 175 174 166 166 169 166 163 160 152 151 144 134 128 115 89 68 53 46 52 67 
170 178 151 138 129 121 98 93 85 76 71 90 74 87 81 89 89 155 166 143 139 144 153 166 174 182 182 182 188 191 193 196 193 195 187 186 177 177 178 184 192 193 193 197 191 186 183 177 165 161 142 123 108 103 87 72 66 77 78 97 109 111 133 155 176 179 178 182 178 182 179 171 164 160 155 165 155 159 174 181 183 181 173 171 165 163 163 126 78 62 146 150 167 167 163 154 165 170 171 172 163 163 156 146 126 116 104 70 56 49 52 59 
172 165 155 152 130 133 114 101 84 87 89 93 96 87 101 94 84 95 153 152 135 126 145 153 162 177 185 187 182 190 191 199 200 195 191 187 188 189 191 191 194 196 196 191 191 192 186 174 166 151 141 132 120 104 93 83 71 65 72 87 110 122 146 166 170 169 174 170 172 174 167 157 144 129 129 138 154 158 171 178 180 173 170 167 166 168 157 108 82 55 134 140 137 165 159 163 155 163 173 171 177 174 165 152 138 127 102 79 58 61 52 54 
172 150 146 136 137 136 106 97 100 101 81 87 110 104 116 108 89 100 111 138 144 147 141 150 156 164 179 189 184 186 191 194 200 200 195 193 198 198 196 189 193 195 197 195 192 189 182 178 169 155 145 135 121 115 112 102 82 72 77 94 114 139 162 171 172 168 168 170 172 167 161 151 143 151 131 108 131 160 160 174 170 178 170 164 168 171 155 109 84 64 117 139 117 137 152 151 152 154 165 172 184 182 172 160 142 131 106 84 64 46 54 50 
161 159 171 169 167 163 120 123 117 101 89 96 91 97 101 119 99 89 118 123 115 132 151 144 152 164 175 182 183 182 182 192 195 198 200 197 198 198 195 194 194 196 195 194 191 190 189 180 172 156 141 135 135 130 129 131 123 113 105 126 152 167 176 178 175 176 169 166 165 153 147 160 168 165 161 108 84 119 156 166 173 161 161 163 159 166 146 106 81 55 117 131 122 101 137 151 145 149 156 175 180 183 178 167 149 133 105 80 65 57 49 53 
165 171 177 178 181 171 131 138 118 94 97 111 103 101 81 109 115 102 122 117 129 109 136 147 145 149 155 167 177 183 183 189 192 194 196 199 198 199 197 199 197 195 195 192 189 186 184 176 170 160 148 140 133 148 152 155 157 160 153 147 158 167 174 177 177 174 176 170 162 158 162 166 168 168 157 108 73 66 112 150 156 149 157 164 165 161 143 108 81 66 149 145 116 97 103 133 144 140 158 170 181 178 177 168 153 142 114 84 70 52 51 56 
168 175 167 183 185 148 145 136 118 103 118 118 120 119 100 111 119 130 137 123 124 119 133 144 148 151 160 160 169 179 186 189 188 192 198 198 199 198 199 197 198 194 188 190 188 189 185 175 166 159 154 153 150 156 164 177 179 182 175 177 172 163 167 169 171 169 162 159 166 169 170 171 178 179 158 104 54 58 71 104 135 150 157 162 168 162 120 93 75 59 145 178 128 107 80 102 133 138 155 167 178 184 174 173 162 140 118 95 75 57 49 52 
168 167 160 187 184 150 148 144 124 113 123 116 117 109 125 113 119 136 142 137 115 123 123 122 138 145 153 159 167 178 184 193 190 186 190 195 197 198 196 197 198 194 189 190 190 188 185 180 171 164 155 151 155 168 177 186 193 192 189 189 186 178 171 164 158 160 157 152 160 165 168 173 176 170 153 117 60 61 67 77 111 139 155 155 170 156 122 102 74 58 144 186 145 113 86 84 111 136 154 164 180 182 178 174 157 144 123 98 70 56 52 52 
164 161 159 179 185 149 147 142 138 116 130 127 127 117 128 145 132 137 154 139 125 133 113 116 122 138 144 154 162 166 177 188 193 189 183 188 193 195 197 197 193 194 193 190 189 186 187 176 172 170 160 160 164 171 178 189 192 198 200 192 193 189 185 176 171 162 152 152 152 157 165 167 173 172 164 131 75 48 84 81 92 125 141 150 176 156 119 112 83 47 132 183 144 122 93 79 98 125 143 163 174 177 172 168 162 141 120 94 83 56 51 54 
155 150 154 196 177 146 143 157 152 131 139 131 132 123 130 153 148 148 150 155 129 132 120 116 126 136 147 147 160 166 170 192 195 193 187 184 190 193 193 195 197 193 191 190 191 188 183 178 171 168 155 154 158 173 177 190 195 198 198 201 196 200 202 199 189 181 173 168 166 171 171 173 174 173 164 129 103 61 65 77 86 112 131 152 172 141 120 105 76 46 112 177 147 122 88 79 88 105 141 158 170 176 171 165 159 144 125 102 81 64 53 42 
158 150 160 196 175 153 153 148 154 134 145 135 143 131 142 153 144 146 170 166 137 131 123 123 125 137 142 150 150 162 178 189 193 192 190 184 182 186 189 190 191 192 191 191 189 184 179 175 169 155 148 147 152 164 173 183 187 193 193 195 197 201 201 200 201 197 194 183 180 177 172 177 182 186 182 148 117 84 65 76 85 102 119 144 170 146 108 120 75 46 105 163 142 119 88 75 92 105 119 148 171 171 170 166 163 147 123 99 82 63 53 51 
150 147 156 177 175 157 154 163 165 151 148 145 142 142 146 156 161 160 176 158 152 158 131 131 127 134 139 146 159 154 161 181 188 193 192 189 187 184 187 192 193 189 192 192 192 189 186 172 162 152 149 140 138 149 161 171 180 188 195 200 199 197 193 198 200 200 203 203 197 192 192 187 192 189 182 155 121 92 81 73 93 112 117 125 158 136 111 109 89 51 89 142 130 118 85 79 84 101 119 140 164 169 171 168 158 138 117 97 80 55 52 61 
139 142 148 171 164 161 159 167 170 153 154 146 152 138 147 170 175 164 177 166 160 159 129 129 128 135 142 153 161 165 164 164 183 192 194 192 190 186 188 189 190 192 195 193 190 187 182 171 163 152 141 136 129 132 137 148 162 167 172 190 197 198 201 200 198 198 193 197 200 198 194 194 189 189 175 152 117 88 84 81 96 117 113 116 137 133 119 116 80 40 88 146 138 127 90 82 85 97 116 134 158 162 167 167 155 138 116 97 81 63 57 67 
136 130 143 169 158 155 150 162 172 163 158 152 152 147 150 166 175 157 180 170 165 152 125 131 130 136 134 148 166 171 177 169 180 190 191 196 190 185 183 184 191 191 190 193 191 186 178 164 156 148 136 123 120 119 123 121 113 108 103 121 146 176 181 194 196 192 187 187 190 192 192 192 186 182 167 131 103 88 87 98 112 109 118 117 128 116 113 104 68 51 96 134 135 113 90 82 98 102 112 138 154 162 169 160 144 132 116 99 83 59 63 78 
146 137 135 162 156 162 153 168 175 167 158 154 157 143 155 172 180 162 178 168 158 138 126 129 132 140 139 147 164 167 175 173 176 183 187 190 192 191 187 185 189 192 189 190 186 182 175 166 157 148 130 121 116 105 100 90 85 85 93 95 93 114 141 147 155 156 160 162 172 179 176 178 182 184 169 134 100 93 92 98 109 116 115 123 119 96 93 97 82 57 104 137 132 121 84 92 104 111 118 134 158 167 169 159 150 134 114 94 76 67 79 80 
131 134 138 150 163 164 150 157 168 156 158 152 154 151 153 171 172 155 160 166 157 127 127 133 132 132 140 149 157 166 178 170 170 178 186 192 189 180 182 186 189 189 191 188 189 182 171 160 154 142 126 112 100 84 69 56 82 104 108 118 114 106 119 133 135 137 140 148 157 154 149 150 160 164 163 132 114 101 100 104 112 125 128 131 119 94 97 86 74 65 103 128 128 102 89 93 106 109 115 135 155 163 158 149 140 129 107 101 77 75 82 87 
135 132 136 156 157 149 150 156 176 164 154 150 144 139 138 158 155 144 148 150 139 119 122 119 125 135 133 143 158 169 179 178 174 179 186 187 186 184 183 187 189 192 192 191 186 178 167 163 153 138 117 102 86 73 66 73 82 89 95 110 105 106 117 139 142 135 136 137 128 138 142 147 149 146 133 112 83 94 108 115 124 128 129 126 119 97 93 82 62 69 110 120 109 102 93 110 112 114 123 134 147 155 159 152 138 122 106 87 76 81 85 86 
133 134 134 147 160 151 148 147 159 155 151 146 137 128 133 142 143 132 139 135 131 127 127 115 120 129 132 145 161 168 172 170 170 182 185 186 186 186 188 190 193 190 191 189 188 178 166 157 146 128 109 91 80 64 60 64 80 78 81 93 109 104 113 132 154 150 146 143 140 118 125 152 162 144 120 88 83 109 119 126 122 124 128 132 122 97 95 89 58 83 111 102 104 94 103 110 114 118 119 130 148 157 158 147 134 120 106 93 68 81 88 81 
128 137 133 140 146 154 137 139 149 146 144 141 129 125 133 143 136 129 141 131 120 120 112 112 118 133 128 142 161 177 174 168 167 173 177 180 179 182 186 191 195 191 192 190 181 169 156 158 145 115 93 80 61 53 53 73 83 92 95 92 97 99 107 125 161 176 169 167 165 152 129 129 154 151 124 95 106 119 125 129 135 128 129 128 122 103 88 82 63 79 103 100 102 104 112 117 126 121 124 130 143 154 154 151 126 108 94 79 70 83 84 85 
122 130 134 137 143 134 140 139 150 149 137 135 123 119 119 134 129 125 131 128 118 116 112 103 115 123 131 144 157 166 173 169 166 164 170 171 175 179 188 191 192 192 188 183 170 163 165 156 142 113 87 76 59 59 72 83 86 110 107 97 87 88 107 122 142 169 169 169 172 169 156 123 118 124 114 109 112 118 132 130 132 135 134 131 123 109 98 86 63 88 102 104 107 117 122 116 116 124 124 131 147 152 144 133 116 104 92 78 84 88 84 90 
124 129 132 137 139 142 136 134 139 136 140 140 123 111 116 131 122 122 129 113 118 116 100 99 107 111 122 134 152 159 166 170 164 168 168 169 170 172 179 188 192 191 191 178 170 167 165 157 133 105 76 58 45 59 75 50 67 66 89 102 97 88 94 117 138 164 168 172 173 173 169 149 124 110 110 107 112 115 125 135 135 134 135 135 127 118 93 85 60 94 111 107 116 115 112 119 119 124 128 129 135 139 132 120 116 105 86 75 84 83 83 80 
118 129 128 144 136 135 139 139 140 146 134 138 124 115 118 124 124 131 137 120 105 93 86 93 99 104 112 127 145 152 160 166 168 163 164 164 164 167 179 186 191 189 183 182 178 169 166 153 127 96 73 58 47 67 63 66 55 72 75 98 95 92 97 118 142 166 169 176 183 183 175 162 141 124 113 111 119 127 131 126 128 133 131 128 133 129 109 82 71 108 117 119 122 128 126 123 132 122 121 131 128 133 127 119 108 97 77 83 83 80 88 87 
120 126 125 132 141 136 144 142 144 143 135 127 125 123 113 122 127 126 132 117 101 101 96 96 95 98 110 116 131 142 151 153 160 155 162 165 166 169 175 183 189 191 189 186 184 178 166 146 122 94 67 54 56 81 56 47 47 55 68 95 104 103 98 122 140 167 173 178 178 179 174 161 151 139 121 107 114 129 140 139 136 133 129 127 132 130 120 91 79 105 118 121 122 124 130 133 133 128 124 121 127 123 115 109 92 82 84 88 87 92 78 78 
119 126 131 131 143 146 136 137 143 150 139 126 125 126 111 102 129 130 126 99 100 98 98 96 84 87 94 106 115 127 144 146 150 156 161 157 157 161 170 182 185 184 186 184 179 173 160 139 115 97 72 56 58 79 62 72 51 46 71 91 92 97 97 115 132 161 166 177 183 181 172 154 152 144 135 119 115 120 129 134 143 144 142 132 117 119 120 110 98 109 113 124 128 129 136 129 127 120 116 119 113 110 106 95 87 87 87 85 83 78 89 92 
124 122 119 123 137 149 148 134 134 139 148 135 116 119 114 117 128 128 127 107 102 102 107 92 80 84 88 100 109 117 135 148 148 152 153 156 158 159 166 174 180 181 185 184 178 169 154 133 106 80 71 56 59 97 62 95 63 57 62 108 104 103 95 113 143 160 167 175 179 180 170 161 155 147 139 133 128 118 120 129 140 147 149 137 115 111 116 114 114 114 117 122 129 132 131 128 121 114 112 110 107 102 91 89 92 87 86 85 84 92 90 89 
120 124 126 122 127 145 153 145 139 142 145 139 119 115 118 108 120 134 122 104 102 94 93 96 85 94 90 83 101 106 120 135 142 145 155 154 147 151 157 162 162 173 182 178 173 170 146 128 111 80 75 62 61 93 74 59 57 67 99 107 97 106 103 121 142 160 168 174 174 176 169 166 156 145 140 132 124 117 127 122 121 133 141 138 120 114 108 123 125 121 123 125 119 122 116 118 115 116 114 110 104 97 89 92 88 92 86 90 92 87 94 93 
122 121 122 121 115 136 151 153 135 119 148 146 129 109 124 115 121 132 120 103 92 100 110 97 102 92 87 86 87 95 107 127 129 135 140 146 149 141 141 149 156 166 174 177 172 160 144 119 102 88 78 69 68 91 83 115 114 114 117 104 101 103 105 121 140 146 161 174 177 177 169 164 157 149 149 134 125 124 117 111 115 117 118 116 109 109 116 126 138 136 123 115 114 103 109 112 109 111 105 103 85 87 92 93 89 86 93 90 85 88 87 86 
121 123 121 127 116 125 128 140 142 140 140 138 123 106 110 110 112 116 117 108 96 92 106 105 103 101 96 87 81 90 95 115 128 138 147 148 143 145 145 150 158 158 169 181 177 161 139 123 106 87 73 68 52 98 90 78 144 125 111 100 98 101 112 127 142 152 152 163 175 173 168 168 155 152 140 125 121 121 122 119 113 124 122 131 137 148 155 151 145 130 117 109 101 101 101 104 104 97 101 101 102 104 97 99 102 116 108 108 106 108 103 99 
123 123 124 121 125 123 134 132 134 120 130 149 142 107 110 99 100 103 98 96 94 91 92 95 99 101 106 97 78 77 92 100 112 122 133 134 142 145 137 144 149 157 168 171 169 156 135 119 110 88 85 84 57 77 102 71 77 102 108 95 107 108 118 129 135 147 161 166 174 179 171 162 160 148 144 130 122 116 115 110 116 113 121 130 134 128 133 134 129 117 112 100 97 98 98 95 102 102 71 42 42 48 50 42 43 24 37 38 47 46 60 68 
121 122 117 120 123 126 120 127 125 116 105 130 138 124 102 100 94 91 91 83 85 90 93 102 85 77 76 95 91 81 79 92 105 115 124 129 133 132 134 139 147 152 160 163 162 152 139 124 110 92 89 86 77 50 86 89 65 93 98 103 114 116 127 135 138 151 159 166 169 170 170 163 155 144 135 126 119 115 109 111 116 113 115 120 117 128 129 130 121 118 108 103 102 92 100 106 87 54 32 34 32 32 47 53 41 41 21 9 9 18 14 8 
122 122 128 121 123 132 124 125 122 113 109 106 117 130 115 89 81 87 77 90 90 89 86 102 87 66 60 72 94 103 111 115 114 116 125 126 126 127 130 134 133 136 143 151 154 151 138 121 109 99 93 93 86 71 59 76 77 73 98 117 124 126 131 132 134 140 151 164 161 170 165 156 150 147 139 126 121 115 113 112 112 120 124 126 128 125 126 120 115 104 105 101 95 110 98 57 35 38 43 42 47 44 32 53 62 52 53 49 33 18 25 25 
123 119 117 118 121 124 118 119 125 121 106 105 109 115 123 98 76 73 82 75 84 92 84 79 77 86 74 67 78 87 102 119 125 124 126 125 122 123 118 122 124 125 127 133 144 154 144 131 113 93 96 94 88 77 75 77 86 90 101 120 119 119 125 128 129 143 148 156 158 161 161 153 147 135 129 124 112 112 106 109 117 113 117 119 118 119 121 113 105 103 101 109 101 65 39 36 42 40 43 38 40 34 40 38 42 60 66 57 56 47 39 38 
126 122 123 124 121 122 123 122 126 124 114 103 91 89 88 90 87 76 74 78 77 81 79 72 85 68 66 62 68 93 109 104 115 128 134 128 128 123 123 124 124 125 124 119 123 129 146 132 113 109 101 103 95 87 85 80 77 91 106 119 120 124 128 125 131 140 145 149 150 154 152 144 134 132 121 118 109 103 105 110 117 117 118 123 118 115 108 112 113 115 100 65 41 37 37 39 42 41 37 42 36 42 37 38 39 28 42 61 64 53 42 38 
118 117 119 121 122 120 115 119 114 125 133 121 107 99 85 83 71 66 76 85 82 77 72 66 59 73 59 65 121 109 101 114 106 106 117 126 116 118 115 108 111 116 118 124 125 123 120 123 121 107 107 106 106 95 89 91 92 90 93 101 117 121 126 127 129 133 133 135 144 149 141 143 138 129 127 113 112 106 108 112 113 118 118 116 122 114 116 103 83 57 37 36 40 41 44 42 40 41 44 41 39 39 42 41 39 43 39 31 40 65 72 66 
121 122 122 119 122 123 121 123 128 125 125 129 114 103 92 85 86 76 72 66 71 82 77 65 62 71 63 55 71 92 107 105 112 102 89 90 102 106 87 88 89 94 84 86 90 94 109 116 113 109 108 111 115 113 107 109 107 112 116 120 119 125 119 128 129 132 132 133 136 133 138 136 128 129 121 117 116 117 117 121 129 121 121 112 89 80 58 40 29 31 36 43 35 44 39 42 45 38 38 42 38 36 42 41 35 38 38 39 39 30 48 70 
120 122 121 123 120 117 119 122 120 118 122 119 121 121 111 92 87 97 96 96 93 87 94 92 59 55 61 62 55 53 68 91 86 94 89 76 65 74 81 68 61 63 71 58 48 50 42 58 72 84 99 102 104 115 122 120 122 120 120 118 118 120 123 116 121 122 126 125 124 128 126 126 123 116 117 118 116 111 101 84 66 55 33 26 29 24 36 43 47 47 47 43 46 42 43 40 35 40 41 40 39 40 35 37 36 38 37 39 37 41 33 34 
122 120 122 120 123 122 119 116 119 119 118 118 119 120 118 102 64 65 88 96 103 102 86 88 88 79 75 75 71 62 55 53 60 58 64 63 63 54 56 63 56 56 55 63 55 47 53 50 50 59 67 79 79 74 76 89 99 110 120 129 129 124 120 118 122 124 126 124 117 116 112 111 108 106 105 95 84 52 30 32 37 40 46 46 51 48 43 45 46 45 44 38 43 41 38 37 47 43 39 41 41 39 42 41 43 38 38 32 34 36 33 34 
123 121 120 119 119 117 123 119 122 117 121 121 116 120 120 127 123 98 96 95 98 102 81 66 69 70 60 58 60 55 54 52 54 52 52 49 54 51 50 49 47 33 43 42 49 44 45 51 48 45 47 56 86 85 78 74 61 57 54 55 62 81 86 80 82 77 60 63 97 115 117 107 109 109 102 100 67 45 46 51 50 48 48 50 40 43 48 45 42 46 50 46 43 43 46 47 41 39 41 34 45 45 41 38 37 46 36 39 37 34 39 34 
115 121 123 121 123 122 118 120 121 121 119 119 119 118 118 115 118 122 118 120 110 108 120 112 103 82 70 57 47 53 43 42 40 55 46 42 33 47 52 48 56 59 49 52 48 43 29 20 36 53 58 47 37 62 72 76 77 72 80 91 100 90 77 73 62 52 66 87 100 79 81 109 115 114 103 56 42 45 50 49 45 45 46 46 49 48 42 44 46 43 40 42 42 40 40 39 37 44 43 47 34 35 37 41 41 39 43 37 39 36 36 38 
124 120 123 121 119 118 121 116 120 120 120 122 120 120 120 124 118 122 119 118 123 117 117 123 121 116 103 84 66 68 63 64 41 30 44 38 47 49 36 36 34 32 39 30 33 42 56 79 98 104 108 103 96 88 71 66 71 64 49 52 63 90 98 97 101 103 103 109 103 105 106 102 84 59 39 43 55 46 40 40 49 48 48 48 49 45 50 44 43 47 42 42 48 41 41 46 45 39 41 44 42 45 42 43 40 42 40 38 39 45 42 39 
117 119 118 119 123 122 120 124 117 124 119 116 116 120 115 116 122 118 118 120 122 122 120 120 120 122 119 120 126 123 121 116 108 94 67 59 44 45 42 39 41 42 43 75 98 97 106 112 107 108 106 105 103 92 42 9 14 23 42 54 70 85 95 101 102 102 95 91 76 63 57 38 37 52 53 49 41 53 52 51 47 39 45 40 37 46 46 46 46 45 46 43 40 43 43 39 43 48 48 44 36 37 42 40 36 36 37 37 39 24 33 35 
118 121 118 119 117 118 119 116 121 119 120 120 121 120 121 121 118 121 123 118 118 120 121 121 116 118 120 117 114 115 116 113 113 113 112 105 108 94 75 69 84 107 109 109 110 111 112 107 109 105 103 101 101 100 91 85 78 81 86 91 96 83 76 69 67 65 64 58 52 58 48 57 57 48 53 47 54 49 51 49 51 54 51 51 52 43 45 50 49 44 45 48 46 39 43 42 37 34 37 37 45 47 44 39 41 42 36 38 37 39 41 36 
122 122 123 122 119 122 120 123 118 120 120 119 117 115 118 122 125 120 116 119 116 115 118 119 116 122 120 118 117 117 114 117 116 116 111 113 110 112 114 115 113 109 109 106 109 107 104 112 108 105 108 109 104 103 103 103 101 93 84 89 85 83 81 80 79 65 58 68 67 58 62 55 50 53 49 50 49 48 48 44 46 40 43 48 43 44 47 41 39 44 42 40 42 46 45 46 47 46 44 45 42 43 39 42 43 42 46 40 43 38 37 36 
118 120 121 121 122 121 121 119 124 121 117 122 123 124 119 119 117 118 121 118 120 119 123 122 118 119 117 119 119 118 117 113 112 112 113 109 108 111 105 106 108 108 112 108 108 105 109 104 102 107 107 105 104 105 103 103 99 99 105 94 90 89 84 82 77 80 79 68 65 62 59 57 54 57 51 48 46 47 48 48 47 49 48 41 51 47 44 46 49 45 46 47 45 40 45 42 45 43 44 43 41 40 44 37 35 44 35 40 34 36 34 40 
