#t 	Susceptible 	Infected 	Recovered
0 	0	0	847008
0.01	0	0	847008
0.02	0	0	847008
0.03	0	0	847008
0.04	0	0	847008
0.05	0	0	847008
0.06	0	0	847008
0.07	0	0	847008
0.08	0	0	847008
0.09	0	0	847008
0.1	0	0	847008
0.11	0	0	847008
0.12	0	0	847008
0.13	0	0	847008
0.14	0	0	847008
0.15	0	0	847008
0.16	0	0	847008
0.17	0	0	847008
0.18	0	0	847008
0.19	0	0	847008
0.2	0	0	847008
0.21	0	0	847008
0.22	0	0	847008
0.23	0	0	847008
0.24	0	0	847008
0.25	0	0	847008
0.26	0	0	847008
0.27	0	0	847008
0.28	0	0	847008
0.29	0	0	847008
0.3	0	0	847008
0.31	0	0	847008
0.32	0	0	847008
0.33	0	0	847008
0.34	0	0	847008
0.35000000000000003	0	0	847008
0.36	0	0	847008
0.37	0	0	847008
0.38	0	0	847008
0.39	0	0	847008
0.4	0	0	847008
0.41000000000000003	0	0	847008
0.42	0	0	847008
0.43	0	0	847008
0.44	0	0	847008
0.45	0	0	847008
0.46	0	0	847008
0.47000000000000003	0	0	847008
0.48	0	0	847008
0.49	0	0	847008
0.5	0	0	847008
0.51	0	0	847008
0.52	0	0	847008
0.53	0	0	847008
0.54	0	0	847008
0.55	0	0	847008
0.56	0	0	847008
0.5700000000000001	0	0	847008
0.58	0	0	847008
0.59	0	0	847008
0.6	0	0	847008
0.61	0	0	847008
0.62	0	0	847008
0.63	0	0	847008
0.64	0	0	847008
0.65	0	0	847008
0.66	0	0	847008
0.67	0	0	847008
0.68	0	0	847008
0.6900000000000001	0	0	847008
0.7000000000000001	0	0	847008
0.71	0	0	847008
0.72	0	0	847008
0.73	0	0	847008
0.74	0	0	847008
0.75	0	0	847008
0.76	0	0	847008
0.77	0	0	847008
0.78	0	0	847008
0.79	0	0	847008
0.8	0	0	847008
0.81	0	0	847008
0.8200000000000001	0	0	847008
0.8300000000000001	0	0	847008
0.84	0	0	847008
0.85	0	0	847008
0.86	0	0	847008
0.87	0	0	847008
0.88	0	0	847008
0.89	0	0	847008
0.9	0	0	847008
0.91	0	0	847008
0.92	0	0	847008
0.93	0	0	847008
0.9400000000000001	0	0	847008
0.9500000000000001	0	0	847008
0.96	0	0	847008
0.97	0	0	847008
0.98	0	0	847008
0.99	0	0	847008
1.0	0	0	847008
1.01	0	0	847008
1.02	0	0	847008
1.03	0	0	847008
1.04	0	0	847008
1.05	0	0	847008
1.06	0	0	847008
1.07	0	0	847008
1.08	0	0	847008
1.09	0	0	847008
1.1	0	0	847008
1.11	0	0	847008
1.12	0	0	847008
1.1300000000000001	0	0	847008
1.1400000000000001	0	0	847008
1.1500000000000001	0	0	847008
1.16	0	0	847008
1.17	0	0	847008
1.18	0	0	847008
1.19	0	0	847008
1.2	0	0	847008
1.21	0	0	847008
1.22	0	0	847008
1.23	0	0	847008
1.24	0	0	847008
1.25	0	0	847008
1.26	0	0	847008
1.27	0	0	847008
1.28	0	0	847008
1.29	0	0	847008
1.3	0	0	847008
1.31	0	0	847008
1.32	0	0	847008
1.33	0	0	847008
1.34	0	0	847008
1.35	0	0	847008
1.36	0	0	847008
1.37	0	0	847008
1.3800000000000001	0	0	847008
1.3900000000000001	0	0	847008
1.4000000000000001	0	0	847008
1.41	0	0	847008
1.42	0	0	847008
1.43	0	0	847008
1.44	0	0	847008
1.45	0	0	847008
1.46	0	0	847008
1.47	0	0	847008
1.48	0	0	847008
1.49	0	0	847008
1.5	0	0	847008
1.51	0	0	847008
1.52	0	0	847008
1.53	0	0	847008
1.54	0	0	847008
1.55	0	0	847008
1.56	0	0	847008
1.57	0	0	847008
1.58	0	0	847008
1.59	0	0	847008
1.6	0	0	847008
1.61	0	0	847008
1.62	0	0	847008
1.6300000000000001	0	0	847008
1.6400000000000001	0	0	847008
1.6500000000000001	0	0	847008
1.6600000000000001	0	0	847008
1.67	0	0	847008
1.68	0	0	847008
1.69	0	0	847008
1.7	0	0	847008
1.71	0	0	847008
1.72	0	0	847008
1.73	0	0	847008
1.74	0	0	847008
1.75	0	0	847008
1.76	0	0	847008
1.77	0	0	847008
1.78	0	0	847008
1.79	0	0	847008
1.8	0	0	847008
1.81	0	0	847008
1.82	0	0	847008
1.83	0	0	847008
1.84	0	0	847008
1.85	0	0	847008
1.86	0	0	847008
1.87	0	0	847008
1.8800000000000001	0	0	847008
1.8900000000000001	0	0	847008
1.9000000000000001	0	0	847008
1.9100000000000001	0	0	847008
1.92	0	0	847008
1.93	0	0	847008
1.94	0	0	847008
1.95	0	0	847008
1.96	0	0	847008
1.97	0	0	847008
1.98	0	0	847008
1.99	0	0	847008
2.0	0	0	847008
2.0100000000000002	0	0	847008
2.02	0	0	847008
2.0300000000000002	0	0	847008
2.04	0	0	847008
2.05	0	0	847008
2.06	0	0	847008
2.07	0	0	847008
2.08	0	0	847008
2.09	0	0	847008
2.1	0	0	847008
2.11	0	0	847008
2.12	0	0	847008
2.13	0	0	847008
2.14	0	0	847008
2.15	0	0	847008
2.16	0	0	847008
2.17	0	0	847008
2.18	0	0	847008
2.19	0	0	847008
2.2	0	0	847008
2.21	0	0	847008
2.22	0	0	847008
2.23	0	0	847008
2.24	0	0	847008
2.25	0	0	847008
2.2600000000000002	0	0	847008
2.27	0	0	847008
2.2800000000000002	0	0	847008
2.29	0	0	847008
2.3000000000000003	0	0	847008
2.31	0	0	847008
2.32	0	0	847008
2.33	0	0	847008
2.34	0	0	847008
2.35	0	0	847008
2.36	0	0	847008
2.37	0	0	847008
2.38	0	0	847008
2.39	0	0	847008
2.4	0	0	847008
2.41	0	0	847008
2.42	0	0	847008
2.43	0	0	847008
2.44	0	0	847008
2.45	0	0	847008
2.46	0	0	847008
2.47	0	0	847008
2.48	0	0	847008
2.49	0	0	847008
2.5	0	0	847008
2.5100000000000002	0	0	847008
2.52	0	0	847008
2.5300000000000002	0	0	847008
2.54	0	0	847008
2.5500000000000003	0	0	847008
2.56	0	0	847008
2.57	0	0	847008
2.58	0	0	847008
2.59	0	0	847008
2.6	0	0	847008
2.61	0	0	847008
2.62	0	0	847008
2.63	0	0	847008
2.64	0	0	847008
2.65	0	0	847008
2.66	0	0	847008
2.67	0	0	847008
2.68	0	0	847008
2.69	0	0	847008
2.7	0	0	847008
2.71	0	0	847008
2.72	0	0	847008
2.73	0	0	847008
2.74	0	0	847008
2.75	0	0	847008
2.7600000000000002	0	0	847008
2.77	0	0	847008
2.7800000000000002	0	0	847008
2.79	0	0	847008
2.8000000000000003	0	0	847008
2.81	0	0	847008
2.82	0	0	847008
2.83	0	0	847008
2.84	0	0	847008
2.85	0	0	847008
2.86	0	0	847008
2.87	0	0	847008
2.88	0	0	847008
2.89	0	0	847008
2.9	0	0	847008
2.91	0	0	847008
2.92	0	0	847008
2.93	0	0	847008
2.94	0	0	847008
2.95	0	0	847008
2.96	0	0	847008
2.97	0	0	847008
2.98	0	0	847008
2.99	0	0	847008
3.0	0	0	847008
3.0100000000000002	0	0	847008
3.02	0	0	847008
3.0300000000000002	0	0	847008
3.04	0	0	847008
3.0500000000000003	0	0	847008
3.06	0	0	847008
3.0700000000000003	0	0	847008
3.08	0	0	847008
3.09	0	0	847008
3.1	0	0	847008
3.11	0	0	847008
3.12	0	0	847008
3.13	0	0	847008
3.14	0	0	847008
3.15	0	0	847008
3.16	0	0	847008
3.17	0	0	847008
3.18	0	0	847008
3.19	0	0	847008
3.2	0	0	847008
3.21	0	0	847008
3.22	0	0	847008
3.23	0	0	847008
3.24	0	0	847008
3.25	0	0	847008
3.2600000000000002	0	0	847008
3.27	0	0	847008
3.2800000000000002	0	0	847008
3.29	0	0	847008
3.3000000000000003	0	0	847008
3.31	0	0	847008
3.3200000000000003	0	0	847008
3.33	0	0	847008
3.34	0	0	847008
3.35	0	0	847008
3.36	0	0	847008
3.37	0	0	847008
3.38	0	0	847008
3.39	0	0	847008
3.4	0	0	847008
3.41	0	0	847008
3.42	0	0	847008
3.43	0	0	847008
3.44	0	0	847008
3.45	0	0	847008
3.46	0	0	847008
3.47	0	0	847008
3.48	0	0	847008
3.49	0	0	847008
3.5	0	0	847008
3.5100000000000002	0	0	847008
3.52	0	0	847008
3.5300000000000002	0	0	847008
3.54	0	0	847008
3.5500000000000003	0	0	847008
3.56	0	0	847008
3.5700000000000003	0	0	847008
3.58	0	0	847008
3.59	0	0	847008
3.6	0	0	847008
3.61	0	0	847008
3.62	0	0	847008
3.63	0	0	847008
3.64	0	0	847008
3.65	0	0	847008
3.66	0	0	847008
3.67	0	0	847008
3.68	0	0	847008
3.69	0	0	847008
3.7	0	0	847008
3.71	0	0	847008
3.72	0	0	847008
3.73	0	0	847008
3.74	0	0	847008
3.75	0	0	847008
3.7600000000000002	0	0	847008
3.77	0	0	847008
3.7800000000000002	0	0	847008
3.79	0	0	847008
3.8000000000000003	0	0	847008
3.81	0	0	847008
3.8200000000000003	0	0	847008
3.83	0	0	847008
3.84	0	0	847008
3.85	0	0	847008
3.86	0	0	847008
3.87	0	0	847008
3.88	0	0	847008
3.89	0	0	847008
3.9	0	0	847008
3.91	0	0	847008
3.92	0	0	847008
3.93	0	0	847008
3.94	0	0	847008
3.95	0	0	847008
3.96	0	0	847008
3.97	0	0	847008
3.98	0	0	847008
3.99	0	0	847008
4.0	0	0	847008
4.01	0	0	847008
4.0200000000000005	0	0	847008
4.03	0	0	847008
4.04	0	0	847008
4.05	0	0	847008
4.0600000000000005	0	0	847008
4.07	0	0	847008
4.08	0	0	847008
4.09	0	0	847008
4.1	0	0	847008
4.11	0	0	847008
4.12	0	0	847008
4.13	0	0	847008
4.14	0	0	847008
4.15	0	0	847008
4.16	0	0	847008
4.17	0	0	847008
4.18	0	0	847008
4.19	0	0	847008
4.2	0	0	847008
4.21	0	0	847008
4.22	0	0	847008
4.23	0	0	847008
4.24	0	0	847008
4.25	0	0	847008
4.26	0	0	847008
4.2700000000000005	0	0	847008
4.28	0	0	847008
4.29	0	0	847008
4.3	0	0	847008
4.3100000000000005	0	0	847008
4.32	0	0	847008
4.33	0	0	847008
4.34	0	0	847008
4.3500000000000005	0	0	847008
4.36	0	0	847008
4.37	0	0	847008
4.38	0	0	847008
4.39	0	0	847008
4.4	0	0	847008
4.41	0	0	847008
4.42	0	0	847008
4.43	0	0	847008
4.44	0	0	847008
4.45	0	0	847008
4.46	0	0	847008
4.47	0	0	847008
4.48	0	0	847008
4.49	0	0	847008
4.5	0	0	847008
4.51	0	0	847008
4.5200000000000005	0	0	847008
4.53	0	0	847008
4.54	0	0	847008
4.55	0	0	847008
4.5600000000000005	0	0	847008
4.57	0	0	847008
4.58	0	0	847008
4.59	0	0	847008
4.6000000000000005	0	0	847008
4.61	0	0	847008
4.62	0	0	847008
4.63	0	0	847008
4.64	0	0	847008
4.65	0	0	847008
4.66	0	0	847008
4.67	0	0	847008
4.68	0	0	847008
4.69	0	0	847008
4.7	0	0	847008
4.71	0	0	847008
4.72	0	0	847008
4.73	0	0	847008
4.74	0	0	847008
4.75	0	0	847008
4.76	0	0	847008
4.7700000000000005	0	0	847008
4.78	0	0	847008
4.79	0	0	847008
4.8	0	0	847008
4.8100000000000005	0	0	847008
4.82	0	0	847008
4.83	0	0	847008
4.84	0	0	847008
4.8500000000000005	0	0	847008
4.86	0	0	847008
4.87	0	0	847008
4.88	0	0	847008
4.89	0	0	847008
4.9	0	0	847008
4.91	0	0	847008
4.92	0	0	847008
4.93	0	0	847008
4.94	0	0	847008
4.95	0	0	847008
4.96	0	0	847008
4.97	0	0	847008
4.98	0	0	847008
4.99	0	0	847008
5.0	0	0	847008
5.01	0	0	847008
5.0200000000000005	0	0	847008
5.03	0	0	847008
5.04	0	0	847008
5.05	0	0	847008
5.0600000000000005	0	0	847008
5.07	0	0	847008
5.08	0	0	847008
5.09	0	0	847008
5.1000000000000005	0	0	847008
5.11	0	0	847008
5.12	0	0	847008
5.13	0	0	847008
5.14	0	0	847008
5.15	0	0	847008
5.16	0	0	847008
5.17	0	0	847008
5.18	0	0	847008
5.19	0	0	847008
5.2	0	0	847008
5.21	0	0	847008
5.22	0	0	847008
5.23	0	0	847008
5.24	0	0	847008
5.25	0	0	847008
5.26	0	0	847008
5.2700000000000005	0	0	847008
5.28	0	0	847008
5.29	0	0	847008
5.3	0	0	847008
5.3100000000000005	0	0	847008
5.32	0	0	847008
5.33	0	0	847008
5.34	0	0	847008
5.3500000000000005	0	0	847008
5.36	0	0	847008
5.37	0	0	847008
5.38	0	0	847008
5.39	0	0	847008
5.4	0	0	847008
5.41	0	0	847008
5.42	0	0	847008
5.43	0	0	847008
5.44	0	0	847008
5.45	0	0	847008
5.46	0	0	847008
5.47	0	0	847008
5.48	0	0	847008
5.49	0	0	847008
5.5	0	0	847008
5.51	0	0	847008
5.5200000000000005	0	0	847008
5.53	0	0	847008
5.54	0	0	847008
5.55	0	0	847008
5.5600000000000005	0	0	847008
5.57	0	0	847008
5.58	0	0	847008
5.59	0	0	847008
5.6000000000000005	0	0	847008
5.61	0	0	847008
5.62	0	0	847008
5.63	0	0	847008
5.64	0	0	847008
5.65	0	0	847008
5.66	0	0	847008
5.67	0	0	847008
5.68	0	0	847008
5.69	0	0	847008
5.7	0	0	847008
5.71	0	0	847008
5.72	0	0	847008
5.73	0	0	847008
5.74	0	0	847008
5.75	0	0	847008
5.76	0	0	847008
5.7700000000000005	0	0	847008
5.78	0	0	847008
5.79	0	0	847008
5.8	0	0	847008
5.8100000000000005	0	0	847008
5.82	0	0	847008
5.83	0	0	847008
5.84	0	0	847008
5.8500000000000005	0	0	847008
5.86	0	0	847008
5.87	0	0	847008
5.88	0	0	847008
5.89	0	0	847008
5.9	0	0	847008
5.91	0	0	847008
5.92	0	0	847008
5.93	0	0	847008
5.94	0	0	847008
5.95	0	0	847008
5.96	0	0	847008
5.97	0	0	847008
5.98	0	0	847008
5.99	0	0	847008
6.0	0	0	847008
6.01	0	0	847008
6.0200000000000005	0	0	847008
6.03	0	0	847008
6.04	0	0	847008
6.05	0	0	847008
6.0600000000000005	0	0	847008
6.07	0	0	847008
6.08	0	0	847008
6.09	0	0	847008
6.1000000000000005	0	0	847008
6.11	0	0	847008
6.12	0	0	847008
6.13	0	0	847008
6.140000000000001	0	0	847008
6.15	0	0	847008
6.16	0	0	847008
6.17	0	0	847008
6.18	0	0	847008
6.19	0	0	847008
6.2	0	0	847008
6.21	0	0	847008
6.22	0	0	847008
6.23	0	0	847008
6.24	0	0	847008
6.25	0	0	847008
6.26	0	0	847008
6.2700000000000005	0	0	847008
6.28	0	0	847008
6.29	0	0	847008
6.3	0	0	847008
6.3100000000000005	0	0	847008
6.32	0	0	847008
6.33	0	0	847008
6.34	0	0	847008
6.3500000000000005	0	0	847008
6.36	0	0	847008
6.37	0	0	847008
6.38	0	0	847008
6.390000000000001	0	0	847008
6.4	0	0	847008
6.41	0	0	847008
6.42	0	0	847008
6.43	0	0	847008
6.44	0	0	847008
6.45	0	0	847008
6.46	0	0	847008
6.47	0	0	847008
6.48	0	0	847008
6.49	0	0	847008
6.5	0	0	847008
6.51	0	0	847008
6.5200000000000005	0	0	847008
6.53	0	0	847008
6.54	0	0	847008
6.55	0	0	847008
6.5600000000000005	0	0	847008
6.57	0	0	847008
6.58	0	0	847008
6.59	0	0	847008
6.6000000000000005	0	0	847008
6.61	0	0	847008
6.62	0	0	847008
6.63	0	0	847008
6.640000000000001	0	0	847008
6.65	0	0	847008
6.66	0	0	847008
6.67	0	0	847008
6.68	0	0	847008
6.69	0	0	847008
6.7	0	0	847008
6.71	0	0	847008
6.72	0	0	847008
6.73	0	0	847008
6.74	0	0	847008
6.75	0	0	847008
6.76	0	0	847008
6.7700000000000005	0	0	847008
6.78	0	0	847008
6.79	0	0	847008
6.8	0	0	847008
6.8100000000000005	0	0	847008
6.82	0	0	847008
6.83	0	0	847008
6.84	0	0	847008
6.8500000000000005	0	0	847008
6.86	0	0	847008
6.87	0	0	847008
6.88	0	0	847008
6.890000000000001	0	0	847008
6.9	0	0	847008
6.91	0	0	847008
6.92	0	0	847008
6.93	0	0	847008
6.94	0	0	847008
6.95	0	0	847008
6.96	0	0	847008
6.97	0	0	847008
6.98	0	0	847008
6.99	0	0	847008
7.0	0	0	847008
7.01	0	0	847008
7.0200000000000005	0	0	847008
7.03	0	0	847008
7.04	0	0	847008
7.05	0	0	847008
7.0600000000000005	0	0	847008
7.07	0	0	847008
7.08	0	0	847008
7.09	0	0	847008
7.1000000000000005	0	0	847008
7.11	0	0	847008
7.12	0	0	847008
7.13	0	0	847008
7.140000000000001	0	0	847008
7.15	0	0	847008
7.16	0	0	847008
7.17	0	0	847008
7.18	0	0	847008
7.19	0	0	847008
7.2	0	0	847008
7.21	0	0	847008
7.22	0	0	847008
7.23	0	0	847008
7.24	0	0	847008
7.25	0	0	847008
7.26	0	0	847008
7.2700000000000005	0	0	847008
7.28	0	0	847008
7.29	0	0	847008
7.3	0	0	847008
7.3100000000000005	0	0	847008
7.32	0	0	847008
7.33	0	0	847008
7.34	0	0	847008
7.3500000000000005	0	0	847008
7.36	0	0	847008
7.37	0	0	847008
7.38	0	0	847008
7.390000000000001	0	0	847008
7.4	0	0	847008
7.41	0	0	847008
7.42	0	0	847008
7.43	0	0	847008
7.44	0	0	847008
7.45	0	0	847008
7.46	0	0	847008
7.47	0	0	847008
7.48	0	0	847008
7.49	0	0	847008
7.5	0	0	847008
7.51	0	0	847008
7.5200000000000005	0	0	847008
7.53	0	0	847008
7.54	0	0	847008
7.55	0	0	847008
7.5600000000000005	0	0	847008
7.57	0	0	847008
7.58	0	0	847008
7.59	0	0	847008
7.6000000000000005	0	0	847008
7.61	0	0	847008
7.62	0	0	847008
7.63	0	0	847008
7.640000000000001	0	0	847008
7.65	0	0	847008
7.66	0	0	847008
7.67	0	0	847008
7.68	0	0	847008
7.69	0	0	847008
7.7	0	0	847008
7.71	0	0	847008
7.72	0	0	847008
7.73	0	0	847008
7.74	0	0	847008
7.75	0	0	847008
7.76	0	0	847008
7.7700000000000005	0	0	847008
7.78	0	0	847008
7.79	0	0	847008
7.8	0	0	847008
7.8100000000000005	0	0	847008
7.82	0	0	847008
7.83	0	0	847008
7.84	0	0	847008
7.8500000000000005	0	0	847008
7.86	0	0	847008
7.87	0	0	847008
7.88	0	0	847008
7.890000000000001	0	0	847008
7.9	0	0	847008
7.91	0	0	847008
7.92	0	0	847008
7.930000000000001	0	0	847008
7.94	0	0	847008
7.95	0	0	847008
7.96	0	0	847008
7.97	0	0	847008
7.98	0	0	847008
7.99	0	0	847008
8.0	0	0	847008
8.01	0	0	847008
8.02	0	0	847008
8.03	0	0	847008
8.040000000000001	0	0	847008
8.05	0	0	847008
8.06	0	0	847008
8.07	0	0	847008
8.08	0	0	847008
8.09	0	0	847008
8.1	0	0	847008
8.11	0	0	847008
8.120000000000001	0	0	847008
8.13	0	0	847008
8.14	0	0	847008
8.15	0	0	847008
8.16	0	0	847008
8.17	0	0	847008
8.18	0	0	847008
8.19	0	0	847008
8.2	0	0	847008
8.21	0	0	847008
8.22	0	0	847008
8.23	0	0	847008
8.24	0	0	847008
8.25	0	0	847008
8.26	0	0	847008
8.27	0	0	847008
8.28	0	0	847008
8.290000000000001	0	0	847008
8.3	0	0	847008
8.31	0	0	847008
8.32	0	0	847008
8.33	0	0	847008
8.34	0	0	847008
8.35	0	0	847008
8.36	0	0	847008
8.370000000000001	0	0	847008
8.38	0	0	847008
8.39	0	0	847008
8.4	0	0	847008
8.41	0	0	847008
8.42	0	0	847008
8.43	0	0	847008
8.44	0	0	847008
8.45	0	0	847008
8.46	0	0	847008
8.47	0	0	847008
8.48	0	0	847008
8.49	0	0	847008
8.5	0	0	847008
8.51	0	0	847008
8.52	0	0	847008
8.53	0	0	847008
8.540000000000001	0	0	847008
8.55	0	0	847008
8.56	0	0	847008
8.57	0	0	847008
8.58	0	0	847008
8.59	0	0	847008
8.6	0	0	847008
8.61	0	0	847008
8.620000000000001	0	0	847008
8.63	0	0	847008
8.64	0	0	847008
8.65	0	0	847008
8.66	0	0	847008
8.67	0	0	847008
8.68	0	0	847008
8.69	0	0	847008
8.700000000000001	0	0	847008
8.71	0	0	847008
8.72	0	0	847008
8.73	0	0	847008
8.74	0	0	847008
8.75	0	0	847008
8.76	0	0	847008
8.77	0	0	847008
8.78	0	0	847008
8.790000000000001	0	0	847008
8.8	0	0	847008
8.81	0	0	847008
8.82	0	0	847008
8.83	0	0	847008
8.84	0	0	847008
8.85	0	0	847008
8.86	0	0	847008
8.870000000000001	0	0	847008
8.88	0	0	847008
8.89	0	0	847008
8.9	0	0	847008
8.91	0	0	847008
8.92	0	0	847008
8.93	0	0	847008
8.94	0	0	847008
8.950000000000001	0	0	847008
8.96	0	0	847008
8.97	0	0	847008
8.98	0	0	847008
8.99	0	0	847008
9.0	0	0	847008
9.01	0	0	847008
9.02	0	0	847008
9.03	0	0	847008
9.040000000000001	0	0	847008
9.05	0	0	847008
9.06	0	0	847008
9.07	0	0	847008
9.08	0	0	847008
9.09	0	0	847008
9.1	0	0	847008
9.11	0	0	847008
9.120000000000001	0	0	847008
9.13	0	0	847008
9.14	0	0	847008
9.15	0	0	847008
9.16	0	0	847008
9.17	0	0	847008
9.18	0	0	847008
9.19	0	0	847008
9.200000000000001	0	0	847008
9.21	0	0	847008
9.22	0	0	847008
9.23	0	0	847008
9.24	0	0	847008
9.25	0	0	847008
9.26	0	0	847008
9.27	0	0	847008
9.28	0	0	847008
9.290000000000001	0	0	847008
9.3	0	0	847008
9.31	0	0	847008
9.32	0	0	847008
9.33	0	0	847008
9.34	0	0	847008
9.35	0	0	847008
9.36	0	0	847008
9.370000000000001	0	0	847008
9.38	0	0	847008
9.39	0	0	847008
9.4	0	0	847008
9.41	0	0	847008
9.42	0	0	847008
9.43	0	0	847008
9.44	0	0	847008
9.450000000000001	0	0	847008
9.46	0	0	847008
9.47	0	0	847008
9.48	0	0	847008
9.49	0	0	847008
9.5	0	0	847008
9.51	0	0	847008
9.52	0	0	847008
9.53	0	0	847008
9.540000000000001	0	0	847008
9.55	0	0	847008
9.56	0	0	847008
9.57	0	0	847008
9.58	0	0	847008
9.59	0	0	847008
9.6	0	0	847008
9.61	0	0	847008
9.620000000000001	0	0	847008
9.63	0	0	847008
9.64	0	0	847008
9.65	0	0	847008
9.66	0	0	847008
9.67	0	0	847008
9.68	0	0	847008
9.69	0	0	847008
9.700000000000001	0	0	847008
9.71	0	0	847008
9.72	0	0	847008
9.73	0	0	847008
9.74	0	0	847008
9.75	0	0	847008
9.76	0	0	847008
9.77	0	0	847008
9.78	0	0	847008
9.790000000000001	0	0	847008
9.8	0	0	847008
9.81	0	0	847008
9.82	0	0	847008
9.83	0	0	847008
9.84	0	0	847008
9.85	0	0	847008
9.86	0	0	847008
9.870000000000001	0	0	847008
9.88	0	0	847008
9.89	0	0	847008
9.9	0	0	847008
9.91	0	0	847008
9.92	0	0	847008
9.93	0	0	847008
9.94	0	0	847008
9.950000000000001	0	0	847008
9.96	0	0	847008
9.97	0	0	847008
9.98	0	0	847008
9.99	0	0	847008
10.0	0	0	847008
10.01	0	0	847008
10.02	0	0	847008
10.03	0	0	847008
10.040000000000001	0	0	847008
10.05	0	0	847008
10.06	0	0	847008
10.07	0	0	847008
10.08	0	0	847008
10.09	0	0	847008
10.1	0	0	847008
10.11	0	0	847008
10.120000000000001	0	0	847008
10.13	0	0	847008
10.14	0	0	847008
10.15	0	0	847008
10.16	0	0	847008
10.17	0	0	847008
10.18	0	0	847008
10.19	0	0	847008
10.200000000000001	0	0	847008
10.21	0	0	847008
10.22	0	0	847008
10.23	0	0	847008
10.24	0	0	847008
10.25	0	0	847008
10.26	0	0	847008
10.27	0	0	847008
10.28	0	0	847008
10.290000000000001	0	0	847008
10.3	0	0	847008
10.31	0	0	847008
10.32	0	0	847008
10.33	0	0	847008
10.34	0	0	847008
10.35	0	0	847008
10.36	0	0	847008
10.370000000000001	0	0	847008
10.38	0	0	847008
10.39	0	0	847008
10.4	0	0	847008
10.41	0	0	847008
10.42	0	0	847008
10.43	0	0	847008
10.44	0	0	847008
10.450000000000001	0	0	847008
10.46	0	0	847008
10.47	0	0	847008
10.48	0	0	847008
10.49	0	0	847008
10.5	0	0	847008
10.51	0	0	847008
10.52	0	0	847008
10.53	0	0	847008
10.540000000000001	0	0	847008
10.55	0	0	847008
10.56	0	0	847008
10.57	0	0	847008
10.58	0	0	847008
10.59	0	0	847008
10.6	0	0	847008
10.61	0	0	847008
10.620000000000001	0	0	847008
10.63	0	0	847008
10.64	0	0	847008
10.65	0	0	847008
10.66	0	0	847008
10.67	0	0	847008
10.68	0	0	847008
10.69	0	0	847008
10.700000000000001	0	0	847008
10.71	0	0	847008
10.72	0	0	847008
10.73	0	0	847008
10.74	0	0	847008
10.75	0	0	847008
10.76	0	0	847008
10.77	0	0	847008
10.78	0	0	847008
10.790000000000001	0	0	847008
10.8	0	0	847008
10.81	0	0	847008
10.82	0	0	847008
10.83	0	0	847008
10.84	0	0	847008
10.85	0	0	847008
10.86	0	0	847008
10.870000000000001	0	0	847008
10.88	0	0	847008
10.89	0	0	847008
10.9	0	0	847008
10.91	0	0	847008
10.92	0	0	847008
10.93	0	0	847008
10.94	0	0	847008
10.950000000000001	0	0	847008
10.96	0	0	847008
10.97	0	0	847008
10.98	0	0	847008
10.99	0	0	847008
11.0	0	0	847008
11.01	0	0	847008
11.02	0	0	847008
11.03	0	0	847008
11.040000000000001	0	0	847008
11.05	0	0	847008
11.06	0	0	847008
11.07	0	0	847008
11.08	0	0	847008
11.09	0	0	847008
11.1	0	0	847008
11.11	0	0	847008
11.120000000000001	0	0	847008
11.13	0	0	847008
11.14	0	0	847008
11.15	0	0	847008
11.16	0	0	847008
11.17	0	0	847008
11.18	0	0	847008
11.19	0	0	847008
11.200000000000001	0	0	847008
11.21	0	0	847008
11.22	0	0	847008
11.23	0	0	847008
11.24	0	0	847008
11.25	0	0	847008
11.26	0	0	847008
11.27	0	0	847008
11.28	0	0	847008
11.290000000000001	0	0	847008
11.3	0	0	847008
11.31	0	0	847008
11.32	0	0	847008
11.33	0	0	847008
11.34	0	0	847008
11.35	0	0	847008
11.36	0	0	847008
11.370000000000001	0	0	847008
11.38	0	0	847008
11.39	0	0	847008
11.4	0	0	847008
11.41	0	0	847008
11.42	0	0	847008
11.43	0	0	847008
11.44	0	0	847008
11.450000000000001	0	0	847008
11.46	0	0	847008
11.47	0	0	847008
11.48	0	0	847008
11.49	0	0	847008
11.5	0	0	847008
11.51	0	0	847008
11.52	0	0	847008
11.53	0	0	847008
11.540000000000001	0	0	847008
11.55	0	0	847008
11.56	0	0	847008
11.57	0	0	847008
11.58	0	0	847008
11.59	0	0	847008
11.6	0	0	847008
11.61	0	0	847008
11.620000000000001	0	0	847008
11.63	0	0	847008
11.64	0	0	847008
11.65	0	0	847008
11.66	0	0	847008
11.67	0	0	847008
11.68	0	0	847008
11.69	0	0	847008
11.700000000000001	0	0	847008
11.71	0	0	847008
11.72	0	0	847008
11.73	0	0	847008
11.74	0	0	847008
11.75	0	0	847008
11.76	0	0	847008
11.77	0	0	847008
11.78	0	0	847008
11.790000000000001	0	0	847008
11.8	0	0	847008
11.81	0	0	847008
11.82	0	0	847008
11.83	0	0	847008
11.84	0	0	847008
11.85	0	0	847008
11.86	0	0	847008
11.870000000000001	0	0	847008
11.88	0	0	847008
11.89	0	0	847008
11.9	0	0	847008
11.91	0	0	847008
11.92	0	0	847008
11.93	0	0	847008
11.94	0	0	847008
11.950000000000001	0	0	847008
11.96	0	0	847008
11.97	0	0	847008
11.98	0	0	847008
11.99	0	0	847008
12.0	0	0	847008
12.01	0	0	847008
12.02	0	0	847008
12.030000000000001	0	0	847008
12.040000000000001	0	0	847008
12.05	0	0	847008
12.06	0	0	847008
12.07	0	0	847008
12.08	0	0	847008
12.09	0	0	847008
12.1	0	0	847008
12.11	0	0	847008
12.120000000000001	0	0	847008
12.13	0	0	847008
12.14	0	0	847008
12.15	0	0	847008
12.16	0	0	847008
12.17	0	0	847008
12.18	0	0	847008
12.19	0	0	847008
12.200000000000001	0	0	847008
12.21	0	0	847008
12.22	0	0	847008
12.23	0	0	847008
12.24	0	0	847008
12.25	0	0	847008
12.26	0	0	847008
12.27	0	0	847008
12.280000000000001	0	0	847008
12.290000000000001	0	0	847008
12.3	0	0	847008
12.31	0	0	847008
12.32	0	0	847008
12.33	0	0	847008
12.34	0	0	847008
12.35	0	0	847008
12.36	0	0	847008
12.370000000000001	0	0	847008
12.38	0	0	847008
12.39	0	0	847008
12.4	0	0	847008
12.41	0	0	847008
12.42	0	0	847008
12.43	0	0	847008
12.44	0	0	847008
12.450000000000001	0	0	847008
12.46	0	0	847008
12.47	0	0	847008
12.48	0	0	847008
12.49	0	0	847008
12.5	0	0	847008
12.51	0	0	847008
12.52	0	0	847008
12.530000000000001	0	0	847008
12.540000000000001	0	0	847008
12.55	0	0	847008
12.56	0	0	847008
12.57	0	0	847008
12.58	0	0	847008
12.59	0	0	847008
12.6	0	0	847008
12.61	0	0	847008
12.620000000000001	0	0	847008
12.63	0	0	847008
12.64	0	0	847008
12.65	0	0	847008
12.66	0	0	847008
12.67	0	0	847008
12.68	0	0	847008
12.69	0	0	847008
12.700000000000001	0	0	847008
12.71	0	0	847008
12.72	0	0	847008
12.73	0	0	847008
12.74	0	0	847008
12.75	0	0	847008
12.76	0	0	847008
12.77	0	0	847008
12.780000000000001	0	0	847008
12.790000000000001	0	0	847008
12.8	0	0	847008
12.81	0	0	847008
12.82	0	0	847008
12.83	0	0	847008
12.84	0	0	847008
12.85	0	0	847008
12.86	0	0	847008
12.870000000000001	0	0	847008
12.88	0	0	847008
12.89	0	0	847008
12.9	0	0	847008
12.91	0	0	847008
12.92	0	0	847008
12.93	0	0	847008
12.94	0	0	847008
12.950000000000001	0	0	847008
12.96	0	0	847008
12.97	0	0	847008
12.98	0	0	847008
12.99	0	0	847008
13.0	0	0	847008
13.01	0	0	847008
13.02	0	0	847008
13.030000000000001	0	0	847008
13.040000000000001	0	0	847008
13.05	0	0	847008
13.06	0	0	847008
13.07	0	0	847008
13.08	0	0	847008
13.09	0	0	847008
13.1	0	0	847008
13.11	0	0	847008
13.120000000000001	0	0	847008
13.13	0	0	847008
13.14	0	0	847008
13.15	0	0	847008
13.16	0	0	847008
13.17	0	0	847008
13.18	0	0	847008
13.19	0	0	847008
13.200000000000001	0	0	847008
13.21	0	0	847008
13.22	0	0	847008
13.23	0	0	847008
13.24	0	0	847008
13.25	0	0	847008
13.26	0	0	847008
13.27	0	0	847008
13.280000000000001	0	0	847008
13.290000000000001	0	0	847008
13.3	0	0	847008
13.31	0	0	847008
13.32	0	0	847008
13.33	0	0	847008
13.34	0	0	847008
13.35	0	0	847008
13.36	0	0	847008
13.370000000000001	0	0	847008
13.38	0	0	847008
13.39	0	0	847008
13.4	0	0	847008
13.41	0	0	847008
13.42	0	0	847008
13.43	0	0	847008
13.44	0	0	847008
13.450000000000001	0	0	847008
13.46	0	0	847008
13.47	0	0	847008
13.48	0	0	847008
13.49	0	0	847008
13.5	0	0	847008
13.51	0	0	847008
13.52	0	0	847008
13.530000000000001	0	0	847008
13.540000000000001	0	0	847008
13.55	0	0	847008
13.56	0	0	847008
13.57	0	0	847008
13.58	0	0	847008
13.59	0	0	847008
13.6	0	0	847008
13.61	0	0	847008
13.620000000000001	0	0	847008
13.63	0	0	847008
13.64	0	0	847008
13.65	0	0	847008
13.66	0	0	847008
13.67	0	0	847008
13.68	0	0	847008
13.69	0	0	847008
13.700000000000001	0	0	847008
13.71	0	0	847008
13.72	0	0	847008
13.73	0	0	847008
13.74	0	0	847008
13.75	0	0	847008
13.76	0	0	847008
13.77	0	0	847008
13.780000000000001	0	0	847008
13.790000000000001	0	0	847008
13.8	0	0	847008
13.81	0	0	847008
13.82	0	0	847008
13.83	0	0	847008
13.84	0	0	847008
13.85	0	0	847008
13.86	0	0	847008
13.870000000000001	0	0	847008
13.88	0	0	847008
13.89	0	0	847008
13.9	0	0	847008
13.91	0	0	847008
13.92	0	0	847008
13.93	0	0	847008
13.94	0	0	847008
13.950000000000001	0	0	847008
13.96	0	0	847008
13.97	0	0	847008
13.98	0	0	847008
13.99	0	0	847008
14.0	0	0	847008
14.01	0	0	847008
14.02	0	0	847008
14.030000000000001	0	0	847008
14.040000000000001	0	0	847008
14.05	0	0	847008
14.06	0	0	847008
14.07	0	0	847008
14.08	0	0	847008
14.09	0	0	847008
14.1	0	0	847008
14.11	0	0	847008
14.120000000000001	0	0	847008
14.13	0	0	847008
14.14	0	0	847008
14.15	0	0	847008
14.16	0	0	847008
14.17	0	0	847008
14.18	0	0	847008
14.19	0	0	847008
14.200000000000001	0	0	847008
14.21	0	0	847008
14.22	0	0	847008
14.23	0	0	847008
14.24	0	0	847008
14.25	0	0	847008
14.26	0	0	847008
14.27	0	0	847008
14.280000000000001	0	0	847008
14.290000000000001	0	0	847008
14.3	0	0	847008
14.31	0	0	847008
14.32	0	0	847008
14.33	0	0	847008
14.34	0	0	847008
14.35	0	0	847008
14.36	0	0	847008
14.370000000000001	0	0	847008
14.38	0	0	847008
14.39	0	0	847008
14.4	0	0	847008
14.41	0	0	847008
14.42	0	0	847008
14.43	0	0	847008
14.44	0	0	847008
14.450000000000001	0	0	847008
14.46	0	0	847008
14.47	0	0	847008
14.48	0	0	847008
14.49	0	0	847008
14.5	0	0	847008
14.51	0	0	847008
14.52	0	0	847008
14.530000000000001	0	0	847008
14.540000000000001	0	0	847008
14.55	0	0	847008
14.56	0	0	847008
14.57	0	0	847008
14.58	0	0	847008
14.59	0	0	847008
14.6	0	0	847008
14.61	0	0	847008
14.620000000000001	0	0	847008
14.63	0	0	847008
14.64	0	0	847008
14.65	0	0	847008
14.66	0	0	847008
14.67	0	0	847008
14.68	0	0	847008
14.69	0	0	847008
14.700000000000001	0	0	847008
14.71	0	0	847008
14.72	0	0	847008
14.73	0	0	847008
14.74	0	0	847008
14.75	0	0	847008
14.76	0	0	847008
14.77	0	0	847008
14.780000000000001	0	0	847008
14.790000000000001	0	0	847008
14.8	0	0	847008
14.81	0	0	847008
14.82	0	0	847008
14.83	0	0	847008
14.84	0	0	847008
14.85	0	0	847008
14.86	0	0	847008
14.870000000000001	0	0	847008
14.88	0	0	847008
14.89	0	0	847008
14.9	0	0	847008
14.91	0	0	847008
14.92	0	0	847008
14.93	0	0	847008
14.94	0	0	847008
14.950000000000001	0	0	847008
14.96	0	0	847008
14.97	0	0	847008
14.98	0	0	847008
14.99	0	0	847008
15.0	0	0	847008
15.01	0	0	847008
15.02	0	0	847008
15.030000000000001	0	0	847008
15.040000000000001	0	0	847008
15.05	0	0	847008
15.06	0	0	847008
15.07	0	0	847008
15.08	0	0	847008
15.09	0	0	847008
15.1	0	0	847008
15.11	0	0	847008
15.120000000000001	0	0	847008
15.13	0	0	847008
15.14	0	0	847008
15.15	0	0	847008
15.16	0	0	847008
15.17	0	0	847008
15.18	0	0	847008
15.19	0	0	847008
15.200000000000001	0	0	847008
15.21	0	0	847008
15.22	0	0	847008
15.23	0	0	847008
15.24	0	0	847008
15.25	0	0	847008
15.26	0	0	847008
15.27	0	0	847008
15.280000000000001	0	0	847008
15.290000000000001	0	0	847008
15.3	0	0	847008
15.31	0	0	847008
15.32	0	0	847008
15.33	0	0	847008
15.34	0	0	847008
15.35	0	0	847008
15.36	0	0	847008
15.370000000000001	0	0	847008
15.38	0	0	847008
15.39	0	0	847008
15.4	0	0	847008
15.41	0	0	847008
15.42	0	0	847008
15.43	0	0	847008
15.44	0	0	847008
15.450000000000001	0	0	847008
15.46	0	0	847008
15.47	0	0	847008
15.48	0	0	847008
15.49	0	0	847008
15.5	0	0	847008
15.51	0	0	847008
15.52	0	0	847008
15.530000000000001	0	0	847008
15.540000000000001	0	0	847008
15.55	0	0	847008
15.56	0	0	847008
15.57	0	0	847008
15.58	0	0	847008
15.59	0	0	847008
15.6	0	0	847008
15.610000000000001	0	0	847008
15.620000000000001	0	0	847008
15.63	0	0	847008
15.64	0	0	847008
15.65	0	0	847008
15.66	0	0	847008
15.67	0	0	847008
15.68	0	0	847008
15.69	0	0	847008
15.700000000000001	0	0	847008
15.71	0	0	847008
15.72	0	0	847008
15.73	0	0	847008
15.74	0	0	847008
15.75	0	0	847008
15.76	0	0	847008
15.77	0	0	847008
15.780000000000001	0	0	847008
15.790000000000001	0	0	847008
15.8	0	0	847008
15.81	0	0	847008
15.82	0	0	847008
15.83	0	0	847008
15.84	0	0	847008
15.85	0	0	847008
15.860000000000001	0	0	847008
15.870000000000001	0	0	847008
15.88	0	0	847008
15.89	0	0	847008
15.9	0	0	847008
15.91	0	0	847008
15.92	0	0	847008
15.93	0	0	847008
15.94	0	0	847008
15.950000000000001	0	0	847008
15.96	0	0	847008
15.97	0	0	847008
15.98	0	0	847008
15.99	0	0	847008
16.0	0	0	847008
16.01	0	0	847008
16.02	0	0	847008
16.03	0	0	847008
16.04	0	0	847008
16.05	0	0	847008
16.06	0	0	847008
16.07	0	0	847008
16.080000000000002	0	0	847008
16.09	0	0	847008
16.1	0	0	847008
16.11	0	0	847008
16.12	0	0	847008
16.13	0	0	847008
16.14	0	0	847008
16.15	0	0	847008
16.16	0	0	847008
16.17	0	0	847008
16.18	0	0	847008
16.19	0	0	847008
16.2	0	0	847008
16.21	0	0	847008
16.22	0	0	847008
16.23	0	0	847008
16.240000000000002	0	0	847008
16.25	0	0	847008
16.26	0	0	847008
16.27	0	0	847008
16.28	0	0	847008
16.29	0	0	847008
16.3	0	0	847008
16.31	0	0	847008
16.32	0	0	847008
16.330000000000002	0	0	847008
16.34	0	0	847008
16.35	0	0	847008
16.36	0	0	847008
16.37	0	0	847008
16.38	0	0	847008
16.39	0	0	847008
16.4	0	0	847008
16.41	0	0	847008
16.42	0	0	847008
16.43	0	0	847008
16.44	0	0	847008
16.45	0	0	847008
16.46	0	0	847008
16.47	0	0	847008
16.48	0	0	847008
16.490000000000002	0	0	847008
16.5	0	0	847008
16.51	0	0	847008
16.52	0	0	847008
16.53	0	0	847008
16.54	0	0	847008
16.55	0	0	847008
16.56	0	0	847008
16.57	0	0	847008
16.580000000000002	0	0	847008
16.59	0	0	847008
16.6	0	0	847008
16.61	0	0	847008
16.62	0	0	847008
16.63	0	0	847008
16.64	0	0	847008
16.65	0	0	847008
16.66	0	0	847008
16.67	0	0	847008
16.68	0	0	847008
16.69	0	0	847008
16.7	0	0	847008
16.71	0	0	847008
16.72	0	0	847008
16.73	0	0	847008
16.740000000000002	0	0	847008
16.75	0	0	847008
16.76	0	0	847008
16.77	0	0	847008
16.78	0	0	847008
16.79	0	0	847008
16.8	0	0	847008
16.81	0	0	847008
16.82	0	0	847008
16.830000000000002	0	0	847008
16.84	0	0	847008
16.85	0	0	847008
16.86	0	0	847008
16.87	0	0	847008
16.88	0	0	847008
16.89	0	0	847008
16.9	0	0	847008
16.91	0	0	847008
16.92	0	0	847008
16.93	0	0	847008
16.94	0	0	847008
16.95	0	0	847008
16.96	0	0	847008
16.97	0	0	847008
16.98	0	0	847008
16.990000000000002	0	0	847008
17.0	0	0	847008
17.01	0	0	847008
17.02	0	0	847008
17.03	0	0	847008
17.04	0	0	847008
17.05	0	0	847008
17.06	0	0	847008
17.07	0	0	847008
17.080000000000002	0	0	847008
17.09	0	0	847008
17.1	0	0	847008
17.11	0	0	847008
17.12	0	0	847008
17.13	0	0	847008
17.14	0	0	847008
17.150000000000002	0	0	847008
17.16	0	0	847008
17.17	0	0	847008
17.18	0	0	847008
17.19	0	0	847008
17.2	0	0	847008
17.21	0	0	847008
17.22	0	0	847008
17.23	0	0	847008
17.240000000000002	0	0	847008
17.25	0	0	847008
17.26	0	0	847008
17.27	0	0	847008
17.28	0	0	847008
17.29	0	0	847008
17.3	0	0	847008
17.31	0	0	847008
17.32	0	0	847008
17.330000000000002	0	0	847008
17.34	0	0	847008
17.35	0	0	847008
17.36	0	0	847008
17.37	0	0	847008
17.38	0	0	847008
17.39	0	0	847008
17.400000000000002	0	0	847008
17.41	0	0	847008
17.42	0	0	847008
17.43	0	0	847008
17.44	0	0	847008
17.45	0	0	847008
17.46	0	0	847008
17.47	0	0	847008
17.48	0	0	847008
17.490000000000002	0	0	847008
17.5	0	0	847008
17.51	0	0	847008
17.52	0	0	847008
17.53	0	0	847008
17.54	0	0	847008
17.55	0	0	847008
17.56	0	0	847008
17.57	0	0	847008
17.580000000000002	0	0	847008
17.59	0	0	847008
17.6	0	0	847008
17.61	0	0	847008
17.62	0	0	847008
17.63	0	0	847008
17.64	0	0	847008
17.650000000000002	0	0	847008
17.66	0	0	847008
17.67	0	0	847008
17.68	0	0	847008
17.69	0	0	847008
17.7	0	0	847008
17.71	0	0	847008
17.72	0	0	847008
17.73	0	0	847008
17.740000000000002	0	0	847008
17.75	0	0	847008
17.76	0	0	847008
17.77	0	0	847008
17.78	0	0	847008
17.79	0	0	847008
17.8	0	0	847008
17.81	0	0	847008
17.82	0	0	847008
17.830000000000002	0	0	847008
17.84	0	0	847008
17.85	0	0	847008
17.86	0	0	847008
17.87	0	0	847008
17.88	0	0	847008
17.89	0	0	847008
17.900000000000002	0	0	847008
17.91	0	0	847008
17.92	0	0	847008
17.93	0	0	847008
17.94	0	0	847008
17.95	0	0	847008
17.96	0	0	847008
17.97	0	0	847008
17.98	0	0	847008
17.990000000000002	0	0	847008
18.0	0	0	847008
18.01	0	0	847008
18.02	0	0	847008
18.03	0	0	847008
18.04	0	0	847008
18.05	0	0	847008
18.06	0	0	847008
18.07	0	0	847008
18.080000000000002	0	0	847008
18.09	0	0	847008
18.1	0	0	847008
18.11	0	0	847008
18.12	0	0	847008
18.13	0	0	847008
18.14	0	0	847008
18.150000000000002	0	0	847008
18.16	0	0	847008
18.17	0	0	847008
18.18	0	0	847008
18.19	0	0	847008
18.2	0	0	847008
18.21	0	0	847008
18.22	0	0	847008
18.23	0	0	847008
18.240000000000002	0	0	847008
18.25	0	0	847008
18.26	0	0	847008
18.27	0	0	847008
18.28	0	0	847008
18.29	0	0	847008
18.3	0	0	847008
18.31	0	0	847008
18.32	0	0	847008
18.330000000000002	0	0	847008
18.34	0	0	847008
18.35	0	0	847008
18.36	0	0	847008
18.37	0	0	847008
18.38	0	0	847008
18.39	0	0	847008
18.400000000000002	0	0	847008
18.41	0	0	847008
18.42	0	0	847008
18.43	0	0	847008
18.44	0	0	847008
18.45	0	0	847008
18.46	0	0	847008
18.47	0	0	847008
18.48	0	0	847008
18.490000000000002	0	0	847008
18.5	0	0	847008
18.51	0	0	847008
18.52	0	0	847008
18.53	0	0	847008
18.54	0	0	847008
18.55	0	0	847008
18.56	0	0	847008
18.57	0	0	847008
18.580000000000002	0	0	847008
18.59	0	0	847008
18.6	0	0	847008
18.61	0	0	847008
18.62	0	0	847008
18.63	0	0	847008
18.64	0	0	847008
18.650000000000002	0	0	847008
18.66	0	0	847008
18.67	0	0	847008
18.68	0	0	847008
18.69	0	0	847008
18.7	0	0	847008
18.71	0	0	847008
18.72	0	0	847008
18.73	0	0	847008
18.740000000000002	0	0	847008
18.75	0	0	847008
18.76	0	0	847008
18.77	0	0	847008
18.78	0	0	847008
18.79	0	0	847008
18.8	0	0	847008
18.81	0	0	847008
18.82	0	0	847008
18.830000000000002	0	0	847008
18.84	0	0	847008
18.85	0	0	847008
18.86	0	0	847008
18.87	0	0	847008
18.88	0	0	847008
18.89	0	0	847008
18.900000000000002	0	0	847008
18.91	0	0	847008
18.92	0	0	847008
18.93	0	0	847008
18.94	0	0	847008
18.95	0	0	847008
18.96	0	0	847008
18.97	0	0	847008
18.98	0	0	847008
18.990000000000002	0	0	847008
19.0	0	0	847008
19.01	0	0	847008
19.02	0	0	847008
19.03	0	0	847008
19.04	0	0	847008
19.05	0	0	847008
19.06	0	0	847008
19.07	0	0	847008
19.080000000000002	0	0	847008
19.09	0	0	847008
19.1	0	0	847008
19.11	0	0	847008
19.12	0	0	847008
19.13	0	0	847008
19.14	0	0	847008
19.150000000000002	0	0	847008
19.16	0	0	847008
19.17	0	0	847008
19.18	0	0	847008
19.19	0	0	847008
19.2	0	0	847008
19.21	0	0	847008
19.22	0	0	847008
19.23	0	0	847008
19.240000000000002	0	0	847008
19.25	0	0	847008
19.26	0	0	847008
19.27	0	0	847008
19.28	0	0	847008
19.29	0	0	847008
19.3	0	0	847008
19.31	0	0	847008
19.32	0	0	847008
19.330000000000002	0	0	847008
19.34	0	0	847008
19.35	0	0	847008
19.36	0	0	847008
19.37	0	0	847008
19.38	0	0	847008
19.39	0	0	847008
19.400000000000002	0	0	847008
19.41	0	0	847008
19.42	0	0	847008
19.43	0	0	847008
19.44	0	0	847008
19.45	0	0	847008
19.46	0	0	847008
19.47	0	0	847008
19.48	0	0	847008
19.490000000000002	0	0	847008
19.5	0	0	847008
19.51	0	0	847008
19.52	0	0	847008
19.53	0	0	847008
19.54	0	0	847008
19.55	0	0	847008
19.56	0	0	847008
19.57	0	0	847008
19.580000000000002	0	0	847008
19.59	0	0	847008
19.6	0	0	847008
19.61	0	0	847008
19.62	0	0	847008
19.63	0	0	847008
19.64	0	0	847008
19.650000000000002	0	0	847008
19.66	0	0	847008
19.67	0	0	847008
19.68	0	0	847008
19.69	0	0	847008
19.7	0	0	847008
19.71	0	0	847008
19.72	0	0	847008
19.73	0	0	847008
19.740000000000002	0	0	847008
19.75	0	0	847008
19.76	0	0	847008
19.77	0	0	847008
19.78	0	0	847008
19.79	0	0	847008
19.8	0	0	847008
19.81	0	0	847008
19.82	0	0	847008
19.830000000000002	0	0	847008
19.84	0	0	847008
19.85	0	0	847008
19.86	0	0	847008
19.87	0	0	847008
19.88	0	0	847008
19.89	0	0	847008
19.900000000000002	0	0	847008
19.91	0	0	847008
19.92	0	0	847008
19.93	0	0	847008
19.94	0	0	847008
19.95	0	0	847008
19.96	0	0	847008
19.97	0	0	847008
19.98	0	0	847008
19.990000000000002	0	0	847008
20.0	0	0	847008
20.01	0	0	847008
20.02	0	0	847008
20.03	0	0	847008
20.04	0	0	847008
20.05	0	0	847008
20.06	0	0	847008
20.07	0	0	847008
20.080000000000002	0	0	847008
20.09	0	0	847008
20.1	0	0	847008
20.11	0	0	847008
20.12	0	0	847008
20.13	0	0	847008
20.14	0	0	847008
20.150000000000002	0	0	847008
20.16	0	0	847008
20.17	0	0	847008
20.18	0	0	847008
20.19	0	0	847008
20.2	0	0	847008
20.21	0	0	847008
20.22	0	0	847008
20.23	0	0	847008
20.240000000000002	0	0	847008
20.25	0	0	847008
20.26	0	0	847008
20.27	0	0	847008
20.28	0	0	847008
20.29	0	0	847008
20.3	0	0	847008
20.31	0	0	847008
20.32	0	0	847008
20.330000000000002	0	0	847008
20.34	0	0	847008
20.35	0	0	847008
20.36	0	0	847008
20.37	0	0	847008
20.38	0	0	847008
20.39	0	0	847008
20.400000000000002	0	0	847008
20.41	0	0	847008
20.42	0	0	847008
20.43	0	0	847008
20.44	0	0	847008
20.45	0	0	847008
20.46	0	0	847008
20.47	0	0	847008
20.48	0	0	847008
20.490000000000002	0	0	847008
20.5	0	0	847008
20.51	0	0	847008
20.52	0	0	847008
20.53	0	0	847008
20.54	0	0	847008
20.55	0	0	847008
20.56	0	0	847008
20.57	0	0	847008
20.580000000000002	0	0	847008
20.59	0	0	847008
20.6	0	0	847008
20.61	0	0	847008
20.62	0	0	847008
20.63	0	0	847008
20.64	0	0	847008
20.650000000000002	0	0	847008
20.66	0	0	847008
20.67	0	0	847008
20.68	0	0	847008
20.69	0	0	847008
20.7	0	0	847008
20.71	0	0	847008
20.72	0	0	847008
20.73	0	0	847008
20.740000000000002	0	0	847008
20.75	0	0	847008
20.76	0	0	847008
20.77	0	0	847008
20.78	0	0	847008
20.79	0	0	847008
20.8	0	0	847008
20.81	0	0	847008
20.82	0	0	847008
20.830000000000002	0	0	847008
20.84	0	0	847008
20.85	0	0	847008
20.86	0	0	847008
20.87	0	0	847008
20.88	0	0	847008
20.89	0	0	847008
20.900000000000002	0	0	847008
20.91	0	0	847008
20.92	0	0	847008
20.93	0	0	847008
20.94	0	0	847008
20.95	0	0	847008
20.96	0	0	847008
20.97	0	0	847008
20.98	0	0	847008
20.990000000000002	0	0	847008
21.0	0	0	847008
21.01	0	0	847008
21.02	0	0	847008
21.03	0	0	847008
21.04	0	0	847008
21.05	0	0	847008
21.06	0	0	847008
21.07	0	0	847008
21.080000000000002	0	0	847008
21.09	0	0	847008
21.1	0	0	847008
21.11	0	0	847008
21.12	0	0	847008
21.13	0	0	847008
21.14	0	0	847008
21.150000000000002	0	0	847008
21.16	0	0	847008
21.17	0	0	847008
21.18	0	0	847008
21.19	0	0	847008
21.2	0	0	847008
21.21	0	0	847008
21.22	0	0	847008
21.23	0	0	847008
21.240000000000002	0	0	847008
21.25	0	0	847008
21.26	0	0	847008
21.27	0	0	847008
21.28	0	0	847008
21.29	0	0	847008
21.3	0	0	847008
21.31	0	0	847008
21.32	0	0	847008
21.330000000000002	0	0	847008
21.34	0	0	847008
21.35	0	0	847008
21.36	0	0	847008
21.37	0	0	847008
21.38	0	0	847008
21.39	0	0	847008
21.400000000000002	0	0	847008
21.41	0	0	847008
21.42	0	0	847008
21.43	0	0	847008
21.44	0	0	847008
21.45	0	0	847008
21.46	0	0	847008
21.47	0	0	847008
21.48	0	0	847008
21.490000000000002	0	0	847008
21.5	0	0	847008
21.51	0	0	847008
21.52	0	0	847008
21.53	0	0	847008
21.54	0	0	847008
21.55	0	0	847008
21.56	0	0	847008
21.57	0	0	847008
21.580000000000002	0	0	847008
21.59	0	0	847008
21.6	0	0	847008
21.61	0	0	847008
21.62	0	0	847008
21.63	0	0	847008
21.64	0	0	847008
21.650000000000002	0	0	847008
21.66	0	0	847008
21.67	0	0	847008
21.68	0	0	847008
21.69	0	0	847008
21.7	0	0	847008
21.71	0	0	847008
21.72	0	0	847008
21.73	0	0	847008
21.740000000000002	0	0	847008
21.75	0	0	847008
21.76	0	0	847008
21.77	0	0	847008
21.78	0	0	847008
21.79	0	0	847008
21.8	0	0	847008
21.81	0	0	847008
21.82	0	0	847008
21.830000000000002	0	0	847008
21.84	0	0	847008
21.85	0	0	847008
21.86	0	0	847008
21.87	0	0	847008
21.88	0	0	847008
21.89	0	0	847008
21.900000000000002	0	0	847008
21.91	0	0	847008
21.92	0	0	847008
21.93	0	0	847008
21.94	0	0	847008
21.95	0	0	847008
21.96	0	0	847008
21.97	0	0	847008
21.98	0	0	847008
21.990000000000002	0	0	847008
22.0	0	0	847008
22.01	0	0	847008
22.02	0	0	847008
22.03	0	0	847008
22.04	0	0	847008
22.05	0	0	847008
22.06	0	0	847008
22.07	0	0	847008
22.080000000000002	0	0	847008
22.09	0	0	847008
22.1	0	0	847008
22.11	0	0	847008
22.12	0	0	847008
22.13	0	0	847008
22.14	0	0	847008
22.150000000000002	0	0	847008
22.16	0	0	847008
22.17	0	0	847008
22.18	0	0	847008
22.19	0	0	847008
22.2	0	0	847008
22.21	0	0	847008
22.22	0	0	847008
22.23	0	0	847008
22.240000000000002	0	0	847008
22.25	0	0	847008
22.26	0	0	847008
22.27	0	0	847008
22.28	0	0	847008
22.29	0	0	847008
22.3	0	0	847008
22.31	0	0	847008
22.32	0	0	847008
22.330000000000002	0	0	847008
22.34	0	0	847008
22.35	0	0	847008
22.36	0	0	847008
22.37	0	0	847008
22.38	0	0	847008
22.39	0	0	847008
22.400000000000002	0	0	847008
22.41	0	0	847008
22.42	0	0	847008
22.43	0	0	847008
22.44	0	0	847008
22.45	0	0	847008
22.46	0	0	847008
22.47	0	0	847008
22.48	0	0	847008
22.490000000000002	0	0	847008
22.5	0	0	847008
22.51	0	0	847008
22.52	0	0	847008
22.53	0	0	847008
22.54	0	0	847008
22.55	0	0	847008
22.56	0	0	847008
22.57	0	0	847008
22.580000000000002	0	0	847008
22.59	0	0	847008
22.6	0	0	847008
22.61	0	0	847008
22.62	0	0	847008
22.63	0	0	847008
22.64	0	0	847008
22.650000000000002	0	0	847008
22.66	0	0	847008
22.67	0	0	847008
22.68	0	0	847008
22.69	0	0	847008
22.7	0	0	847008
22.71	0	0	847008
22.72	0	0	847008
22.73	0	0	847008
22.740000000000002	0	0	847008
22.75	0	0	847008
22.76	0	0	847008
22.77	0	0	847008
22.78	0	0	847008
22.79	0	0	847008
22.8	0	0	847008
22.81	0	0	847008
22.82	0	0	847008
22.830000000000002	0	0	847008
22.84	0	0	847008
22.85	0	0	847008
22.86	0	0	847008
22.87	0	0	847008
22.88	0	0	847008
22.89	0	0	847008
22.900000000000002	0	0	847008
22.91	0	0	847008
22.92	0	0	847008
22.93	0	0	847008
22.94	0	0	847008
22.95	0	0	847008
22.96	0	0	847008
22.97	0	0	847008
22.98	0	0	847008
22.990000000000002	0	0	847008
23.0	0	0	847008
23.01	0	0	847008
23.02	0	0	847008
23.03	0	0	847008
23.04	0	0	847008
23.05	0	0	847008
23.06	0	0	847008
23.07	0	0	847008
23.080000000000002	0	0	847008
23.09	0	0	847008
23.1	0	0	847008
23.11	0	0	847008
23.12	0	0	847008
23.13	0	0	847008
23.14	0	0	847008
23.150000000000002	0	0	847008
23.16	0	0	847008
23.17	0	0	847008
23.18	0	0	847008
23.19	0	0	847008
23.2	0	0	847008
23.21	0	0	847008
23.22	0	0	847008
23.23	0	0	847008
23.240000000000002	0	0	847008
23.25	0	0	847008
23.26	0	0	847008
23.27	0	0	847008
23.28	0	0	847008
23.29	0	0	847008
23.3	0	0	847008
23.31	0	0	847008
23.32	0	0	847008
23.330000000000002	0	0	847008
23.34	0	0	847008
23.35	0	0	847008
23.36	0	0	847008
23.37	0	0	847008
23.38	0	0	847008
23.39	0	0	847008
23.400000000000002	0	0	847008
23.41	0	0	847008
23.42	0	0	847008
23.43	0	0	847008
23.44	0	0	847008
23.45	0	0	847008
23.46	0	0	847008
23.47	0	0	847008
23.48	0	0	847008
23.490000000000002	0	0	847008
23.5	0	0	847008
23.51	0	0	847008
23.52	0	0	847008
23.53	0	0	847008
23.54	0	0	847008
23.55	0	0	847008
23.56	0	0	847008
23.57	0	0	847008
23.580000000000002	0	0	847008
23.59	0	0	847008
23.6	0	0	847008
23.61	0	0	847008
23.62	0	0	847008
23.63	0	0	847008
23.64	0	0	847008
23.650000000000002	0	0	847008
23.66	0	0	847008
23.67	0	0	847008
23.68	0	0	847008
23.69	0	0	847008
23.7	0	0	847008
23.71	0	0	847008
23.72	0	0	847008
23.73	0	0	847008
23.740000000000002	0	0	847008
23.75	0	0	847008
23.76	0	0	847008
23.77	0	0	847008
23.78	0	0	847008
23.79	0	0	847008
23.8	0	0	847008
23.81	0	0	847008
23.82	0	0	847008
23.830000000000002	0	0	847008
23.84	0	0	847008
23.85	0	0	847008
23.86	0	0	847008
23.87	0	0	847008
23.88	0	0	847008
23.89	0	0	847008
23.900000000000002	0	0	847008
23.91	0	0	847008
23.92	0	0	847008
23.93	0	0	847008
23.94	0	0	847008
23.95	0	0	847008
23.96	0	0	847008
23.97	0	0	847008
23.98	0	0	847008
23.990000000000002	0	0	847008
24.0	0	0	847008
24.01	0	0	847008
24.02	0	0	847008
24.03	0	0	847008
24.04	0	0	847008
24.05	0	0	847008
24.060000000000002	0	0	847008
24.07	0	0	847008
24.080000000000002	0	0	847008
24.09	0	0	847008
24.1	0	0	847008
24.11	0	0	847008
24.12	0	0	847008
24.13	0	0	847008
24.14	0	0	847008
24.150000000000002	0	0	847008
24.16	0	0	847008
24.17	0	0	847008
24.18	0	0	847008
24.19	0	0	847008
24.2	0	0	847008
24.21	0	0	847008
24.22	0	0	847008
24.23	0	0	847008
24.240000000000002	0	0	847008
24.25	0	0	847008
24.26	0	0	847008
24.27	0	0	847008
24.28	0	0	847008
24.29	0	0	847008
24.3	0	0	847008
24.310000000000002	0	0	847008
24.32	0	0	847008
24.330000000000002	0	0	847008
24.34	0	0	847008
24.35	0	0	847008
24.36	0	0	847008
24.37	0	0	847008
24.38	0	0	847008
24.39	0	0	847008
24.400000000000002	0	0	847008
24.41	0	0	847008
24.42	0	0	847008
24.43	0	0	847008
24.44	0	0	847008
24.45	0	0	847008
24.46	0	0	847008
24.47	0	0	847008
24.48	0	0	847008
24.490000000000002	0	0	847008
24.5	0	0	847008
24.51	0	0	847008
24.52	0	0	847008
24.53	0	0	847008
24.54	0	0	847008
24.55	0	0	847008
24.560000000000002	0	0	847008
24.57	0	0	847008
24.580000000000002	0	0	847008
24.59	0	0	847008
24.6	0	0	847008
24.61	0	0	847008
24.62	0	0	847008
24.63	0	0	847008
24.64	0	0	847008
24.650000000000002	0	0	847008
24.66	0	0	847008
24.67	0	0	847008
24.68	0	0	847008
24.69	0	0	847008
24.7	0	0	847008
24.71	0	0	847008
24.72	0	0	847008
24.73	0	0	847008
24.740000000000002	0	0	847008
24.75	0	0	847008
24.76	0	0	847008
24.77	0	0	847008
24.78	0	0	847008
24.79	0	0	847008
24.8	0	0	847008
24.810000000000002	0	0	847008
24.82	0	0	847008
24.830000000000002	0	0	847008
24.84	0	0	847008
24.85	0	0	847008
24.86	0	0	847008
24.87	0	0	847008
24.88	0	0	847008
24.89	0	0	847008
24.900000000000002	0	0	847008
24.91	0	0	847008
24.92	0	0	847008
24.93	0	0	847008
24.94	0	0	847008
24.95	0	0	847008
24.96	0	0	847008
24.97	0	0	847008
24.98	0	0	847008
24.990000000000002	0	0	847008
25.0	0	0	847008
25.01	0	0	847008
25.02	0	0	847008
25.03	0	0	847008
25.04	0	0	847008
25.05	0	0	847008
25.060000000000002	0	0	847008
25.07	0	0	847008
25.080000000000002	0	0	847008
25.09	0	0	847008
25.1	0	0	847008
25.11	0	0	847008
25.12	0	0	847008
25.13	0	0	847008
25.14	0	0	847008
25.150000000000002	0	0	847008
25.16	0	0	847008
25.17	0	0	847008
25.18	0	0	847008
25.19	0	0	847008
25.2	0	0	847008
25.21	0	0	847008
25.22	0	0	847008
25.23	0	0	847008
25.240000000000002	0	0	847008
25.25	0	0	847008
25.26	0	0	847008
25.27	0	0	847008
25.28	0	0	847008
25.29	0	0	847008
25.3	0	0	847008
25.310000000000002	0	0	847008
25.32	0	0	847008
25.330000000000002	0	0	847008
25.34	0	0	847008
25.35	0	0	847008
25.36	0	0	847008
25.37	0	0	847008
25.38	0	0	847008
25.39	0	0	847008
25.400000000000002	0	0	847008
25.41	0	0	847008
25.42	0	0	847008
25.43	0	0	847008
25.44	0	0	847008
25.45	0	0	847008
25.46	0	0	847008
25.47	0	0	847008
25.48	0	0	847008
25.490000000000002	0	0	847008
25.5	0	0	847008
25.51	0	0	847008
25.52	0	0	847008
25.53	0	0	847008
25.54	0	0	847008
25.55	0	0	847008
25.560000000000002	0	0	847008
25.57	0	0	847008
25.580000000000002	0	0	847008
25.59	0	0	847008
25.6	0	0	847008
25.61	0	0	847008
25.62	0	0	847008
25.63	0	0	847008
25.64	0	0	847008
25.650000000000002	0	0	847008
25.66	0	0	847008
25.67	0	0	847008
25.68	0	0	847008
25.69	0	0	847008
25.7	0	0	847008
25.71	0	0	847008
25.72	0	0	847008
25.73	0	0	847008
25.740000000000002	0	0	847008
25.75	0	0	847008
25.76	0	0	847008
25.77	0	0	847008
25.78	0	0	847008
25.79	0	0	847008
25.8	0	0	847008
25.810000000000002	0	0	847008
25.82	0	0	847008
25.830000000000002	0	0	847008
25.84	0	0	847008
25.85	0	0	847008
25.86	0	0	847008
25.87	0	0	847008
25.88	0	0	847008
25.89	0	0	847008
25.900000000000002	0	0	847008
25.91	0	0	847008
25.92	0	0	847008
25.93	0	0	847008
25.94	0	0	847008
25.95	0	0	847008
25.96	0	0	847008
25.97	0	0	847008
25.98	0	0	847008
25.990000000000002	0	0	847008
26.0	0	0	847008
26.01	0	0	847008
26.02	0	0	847008
26.03	0	0	847008
26.04	0	0	847008
26.05	0	0	847008
26.060000000000002	0	0	847008
26.07	0	0	847008
26.080000000000002	0	0	847008
26.09	0	0	847008
26.1	0	0	847008
26.11	0	0	847008
26.12	0	0	847008
26.13	0	0	847008
26.14	0	0	847008
26.150000000000002	0	0	847008
26.16	0	0	847008
26.17	0	0	847008
26.18	0	0	847008
26.19	0	0	847008
26.2	0	0	847008
26.21	0	0	847008
26.22	0	0	847008
26.23	0	0	847008
26.240000000000002	0	0	847008
26.25	0	0	847008
26.26	0	0	847008
26.27	0	0	847008
26.28	0	0	847008
26.29	0	0	847008
26.3	0	0	847008
26.310000000000002	0	0	847008
26.32	0	0	847008
26.330000000000002	0	0	847008
26.34	0	0	847008
26.35	0	0	847008
26.36	0	0	847008
26.37	0	0	847008
26.38	0	0	847008
26.39	0	0	847008
26.400000000000002	0	0	847008
26.41	0	0	847008
26.42	0	0	847008
26.43	0	0	847008
26.44	0	0	847008
26.45	0	0	847008
26.46	0	0	847008
26.47	0	0	847008
26.48	0	0	847008
26.490000000000002	0	0	847008
26.5	0	0	847008
26.51	0	0	847008
26.52	0	0	847008
26.53	0	0	847008
26.54	0	0	847008
26.55	0	0	847008
26.560000000000002	0	0	847008
26.57	0	0	847008
26.580000000000002	0	0	847008
26.59	0	0	847008
26.6	0	0	847008
26.61	0	0	847008
26.62	0	0	847008
26.63	0	0	847008
26.64	0	0	847008
26.650000000000002	0	0	847008
26.66	0	0	847008
26.67	0	0	847008
26.68	0	0	847008
26.69	0	0	847008
26.7	0	0	847008
26.71	0	0	847008
26.72	0	0	847008
26.73	0	0	847008
26.740000000000002	0	0	847008
26.75	0	0	847008
26.76	0	0	847008
26.77	0	0	847008
26.78	0	0	847008
26.79	0	0	847008
26.8	0	0	847008
26.810000000000002	0	0	847008
26.82	0	0	847008
26.830000000000002	0	0	847008
26.84	0	0	847008
26.85	0	0	847008
26.86	0	0	847008
26.87	0	0	847008
26.88	0	0	847008
26.89	0	0	847008
26.900000000000002	0	0	847008
26.91	0	0	847008
26.92	0	0	847008
26.93	0	0	847008
26.94	0	0	847008
26.95	0	0	847008
26.96	0	0	847008
26.97	0	0	847008
26.98	0	0	847008
26.990000000000002	0	0	847008
27.0	0	0	847008
27.01	0	0	847008
27.02	0	0	847008
27.03	0	0	847008
27.04	0	0	847008
27.05	0	0	847008
27.060000000000002	0	0	847008
27.07	0	0	847008
27.080000000000002	0	0	847008
27.09	0	0	847008
27.1	0	0	847008
27.11	0	0	847008
27.12	0	0	847008
27.13	0	0	847008
27.14	0	0	847008
27.150000000000002	0	0	847008
27.16	0	0	847008
27.17	0	0	847008
27.18	0	0	847008
27.19	0	0	847008
27.2	0	0	847008
27.21	0	0	847008
27.22	0	0	847008
27.23	0	0	847008
27.240000000000002	0	0	847008
27.25	0	0	847008
27.26	0	0	847008
27.27	0	0	847008
27.28	0	0	847008
27.29	0	0	847008
27.3	0	0	847008
27.310000000000002	0	0	847008
27.32	0	0	847008
27.330000000000002	0	0	847008
27.34	0	0	847008
27.35	0	0	847008
27.36	0	0	847008
27.37	0	0	847008
27.38	0	0	847008
27.39	0	0	847008
27.400000000000002	0	0	847008
27.41	0	0	847008
27.42	0	0	847008
27.43	0	0	847008
27.44	0	0	847008
27.45	0	0	847008
27.46	0	0	847008
27.47	0	0	847008
27.48	0	0	847008
27.490000000000002	0	0	847008
27.5	0	0	847008
27.51	0	0	847008
27.52	0	0	847008
27.53	0	0	847008
27.54	0	0	847008
27.55	0	0	847008
27.560000000000002	0	0	847008
27.57	0	0	847008
27.580000000000002	0	0	847008
27.59	0	0	847008
27.6	0	0	847008
27.61	0	0	847008
27.62	0	0	847008
27.63	0	0	847008
27.64	0	0	847008
27.650000000000002	0	0	847008
27.66	0	0	847008
27.67	0	0	847008
27.68	0	0	847008
27.69	0	0	847008
27.7	0	0	847008
27.71	0	0	847008
27.72	0	0	847008
27.73	0	0	847008
27.740000000000002	0	0	847008
27.75	0	0	847008
27.76	0	0	847008
27.77	0	0	847008
27.78	0	0	847008
27.79	0	0	847008
27.8	0	0	847008
27.810000000000002	0	0	847008
27.82	0	0	847008
27.830000000000002	0	0	847008
27.84	0	0	847008
27.85	0	0	847008
27.86	0	0	847008
27.87	0	0	847008
27.88	0	0	847008
27.89	0	0	847008
27.900000000000002	0	0	847008
27.91	0	0	847008
27.92	0	0	847008
27.93	0	0	847008
27.94	0	0	847008
27.95	0	0	847008
27.96	0	0	847008
27.97	0	0	847008
27.98	0	0	847008
27.990000000000002	0	0	847008
28.0	0	0	847008
28.01	0	0	847008
28.02	0	0	847008
28.03	0	0	847008
28.04	0	0	847008
28.05	0	0	847008
28.060000000000002	0	0	847008
28.07	0	0	847008
28.080000000000002	0	0	847008
28.09	0	0	847008
28.1	0	0	847008
28.11	0	0	847008
28.12	0	0	847008
28.13	0	0	847008
28.14	0	0	847008
28.150000000000002	0	0	847008
28.16	0	0	847008
28.17	0	0	847008
28.18	0	0	847008
28.19	0	0	847008
28.2	0	0	847008
28.21	0	0	847008
28.22	0	0	847008
28.23	0	0	847008
28.240000000000002	0	0	847008
28.25	0	0	847008
28.26	0	0	847008
28.27	0	0	847008
28.28	0	0	847008
28.29	0	0	847008
28.3	0	0	847008
28.310000000000002	0	0	847008
28.32	0	0	847008
28.330000000000002	0	0	847008
28.34	0	0	847008
28.35	0	0	847008
28.36	0	0	847008
28.37	0	0	847008
28.38	0	0	847008
28.39	0	0	847008
28.400000000000002	0	0	847008
28.41	0	0	847008
28.42	0	0	847008
28.43	0	0	847008
28.44	0	0	847008
28.45	0	0	847008
28.46	0	0	847008
28.47	0	0	847008
28.48	0	0	847008
28.490000000000002	0	0	847008
28.5	0	0	847008
28.51	0	0	847008
28.52	0	0	847008
28.53	0	0	847008
28.54	0	0	847008
28.55	0	0	847008
28.560000000000002	0	0	847008
28.57	0	0	847008
28.580000000000002	0	0	847008
28.59	0	0	847008
28.6	0	0	847008
28.61	0	0	847008
28.62	0	0	847008
28.63	0	0	847008
28.64	0	0	847008
28.650000000000002	0	0	847008
28.66	0	0	847008
28.67	0	0	847008
28.68	0	0	847008
28.69	0	0	847008
28.7	0	0	847008
28.71	0	0	847008
28.72	0	0	847008
28.73	0	0	847008
28.740000000000002	0	0	847008
28.75	0	0	847008
28.76	0	0	847008
28.77	0	0	847008
28.78	0	0	847008
28.79	0	0	847008
28.8	0	0	847008
28.810000000000002	0	0	847008
28.82	0	0	847008
28.830000000000002	0	0	847008
28.84	0	0	847008
28.85	0	0	847008
28.86	0	0	847008
28.87	0	0	847008
28.88	0	0	847008
28.89	0	0	847008
28.900000000000002	0	0	847008
28.91	0	0	847008
28.92	0	0	847008
28.93	0	0	847008
28.94	0	0	847008
28.95	0	0	847008
28.96	0	0	847008
28.97	0	0	847008
28.98	0	0	847008
28.990000000000002	0	0	847008
29.0	0	0	847008
29.01	0	0	847008
29.02	0	0	847008
29.03	0	0	847008
29.04	0	0	847008
29.05	0	0	847008
29.060000000000002	0	0	847008
29.07	0	0	847008
29.080000000000002	0	0	847008
29.09	0	0	847008
29.1	0	0	847008
29.11	0	0	847008
29.12	0	0	847008
29.13	0	0	847008
29.14	0	0	847008
29.150000000000002	0	0	847008
29.16	0	0	847008
29.17	0	0	847008
29.18	0	0	847008
29.19	0	0	847008
29.2	0	0	847008
29.21	0	0	847008
29.22	0	0	847008
29.23	0	0	847008
29.240000000000002	0	0	847008
29.25	0	0	847008
29.26	0	0	847008
29.27	0	0	847008
29.28	0	0	847008
29.29	0	0	847008
29.3	0	0	847008
29.310000000000002	0	0	847008
29.32	0	0	847008
29.330000000000002	0	0	847008
29.34	0	0	847008
29.35	0	0	847008
29.36	0	0	847008
29.37	0	0	847008
29.38	0	0	847008
29.39	0	0	847008
29.400000000000002	0	0	847008
29.41	0	0	847008
29.42	0	0	847008
29.43	0	0	847008
29.44	0	0	847008
29.45	0	0	847008
29.46	0	0	847008
29.47	0	0	847008
29.48	0	0	847008
29.490000000000002	0	0	847008
29.5	0	0	847008
29.51	0	0	847008
29.52	0	0	847008
29.53	0	0	847008
29.54	0	0	847008
29.55	0	0	847008
29.560000000000002	0	0	847008
29.57	0	0	847008
29.580000000000002	0	0	847008
29.59	0	0	847008
29.6	0	0	847008
29.61	0	0	847008
29.62	0	0	847008
29.63	0	0	847008
29.64	0	0	847008
29.650000000000002	0	0	847008
29.66	0	0	847008
29.67	0	0	847008
29.68	0	0	847008
29.69	0	0	847008
29.7	0	0	847008
29.71	0	0	847008
29.72	0	0	847008
29.73	0	0	847008
29.740000000000002	0	0	847008
29.75	0	0	847008
29.76	0	0	847008
29.77	0	0	847008
29.78	0	0	847008
29.79	0	0	847008
29.8	0	0	847008
29.810000000000002	0	0	847008
29.82	0	0	847008
29.830000000000002	0	0	847008
29.84	0	0	847008
29.85	0	0	847008
29.86	0	0	847008
29.87	0	0	847008
29.88	0	0	847008
29.89	0	0	847008
29.900000000000002	0	0	847008
29.91	0	0	847008
29.92	0	0	847008
29.93	0	0	847008
29.94	0	0	847008
29.95	0	0	847008
29.96	0	0	847008
29.97	0	0	847008
29.98	0	0	847008
29.990000000000002	0	0	847008
30.0	0	0	847008
30.01	0	0	847008
30.02	0	0	847008
30.03	0	0	847008
30.04	0	0	847008
30.05	0	0	847008
30.060000000000002	0	0	847008
30.07	0	0	847008
30.080000000000002	0	0	847008
30.09	0	0	847008
30.1	0	0	847008
30.11	0	0	847008
30.12	0	0	847008
30.13	0	0	847008
30.14	0	0	847008
30.150000000000002	0	0	847008
30.16	0	0	847008
30.17	0	0	847008
30.18	0	0	847008
30.19	0	0	847008
30.2	0	0	847008
30.21	0	0	847008
30.22	0	0	847008
30.23	0	0	847008
30.240000000000002	0	0	847008
30.25	0	0	847008
30.26	0	0	847008
30.27	0	0	847008
30.28	0	0	847008
30.29	0	0	847008
30.3	0	0	847008
30.310000000000002	0	0	847008
30.32	0	0	847008
30.330000000000002	0	0	847008
30.34	0	0	847008
30.35	0	0	847008
30.36	0	0	847008
30.37	0	0	847008
30.38	0	0	847008
30.39	0	0	847008
30.400000000000002	0	0	847008
30.41	0	0	847008
30.42	0	0	847008
30.43	0	0	847008
30.44	0	0	847008
30.45	0	0	847008
30.46	0	0	847008
30.47	0	0	847008
30.48	0	0	847008
30.490000000000002	0	0	847008
30.5	0	0	847008
30.51	0	0	847008
30.52	0	0	847008
30.53	0	0	847008
30.54	0	0	847008
30.55	0	0	847008
30.560000000000002	0	0	847008
30.57	0	0	847008
30.580000000000002	0	0	847008
30.59	0	0	847008
30.6	0	0	847008
30.61	0	0	847008
30.62	0	0	847008
30.63	0	0	847008
30.64	0	0	847008
30.650000000000002	0	0	847008
30.66	0	0	847008
30.67	0	0	847008
30.68	0	0	847008
30.69	0	0	847008
30.7	0	0	847008
30.71	0	0	847008
30.72	0	0	847008
30.73	0	0	847008
30.740000000000002	0	0	847008
30.75	0	0	847008
30.76	0	0	847008
30.77	0	0	847008
30.78	0	0	847008
30.79	0	0	847008
30.8	0	0	847008
30.810000000000002	0	0	847008
30.82	0	0	847008
30.830000000000002	0	0	847008
30.84	0	0	847008
30.85	0	0	847008
30.86	0	0	847008
30.87	0	0	847008
30.88	0	0	847008
30.89	0	0	847008
30.900000000000002	0	0	847008
30.91	0	0	847008
30.92	0	0	847008
30.93	0	0	847008
30.94	0	0	847008
30.95	0	0	847008
30.96	0	0	847008
30.970000000000002	0	0	847008
30.98	0	0	847008
30.990000000000002	0	0	847008
31.0	0	0	847008
31.01	0	0	847008
31.02	0	0	847008
31.03	0	0	847008
31.04	0	0	847008
31.05	0	0	847008
31.060000000000002	0	0	847008
31.07	0	0	847008
31.080000000000002	0	0	847008
31.09	0	0	847008
31.1	0	0	847008
31.11	0	0	847008
31.12	0	0	847008
31.13	0	0	847008
31.14	0	0	847008
31.150000000000002	0	0	847008
31.16	0	0	847008
31.17	0	0	847008
31.18	0	0	847008
31.19	0	0	847008
31.2	0	0	847008
31.21	0	0	847008
31.220000000000002	0	0	847008
31.23	0	0	847008
31.240000000000002	0	0	847008
31.25	0	0	847008
31.26	0	0	847008
31.27	0	0	847008
31.28	0	0	847008
31.29	0	0	847008
31.3	0	0	847008
31.310000000000002	0	0	847008
31.32	0	0	847008
31.330000000000002	0	0	847008
31.34	0	0	847008
31.35	0	0	847008
31.36	0	0	847008
31.37	0	0	847008
31.38	0	0	847008
31.39	0	0	847008
31.400000000000002	0	0	847008
31.41	0	0	847008
31.42	0	0	847008
31.43	0	0	847008
31.44	0	0	847008
31.45	0	0	847008
31.46	0	0	847008
31.470000000000002	0	0	847008
31.48	0	0	847008
31.490000000000002	0	0	847008
31.5	0	0	847008
31.51	0	0	847008
31.52	0	0	847008
31.53	0	0	847008
31.54	0	0	847008
31.55	0	0	847008
31.560000000000002	0	0	847008
31.57	0	0	847008
31.580000000000002	0	0	847008
31.59	0	0	847008
31.6	0	0	847008
31.61	0	0	847008
31.62	0	0	847008
31.63	0	0	847008
31.64	0	0	847008
31.650000000000002	0	0	847008
31.66	0	0	847008
31.67	0	0	847008
31.68	0	0	847008
31.69	0	0	847008
31.7	0	0	847008
31.71	0	0	847008
31.720000000000002	0	0	847008
31.73	0	0	847008
31.740000000000002	0	0	847008
31.75	0	0	847008
31.76	0	0	847008
31.77	0	0	847008
31.78	0	0	847008
31.79	0	0	847008
31.8	0	0	847008
31.810000000000002	0	0	847008
31.82	0	0	847008
31.830000000000002	0	0	847008
31.84	0	0	847008
31.85	0	0	847008
31.86	0	0	847008
31.87	0	0	847008
31.88	0	0	847008
31.89	0	0	847008
31.900000000000002	0	0	847008
31.91	0	0	847008
31.92	0	0	847008
31.93	0	0	847008
31.94	0	0	847008
31.95	0	0	847008
31.96	0	0	847008
31.970000000000002	0	0	847008
31.98	0	0	847008
31.990000000000002	0	0	847008
32.0	0	0	847008
32.01	0	0	847008
32.02	0	0	847008
32.03	0	0	847008
32.04	0	0	847008
32.05	0	0	847008
32.06	0	0	847008
32.07	0	0	847008
32.08	0	0	847008
32.09	0	0	847008
32.1	0	0	847008
32.11	0	0	847008
32.12	0	0	847008
32.13	0	0	847008
32.14	0	0	847008
32.15	0	0	847008
32.160000000000004	0	0	847008
32.17	0	0	847008
32.18	0	0	847008
32.19	0	0	847008
32.2	0	0	847008
32.21	0	0	847008
32.22	0	0	847008
32.230000000000004	0	0	847008
32.24	0	0	847008
32.25	0	0	847008
32.26	0	0	847008
32.27	0	0	847008
32.28	0	0	847008
32.29	0	0	847008
32.3	0	0	847008
32.31	0	0	847008
32.32	0	0	847008
32.33	0	0	847008
32.34	0	0	847008
32.35	0	0	847008
32.36	0	0	847008
32.37	0	0	847008
32.38	0	0	847008
32.39	0	0	847008
32.4	0	0	847008
32.410000000000004	0	0	847008
32.42	0	0	847008
32.43	0	0	847008
32.44	0	0	847008
32.45	0	0	847008
32.46	0	0	847008
32.47	0	0	847008
32.480000000000004	0	0	847008
32.49	0	0	847008
32.5	0	0	847008
32.51	0	0	847008
32.52	0	0	847008
32.53	0	0	847008
32.54	0	0	847008
32.55	0	0	847008
32.56	0	0	847008
32.57	0	0	847008
32.58	0	0	847008
32.59	0	0	847008
32.6	0	0	847008
32.61	0	0	847008
32.62	0	0	847008
32.63	0	0	847008
32.64	0	0	847008
32.65	0	0	847008
32.660000000000004	0	0	847008
32.67	0	0	847008
32.68	0	0	847008
32.69	0	0	847008
32.7	0	0	847008
32.71	0	0	847008
32.72	0	0	847008
32.730000000000004	0	0	847008
32.74	0	0	847008
32.75	0	0	847008
32.76	0	0	847008
32.77	0	0	847008
32.78	0	0	847008
32.79	0	0	847008
32.8	0	0	847008
32.81	0	0	847008
32.82	0	0	847008
32.83	0	0	847008
32.84	0	0	847008
32.85	0	0	847008
32.86	0	0	847008
32.87	0	0	847008
32.88	0	0	847008
32.89	0	0	847008
32.9	0	0	847008
32.910000000000004	0	0	847008
32.92	0	0	847008
32.93	0	0	847008
32.94	0	0	847008
32.95	0	0	847008
32.96	0	0	847008
32.97	0	0	847008
32.980000000000004	0	0	847008
32.99	0	0	847008
33.0	0	0	847008
33.01	0	0	847008
33.02	0	0	847008
33.03	0	0	847008
33.04	0	0	847008
33.05	0	0	847008
33.06	0	0	847008
33.07	0	0	847008
33.08	0	0	847008
33.09	0	0	847008
33.1	0	0	847008
33.11	0	0	847008
33.12	0	0	847008
33.13	0	0	847008
33.14	0	0	847008
33.15	0	0	847008
33.160000000000004	0	0	847008
33.17	0	0	847008
33.18	0	0	847008
33.19	0	0	847008
33.2	0	0	847008
33.21	0	0	847008
33.22	0	0	847008
33.230000000000004	0	0	847008
33.24	0	0	847008
33.25	0	0	847008
33.26	0	0	847008
33.27	0	0	847008
33.28	0	0	847008
33.29	0	0	847008
33.3	0	0	847008
33.31	0	0	847008
33.32	0	0	847008
33.33	0	0	847008
33.34	0	0	847008
33.35	0	0	847008
33.36	0	0	847008
33.37	0	0	847008
33.38	0	0	847008
33.39	0	0	847008
33.4	0	0	847008
33.410000000000004	0	0	847008
33.42	0	0	847008
33.43	0	0	847008
33.44	0	0	847008
33.45	0	0	847008
33.46	0	0	847008
33.47	0	0	847008
33.480000000000004	0	0	847008
33.49	0	0	847008
33.5	0	0	847008
33.51	0	0	847008
33.52	0	0	847008
33.53	0	0	847008
33.54	0	0	847008
33.55	0	0	847008
33.56	0	0	847008
33.57	0	0	847008
33.58	0	0	847008
33.59	0	0	847008
33.6	0	0	847008
33.61	0	0	847008
33.62	0	0	847008
33.63	0	0	847008
33.64	0	0	847008
33.65	0	0	847008
33.660000000000004	0	0	847008
33.67	0	0	847008
33.68	0	0	847008
33.69	0	0	847008
33.7	0	0	847008
33.71	0	0	847008
33.72	0	0	847008
33.730000000000004	0	0	847008
33.74	0	0	847008
33.75	0	0	847008
33.76	0	0	847008
33.77	0	0	847008
33.78	0	0	847008
33.79	0	0	847008
33.8	0	0	847008
33.81	0	0	847008
33.82	0	0	847008
33.83	0	0	847008
33.84	0	0	847008
33.85	0	0	847008
33.86	0	0	847008
33.87	0	0	847008
33.88	0	0	847008
33.89	0	0	847008
33.9	0	0	847008
33.910000000000004	0	0	847008
33.92	0	0	847008
33.93	0	0	847008
33.94	0	0	847008
33.95	0	0	847008
33.96	0	0	847008
33.97	0	0	847008
33.980000000000004	0	0	847008
33.99	0	0	847008
34.0	0	0	847008
34.01	0	0	847008
34.02	0	0	847008
34.03	0	0	847008
34.04	0	0	847008
34.05	0	0	847008
34.06	0	0	847008
34.07	0	0	847008
34.08	0	0	847008
34.09	0	0	847008
34.1	0	0	847008
34.11	0	0	847008
34.12	0	0	847008
34.13	0	0	847008
34.14	0	0	847008
34.15	0	0	847008
34.160000000000004	0	0	847008
34.17	0	0	847008
34.18	0	0	847008
34.19	0	0	847008
34.2	0	0	847008
34.21	0	0	847008
34.22	0	0	847008
34.230000000000004	0	0	847008
34.24	0	0	847008
34.25	0	0	847008
34.26	0	0	847008
34.27	0	0	847008
34.28	0	0	847008
34.29	0	0	847008
34.300000000000004	0	0	847008
34.31	0	0	847008
34.32	0	0	847008
34.33	0	0	847008
34.34	0	0	847008
34.35	0	0	847008
34.36	0	0	847008
34.37	0	0	847008
34.38	0	0	847008
34.39	0	0	847008
34.4	0	0	847008
34.410000000000004	0	0	847008
34.42	0	0	847008
34.43	0	0	847008
34.44	0	0	847008
34.45	0	0	847008
34.46	0	0	847008
34.47	0	0	847008
34.480000000000004	0	0	847008
34.49	0	0	847008
34.5	0	0	847008
34.51	0	0	847008
34.52	0	0	847008
34.53	0	0	847008
34.54	0	0	847008
34.550000000000004	0	0	847008
34.56	0	0	847008
34.57	0	0	847008
34.58	0	0	847008
34.59	0	0	847008
34.6	0	0	847008
34.61	0	0	847008
34.62	0	0	847008
34.63	0	0	847008
34.64	0	0	847008
34.65	0	0	847008
34.660000000000004	0	0	847008
34.67	0	0	847008
34.68	0	0	847008
34.69	0	0	847008
34.7	0	0	847008
34.71	0	0	847008
34.72	0	0	847008
34.730000000000004	0	0	847008
34.74	0	0	847008
34.75	0	0	847008
34.76	0	0	847008
34.77	0	0	847008
34.78	0	0	847008
34.79	0	0	847008
34.800000000000004	0	0	847008
34.81	0	0	847008
34.82	0	0	847008
34.83	0	0	847008
34.84	0	0	847008
34.85	0	0	847008
34.86	0	0	847008
34.87	0	0	847008
34.88	0	0	847008
34.89	0	0	847008
34.9	0	0	847008
34.910000000000004	0	0	847008
34.92	0	0	847008
34.93	0	0	847008
34.94	0	0	847008
34.95	0	0	847008
34.96	0	0	847008
34.97	0	0	847008
34.980000000000004	0	0	847008
34.99	0	0	847008
35.0	0	0	847008
35.01	0	0	847008
35.02	0	0	847008
35.03	0	0	847008
35.04	0	0	847008
35.050000000000004	0	0	847008
35.06	0	0	847008
35.07	0	0	847008
35.08	0	0	847008
35.09	0	0	847008
35.1	0	0	847008
35.11	0	0	847008
35.12	0	0	847008
35.13	0	0	847008
35.14	0	0	847008
35.15	0	0	847008
35.160000000000004	0	0	847008
35.17	0	0	847008
35.18	0	0	847008
35.19	0	0	847008
35.2	0	0	847008
35.21	0	0	847008
35.22	0	0	847008
35.230000000000004	0	0	847008
35.24	0	0	847008
35.25	0	0	847008
35.26	0	0	847008
35.27	0	0	847008
35.28	0	0	847008
35.29	0	0	847008
35.300000000000004	0	0	847008
35.31	0	0	847008
35.32	0	0	847008
35.33	0	0	847008
35.34	0	0	847008
35.35	0	0	847008
35.36	0	0	847008
35.37	0	0	847008
35.38	0	0	847008
35.39	0	0	847008
35.4	0	0	847008
35.410000000000004	0	0	847008
35.42	0	0	847008
35.43	0	0	847008
35.44	0	0	847008
35.45	0	0	847008
35.46	0	0	847008
35.47	0	0	847008
35.480000000000004	0	0	847008
35.49	0	0	847008
35.5	0	0	847008
35.51	0	0	847008
35.52	0	0	847008
35.53	0	0	847008
35.54	0	0	847008
35.550000000000004	0	0	847008
35.56	0	0	847008
35.57	0	0	847008
35.58	0	0	847008
35.59	0	0	847008
35.6	0	0	847008
35.61	0	0	847008
35.62	0	0	847008
35.63	0	0	847008
35.64	0	0	847008
35.65	0	0	847008
35.660000000000004	0	0	847008
35.67	0	0	847008
35.68	0	0	847008
35.69	0	0	847008
35.7	0	0	847008
35.71	0	0	847008
35.72	0	0	847008
35.730000000000004	0	0	847008
35.74	0	0	847008
35.75	0	0	847008
35.76	0	0	847008
35.77	0	0	847008
35.78	0	0	847008
35.79	0	0	847008
35.800000000000004	0	0	847008
35.81	0	0	847008
35.82	0	0	847008
35.83	0	0	847008
35.84	0	0	847008
35.85	0	0	847008
35.86	0	0	847008
35.87	0	0	847008
35.88	0	0	847008
35.89	0	0	847008
35.9	0	0	847008
35.910000000000004	0	0	847008
35.92	0	0	847008
35.93	0	0	847008
35.94	0	0	847008
35.95	0	0	847008
35.96	0	0	847008
35.97	0	0	847008
35.980000000000004	0	0	847008
35.99	0	0	847008
36.0	0	0	847008
36.01	0	0	847008
36.02	0	0	847008
36.03	0	0	847008
36.04	0	0	847008
36.050000000000004	0	0	847008
36.06	0	0	847008
36.07	0	0	847008
36.08	0	0	847008
36.09	0	0	847008
36.1	0	0	847008
36.11	0	0	847008
36.12	0	0	847008
36.13	0	0	847008
36.14	0	0	847008
36.15	0	0	847008
36.160000000000004	0	0	847008
36.17	0	0	847008
36.18	0	0	847008
36.19	0	0	847008
36.2	0	0	847008
36.21	0	0	847008
36.22	0	0	847008
36.230000000000004	0	0	847008
36.24	0	0	847008
36.25	0	0	847008
36.26	0	0	847008
36.27	0	0	847008
36.28	0	0	847008
36.29	0	0	847008
36.300000000000004	0	0	847008
36.31	0	0	847008
36.32	0	0	847008
36.33	0	0	847008
36.34	0	0	847008
36.35	0	0	847008
36.36	0	0	847008
36.37	0	0	847008
36.38	0	0	847008
36.39	0	0	847008
36.4	0	0	847008
36.410000000000004	0	0	847008
36.42	0	0	847008
36.43	0	0	847008
36.44	0	0	847008
36.45	0	0	847008
36.46	0	0	847008
36.47	0	0	847008
36.480000000000004	0	0	847008
36.49	0	0	847008
36.5	0	0	847008
36.51	0	0	847008
36.52	0	0	847008
36.53	0	0	847008
36.54	0	0	847008
36.550000000000004	0	0	847008
36.56	0	0	847008
36.57	0	0	847008
36.58	0	0	847008
36.59	0	0	847008
36.6	0	0	847008
36.61	0	0	847008
36.62	0	0	847008
36.63	0	0	847008
36.64	0	0	847008
36.65	0	0	847008
36.660000000000004	0	0	847008
36.67	0	0	847008
36.68	0	0	847008
36.69	0	0	847008
36.7	0	0	847008
36.71	0	0	847008
36.72	0	0	847008
36.730000000000004	0	0	847008
36.74	0	0	847008
36.75	0	0	847008
36.76	0	0	847008
36.77	0	0	847008
36.78	0	0	847008
36.79	0	0	847008
36.800000000000004	0	0	847008
36.81	0	0	847008
36.82	0	0	847008
36.83	0	0	847008
36.84	0	0	847008
36.85	0	0	847008
36.86	0	0	847008
36.87	0	0	847008
36.88	0	0	847008
36.89	0	0	847008
36.9	0	0	847008
36.910000000000004	0	0	847008
36.92	0	0	847008
36.93	0	0	847008
36.94	0	0	847008
36.95	0	0	847008
36.96	0	0	847008
36.97	0	0	847008
36.980000000000004	0	0	847008
36.99	0	0	847008
37.0	0	0	847008
37.01	0	0	847008
37.02	0	0	847008
37.03	0	0	847008
37.04	0	0	847008
37.050000000000004	0	0	847008
37.06	0	0	847008
37.07	0	0	847008
37.08	0	0	847008
37.09	0	0	847008
37.1	0	0	847008
37.11	0	0	847008
37.12	0	0	847008
37.13	0	0	847008
37.14	0	0	847008
37.15	0	0	847008
37.160000000000004	0	0	847008
37.17	0	0	847008
37.18	0	0	847008
37.19	0	0	847008
37.2	0	0	847008
37.21	0	0	847008
37.22	0	0	847008
37.230000000000004	0	0	847008
37.24	0	0	847008
37.25	0	0	847008
37.26	0	0	847008
37.27	0	0	847008
37.28	0	0	847008
37.29	0	0	847008
37.300000000000004	0	0	847008
37.31	0	0	847008
37.32	0	0	847008
37.33	0	0	847008
37.34	0	0	847008
37.35	0	0	847008
37.36	0	0	847008
37.37	0	0	847008
37.38	0	0	847008
37.39	0	0	847008
37.4	0	0	847008
37.410000000000004	0	0	847008
37.42	0	0	847008
37.43	0	0	847008
37.44	0	0	847008
37.45	0	0	847008
37.46	0	0	847008
37.47	0	0	847008
37.480000000000004	0	0	847008
37.49	0	0	847008
37.5	0	0	847008
37.51	0	0	847008
37.52	0	0	847008
37.53	0	0	847008
37.54	0	0	847008
37.550000000000004	0	0	847008
37.56	0	0	847008
37.57	0	0	847008
37.58	0	0	847008
37.59	0	0	847008
37.6	0	0	847008
37.61	0	0	847008
37.62	0	0	847008
37.63	0	0	847008
37.64	0	0	847008
37.65	0	0	847008
37.660000000000004	0	0	847008
37.67	0	0	847008
37.68	0	0	847008
37.69	0	0	847008
37.7	0	0	847008
37.71	0	0	847008
37.72	0	0	847008
37.730000000000004	0	0	847008
37.74	0	0	847008
37.75	0	0	847008
37.76	0	0	847008
37.77	0	0	847008
37.78	0	0	847008
37.79	0	0	847008
37.800000000000004	0	0	847008
37.81	0	0	847008
37.82	0	0	847008
37.83	0	0	847008
37.84	0	0	847008
37.85	0	0	847008
37.86	0	0	847008
37.87	0	0	847008
37.88	0	0	847008
37.89	0	0	847008
37.9	0	0	847008
37.910000000000004	0	0	847008
37.92	0	0	847008
37.93	0	0	847008
37.94	0	0	847008
37.95	0	0	847008
37.96	0	0	847008
37.97	0	0	847008
37.980000000000004	0	0	847008
37.99	0	0	847008
38.0	0	0	847008
38.01	0	0	847008
38.02	0	0	847008
38.03	0	0	847008
38.04	0	0	847008
38.050000000000004	0	0	847008
38.06	0	0	847008
38.07	0	0	847008
38.08	0	0	847008
38.09	0	0	847008
38.1	0	0	847008
38.11	0	0	847008
38.12	0	0	847008
38.13	0	0	847008
38.14	0	0	847008
38.15	0	0	847008
38.160000000000004	0	0	847008
38.17	0	0	847008
38.18	0	0	847008
38.19	0	0	847008
38.2	0	0	847008
38.21	0	0	847008
38.22	0	0	847008
38.230000000000004	0	0	847008
38.24	0	0	847008
38.25	0	0	847008
38.26	0	0	847008
38.27	0	0	847008
38.28	0	0	847008
38.29	0	0	847008
38.300000000000004	0	0	847008
38.31	0	0	847008
38.32	0	0	847008
38.33	0	0	847008
38.34	0	0	847008
38.35	0	0	847008
38.36	0	0	847008
38.37	0	0	847008
38.38	0	0	847008
38.39	0	0	847008
38.4	0	0	847008
38.410000000000004	0	0	847008
38.42	0	0	847008
38.43	0	0	847008
38.44	0	0	847008
38.45	0	0	847008
38.46	0	0	847008
38.47	0	0	847008
38.480000000000004	0	0	847008
38.49	0	0	847008
38.5	0	0	847008
38.51	0	0	847008
38.52	0	0	847008
38.53	0	0	847008
38.54	0	0	847008
38.550000000000004	0	0	847008
38.56	0	0	847008
38.57	0	0	847008
38.58	0	0	847008
38.59	0	0	847008
38.6	0	0	847008
38.61	0	0	847008
38.62	0	0	847008
38.63	0	0	847008
38.64	0	0	847008
38.65	0	0	847008
38.660000000000004	0	0	847008
38.67	0	0	847008
38.68	0	0	847008
38.69	0	0	847008
38.7	0	0	847008
38.71	0	0	847008
38.72	0	0	847008
38.730000000000004	0	0	847008
38.74	0	0	847008
38.75	0	0	847008
38.76	0	0	847008
38.77	0	0	847008
38.78	0	0	847008
38.79	0	0	847008
38.800000000000004	0	0	847008
38.81	0	0	847008
38.82	0	0	847008
38.83	0	0	847008
38.84	0	0	847008
38.85	0	0	847008
38.86	0	0	847008
38.87	0	0	847008
38.88	0	0	847008
38.89	0	0	847008
38.9	0	0	847008
38.910000000000004	0	0	847008
38.92	0	0	847008
38.93	0	0	847008
38.94	0	0	847008
38.95	0	0	847008
38.96	0	0	847008
38.97	0	0	847008
38.980000000000004	0	0	847008
38.99	0	0	847008
39.0	0	0	847008
39.01	0	0	847008
39.02	0	0	847008
39.03	0	0	847008
39.04	0	0	847008
39.050000000000004	0	0	847008
39.06	0	0	847008
39.07	0	0	847008
39.08	0	0	847008
39.09	0	0	847008
39.1	0	0	847008
39.11	0	0	847008
39.12	0	0	847008
39.13	0	0	847008
39.14	0	0	847008
39.15	0	0	847008
39.160000000000004	0	0	847008
39.17	0	0	847008
39.18	0	0	847008
39.19	0	0	847008
39.2	0	0	847008
39.21	0	0	847008
39.22	0	0	847008
39.230000000000004	0	0	847008
39.24	0	0	847008
39.25	0	0	847008
39.26	0	0	847008
39.27	0	0	847008
39.28	0	0	847008
39.29	0	0	847008
39.300000000000004	0	0	847008
39.31	0	0	847008
39.32	0	0	847008
39.33	0	0	847008
39.34	0	0	847008
39.35	0	0	847008
39.36	0	0	847008
39.37	0	0	847008
39.38	0	0	847008
39.39	0	0	847008
39.4	0	0	847008
39.410000000000004	0	0	847008
39.42	0	0	847008
39.43	0	0	847008
39.44	0	0	847008
39.45	0	0	847008
39.46	0	0	847008
39.47	0	0	847008
39.480000000000004	0	0	847008
39.49	0	0	847008
39.5	0	0	847008
39.51	0	0	847008
39.52	0	0	847008
39.53	0	0	847008
39.54	0	0	847008
39.550000000000004	0	0	847008
39.56	0	0	847008
39.57	0	0	847008
39.58	0	0	847008
39.59	0	0	847008
39.6	0	0	847008
39.61	0	0	847008
39.62	0	0	847008
39.63	0	0	847008
39.64	0	0	847008
39.65	0	0	847008
39.660000000000004	0	0	847008
39.67	0	0	847008
39.68	0	0	847008
39.69	0	0	847008
39.7	0	0	847008
39.71	0	0	847008
39.72	0	0	847008
39.730000000000004	0	0	847008
39.74	0	0	847008
39.75	0	0	847008
39.76	0	0	847008
39.77	0	0	847008
39.78	0	0	847008
39.79	0	0	847008
39.800000000000004	0	0	847008
39.81	0	0	847008
39.82	0	0	847008
39.83	0	0	847008
39.84	0	0	847008
39.85	0	0	847008
39.86	0	0	847008
39.87	0	0	847008
39.88	0	0	847008
39.89	0	0	847008
39.9	0	0	847008
39.910000000000004	0	0	847008
39.92	0	0	847008
39.93	0	0	847008
39.94	0	0	847008
39.95	0	0	847008
39.96	0	0	847008
39.97	0	0	847008
39.980000000000004	0	0	847008
39.99	0	0	847008
40.0	0	0	847008
40.01	0	0	847008
40.02	0	0	847008
40.03	0	0	847008
40.04	0	0	847008
40.050000000000004	0	0	847008
40.06	0	0	847008
40.07	0	0	847008
40.08	0	0	847008
40.09	0	0	847008
40.1	0	0	847008
40.11	0	0	847008
40.12	0	0	847008
40.13	0	0	847008
40.14	0	0	847008
40.15	0	0	847008
40.160000000000004	0	0	847008
40.17	0	0	847008
40.18	0	0	847008
40.19	0	0	847008
40.2	0	0	847008
40.21	0	0	847008
40.22	0	0	847008
40.230000000000004	0	0	847008
40.24	0	0	847008
40.25	0	0	847008
40.26	0	0	847008
40.27	0	0	847008
40.28	0	0	847008
40.29	0	0	847008
40.300000000000004	0	0	847008
40.31	0	0	847008
40.32	0	0	847008
40.33	0	0	847008
40.34	0	0	847008
40.35	0	0	847008
40.36	0	0	847008
40.37	0	0	847008
40.38	0	0	847008
40.39	0	0	847008
40.4	0	0	847008
40.410000000000004	0	0	847008
40.42	0	0	847008
40.43	0	0	847008
40.44	0	0	847008
40.45	0	0	847008
40.46	0	0	847008
40.47	0	0	847008
40.480000000000004	0	0	847008
40.49	0	0	847008
40.5	0	0	847008
40.51	0	0	847008
40.52	0	0	847008
40.53	0	0	847008
40.54	0	0	847008
40.550000000000004	0	0	847008
40.56	0	0	847008
40.57	0	0	847008
40.58	0	0	847008
40.59	0	0	847008
40.6	0	0	847008
40.61	0	0	847008
40.62	0	0	847008
40.63	0	0	847008
40.64	0	0	847008
40.65	0	0	847008
40.660000000000004	0	0	847008
40.67	0	0	847008
40.68	0	0	847008
40.69	0	0	847008
40.7	0	0	847008
40.71	0	0	847008
40.72	0	0	847008
40.730000000000004	0	0	847008
40.74	0	0	847008
40.75	0	0	847008
40.76	0	0	847008
40.77	0	0	847008
40.78	0	0	847008
40.79	0	0	847008
40.800000000000004	0	0	847008
40.81	0	0	847008
40.82	0	0	847008
40.83	0	0	847008
40.84	0	0	847008
40.85	0	0	847008
40.86	0	0	847008
40.87	0	0	847008
40.88	0	0	847008
40.89	0	0	847008
40.9	0	0	847008
40.910000000000004	0	0	847008
40.92	0	0	847008
40.93	0	0	847008
40.94	0	0	847008
40.95	0	0	847008
40.96	0	0	847008
40.97	0	0	847008
40.980000000000004	0	0	847008
40.99	0	0	847008
41.0	0	0	847008
41.01	0	0	847008
41.02	0	0	847008
41.03	0	0	847008
41.04	0	0	847008
41.050000000000004	0	0	847008
41.06	0	0	847008
41.07	0	0	847008
41.08	0	0	847008
41.09	0	0	847008
41.1	0	0	847008
41.11	0	0	847008
41.12	0	0	847008
41.13	0	0	847008
41.14	0	0	847008
41.15	0	0	847008
41.160000000000004	0	0	847008
41.17	0	0	847008
41.18	0	0	847008
41.19	0	0	847008
41.2	0	0	847008
41.21	0	0	847008
41.22	0	0	847008
41.230000000000004	0	0	847008
41.24	0	0	847008
41.25	0	0	847008
41.26	0	0	847008
41.27	0	0	847008
41.28	0	0	847008
41.29	0	0	847008
41.300000000000004	0	0	847008
41.31	0	0	847008
41.32	0	0	847008
41.33	0	0	847008
41.34	0	0	847008
41.35	0	0	847008
41.36	0	0	847008
41.37	0	0	847008
41.38	0	0	847008
41.39	0	0	847008
41.4	0	0	847008
41.410000000000004	0	0	847008
41.42	0	0	847008
41.43	0	0	847008
41.44	0	0	847008
41.45	0	0	847008
41.46	0	0	847008
41.47	0	0	847008
41.480000000000004	0	0	847008
41.49	0	0	847008
41.5	0	0	847008
41.51	0	0	847008
41.52	0	0	847008
41.53	0	0	847008
41.54	0	0	847008
41.550000000000004	0	0	847008
41.56	0	0	847008
41.57	0	0	847008
41.58	0	0	847008
41.59	0	0	847008
41.6	0	0	847008
41.61	0	0	847008
41.62	0	0	847008
41.63	0	0	847008
41.64	0	0	847008
41.65	0	0	847008
41.660000000000004	0	0	847008
41.67	0	0	847008
41.68	0	0	847008
41.69	0	0	847008
41.7	0	0	847008
41.71	0	0	847008
41.72	0	0	847008
41.730000000000004	0	0	847008
41.74	0	0	847008
41.75	0	0	847008
41.76	0	0	847008
41.77	0	0	847008
41.78	0	0	847008
41.79	0	0	847008
41.800000000000004	0	0	847008
41.81	0	0	847008
41.82	0	0	847008
41.83	0	0	847008
41.84	0	0	847008
41.85	0	0	847008
41.86	0	0	847008
41.87	0	0	847008
41.88	0	0	847008
41.89	0	0	847008
41.9	0	0	847008
41.910000000000004	0	0	847008
41.92	0	0	847008
41.93	0	0	847008
41.94	0	0	847008
41.95	0	0	847008
41.96	0	0	847008
41.97	0	0	847008
41.980000000000004	0	0	847008
41.99	0	0	847008
42.0	0	0	847008
42.01	0	0	847008
42.02	0	0	847008
42.03	0	0	847008
42.04	0	0	847008
42.050000000000004	0	0	847008
42.06	0	0	847008
42.07	0	0	847008
42.08	0	0	847008
42.09	0	0	847008
42.1	0	0	847008
42.11	0	0	847008
42.12	0	0	847008
42.13	0	0	847008
42.14	0	0	847008
42.15	0	0	847008
42.160000000000004	0	0	847008
42.17	0	0	847008
42.18	0	0	847008
42.19	0	0	847008
42.2	0	0	847008
42.21	0	0	847008
42.22	0	0	847008
42.230000000000004	0	0	847008
42.24	0	0	847008
42.25	0	0	847008
42.26	0	0	847008
42.27	0	0	847008
42.28	0	0	847008
42.29	0	0	847008
42.300000000000004	0	0	847008
42.31	0	0	847008
42.32	0	0	847008
42.33	0	0	847008
42.34	0	0	847008
42.35	0	0	847008
42.36	0	0	847008
42.37	0	0	847008
42.38	0	0	847008
42.39	0	0	847008
42.4	0	0	847008
42.410000000000004	0	0	847008
42.42	0	0	847008
42.43	0	0	847008
42.44	0	0	847008
42.45	0	0	847008
42.46	0	0	847008
42.47	0	0	847008
42.480000000000004	0	0	847008
42.49	0	0	847008
42.5	0	0	847008
42.51	0	0	847008
42.52	0	0	847008
42.53	0	0	847008
42.54	0	0	847008
42.550000000000004	0	0	847008
42.56	0	0	847008
42.57	0	0	847008
42.58	0	0	847008
42.59	0	0	847008
42.6	0	0	847008
42.61	0	0	847008
42.62	0	0	847008
42.63	0	0	847008
42.64	0	0	847008
42.65	0	0	847008
42.660000000000004	0	0	847008
42.67	0	0	847008
42.68	0	0	847008
42.69	0	0	847008
42.7	0	0	847008
42.71	0	0	847008
42.72	0	0	847008
42.730000000000004	0	0	847008
42.74	0	0	847008
42.75	0	0	847008
42.76	0	0	847008
42.77	0	0	847008
42.78	0	0	847008
42.79	0	0	847008
42.800000000000004	0	0	847008
42.81	0	0	847008
42.82	0	0	847008
42.83	0	0	847008
42.84	0	0	847008
42.85	0	0	847008
42.86	0	0	847008
42.87	0	0	847008
42.88	0	0	847008
42.89	0	0	847008
42.9	0	0	847008
42.910000000000004	0	0	847008
42.92	0	0	847008
42.93	0	0	847008
42.94	0	0	847008
42.95	0	0	847008
42.96	0	0	847008
42.97	0	0	847008
42.980000000000004	0	0	847008
42.99	0	0	847008
43.0	0	0	847008
43.01	0	0	847008
43.02	0	0	847008
43.03	0	0	847008
43.04	0	0	847008
43.050000000000004	0	0	847008
43.06	0	0	847008
43.07	0	0	847008
43.08	0	0	847008
43.09	0	0	847008
43.1	0	0	847008
43.11	0	0	847008
43.12	0	0	847008
43.13	0	0	847008
43.14	0	0	847008
43.15	0	0	847008
43.160000000000004	0	0	847008
43.17	0	0	847008
43.18	0	0	847008
43.19	0	0	847008
43.2	0	0	847008
43.21	0	0	847008
43.22	0	0	847008
43.230000000000004	0	0	847008
43.24	0	0	847008
43.25	0	0	847008
43.26	0	0	847008
43.27	0	0	847008
43.28	0	0	847008
43.29	0	0	847008
43.300000000000004	0	0	847008
43.31	0	0	847008
43.32	0	0	847008
43.33	0	0	847008
43.34	0	0	847008
43.35	0	0	847008
43.36	0	0	847008
43.37	0	0	847008
43.38	0	0	847008
43.39	0	0	847008
43.4	0	0	847008
43.410000000000004	0	0	847008
43.42	0	0	847008
43.43	0	0	847008
43.44	0	0	847008
43.45	0	0	847008
43.46	0	0	847008
43.47	0	0	847008
43.480000000000004	0	0	847008
43.49	0	0	847008
43.5	0	0	847008
43.51	0	0	847008
43.52	0	0	847008
43.53	0	0	847008
43.54	0	0	847008
43.550000000000004	0	0	847008
43.56	0	0	847008
43.57	0	0	847008
43.58	0	0	847008
43.59	0	0	847008
43.6	0	0	847008
43.61	0	0	847008
43.62	0	0	847008
43.63	0	0	847008
43.64	0	0	847008
43.65	0	0	847008
43.660000000000004	0	0	847008
43.67	0	0	847008
43.68	0	0	847008
43.69	0	0	847008
43.7	0	0	847008
43.71	0	0	847008
43.72	0	0	847008
43.730000000000004	0	0	847008
43.74	0	0	847008
43.75	0	0	847008
43.76	0	0	847008
43.77	0	0	847008
43.78	0	0	847008
43.79	0	0	847008
43.800000000000004	0	0	847008
43.81	0	0	847008
43.82	0	0	847008
43.83	0	0	847008
43.84	0	0	847008
43.85	0	0	847008
43.86	0	0	847008
43.87	0	0	847008
43.88	0	0	847008
43.89	0	0	847008
43.9	0	0	847008
43.910000000000004	0	0	847008
43.92	0	0	847008
43.93	0	0	847008
43.94	0	0	847008
43.95	0	0	847008
43.96	0	0	847008
43.97	0	0	847008
43.980000000000004	0	0	847008
43.99	0	0	847008
44.0	0	0	847008
44.01	0	0	847008
44.02	0	0	847008
44.03	0	0	847008
44.04	0	0	847008
44.050000000000004	0	0	847008
44.06	0	0	847008
44.07	0	0	847008
44.08	0	0	847008
44.09	0	0	847008
44.1	0	0	847008
44.11	0	0	847008
44.12	0	0	847008
44.13	0	0	847008
44.14	0	0	847008
44.15	0	0	847008
44.160000000000004	0	0	847008
44.17	0	0	847008
44.18	0	0	847008
44.19	0	0	847008
44.2	0	0	847008
44.21	0	0	847008
44.22	0	0	847008
44.230000000000004	0	0	847008
44.24	0	0	847008
44.25	0	0	847008
44.26	0	0	847008
44.27	0	0	847008
44.28	0	0	847008
44.29	0	0	847008
44.300000000000004	0	0	847008
44.31	0	0	847008
44.32	0	0	847008
44.33	0	0	847008
44.34	0	0	847008
44.35	0	0	847008
44.36	0	0	847008
44.37	0	0	847008
44.38	0	0	847008
44.39	0	0	847008
44.4	0	0	847008
44.410000000000004	0	0	847008
44.42	0	0	847008
44.43	0	0	847008
44.44	0	0	847008
44.45	0	0	847008
44.46	0	0	847008
44.47	0	0	847008
44.480000000000004	0	0	847008
44.49	0	0	847008
44.5	0	0	847008
44.51	0	0	847008
44.52	0	0	847008
44.53	0	0	847008
44.54	0	0	847008
44.550000000000004	0	0	847008
44.56	0	0	847008
44.57	0	0	847008
44.58	0	0	847008
44.59	0	0	847008
44.6	0	0	847008
44.61	0	0	847008
44.62	0	0	847008
44.63	0	0	847008
44.64	0	0	847008
44.65	0	0	847008
44.660000000000004	0	0	847008
44.67	0	0	847008
44.68	0	0	847008
44.69	0	0	847008
44.7	0	0	847008
44.71	0	0	847008
44.72	0	0	847008
44.730000000000004	0	0	847008
44.74	0	0	847008
44.75	0	0	847008
44.76	0	0	847008
44.77	0	0	847008
44.78	0	0	847008
44.79	0	0	847008
44.800000000000004	0	0	847008
44.81	0	0	847008
44.82	0	0	847008
44.83	0	0	847008
44.84	0	0	847008
44.85	0	0	847008
44.86	0	0	847008
44.87	0	0	847008
44.88	0	0	847008
44.89	0	0	847008
44.9	0	0	847008
44.910000000000004	0	0	847008
44.92	0	0	847008
44.93	0	0	847008
44.94	0	0	847008
44.95	0	0	847008
44.96	0	0	847008
44.97	0	0	847008
44.980000000000004	0	0	847008
44.99	0	0	847008
45.0	0	0	847008
45.01	0	0	847008
45.02	0	0	847008
45.03	0	0	847008
45.04	0	0	847008
45.050000000000004	0	0	847008
45.06	0	0	847008
45.07	0	0	847008
45.08	0	0	847008
45.09	0	0	847008
45.1	0	0	847008
45.11	0	0	847008
45.12	0	0	847008
45.13	0	0	847008
45.14	0	0	847008
45.15	0	0	847008
45.160000000000004	0	0	847008
45.17	0	0	847008
45.18	0	0	847008
45.19	0	0	847008
45.2	0	0	847008
45.21	0	0	847008
45.22	0	0	847008
45.230000000000004	0	0	847008
45.24	0	0	847008
45.25	0	0	847008
45.26	0	0	847008
45.27	0	0	847008
45.28	0	0	847008
45.29	0	0	847008
45.300000000000004	0	0	847008
45.31	0	0	847008
45.32	0	0	847008
45.33	0	0	847008
45.34	0	0	847008
45.35	0	0	847008
45.36	0	0	847008
45.37	0	0	847008
45.38	0	0	847008
45.39	0	0	847008
45.4	0	0	847008
45.410000000000004	0	0	847008
45.42	0	0	847008
45.43	0	0	847008
45.44	0	0	847008
45.45	0	0	847008
45.46	0	0	847008
45.47	0	0	847008
45.480000000000004	0	0	847008
45.49	0	0	847008
45.5	0	0	847008
45.51	0	0	847008
45.52	0	0	847008
45.53	0	0	847008
45.54	0	0	847008
45.550000000000004	0	0	847008
45.56	0	0	847008
45.57	0	0	847008
45.58	0	0	847008
45.59	0	0	847008
45.6	0	0	847008
45.61	0	0	847008
45.62	0	0	847008
45.63	0	0	847008
45.64	0	0	847008
45.65	0	0	847008
45.660000000000004	0	0	847008
45.67	0	0	847008
45.68	0	0	847008
45.69	0	0	847008
45.7	0	0	847008
45.71	0	0	847008
45.72	0	0	847008
45.730000000000004	0	0	847008
45.74	0	0	847008
45.75	0	0	847008
45.76	0	0	847008
45.77	0	0	847008
45.78	0	0	847008
45.79	0	0	847008
45.800000000000004	0	0	847008
45.81	0	0	847008
45.82	0	0	847008
45.83	0	0	847008
45.84	0	0	847008
45.85	0	0	847008
45.86	0	0	847008
45.87	0	0	847008
45.88	0	0	847008
45.89	0	0	847008
45.9	0	0	847008
45.910000000000004	0	0	847008
45.92	0	0	847008
45.93	0	0	847008
45.94	0	0	847008
45.95	0	0	847008
45.96	0	0	847008
45.97	0	0	847008
45.980000000000004	0	0	847008
45.99	0	0	847008
46.0	0	0	847008
46.01	0	0	847008
46.02	0	0	847008
46.03	0	0	847008
46.04	0	0	847008
46.050000000000004	0	0	847008
46.06	0	0	847008
46.07	0	0	847008
46.08	0	0	847008
46.09	0	0	847008
46.1	0	0	847008
46.11	0	0	847008
46.12	0	0	847008
46.13	0	0	847008
46.14	0	0	847008
46.15	0	0	847008
46.160000000000004	0	0	847008
46.17	0	0	847008
46.18	0	0	847008
46.19	0	0	847008
46.2	0	0	847008
46.21	0	0	847008
46.22	0	0	847008
46.230000000000004	0	0	847008
46.24	0	0	847008
46.25	0	0	847008
46.26	0	0	847008
46.27	0	0	847008
46.28	0	0	847008
46.29	0	0	847008
46.300000000000004	0	0	847008
46.31	0	0	847008
46.32	0	0	847008
46.33	0	0	847008
46.34	0	0	847008
46.35	0	0	847008
46.36	0	0	847008
46.37	0	0	847008
46.38	0	0	847008
46.39	0	0	847008
46.4	0	0	847008
46.410000000000004	0	0	847008
46.42	0	0	847008
46.43	0	0	847008
46.44	0	0	847008
46.45	0	0	847008
46.46	0	0	847008
46.47	0	0	847008
46.480000000000004	0	0	847008
46.49	0	0	847008
46.5	0	0	847008
46.51	0	0	847008
46.52	0	0	847008
46.53	0	0	847008
46.54	0	0	847008
46.550000000000004	0	0	847008
46.56	0	0	847008
46.57	0	0	847008
46.58	0	0	847008
46.59	0	0	847008
46.6	0	0	847008
46.61	0	0	847008
46.62	0	0	847008
46.63	0	0	847008
46.64	0	0	847008
46.65	0	0	847008
46.660000000000004	0	0	847008
46.67	0	0	847008
46.68	0	0	847008
46.69	0	0	847008
46.7	0	0	847008
46.71	0	0	847008
46.72	0	0	847008
46.730000000000004	0	0	847008
46.74	0	0	847008
46.75	0	0	847008
46.76	0	0	847008
46.77	0	0	847008
46.78	0	0	847008
46.79	0	0	847008
46.800000000000004	0	0	847008
46.81	0	0	847008
46.82	0	0	847008
46.83	0	0	847008
46.84	0	0	847008
46.85	0	0	847008
46.86	0	0	847008
46.87	0	0	847008
46.88	0	0	847008
46.89	0	0	847008
46.9	0	0	847008
46.910000000000004	0	0	847008
46.92	0	0	847008
46.93	0	0	847008
46.94	0	0	847008
46.95	0	0	847008
46.96	0	0	847008
46.97	0	0	847008
46.980000000000004	0	0	847008
46.99	0	0	847008
47.0	0	0	847008
47.01	0	0	847008
47.02	0	0	847008
47.03	0	0	847008
47.04	0	0	847008
47.050000000000004	0	0	847008
47.06	0	0	847008
47.07	0	0	847008
47.08	0	0	847008
47.09	0	0	847008
47.1	0	0	847008
47.11	0	0	847008
47.12	0	0	847008
47.13	0	0	847008
47.14	0	0	847008
47.15	0	0	847008
47.160000000000004	0	0	847008
47.17	0	0	847008
47.18	0	0	847008
47.19	0	0	847008
47.2	0	0	847008
47.21	0	0	847008
47.22	0	0	847008
47.230000000000004	0	0	847008
47.24	0	0	847008
47.25	0	0	847008
47.26	0	0	847008
47.27	0	0	847008
47.28	0	0	847008
47.29	0	0	847008
47.300000000000004	0	0	847008
47.31	0	0	847008
47.32	0	0	847008
47.33	0	0	847008
47.34	0	0	847008
47.35	0	0	847008
47.36	0	0	847008
47.37	0	0	847008
47.38	0	0	847008
47.39	0	0	847008
47.4	0	0	847008
47.410000000000004	0	0	847008
47.42	0	0	847008
47.43	0	0	847008
47.44	0	0	847008
47.45	0	0	847008
47.46	0	0	847008
47.47	0	0	847008
47.480000000000004	0	0	847008
47.49	0	0	847008
47.5	0	0	847008
47.51	0	0	847008
47.52	0	0	847008
47.53	0	0	847008
47.54	0	0	847008
47.550000000000004	0	0	847008
47.56	0	0	847008
47.57	0	0	847008
47.58	0	0	847008
47.59	0	0	847008
47.6	0	0	847008
47.61	0	0	847008
47.62	0	0	847008
47.63	0	0	847008
47.64	0	0	847008
47.65	0	0	847008
47.660000000000004	0	0	847008
47.67	0	0	847008
47.68	0	0	847008
47.69	0	0	847008
47.7	0	0	847008
47.71	0	0	847008
47.72	0	0	847008
47.730000000000004	0	0	847008
47.74	0	0	847008
47.75	0	0	847008
47.76	0	0	847008
47.77	0	0	847008
47.78	0	0	847008
47.79	0	0	847008
47.800000000000004	0	0	847008
47.81	0	0	847008
47.82	0	0	847008
47.83	0	0	847008
47.84	0	0	847008
47.85	0	0	847008
47.86	0	0	847008
47.870000000000005	0	0	847008
47.88	0	0	847008
47.89	0	0	847008
47.9	0	0	847008
47.910000000000004	0	0	847008
47.92	0	0	847008
47.93	0	0	847008
47.94	0	0	847008
47.95	0	0	847008
47.96	0	0	847008
47.97	0	0	847008
47.980000000000004	0	0	847008
47.99	0	0	847008
48.0	0	0	847008
48.01	0	0	847008
48.02	0	0	847008
48.03	0	0	847008
48.04	0	0	847008
48.050000000000004	0	0	847008
48.06	0	0	847008
48.07	0	0	847008
48.08	0	0	847008
48.09	0	0	847008
48.1	0	0	847008
48.11	0	0	847008
48.120000000000005	0	0	847008
48.13	0	0	847008
48.14	0	0	847008
48.15	0	0	847008
48.160000000000004	0	0	847008
48.17	0	0	847008
48.18	0	0	847008
48.19	0	0	847008
48.2	0	0	847008
48.21	0	0	847008
48.22	0	0	847008
48.230000000000004	0	0	847008
48.24	0	0	847008
48.25	0	0	847008
48.26	0	0	847008
48.27	0	0	847008
48.28	0	0	847008
48.29	0	0	847008
48.300000000000004	0	0	847008
48.31	0	0	847008
48.32	0	0	847008
48.33	0	0	847008
48.34	0	0	847008
48.35	0	0	847008
48.36	0	0	847008
48.370000000000005	0	0	847008
48.38	0	0	847008
48.39	0	0	847008
48.4	0	0	847008
48.410000000000004	0	0	847008
48.42	0	0	847008
48.43	0	0	847008
48.44	0	0	847008
48.45	0	0	847008
48.46	0	0	847008
48.47	0	0	847008
48.480000000000004	0	0	847008
48.49	0	0	847008
48.5	0	0	847008
48.51	0	0	847008
48.52	0	0	847008
48.53	0	0	847008
48.54	0	0	847008
48.550000000000004	0	0	847008
48.56	0	0	847008
48.57	0	0	847008
48.58	0	0	847008
48.59	0	0	847008
48.6	0	0	847008
48.61	0	0	847008
48.620000000000005	0	0	847008
48.63	0	0	847008
48.64	0	0	847008
48.65	0	0	847008
48.660000000000004	0	0	847008
48.67	0	0	847008
48.68	0	0	847008
48.69	0	0	847008
48.7	0	0	847008
48.71	0	0	847008
48.72	0	0	847008
48.730000000000004	0	0	847008
48.74	0	0	847008
48.75	0	0	847008
48.76	0	0	847008
48.77	0	0	847008
48.78	0	0	847008
48.79	0	0	847008
48.800000000000004	0	0	847008
48.81	0	0	847008
48.82	0	0	847008
48.83	0	0	847008
48.84	0	0	847008
48.85	0	0	847008
48.86	0	0	847008
48.870000000000005	0	0	847008
48.88	0	0	847008
48.89	0	0	847008
48.9	0	0	847008
48.910000000000004	0	0	847008
48.92	0	0	847008
48.93	0	0	847008
48.94	0	0	847008
48.95	0	0	847008
48.96	0	0	847008
48.97	0	0	847008
48.980000000000004	0	0	847008
48.99	0	0	847008
49.0	0	0	847008
49.01	0	0	847008
49.02	0	0	847008
49.03	0	0	847008
49.04	0	0	847008
49.050000000000004	0	0	847008
49.06	0	0	847008
49.07	0	0	847008
49.08	0	0	847008
49.09	0	0	847008
49.1	0	0	847008
49.11	0	0	847008
49.120000000000005	0	0	847008
49.13	0	0	847008
49.14	0	0	847008
49.15	0	0	847008
49.160000000000004	0	0	847008
49.17	0	0	847008
49.18	0	0	847008
49.19	0	0	847008
49.2	0	0	847008
49.21	0	0	847008
49.22	0	0	847008
49.230000000000004	0	0	847008
49.24	0	0	847008
49.25	0	0	847008
49.26	0	0	847008
49.27	0	0	847008
49.28	0	0	847008
49.29	0	0	847008
49.300000000000004	0	0	847008
49.31	0	0	847008
49.32	0	0	847008
49.33	0	0	847008
49.34	0	0	847008
49.35	0	0	847008
49.36	0	0	847008
49.370000000000005	0	0	847008
49.38	0	0	847008
49.39	0	0	847008
49.4	0	0	847008
49.410000000000004	0	0	847008
49.42	0	0	847008
49.43	0	0	847008
49.44	0	0	847008
49.45	0	0	847008
49.46	0	0	847008
49.47	0	0	847008
49.480000000000004	0	0	847008
49.49	0	0	847008
49.5	0	0	847008
49.51	0	0	847008
49.52	0	0	847008
49.53	0	0	847008
49.54	0	0	847008
49.550000000000004	0	0	847008
49.56	0	0	847008
49.57	0	0	847008
49.58	0	0	847008
49.59	0	0	847008
49.6	0	0	847008
49.61	0	0	847008
49.620000000000005	0	0	847008
49.63	0	0	847008
49.64	0	0	847008
49.65	0	0	847008
49.660000000000004	0	0	847008
49.67	0	0	847008
49.68	0	0	847008
49.69	0	0	847008
49.7	0	0	847008
49.71	0	0	847008
49.72	0	0	847008
49.730000000000004	0	0	847008
49.74	0	0	847008
49.75	0	0	847008
49.76	0	0	847008
49.77	0	0	847008
49.78	0	0	847008
49.79	0	0	847008
49.800000000000004	0	0	847008
49.81	0	0	847008
49.82	0	0	847008
49.83	0	0	847008
49.84	0	0	847008
49.85	0	0	847008
49.86	0	0	847008
49.870000000000005	0	0	847008
49.88	0	0	847008
49.89	0	0	847008
49.9	0	0	847008
49.910000000000004	0	0	847008
49.92	0	0	847008
49.93	0	0	847008
49.94	0	0	847008
49.95	0	0	847008
49.96	0	0	847008
49.97	0	0	847008
49.980000000000004	0	0	847008
49.99	0	0	847008
50.0	0	0	847008
50.01	0	0	847008
50.02	0	0	847008
50.03	0	0	847008
50.04	0	0	847008
50.050000000000004	0	0	847008
50.06	0	0	847008
50.07	0	0	847008
50.08	0	0	847008
50.09	0	0	847008
50.1	0	0	847008
50.11	0	0	847008
50.120000000000005	0	0	847008
50.13	0	0	847008
50.14	0	0	847008
50.15	0	0	847008
50.160000000000004	0	0	847008
50.17	0	0	847008
50.18	0	0	847008
50.19	0	0	847008
50.2	0	0	847008
50.21	0	0	847008
50.22	0	0	847008
50.230000000000004	0	0	847008
50.24	0	0	847008
50.25	0	0	847008
50.26	0	0	847008
50.27	0	0	847008
50.28	0	0	847008
50.29	0	0	847008
50.300000000000004	0	0	847008
50.31	0	0	847008
50.32	0	0	847008
50.33	0	0	847008
50.34	0	0	847008
50.35	0	0	847008
50.36	0	0	847008
50.370000000000005	0	0	847008
50.38	0	0	847008
50.39	0	0	847008
50.4	0	0	847008
50.410000000000004	0	0	847008
50.42	0	0	847008
50.43	0	0	847008
50.44	0	0	847008
50.45	0	0	847008
50.46	0	0	847008
50.47	0	0	847008
50.480000000000004	0	0	847008
50.49	0	0	847008
50.5	0	0	847008
50.51	0	0	847008
50.52	0	0	847008
50.53	0	0	847008
50.54	0	0	847008
50.550000000000004	0	0	847008
50.56	0	0	847008
50.57	0	0	847008
50.58	0	0	847008
50.59	0	0	847008
50.6	0	0	847008
50.61	0	0	847008
50.620000000000005	0	0	847008
50.63	0	0	847008
50.64	0	0	847008
50.65	0	0	847008
50.660000000000004	0	0	847008
50.67	0	0	847008
50.68	0	0	847008
50.69	0	0	847008
50.7	0	0	847008
50.71	0	0	847008
50.72	0	0	847008
50.730000000000004	0	0	847008
50.74	0	0	847008
50.75	0	0	847008
50.76	0	0	847008
50.77	0	0	847008
50.78	0	0	847008
50.79	0	0	847008
50.800000000000004	0	0	847008
50.81	0	0	847008
50.82	0	0	847008
50.83	0	0	847008
50.84	0	0	847008
50.85	0	0	847008
50.86	0	0	847008
50.870000000000005	0	0	847008
50.88	0	0	847008
50.89	0	0	847008
50.9	0	0	847008
50.910000000000004	0	0	847008
50.92	0	0	847008
50.93	0	0	847008
50.94	0	0	847008
50.95	0	0	847008
50.96	0	0	847008
50.97	0	0	847008
50.980000000000004	0	0	847008
50.99	0	0	847008
51.0	0	0	847008
51.01	0	0	847008
51.02	0	0	847008
51.03	0	0	847008
51.04	0	0	847008
51.050000000000004	0	0	847008
51.06	0	0	847008
51.07	0	0	847008
51.08	0	0	847008
51.09	0	0	847008
51.1	0	0	847008
51.11	0	0	847008
51.120000000000005	0	0	847008
51.13	0	0	847008
51.14	0	0	847008
51.15	0	0	847008
51.160000000000004	0	0	847008
51.17	0	0	847008
51.18	0	0	847008
51.19	0	0	847008
51.2	0	0	847008
51.21	0	0	847008
51.22	0	0	847008
51.230000000000004	0	0	847008
51.24	0	0	847008
51.25	0	0	847008
51.26	0	0	847008
51.27	0	0	847008
51.28	0	0	847008
51.29	0	0	847008
51.300000000000004	0	0	847008
51.31	0	0	847008
51.32	0	0	847008
51.33	0	0	847008
51.34	0	0	847008
51.35	0	0	847008
51.36	0	0	847008
51.370000000000005	0	0	847008
51.38	0	0	847008
51.39	0	0	847008
51.4	0	0	847008
51.410000000000004	0	0	847008
51.42	0	0	847008
51.43	0	0	847008
51.44	0	0	847008
51.45	0	0	847008
51.46	0	0	847008
51.47	0	0	847008
51.480000000000004	0	0	847008
51.49	0	0	847008
51.5	0	0	847008
51.51	0	0	847008
51.52	0	0	847008
51.53	0	0	847008
51.54	0	0	847008
51.550000000000004	0	0	847008
51.56	0	0	847008
51.57	0	0	847008
51.58	0	0	847008
51.59	0	0	847008
51.6	0	0	847008
51.61	0	0	847008
51.620000000000005	0	0	847008
51.63	0	0	847008
51.64	0	0	847008
51.65	0	0	847008
51.660000000000004	0	0	847008
51.67	0	0	847008
51.68	0	0	847008
51.69	0	0	847008
51.7	0	0	847008
51.71	0	0	847008
51.72	0	0	847008
51.730000000000004	0	0	847008
51.74	0	0	847008
51.75	0	0	847008
51.76	0	0	847008
51.77	0	0	847008
51.78	0	0	847008
51.79	0	0	847008
51.800000000000004	0	0	847008
51.81	0	0	847008
51.82	0	0	847008
51.83	0	0	847008
51.84	0	0	847008
51.85	0	0	847008
51.86	0	0	847008
51.870000000000005	0	0	847008
51.88	0	0	847008
51.89	0	0	847008
51.9	0	0	847008
51.910000000000004	0	0	847008
51.92	0	0	847008
51.93	0	0	847008
51.94	0	0	847008
51.95	0	0	847008
51.96	0	0	847008
51.97	0	0	847008
51.980000000000004	0	0	847008
51.99	0	0	847008
52.0	0	0	847008
