#t 	Susceptible 	Infected 	Recovered
0 	0	0	562958
0.01	0	0	562958
0.02	0	0	562958
0.03	0	0	562958
0.04	0	0	562958
0.05	0	0	562958
0.06	0	0	562958
0.07	0	0	562958
0.08	0	0	562958
0.09	0	0	562958
0.1	0	0	562958
0.11	0	0	562958
0.12	0	0	562958
0.13	0	0	562958
0.14	0	0	562958
0.15	0	0	562958
0.16	0	0	562958
0.17	0	0	562958
0.18	0	0	562958
0.19	0	0	562958
0.2	0	0	562958
0.21	0	0	562958
0.22	0	0	562958
0.23	0	0	562958
0.24	0	0	562958
0.25	0	0	562958
0.26	0	0	562958
0.27	0	0	562958
0.28	0	0	562958
0.29	0	0	562958
0.3	0	0	562958
0.31	0	0	562958
0.32	0	0	562958
0.33	0	0	562958
0.34	0	0	562958
0.35000000000000003	0	0	562958
0.36	0	0	562958
0.37	0	0	562958
0.38	0	0	562958
0.39	0	0	562958
0.4	0	0	562958
0.41000000000000003	0	0	562958
0.42	0	0	562958
0.43	0	0	562958
0.44	0	0	562958
0.45	0	0	562958
0.46	0	0	562958
0.47000000000000003	0	0	562958
0.48	0	0	562958
0.49	0	0	562958
0.5	0	0	562958
0.51	0	0	562958
0.52	0	0	562958
0.53	0	0	562958
0.54	0	0	562958
0.55	0	0	562958
0.56	0	0	562958
0.5700000000000001	0	0	562958
0.58	0	0	562958
0.59	0	0	562958
0.6	0	0	562958
0.61	0	0	562958
0.62	0	0	562958
0.63	0	0	562958
0.64	0	0	562958
0.65	0	0	562958
0.66	0	0	562958
0.67	0	0	562958
0.68	0	0	562958
0.6900000000000001	0	0	562958
0.7000000000000001	0	0	562958
0.71	0	0	562958
0.72	0	0	562958
0.73	0	0	562958
0.74	0	0	562958
0.75	0	0	562958
0.76	0	0	562958
0.77	0	0	562958
0.78	0	0	562958
0.79	0	0	562958
0.8	0	0	562958
0.81	0	0	562958
0.8200000000000001	0	0	562958
0.8300000000000001	0	0	562958
0.84	0	0	562958
0.85	0	0	562958
0.86	0	0	562958
0.87	0	0	562958
0.88	0	0	562958
0.89	0	0	562958
0.9	0	0	562958
0.91	0	0	562958
0.92	0	0	562958
0.93	0	0	562958
0.9400000000000001	0	0	562958
0.9500000000000001	0	0	562958
0.96	0	0	562958
0.97	0	0	562958
0.98	0	0	562958
0.99	0	0	562958
1.0	0	0	562958
1.01	0	0	562958
1.02	0	0	562958
1.03	0	0	562958
1.04	0	0	562958
1.05	0	0	562958
1.06	0	0	562958
1.07	0	0	562958
1.08	0	0	562958
1.09	0	0	562958
1.1	0	0	562958
1.11	0	0	562958
1.12	0	0	562958
1.1300000000000001	0	0	562958
1.1400000000000001	0	0	562958
1.1500000000000001	0	0	562958
1.16	0	0	562958
1.17	0	0	562958
1.18	0	0	562958
1.19	0	0	562958
1.2	0	0	562958
1.21	0	0	562958
1.22	0	0	562958
1.23	0	0	562958
1.24	0	0	562958
1.25	0	0	562958
1.26	0	0	562958
1.27	0	0	562958
1.28	0	0	562958
1.29	0	0	562958
1.3	0	0	562958
1.31	0	0	562958
1.32	0	0	562958
1.33	0	0	562958
1.34	0	0	562958
1.35	0	0	562958
1.36	0	0	562958
1.37	0	0	562958
1.3800000000000001	0	0	562958
1.3900000000000001	0	0	562958
1.4000000000000001	0	0	562958
1.41	0	0	562958
1.42	0	0	562958
1.43	0	0	562958
1.44	0	0	562958
1.45	0	0	562958
1.46	0	0	562958
1.47	0	0	562958
1.48	0	0	562958
1.49	0	0	562958
1.5	0	0	562958
1.51	0	0	562958
1.52	0	0	562958
1.53	0	0	562958
1.54	0	0	562958
1.55	0	0	562958
1.56	0	0	562958
1.57	0	0	562958
1.58	0	0	562958
1.59	0	0	562958
1.6	0	0	562958
1.61	0	0	562958
1.62	0	0	562958
1.6300000000000001	0	0	562958
1.6400000000000001	0	0	562958
1.6500000000000001	0	0	562958
1.6600000000000001	0	0	562958
1.67	0	0	562958
1.68	0	0	562958
1.69	0	0	562958
1.7	0	0	562958
1.71	0	0	562958
1.72	0	0	562958
1.73	0	0	562958
1.74	0	0	562958
1.75	0	0	562958
1.76	0	0	562958
1.77	0	0	562958
1.78	0	0	562958
1.79	0	0	562958
1.8	0	0	562958
1.81	0	0	562958
1.82	0	0	562958
1.83	0	0	562958
1.84	0	0	562958
1.85	0	0	562958
1.86	0	0	562958
1.87	0	0	562958
1.8800000000000001	0	0	562958
1.8900000000000001	0	0	562958
1.9000000000000001	0	0	562958
1.9100000000000001	0	0	562958
1.92	0	0	562958
1.93	0	0	562958
1.94	0	0	562958
1.95	0	0	562958
1.96	0	0	562958
1.97	0	0	562958
1.98	0	0	562958
1.99	0	0	562958
2.0	0	0	562958
2.0100000000000002	0	0	562958
2.02	0	0	562958
2.0300000000000002	0	0	562958
2.04	0	0	562958
2.05	0	0	562958
2.06	0	0	562958
2.07	0	0	562958
2.08	0	0	562958
2.09	0	0	562958
2.1	0	0	562958
2.11	0	0	562958
2.12	0	0	562958
2.13	0	0	562958
2.14	0	0	562958
2.15	0	0	562958
2.16	0	0	562958
2.17	0	0	562958
2.18	0	0	562958
2.19	0	0	562958
2.2	0	0	562958
2.21	0	0	562958
2.22	0	0	562958
2.23	0	0	562958
2.24	0	0	562958
2.25	0	0	562958
2.2600000000000002	0	0	562958
2.27	0	0	562958
2.2800000000000002	0	0	562958
2.29	0	0	562958
2.3000000000000003	0	0	562958
2.31	0	0	562958
2.32	0	0	562958
2.33	0	0	562958
2.34	0	0	562958
2.35	0	0	562958
2.36	0	0	562958
2.37	0	0	562958
2.38	0	0	562958
2.39	0	0	562958
2.4	0	0	562958
2.41	0	0	562958
2.42	0	0	562958
2.43	0	0	562958
2.44	0	0	562958
2.45	0	0	562958
2.46	0	0	562958
2.47	0	0	562958
2.48	0	0	562958
2.49	0	0	562958
2.5	0	0	562958
2.5100000000000002	0	0	562958
2.52	0	0	562958
2.5300000000000002	0	0	562958
2.54	0	0	562958
2.5500000000000003	0	0	562958
2.56	0	0	562958
2.57	0	0	562958
2.58	0	0	562958
2.59	0	0	562958
2.6	0	0	562958
2.61	0	0	562958
2.62	0	0	562958
2.63	0	0	562958
2.64	0	0	562958
2.65	0	0	562958
2.66	0	0	562958
2.67	0	0	562958
2.68	0	0	562958
2.69	0	0	562958
2.7	0	0	562958
2.71	0	0	562958
2.72	0	0	562958
2.73	0	0	562958
2.74	0	0	562958
2.75	0	0	562958
2.7600000000000002	0	0	562958
2.77	0	0	562958
2.7800000000000002	0	0	562958
2.79	0	0	562958
2.8000000000000003	0	0	562958
2.81	0	0	562958
2.82	0	0	562958
2.83	0	0	562958
2.84	0	0	562958
2.85	0	0	562958
2.86	0	0	562958
2.87	0	0	562958
2.88	0	0	562958
2.89	0	0	562958
2.9	0	0	562958
2.91	0	0	562958
2.92	0	0	562958
2.93	0	0	562958
2.94	0	0	562958
2.95	0	0	562958
2.96	0	0	562958
2.97	0	0	562958
2.98	0	0	562958
2.99	0	0	562958
3.0	0	0	562958
3.0100000000000002	0	0	562958
3.02	0	0	562958
3.0300000000000002	0	0	562958
3.04	0	0	562958
3.0500000000000003	0	0	562958
3.06	0	0	562958
3.0700000000000003	0	0	562958
3.08	0	0	562958
3.09	0	0	562958
3.1	0	0	562958
3.11	0	0	562958
3.12	0	0	562958
3.13	0	0	562958
3.14	0	0	562958
3.15	0	0	562958
3.16	0	0	562958
3.17	0	0	562958
3.18	0	0	562958
3.19	0	0	562958
3.2	0	0	562958
3.21	0	0	562958
3.22	0	0	562958
3.23	0	0	562958
3.24	0	0	562958
3.25	0	0	562958
3.2600000000000002	0	0	562958
3.27	0	0	562958
3.2800000000000002	0	0	562958
3.29	0	0	562958
3.3000000000000003	0	0	562958
3.31	0	0	562958
3.3200000000000003	0	0	562958
3.33	0	0	562958
3.34	0	0	562958
3.35	0	0	562958
3.36	0	0	562958
3.37	0	0	562958
3.38	0	0	562958
3.39	0	0	562958
3.4	0	0	562958
3.41	0	0	562958
3.42	0	0	562958
3.43	0	0	562958
3.44	0	0	562958
3.45	0	0	562958
3.46	0	0	562958
3.47	0	0	562958
3.48	0	0	562958
3.49	0	0	562958
3.5	0	0	562958
3.5100000000000002	0	0	562958
3.52	0	0	562958
3.5300000000000002	0	0	562958
3.54	0	0	562958
3.5500000000000003	0	0	562958
3.56	0	0	562958
3.5700000000000003	0	0	562958
3.58	0	0	562958
3.59	0	0	562958
3.6	0	0	562958
3.61	0	0	562958
3.62	0	0	562958
3.63	0	0	562958
3.64	0	0	562958
3.65	0	0	562958
3.66	0	0	562958
3.67	0	0	562958
3.68	0	0	562958
3.69	0	0	562958
3.7	0	0	562958
3.71	0	0	562958
3.72	0	0	562958
3.73	0	0	562958
3.74	0	0	562958
3.75	0	0	562958
3.7600000000000002	0	0	562958
3.77	0	0	562958
3.7800000000000002	0	0	562958
3.79	0	0	562958
3.8000000000000003	0	0	562958
3.81	0	0	562958
3.8200000000000003	0	0	562958
3.83	0	0	562958
3.84	0	0	562958
3.85	0	0	562958
3.86	0	0	562958
3.87	0	0	562958
3.88	0	0	562958
3.89	0	0	562958
3.9	0	0	562958
3.91	0	0	562958
3.92	0	0	562958
3.93	0	0	562958
3.94	0	0	562958
3.95	0	0	562958
3.96	0	0	562958
3.97	0	0	562958
3.98	0	0	562958
3.99	0	0	562958
4.0	0	0	562958
4.01	0	0	562958
4.0200000000000005	0	0	562958
4.03	0	0	562958
4.04	0	0	562958
4.05	0	0	562958
4.0600000000000005	0	0	562958
4.07	0	0	562958
4.08	0	0	562958
4.09	0	0	562958
4.1	0	0	562958
4.11	0	0	562958
4.12	0	0	562958
4.13	0	0	562958
4.14	0	0	562958
4.15	0	0	562958
4.16	0	0	562958
4.17	0	0	562958
4.18	0	0	562958
4.19	0	0	562958
4.2	0	0	562958
4.21	0	0	562958
4.22	0	0	562958
4.23	0	0	562958
4.24	0	0	562958
4.25	0	0	562958
4.26	0	0	562958
4.2700000000000005	0	0	562958
4.28	0	0	562958
4.29	0	0	562958
4.3	0	0	562958
4.3100000000000005	0	0	562958
4.32	0	0	562958
4.33	0	0	562958
4.34	0	0	562958
4.3500000000000005	0	0	562958
4.36	0	0	562958
4.37	0	0	562958
4.38	0	0	562958
4.39	0	0	562958
4.4	0	0	562958
4.41	0	0	562958
4.42	0	0	562958
4.43	0	0	562958
4.44	0	0	562958
4.45	0	0	562958
4.46	0	0	562958
4.47	0	0	562958
4.48	0	0	562958
4.49	0	0	562958
4.5	0	0	562958
4.51	0	0	562958
4.5200000000000005	0	0	562958
4.53	0	0	562958
4.54	0	0	562958
4.55	0	0	562958
4.5600000000000005	0	0	562958
4.57	0	0	562958
4.58	0	0	562958
4.59	0	0	562958
4.6000000000000005	0	0	562958
4.61	0	0	562958
4.62	0	0	562958
4.63	0	0	562958
4.64	0	0	562958
4.65	0	0	562958
4.66	0	0	562958
4.67	0	0	562958
4.68	0	0	562958
4.69	0	0	562958
4.7	0	0	562958
4.71	0	0	562958
4.72	0	0	562958
4.73	0	0	562958
4.74	0	0	562958
4.75	0	0	562958
4.76	0	0	562958
4.7700000000000005	0	0	562958
4.78	0	0	562958
4.79	0	0	562958
4.8	0	0	562958
4.8100000000000005	0	0	562958
4.82	0	0	562958
4.83	0	0	562958
4.84	0	0	562958
4.8500000000000005	0	0	562958
4.86	0	0	562958
4.87	0	0	562958
4.88	0	0	562958
4.89	0	0	562958
4.9	0	0	562958
4.91	0	0	562958
4.92	0	0	562958
4.93	0	0	562958
4.94	0	0	562958
4.95	0	0	562958
4.96	0	0	562958
4.97	0	0	562958
4.98	0	0	562958
4.99	0	0	562958
5.0	0	0	562958
5.01	0	0	562958
5.0200000000000005	0	0	562958
5.03	0	0	562958
5.04	0	0	562958
5.05	0	0	562958
5.0600000000000005	0	0	562958
5.07	0	0	562958
5.08	0	0	562958
5.09	0	0	562958
5.1000000000000005	0	0	562958
5.11	0	0	562958
5.12	0	0	562958
5.13	0	0	562958
5.14	0	0	562958
5.15	0	0	562958
5.16	0	0	562958
5.17	0	0	562958
5.18	0	0	562958
5.19	0	0	562958
5.2	0	0	562958
5.21	0	0	562958
5.22	0	0	562958
5.23	0	0	562958
5.24	0	0	562958
5.25	0	0	562958
5.26	0	0	562958
5.2700000000000005	0	0	562958
5.28	0	0	562958
5.29	0	0	562958
5.3	0	0	562958
5.3100000000000005	0	0	562958
5.32	0	0	562958
5.33	0	0	562958
5.34	0	0	562958
5.3500000000000005	0	0	562958
5.36	0	0	562958
5.37	0	0	562958
5.38	0	0	562958
5.39	0	0	562958
5.4	0	0	562958
5.41	0	0	562958
5.42	0	0	562958
5.43	0	0	562958
5.44	0	0	562958
5.45	0	0	562958
5.46	0	0	562958
5.47	0	0	562958
5.48	0	0	562958
5.49	0	0	562958
5.5	0	0	562958
5.51	0	0	562958
5.5200000000000005	0	0	562958
5.53	0	0	562958
5.54	0	0	562958
5.55	0	0	562958
5.5600000000000005	0	0	562958
5.57	0	0	562958
5.58	0	0	562958
5.59	0	0	562958
5.6000000000000005	0	0	562958
5.61	0	0	562958
5.62	0	0	562958
5.63	0	0	562958
5.64	0	0	562958
5.65	0	0	562958
5.66	0	0	562958
5.67	0	0	562958
5.68	0	0	562958
5.69	0	0	562958
5.7	0	0	562958
5.71	0	0	562958
5.72	0	0	562958
5.73	0	0	562958
5.74	0	0	562958
5.75	0	0	562958
5.76	0	0	562958
5.7700000000000005	0	0	562958
5.78	0	0	562958
5.79	0	0	562958
5.8	0	0	562958
5.8100000000000005	0	0	562958
5.82	0	0	562958
5.83	0	0	562958
5.84	0	0	562958
5.8500000000000005	0	0	562958
5.86	0	0	562958
5.87	0	0	562958
5.88	0	0	562958
5.89	0	0	562958
5.9	0	0	562958
5.91	0	0	562958
5.92	0	0	562958
5.93	0	0	562958
5.94	0	0	562958
5.95	0	0	562958
5.96	0	0	562958
5.97	0	0	562958
5.98	0	0	562958
5.99	0	0	562958
6.0	0	0	562958
6.01	0	0	562958
6.0200000000000005	0	0	562958
6.03	0	0	562958
6.04	0	0	562958
6.05	0	0	562958
6.0600000000000005	0	0	562958
6.07	0	0	562958
6.08	0	0	562958
6.09	0	0	562958
6.1000000000000005	0	0	562958
6.11	0	0	562958
6.12	0	0	562958
6.13	0	0	562958
6.140000000000001	0	0	562958
6.15	0	0	562958
6.16	0	0	562958
6.17	0	0	562958
6.18	0	0	562958
6.19	0	0	562958
6.2	0	0	562958
6.21	0	0	562958
6.22	0	0	562958
6.23	0	0	562958
6.24	0	0	562958
6.25	0	0	562958
6.26	0	0	562958
6.2700000000000005	0	0	562958
6.28	0	0	562958
6.29	0	0	562958
6.3	0	0	562958
6.3100000000000005	0	0	562958
6.32	0	0	562958
6.33	0	0	562958
6.34	0	0	562958
6.3500000000000005	0	0	562958
6.36	0	0	562958
6.37	0	0	562958
6.38	0	0	562958
6.390000000000001	0	0	562958
6.4	0	0	562958
6.41	0	0	562958
6.42	0	0	562958
6.43	0	0	562958
6.44	0	0	562958
6.45	0	0	562958
6.46	0	0	562958
6.47	0	0	562958
6.48	0	0	562958
6.49	0	0	562958
6.5	0	0	562958
6.51	0	0	562958
6.5200000000000005	0	0	562958
6.53	0	0	562958
6.54	0	0	562958
6.55	0	0	562958
6.5600000000000005	0	0	562958
6.57	0	0	562958
6.58	0	0	562958
6.59	0	0	562958
6.6000000000000005	0	0	562958
6.61	0	0	562958
6.62	0	0	562958
6.63	0	0	562958
6.640000000000001	0	0	562958
6.65	0	0	562958
6.66	0	0	562958
6.67	0	0	562958
6.68	0	0	562958
6.69	0	0	562958
6.7	0	0	562958
6.71	0	0	562958
6.72	0	0	562958
6.73	0	0	562958
6.74	0	0	562958
6.75	0	0	562958
6.76	0	0	562958
6.7700000000000005	0	0	562958
6.78	0	0	562958
6.79	0	0	562958
6.8	0	0	562958
6.8100000000000005	0	0	562958
6.82	0	0	562958
6.83	0	0	562958
6.84	0	0	562958
6.8500000000000005	0	0	562958
6.86	0	0	562958
6.87	0	0	562958
6.88	0	0	562958
6.890000000000001	0	0	562958
6.9	0	0	562958
6.91	0	0	562958
6.92	0	0	562958
6.93	0	0	562958
6.94	0	0	562958
6.95	0	0	562958
6.96	0	0	562958
6.97	0	0	562958
6.98	0	0	562958
6.99	0	0	562958
7.0	0	0	562958
7.01	0	0	562958
7.0200000000000005	0	0	562958
7.03	0	0	562958
7.04	0	0	562958
7.05	0	0	562958
7.0600000000000005	0	0	562958
7.07	0	0	562958
7.08	0	0	562958
7.09	0	0	562958
7.1000000000000005	0	0	562958
7.11	0	0	562958
7.12	0	0	562958
7.13	0	0	562958
7.140000000000001	0	0	562958
7.15	0	0	562958
7.16	0	0	562958
7.17	0	0	562958
7.18	0	0	562958
7.19	0	0	562958
7.2	0	0	562958
7.21	0	0	562958
7.22	0	0	562958
7.23	0	0	562958
7.24	0	0	562958
7.25	0	0	562958
7.26	0	0	562958
7.2700000000000005	0	0	562958
7.28	0	0	562958
7.29	0	0	562958
7.3	0	0	562958
7.3100000000000005	0	0	562958
7.32	0	0	562958
7.33	0	0	562958
7.34	0	0	562958
7.3500000000000005	0	0	562958
7.36	0	0	562958
7.37	0	0	562958
7.38	0	0	562958
7.390000000000001	0	0	562958
7.4	0	0	562958
7.41	0	0	562958
7.42	0	0	562958
7.43	0	0	562958
7.44	0	0	562958
7.45	0	0	562958
7.46	0	0	562958
7.47	0	0	562958
7.48	0	0	562958
7.49	0	0	562958
7.5	0	0	562958
7.51	0	0	562958
7.5200000000000005	0	0	562958
7.53	0	0	562958
7.54	0	0	562958
7.55	0	0	562958
7.5600000000000005	0	0	562958
7.57	0	0	562958
7.58	0	0	562958
7.59	0	0	562958
7.6000000000000005	0	0	562958
7.61	0	0	562958
7.62	0	0	562958
7.63	0	0	562958
7.640000000000001	0	0	562958
7.65	0	0	562958
7.66	0	0	562958
7.67	0	0	562958
7.68	0	0	562958
7.69	0	0	562958
7.7	0	0	562958
7.71	0	0	562958
7.72	0	0	562958
7.73	0	0	562958
7.74	0	0	562958
7.75	0	0	562958
7.76	0	0	562958
7.7700000000000005	0	0	562958
7.78	0	0	562958
7.79	0	0	562958
7.8	0	0	562958
7.8100000000000005	0	0	562958
7.82	0	0	562958
7.83	0	0	562958
7.84	0	0	562958
7.8500000000000005	0	0	562958
7.86	0	0	562958
7.87	0	0	562958
7.88	0	0	562958
7.890000000000001	0	0	562958
7.9	0	0	562958
7.91	0	0	562958
7.92	0	0	562958
7.930000000000001	0	0	562958
7.94	0	0	562958
7.95	0	0	562958
7.96	0	0	562958
7.97	0	0	562958
7.98	0	0	562958
7.99	0	0	562958
8.0	0	0	562958
8.01	0	0	562958
8.02	0	0	562958
8.03	0	0	562958
8.040000000000001	0	0	562958
8.05	0	0	562958
8.06	0	0	562958
8.07	0	0	562958
8.08	0	0	562958
8.09	0	0	562958
8.1	0	0	562958
8.11	0	0	562958
8.120000000000001	0	0	562958
8.13	0	0	562958
8.14	0	0	562958
8.15	0	0	562958
8.16	0	0	562958
8.17	0	0	562958
8.18	0	0	562958
8.19	0	0	562958
8.2	0	0	562958
8.21	0	0	562958
8.22	0	0	562958
8.23	0	0	562958
8.24	0	0	562958
8.25	0	0	562958
8.26	0	0	562958
8.27	0	0	562958
8.28	0	0	562958
8.290000000000001	0	0	562958
8.3	0	0	562958
8.31	0	0	562958
8.32	0	0	562958
8.33	0	0	562958
8.34	0	0	562958
8.35	0	0	562958
8.36	0	0	562958
8.370000000000001	0	0	562958
8.38	0	0	562958
8.39	0	0	562958
8.4	0	0	562958
8.41	0	0	562958
8.42	0	0	562958
8.43	0	0	562958
8.44	0	0	562958
8.45	0	0	562958
8.46	0	0	562958
8.47	0	0	562958
8.48	0	0	562958
8.49	0	0	562958
8.5	0	0	562958
8.51	0	0	562958
8.52	0	0	562958
8.53	0	0	562958
8.540000000000001	0	0	562958
8.55	0	0	562958
8.56	0	0	562958
8.57	0	0	562958
8.58	0	0	562958
8.59	0	0	562958
8.6	0	0	562958
8.61	0	0	562958
8.620000000000001	0	0	562958
8.63	0	0	562958
8.64	0	0	562958
8.65	0	0	562958
8.66	0	0	562958
8.67	0	0	562958
8.68	0	0	562958
8.69	0	0	562958
8.700000000000001	0	0	562958
8.71	0	0	562958
8.72	0	0	562958
8.73	0	0	562958
8.74	0	0	562958
8.75	0	0	562958
8.76	0	0	562958
8.77	0	0	562958
8.78	0	0	562958
8.790000000000001	0	0	562958
8.8	0	0	562958
8.81	0	0	562958
8.82	0	0	562958
8.83	0	0	562958
8.84	0	0	562958
8.85	0	0	562958
8.86	0	0	562958
8.870000000000001	0	0	562958
8.88	0	0	562958
8.89	0	0	562958
8.9	0	0	562958
8.91	0	0	562958
8.92	0	0	562958
8.93	0	0	562958
8.94	0	0	562958
8.950000000000001	0	0	562958
8.96	0	0	562958
8.97	0	0	562958
8.98	0	0	562958
8.99	0	0	562958
9.0	0	0	562958
9.01	0	0	562958
9.02	0	0	562958
9.03	0	0	562958
9.040000000000001	0	0	562958
9.05	0	0	562958
9.06	0	0	562958
9.07	0	0	562958
9.08	0	0	562958
9.09	0	0	562958
9.1	0	0	562958
9.11	0	0	562958
9.120000000000001	0	0	562958
9.13	0	0	562958
9.14	0	0	562958
9.15	0	0	562958
9.16	0	0	562958
9.17	0	0	562958
9.18	0	0	562958
9.19	0	0	562958
9.200000000000001	0	0	562958
9.21	0	0	562958
9.22	0	0	562958
9.23	0	0	562958
9.24	0	0	562958
9.25	0	0	562958
9.26	0	0	562958
9.27	0	0	562958
9.28	0	0	562958
9.290000000000001	0	0	562958
9.3	0	0	562958
9.31	0	0	562958
9.32	0	0	562958
9.33	0	0	562958
9.34	0	0	562958
9.35	0	0	562958
9.36	0	0	562958
9.370000000000001	0	0	562958
9.38	0	0	562958
9.39	0	0	562958
9.4	0	0	562958
9.41	0	0	562958
9.42	0	0	562958
9.43	0	0	562958
9.44	0	0	562958
9.450000000000001	0	0	562958
9.46	0	0	562958
9.47	0	0	562958
9.48	0	0	562958
9.49	0	0	562958
9.5	0	0	562958
9.51	0	0	562958
9.52	0	0	562958
9.53	0	0	562958
9.540000000000001	0	0	562958
9.55	0	0	562958
9.56	0	0	562958
9.57	0	0	562958
9.58	0	0	562958
9.59	0	0	562958
9.6	0	0	562958
9.61	0	0	562958
9.620000000000001	0	0	562958
9.63	0	0	562958
9.64	0	0	562958
9.65	0	0	562958
9.66	0	0	562958
9.67	0	0	562958
9.68	0	0	562958
9.69	0	0	562958
9.700000000000001	0	0	562958
9.71	0	0	562958
9.72	0	0	562958
9.73	0	0	562958
9.74	0	0	562958
9.75	0	0	562958
9.76	0	0	562958
9.77	0	0	562958
9.78	0	0	562958
9.790000000000001	0	0	562958
9.8	0	0	562958
9.81	0	0	562958
9.82	0	0	562958
9.83	0	0	562958
9.84	0	0	562958
9.85	0	0	562958
9.86	0	0	562958
9.870000000000001	0	0	562958
9.88	0	0	562958
9.89	0	0	562958
9.9	0	0	562958
9.91	0	0	562958
9.92	0	0	562958
9.93	0	0	562958
9.94	0	0	562958
9.950000000000001	0	0	562958
9.96	0	0	562958
9.97	0	0	562958
9.98	0	0	562958
9.99	0	0	562958
10.0	0	0	562958
10.01	0	0	562958
10.02	0	0	562958
10.03	0	0	562958
10.040000000000001	0	0	562958
10.05	0	0	562958
10.06	0	0	562958
10.07	0	0	562958
10.08	0	0	562958
10.09	0	0	562958
10.1	0	0	562958
10.11	0	0	562958
10.120000000000001	0	0	562958
10.13	0	0	562958
10.14	0	0	562958
10.15	0	0	562958
10.16	0	0	562958
10.17	0	0	562958
10.18	0	0	562958
10.19	0	0	562958
10.200000000000001	0	0	562958
10.21	0	0	562958
10.22	0	0	562958
10.23	0	0	562958
10.24	0	0	562958
10.25	0	0	562958
10.26	0	0	562958
10.27	0	0	562958
10.28	0	0	562958
10.290000000000001	0	0	562958
10.3	0	0	562958
10.31	0	0	562958
10.32	0	0	562958
10.33	0	0	562958
10.34	0	0	562958
10.35	0	0	562958
10.36	0	0	562958
10.370000000000001	0	0	562958
10.38	0	0	562958
10.39	0	0	562958
10.4	0	0	562958
10.41	0	0	562958
10.42	0	0	562958
10.43	0	0	562958
10.44	0	0	562958
10.450000000000001	0	0	562958
10.46	0	0	562958
10.47	0	0	562958
10.48	0	0	562958
10.49	0	0	562958
10.5	0	0	562958
10.51	0	0	562958
10.52	0	0	562958
10.53	0	0	562958
10.540000000000001	0	0	562958
10.55	0	0	562958
10.56	0	0	562958
10.57	0	0	562958
10.58	0	0	562958
10.59	0	0	562958
10.6	0	0	562958
10.61	0	0	562958
10.620000000000001	0	0	562958
10.63	0	0	562958
10.64	0	0	562958
10.65	0	0	562958
10.66	0	0	562958
10.67	0	0	562958
10.68	0	0	562958
10.69	0	0	562958
10.700000000000001	0	0	562958
10.71	0	0	562958
10.72	0	0	562958
10.73	0	0	562958
10.74	0	0	562958
10.75	0	0	562958
10.76	0	0	562958
10.77	0	0	562958
10.78	0	0	562958
10.790000000000001	0	0	562958
10.8	0	0	562958
10.81	0	0	562958
10.82	0	0	562958
10.83	0	0	562958
10.84	0	0	562958
10.85	0	0	562958
10.86	0	0	562958
10.870000000000001	0	0	562958
10.88	0	0	562958
10.89	0	0	562958
10.9	0	0	562958
10.91	0	0	562958
10.92	0	0	562958
10.93	0	0	562958
10.94	0	0	562958
10.950000000000001	0	0	562958
10.96	0	0	562958
10.97	0	0	562958
10.98	0	0	562958
10.99	0	0	562958
11.0	0	0	562958
11.01	0	0	562958
11.02	0	0	562958
11.03	0	0	562958
11.040000000000001	0	0	562958
11.05	0	0	562958
11.06	0	0	562958
11.07	0	0	562958
11.08	0	0	562958
11.09	0	0	562958
11.1	0	0	562958
11.11	0	0	562958
11.120000000000001	0	0	562958
11.13	0	0	562958
11.14	0	0	562958
11.15	0	0	562958
11.16	0	0	562958
11.17	0	0	562958
11.18	0	0	562958
11.19	0	0	562958
11.200000000000001	0	0	562958
11.21	0	0	562958
11.22	0	0	562958
11.23	0	0	562958
11.24	0	0	562958
11.25	0	0	562958
11.26	0	0	562958
11.27	0	0	562958
11.28	0	0	562958
11.290000000000001	0	0	562958
11.3	0	0	562958
11.31	0	0	562958
11.32	0	0	562958
11.33	0	0	562958
11.34	0	0	562958
11.35	0	0	562958
11.36	0	0	562958
11.370000000000001	0	0	562958
11.38	0	0	562958
11.39	0	0	562958
11.4	0	0	562958
11.41	0	0	562958
11.42	0	0	562958
11.43	0	0	562958
11.44	0	0	562958
11.450000000000001	0	0	562958
11.46	0	0	562958
11.47	0	0	562958
11.48	0	0	562958
11.49	0	0	562958
11.5	0	0	562958
11.51	0	0	562958
11.52	0	0	562958
11.53	0	0	562958
11.540000000000001	0	0	562958
11.55	0	0	562958
11.56	0	0	562958
11.57	0	0	562958
11.58	0	0	562958
11.59	0	0	562958
11.6	0	0	562958
11.61	0	0	562958
11.620000000000001	0	0	562958
11.63	0	0	562958
11.64	0	0	562958
11.65	0	0	562958
11.66	0	0	562958
11.67	0	0	562958
11.68	0	0	562958
11.69	0	0	562958
11.700000000000001	0	0	562958
11.71	0	0	562958
11.72	0	0	562958
11.73	0	0	562958
11.74	0	0	562958
11.75	0	0	562958
11.76	0	0	562958
11.77	0	0	562958
11.78	0	0	562958
11.790000000000001	0	0	562958
11.8	0	0	562958
11.81	0	0	562958
11.82	0	0	562958
11.83	0	0	562958
11.84	0	0	562958
11.85	0	0	562958
11.86	0	0	562958
11.870000000000001	0	0	562958
11.88	0	0	562958
11.89	0	0	562958
11.9	0	0	562958
11.91	0	0	562958
11.92	0	0	562958
11.93	0	0	562958
11.94	0	0	562958
11.950000000000001	0	0	562958
11.96	0	0	562958
11.97	0	0	562958
11.98	0	0	562958
11.99	0	0	562958
12.0	0	0	562958
12.01	0	0	562958
12.02	0	0	562958
12.030000000000001	0	0	562958
12.040000000000001	0	0	562958
12.05	0	0	562958
12.06	0	0	562958
12.07	0	0	562958
12.08	0	0	562958
12.09	0	0	562958
12.1	0	0	562958
12.11	0	0	562958
12.120000000000001	0	0	562958
12.13	0	0	562958
12.14	0	0	562958
12.15	0	0	562958
12.16	0	0	562958
12.17	0	0	562958
12.18	0	0	562958
12.19	0	0	562958
12.200000000000001	0	0	562958
12.21	0	0	562958
12.22	0	0	562958
12.23	0	0	562958
12.24	0	0	562958
12.25	0	0	562958
12.26	0	0	562958
12.27	0	0	562958
12.280000000000001	0	0	562958
12.290000000000001	0	0	562958
12.3	0	0	562958
12.31	0	0	562958
12.32	0	0	562958
12.33	0	0	562958
12.34	0	0	562958
12.35	0	0	562958
12.36	0	0	562958
12.370000000000001	0	0	562958
12.38	0	0	562958
12.39	0	0	562958
12.4	0	0	562958
12.41	0	0	562958
12.42	0	0	562958
12.43	0	0	562958
12.44	0	0	562958
12.450000000000001	0	0	562958
12.46	0	0	562958
12.47	0	0	562958
12.48	0	0	562958
12.49	0	0	562958
12.5	0	0	562958
12.51	0	0	562958
12.52	0	0	562958
12.530000000000001	0	0	562958
12.540000000000001	0	0	562958
12.55	0	0	562958
12.56	0	0	562958
12.57	0	0	562958
12.58	0	0	562958
12.59	0	0	562958
12.6	0	0	562958
12.61	0	0	562958
12.620000000000001	0	0	562958
12.63	0	0	562958
12.64	0	0	562958
12.65	0	0	562958
12.66	0	0	562958
12.67	0	0	562958
12.68	0	0	562958
12.69	0	0	562958
12.700000000000001	0	0	562958
12.71	0	0	562958
12.72	0	0	562958
12.73	0	0	562958
12.74	0	0	562958
12.75	0	0	562958
12.76	0	0	562958
12.77	0	0	562958
12.780000000000001	0	0	562958
12.790000000000001	0	0	562958
12.8	0	0	562958
12.81	0	0	562958
12.82	0	0	562958
12.83	0	0	562958
12.84	0	0	562958
12.85	0	0	562958
12.86	0	0	562958
12.870000000000001	0	0	562958
12.88	0	0	562958
12.89	0	0	562958
12.9	0	0	562958
12.91	0	0	562958
12.92	0	0	562958
12.93	0	0	562958
12.94	0	0	562958
12.950000000000001	0	0	562958
12.96	0	0	562958
12.97	0	0	562958
12.98	0	0	562958
12.99	0	0	562958
13.0	0	0	562958
13.01	0	0	562958
13.02	0	0	562958
13.030000000000001	0	0	562958
13.040000000000001	0	0	562958
13.05	0	0	562958
13.06	0	0	562958
13.07	0	0	562958
13.08	0	0	562958
13.09	0	0	562958
13.1	0	0	562958
13.11	0	0	562958
13.120000000000001	0	0	562958
13.13	0	0	562958
13.14	0	0	562958
13.15	0	0	562958
13.16	0	0	562958
13.17	0	0	562958
13.18	0	0	562958
13.19	0	0	562958
13.200000000000001	0	0	562958
13.21	0	0	562958
13.22	0	0	562958
13.23	0	0	562958
13.24	0	0	562958
13.25	0	0	562958
13.26	0	0	562958
13.27	0	0	562958
13.280000000000001	0	0	562958
13.290000000000001	0	0	562958
13.3	0	0	562958
13.31	0	0	562958
13.32	0	0	562958
13.33	0	0	562958
13.34	0	0	562958
13.35	0	0	562958
13.36	0	0	562958
13.370000000000001	0	0	562958
13.38	0	0	562958
13.39	0	0	562958
13.4	0	0	562958
13.41	0	0	562958
13.42	0	0	562958
13.43	0	0	562958
13.44	0	0	562958
13.450000000000001	0	0	562958
13.46	0	0	562958
13.47	0	0	562958
13.48	0	0	562958
13.49	0	0	562958
13.5	0	0	562958
13.51	0	0	562958
13.52	0	0	562958
13.530000000000001	0	0	562958
13.540000000000001	0	0	562958
13.55	0	0	562958
13.56	0	0	562958
13.57	0	0	562958
13.58	0	0	562958
13.59	0	0	562958
13.6	0	0	562958
13.61	0	0	562958
13.620000000000001	0	0	562958
13.63	0	0	562958
13.64	0	0	562958
13.65	0	0	562958
13.66	0	0	562958
13.67	0	0	562958
13.68	0	0	562958
13.69	0	0	562958
13.700000000000001	0	0	562958
13.71	0	0	562958
13.72	0	0	562958
13.73	0	0	562958
13.74	0	0	562958
13.75	0	0	562958
13.76	0	0	562958
13.77	0	0	562958
13.780000000000001	0	0	562958
13.790000000000001	0	0	562958
13.8	0	0	562958
13.81	0	0	562958
13.82	0	0	562958
13.83	0	0	562958
13.84	0	0	562958
13.85	0	0	562958
13.86	0	0	562958
13.870000000000001	0	0	562958
13.88	0	0	562958
13.89	0	0	562958
13.9	0	0	562958
13.91	0	0	562958
13.92	0	0	562958
13.93	0	0	562958
13.94	0	0	562958
13.950000000000001	0	0	562958
13.96	0	0	562958
13.97	0	0	562958
13.98	0	0	562958
13.99	0	0	562958
14.0	0	0	562958
14.01	0	0	562958
14.02	0	0	562958
14.030000000000001	0	0	562958
14.040000000000001	0	0	562958
14.05	0	0	562958
14.06	0	0	562958
14.07	0	0	562958
14.08	0	0	562958
14.09	0	0	562958
14.1	0	0	562958
14.11	0	0	562958
14.120000000000001	0	0	562958
14.13	0	0	562958
14.14	0	0	562958
14.15	0	0	562958
14.16	0	0	562958
14.17	0	0	562958
14.18	0	0	562958
14.19	0	0	562958
14.200000000000001	0	0	562958
14.21	0	0	562958
14.22	0	0	562958
14.23	0	0	562958
14.24	0	0	562958
14.25	0	0	562958
14.26	0	0	562958
14.27	0	0	562958
14.280000000000001	0	0	562958
14.290000000000001	0	0	562958
14.3	0	0	562958
14.31	0	0	562958
14.32	0	0	562958
14.33	0	0	562958
14.34	0	0	562958
14.35	0	0	562958
14.36	0	0	562958
14.370000000000001	0	0	562958
14.38	0	0	562958
14.39	0	0	562958
14.4	0	0	562958
14.41	0	0	562958
14.42	0	0	562958
14.43	0	0	562958
14.44	0	0	562958
14.450000000000001	0	0	562958
14.46	0	0	562958
14.47	0	0	562958
14.48	0	0	562958
14.49	0	0	562958
14.5	0	0	562958
14.51	0	0	562958
14.52	0	0	562958
14.530000000000001	0	0	562958
14.540000000000001	0	0	562958
14.55	0	0	562958
14.56	0	0	562958
14.57	0	0	562958
14.58	0	0	562958
14.59	0	0	562958
14.6	0	0	562958
14.61	0	0	562958
14.620000000000001	0	0	562958
14.63	0	0	562958
14.64	0	0	562958
14.65	0	0	562958
14.66	0	0	562958
14.67	0	0	562958
14.68	0	0	562958
14.69	0	0	562958
14.700000000000001	0	0	562958
14.71	0	0	562958
14.72	0	0	562958
14.73	0	0	562958
14.74	0	0	562958
14.75	0	0	562958
14.76	0	0	562958
14.77	0	0	562958
14.780000000000001	0	0	562958
14.790000000000001	0	0	562958
14.8	0	0	562958
14.81	0	0	562958
14.82	0	0	562958
14.83	0	0	562958
14.84	0	0	562958
14.85	0	0	562958
14.86	0	0	562958
14.870000000000001	0	0	562958
14.88	0	0	562958
14.89	0	0	562958
14.9	0	0	562958
14.91	0	0	562958
14.92	0	0	562958
14.93	0	0	562958
14.94	0	0	562958
14.950000000000001	0	0	562958
14.96	0	0	562958
14.97	0	0	562958
14.98	0	0	562958
14.99	0	0	562958
15.0	0	0	562958
15.01	0	0	562958
15.02	0	0	562958
15.030000000000001	0	0	562958
15.040000000000001	0	0	562958
15.05	0	0	562958
15.06	0	0	562958
15.07	0	0	562958
15.08	0	0	562958
15.09	0	0	562958
15.1	0	0	562958
15.11	0	0	562958
15.120000000000001	0	0	562958
15.13	0	0	562958
15.14	0	0	562958
15.15	0	0	562958
15.16	0	0	562958
15.17	0	0	562958
15.18	0	0	562958
15.19	0	0	562958
15.200000000000001	0	0	562958
15.21	0	0	562958
15.22	0	0	562958
15.23	0	0	562958
15.24	0	0	562958
15.25	0	0	562958
15.26	0	0	562958
15.27	0	0	562958
15.280000000000001	0	0	562958
15.290000000000001	0	0	562958
15.3	0	0	562958
15.31	0	0	562958
15.32	0	0	562958
15.33	0	0	562958
15.34	0	0	562958
15.35	0	0	562958
15.36	0	0	562958
15.370000000000001	0	0	562958
15.38	0	0	562958
15.39	0	0	562958
15.4	0	0	562958
15.41	0	0	562958
15.42	0	0	562958
15.43	0	0	562958
15.44	0	0	562958
15.450000000000001	0	0	562958
15.46	0	0	562958
15.47	0	0	562958
15.48	0	0	562958
15.49	0	0	562958
15.5	0	0	562958
15.51	0	0	562958
15.52	0	0	562958
15.530000000000001	0	0	562958
15.540000000000001	0	0	562958
15.55	0	0	562958
15.56	0	0	562958
15.57	0	0	562958
15.58	0	0	562958
15.59	0	0	562958
15.6	0	0	562958
15.610000000000001	0	0	562958
15.620000000000001	0	0	562958
15.63	0	0	562958
15.64	0	0	562958
15.65	0	0	562958
15.66	0	0	562958
15.67	0	0	562958
15.68	0	0	562958
15.69	0	0	562958
15.700000000000001	0	0	562958
15.71	0	0	562958
15.72	0	0	562958
15.73	0	0	562958
15.74	0	0	562958
15.75	0	0	562958
15.76	0	0	562958
15.77	0	0	562958
15.780000000000001	0	0	562958
15.790000000000001	0	0	562958
15.8	0	0	562958
15.81	0	0	562958
15.82	0	0	562958
15.83	0	0	562958
15.84	0	0	562958
15.85	0	0	562958
15.860000000000001	0	0	562958
15.870000000000001	0	0	562958
15.88	0	0	562958
15.89	0	0	562958
15.9	0	0	562958
15.91	0	0	562958
15.92	0	0	562958
15.93	0	0	562958
15.94	0	0	562958
15.950000000000001	0	0	562958
15.96	0	0	562958
15.97	0	0	562958
15.98	0	0	562958
15.99	0	0	562958
16.0	0	0	562958
16.01	0	0	562958
16.02	0	0	562958
16.03	0	0	562958
16.04	0	0	562958
16.05	0	0	562958
16.06	0	0	562958
16.07	0	0	562958
16.080000000000002	0	0	562958
16.09	0	0	562958
16.1	0	0	562958
16.11	0	0	562958
16.12	0	0	562958
16.13	0	0	562958
16.14	0	0	562958
16.15	0	0	562958
16.16	0	0	562958
16.17	0	0	562958
16.18	0	0	562958
16.19	0	0	562958
16.2	0	0	562958
16.21	0	0	562958
16.22	0	0	562958
16.23	0	0	562958
16.240000000000002	0	0	562958
16.25	0	0	562958
16.26	0	0	562958
16.27	0	0	562958
16.28	0	0	562958
16.29	0	0	562958
16.3	0	0	562958
16.31	0	0	562958
16.32	0	0	562958
16.330000000000002	0	0	562958
16.34	0	0	562958
16.35	0	0	562958
16.36	0	0	562958
16.37	0	0	562958
16.38	0	0	562958
16.39	0	0	562958
16.4	0	0	562958
16.41	0	0	562958
16.42	0	0	562958
16.43	0	0	562958
16.44	0	0	562958
16.45	0	0	562958
16.46	0	0	562958
16.47	0	0	562958
16.48	0	0	562958
16.490000000000002	0	0	562958
16.5	0	0	562958
16.51	0	0	562958
16.52	0	0	562958
16.53	0	0	562958
16.54	0	0	562958
16.55	0	0	562958
16.56	0	0	562958
16.57	0	0	562958
16.580000000000002	0	0	562958
16.59	0	0	562958
16.6	0	0	562958
16.61	0	0	562958
16.62	0	0	562958
16.63	0	0	562958
16.64	0	0	562958
16.65	0	0	562958
16.66	0	0	562958
16.67	0	0	562958
16.68	0	0	562958
16.69	0	0	562958
16.7	0	0	562958
16.71	0	0	562958
16.72	0	0	562958
16.73	0	0	562958
16.740000000000002	0	0	562958
16.75	0	0	562958
16.76	0	0	562958
16.77	0	0	562958
16.78	0	0	562958
16.79	0	0	562958
16.8	0	0	562958
16.81	0	0	562958
16.82	0	0	562958
16.830000000000002	0	0	562958
16.84	0	0	562958
16.85	0	0	562958
16.86	0	0	562958
16.87	0	0	562958
16.88	0	0	562958
16.89	0	0	562958
16.9	0	0	562958
16.91	0	0	562958
16.92	0	0	562958
16.93	0	0	562958
16.94	0	0	562958
16.95	0	0	562958
16.96	0	0	562958
16.97	0	0	562958
16.98	0	0	562958
16.990000000000002	0	0	562958
17.0	0	0	562958
17.01	0	0	562958
17.02	0	0	562958
17.03	0	0	562958
17.04	0	0	562958
17.05	0	0	562958
17.06	0	0	562958
17.07	0	0	562958
17.080000000000002	0	0	562958
17.09	0	0	562958
17.1	0	0	562958
17.11	0	0	562958
17.12	0	0	562958
17.13	0	0	562958
17.14	0	0	562958
17.150000000000002	0	0	562958
17.16	0	0	562958
17.17	0	0	562958
17.18	0	0	562958
17.19	0	0	562958
17.2	0	0	562958
17.21	0	0	562958
17.22	0	0	562958
17.23	0	0	562958
17.240000000000002	0	0	562958
17.25	0	0	562958
17.26	0	0	562958
17.27	0	0	562958
17.28	0	0	562958
17.29	0	0	562958
17.3	0	0	562958
17.31	0	0	562958
17.32	0	0	562958
17.330000000000002	0	0	562958
17.34	0	0	562958
17.35	0	0	562958
17.36	0	0	562958
17.37	0	0	562958
17.38	0	0	562958
17.39	0	0	562958
17.400000000000002	0	0	562958
17.41	0	0	562958
17.42	0	0	562958
17.43	0	0	562958
17.44	0	0	562958
17.45	0	0	562958
17.46	0	0	562958
17.47	0	0	562958
17.48	0	0	562958
17.490000000000002	0	0	562958
17.5	0	0	562958
17.51	0	0	562958
17.52	0	0	562958
17.53	0	0	562958
17.54	0	0	562958
17.55	0	0	562958
17.56	0	0	562958
17.57	0	0	562958
17.580000000000002	0	0	562958
17.59	0	0	562958
17.6	0	0	562958
17.61	0	0	562958
17.62	0	0	562958
17.63	0	0	562958
17.64	0	0	562958
17.650000000000002	0	0	562958
17.66	0	0	562958
17.67	0	0	562958
17.68	0	0	562958
17.69	0	0	562958
17.7	0	0	562958
17.71	0	0	562958
17.72	0	0	562958
17.73	0	0	562958
17.740000000000002	0	0	562958
17.75	0	0	562958
17.76	0	0	562958
17.77	0	0	562958
17.78	0	0	562958
17.79	0	0	562958
17.8	0	0	562958
17.81	0	0	562958
17.82	0	0	562958
17.830000000000002	0	0	562958
17.84	0	0	562958
17.85	0	0	562958
17.86	0	0	562958
17.87	0	0	562958
17.88	0	0	562958
17.89	0	0	562958
17.900000000000002	0	0	562958
17.91	0	0	562958
17.92	0	0	562958
17.93	0	0	562958
17.94	0	0	562958
17.95	0	0	562958
17.96	0	0	562958
17.97	0	0	562958
17.98	0	0	562958
17.990000000000002	0	0	562958
18.0	0	0	562958
18.01	0	0	562958
18.02	0	0	562958
18.03	0	0	562958
18.04	0	0	562958
18.05	0	0	562958
18.06	0	0	562958
18.07	0	0	562958
18.080000000000002	0	0	562958
18.09	0	0	562958
18.1	0	0	562958
18.11	0	0	562958
18.12	0	0	562958
18.13	0	0	562958
18.14	0	0	562958
18.150000000000002	0	0	562958
18.16	0	0	562958
18.17	0	0	562958
18.18	0	0	562958
18.19	0	0	562958
18.2	0	0	562958
18.21	0	0	562958
18.22	0	0	562958
18.23	0	0	562958
18.240000000000002	0	0	562958
18.25	0	0	562958
18.26	0	0	562958
18.27	0	0	562958
18.28	0	0	562958
18.29	0	0	562958
18.3	0	0	562958
18.31	0	0	562958
18.32	0	0	562958
18.330000000000002	0	0	562958
18.34	0	0	562958
18.35	0	0	562958
18.36	0	0	562958
18.37	0	0	562958
18.38	0	0	562958
18.39	0	0	562958
18.400000000000002	0	0	562958
18.41	0	0	562958
18.42	0	0	562958
18.43	0	0	562958
18.44	0	0	562958
18.45	0	0	562958
18.46	0	0	562958
18.47	0	0	562958
18.48	0	0	562958
18.490000000000002	0	0	562958
18.5	0	0	562958
18.51	0	0	562958
18.52	0	0	562958
18.53	0	0	562958
18.54	0	0	562958
18.55	0	0	562958
18.56	0	0	562958
18.57	0	0	562958
18.580000000000002	0	0	562958
18.59	0	0	562958
18.6	0	0	562958
18.61	0	0	562958
18.62	0	0	562958
18.63	0	0	562958
18.64	0	0	562958
18.650000000000002	0	0	562958
18.66	0	0	562958
18.67	0	0	562958
18.68	0	0	562958
18.69	0	0	562958
18.7	0	0	562958
18.71	0	0	562958
18.72	0	0	562958
18.73	0	0	562958
18.740000000000002	0	0	562958
18.75	0	0	562958
18.76	0	0	562958
18.77	0	0	562958
18.78	0	0	562958
18.79	0	0	562958
18.8	0	0	562958
18.81	0	0	562958
18.82	0	0	562958
18.830000000000002	0	0	562958
18.84	0	0	562958
18.85	0	0	562958
18.86	0	0	562958
18.87	0	0	562958
18.88	0	0	562958
18.89	0	0	562958
18.900000000000002	0	0	562958
18.91	0	0	562958
18.92	0	0	562958
18.93	0	0	562958
18.94	0	0	562958
18.95	0	0	562958
18.96	0	0	562958
18.97	0	0	562958
18.98	0	0	562958
18.990000000000002	0	0	562958
19.0	0	0	562958
19.01	0	0	562958
19.02	0	0	562958
19.03	0	0	562958
19.04	0	0	562958
19.05	0	0	562958
19.06	0	0	562958
19.07	0	0	562958
19.080000000000002	0	0	562958
19.09	0	0	562958
19.1	0	0	562958
19.11	0	0	562958
19.12	0	0	562958
19.13	0	0	562958
19.14	0	0	562958
19.150000000000002	0	0	562958
19.16	0	0	562958
19.17	0	0	562958
19.18	0	0	562958
19.19	0	0	562958
19.2	0	0	562958
19.21	0	0	562958
19.22	0	0	562958
19.23	0	0	562958
19.240000000000002	0	0	562958
19.25	0	0	562958
19.26	0	0	562958
19.27	0	0	562958
19.28	0	0	562958
19.29	0	0	562958
19.3	0	0	562958
19.31	0	0	562958
19.32	0	0	562958
19.330000000000002	0	0	562958
19.34	0	0	562958
19.35	0	0	562958
19.36	0	0	562958
19.37	0	0	562958
19.38	0	0	562958
19.39	0	0	562958
19.400000000000002	0	0	562958
19.41	0	0	562958
19.42	0	0	562958
19.43	0	0	562958
19.44	0	0	562958
19.45	0	0	562958
19.46	0	0	562958
19.47	0	0	562958
19.48	0	0	562958
19.490000000000002	0	0	562958
19.5	0	0	562958
19.51	0	0	562958
19.52	0	0	562958
19.53	0	0	562958
19.54	0	0	562958
19.55	0	0	562958
19.56	0	0	562958
19.57	0	0	562958
19.580000000000002	0	0	562958
19.59	0	0	562958
19.6	0	0	562958
19.61	0	0	562958
19.62	0	0	562958
19.63	0	0	562958
19.64	0	0	562958
19.650000000000002	0	0	562958
19.66	0	0	562958
19.67	0	0	562958
19.68	0	0	562958
19.69	0	0	562958
19.7	0	0	562958
19.71	0	0	562958
19.72	0	0	562958
19.73	0	0	562958
19.740000000000002	0	0	562958
19.75	0	0	562958
19.76	0	0	562958
19.77	0	0	562958
19.78	0	0	562958
19.79	0	0	562958
19.8	0	0	562958
19.81	0	0	562958
19.82	0	0	562958
19.830000000000002	0	0	562958
19.84	0	0	562958
19.85	0	0	562958
19.86	0	0	562958
19.87	0	0	562958
19.88	0	0	562958
19.89	0	0	562958
19.900000000000002	0	0	562958
19.91	0	0	562958
19.92	0	0	562958
19.93	0	0	562958
19.94	0	0	562958
19.95	0	0	562958
19.96	0	0	562958
19.97	0	0	562958
19.98	0	0	562958
19.990000000000002	0	0	562958
20.0	0	0	562958
20.01	0	0	562958
20.02	0	0	562958
20.03	0	0	562958
20.04	0	0	562958
20.05	0	0	562958
20.06	0	0	562958
20.07	0	0	562958
20.080000000000002	0	0	562958
20.09	0	0	562958
20.1	0	0	562958
20.11	0	0	562958
20.12	0	0	562958
20.13	0	0	562958
20.14	0	0	562958
20.150000000000002	0	0	562958
20.16	0	0	562958
20.17	0	0	562958
20.18	0	0	562958
20.19	0	0	562958
20.2	0	0	562958
20.21	0	0	562958
20.22	0	0	562958
20.23	0	0	562958
20.240000000000002	0	0	562958
20.25	0	0	562958
20.26	0	0	562958
20.27	0	0	562958
20.28	0	0	562958
20.29	0	0	562958
20.3	0	0	562958
20.31	0	0	562958
20.32	0	0	562958
20.330000000000002	0	0	562958
20.34	0	0	562958
20.35	0	0	562958
20.36	0	0	562958
20.37	0	0	562958
20.38	0	0	562958
20.39	0	0	562958
20.400000000000002	0	0	562958
20.41	0	0	562958
20.42	0	0	562958
20.43	0	0	562958
20.44	0	0	562958
20.45	0	0	562958
20.46	0	0	562958
20.47	0	0	562958
20.48	0	0	562958
20.490000000000002	0	0	562958
20.5	0	0	562958
20.51	0	0	562958
20.52	0	0	562958
20.53	0	0	562958
20.54	0	0	562958
20.55	0	0	562958
20.56	0	0	562958
20.57	0	0	562958
20.580000000000002	0	0	562958
20.59	0	0	562958
20.6	0	0	562958
20.61	0	0	562958
20.62	0	0	562958
20.63	0	0	562958
20.64	0	0	562958
20.650000000000002	0	0	562958
20.66	0	0	562958
20.67	0	0	562958
20.68	0	0	562958
20.69	0	0	562958
20.7	0	0	562958
20.71	0	0	562958
20.72	0	0	562958
20.73	0	0	562958
20.740000000000002	0	0	562958
20.75	0	0	562958
20.76	0	0	562958
20.77	0	0	562958
20.78	0	0	562958
20.79	0	0	562958
20.8	0	0	562958
20.81	0	0	562958
20.82	0	0	562958
20.830000000000002	0	0	562958
20.84	0	0	562958
20.85	0	0	562958
20.86	0	0	562958
20.87	0	0	562958
20.88	0	0	562958
20.89	0	0	562958
20.900000000000002	0	0	562958
20.91	0	0	562958
20.92	0	0	562958
20.93	0	0	562958
20.94	0	0	562958
20.95	0	0	562958
20.96	0	0	562958
20.97	0	0	562958
20.98	0	0	562958
20.990000000000002	0	0	562958
21.0	0	0	562958
21.01	0	0	562958
21.02	0	0	562958
21.03	0	0	562958
21.04	0	0	562958
21.05	0	0	562958
21.06	0	0	562958
21.07	0	0	562958
21.080000000000002	0	0	562958
21.09	0	0	562958
21.1	0	0	562958
21.11	0	0	562958
21.12	0	0	562958
21.13	0	0	562958
21.14	0	0	562958
21.150000000000002	0	0	562958
21.16	0	0	562958
21.17	0	0	562958
21.18	0	0	562958
21.19	0	0	562958
21.2	0	0	562958
21.21	0	0	562958
21.22	0	0	562958
21.23	0	0	562958
21.240000000000002	0	0	562958
21.25	0	0	562958
21.26	0	0	562958
21.27	0	0	562958
21.28	0	0	562958
21.29	0	0	562958
21.3	0	0	562958
21.31	0	0	562958
21.32	0	0	562958
21.330000000000002	0	0	562958
21.34	0	0	562958
21.35	0	0	562958
21.36	0	0	562958
21.37	0	0	562958
21.38	0	0	562958
21.39	0	0	562958
21.400000000000002	0	0	562958
21.41	0	0	562958
21.42	0	0	562958
21.43	0	0	562958
21.44	0	0	562958
21.45	0	0	562958
21.46	0	0	562958
21.47	0	0	562958
21.48	0	0	562958
21.490000000000002	0	0	562958
21.5	0	0	562958
21.51	0	0	562958
21.52	0	0	562958
21.53	0	0	562958
21.54	0	0	562958
21.55	0	0	562958
21.56	0	0	562958
21.57	0	0	562958
21.580000000000002	0	0	562958
21.59	0	0	562958
21.6	0	0	562958
21.61	0	0	562958
21.62	0	0	562958
21.63	0	0	562958
21.64	0	0	562958
21.650000000000002	0	0	562958
21.66	0	0	562958
21.67	0	0	562958
21.68	0	0	562958
21.69	0	0	562958
21.7	0	0	562958
21.71	0	0	562958
21.72	0	0	562958
21.73	0	0	562958
21.740000000000002	0	0	562958
21.75	0	0	562958
21.76	0	0	562958
21.77	0	0	562958
21.78	0	0	562958
21.79	0	0	562958
21.8	0	0	562958
21.81	0	0	562958
21.82	0	0	562958
21.830000000000002	0	0	562958
21.84	0	0	562958
21.85	0	0	562958
21.86	0	0	562958
21.87	0	0	562958
21.88	0	0	562958
21.89	0	0	562958
21.900000000000002	0	0	562958
21.91	0	0	562958
21.92	0	0	562958
21.93	0	0	562958
21.94	0	0	562958
21.95	0	0	562958
21.96	0	0	562958
21.97	0	0	562958
21.98	0	0	562958
21.990000000000002	0	0	562958
22.0	0	0	562958
22.01	0	0	562958
22.02	0	0	562958
22.03	0	0	562958
22.04	0	0	562958
22.05	0	0	562958
22.06	0	0	562958
22.07	0	0	562958
22.080000000000002	0	0	562958
22.09	0	0	562958
22.1	0	0	562958
22.11	0	0	562958
22.12	0	0	562958
22.13	0	0	562958
22.14	0	0	562958
22.150000000000002	0	0	562958
22.16	0	0	562958
22.17	0	0	562958
22.18	0	0	562958
22.19	0	0	562958
22.2	0	0	562958
22.21	0	0	562958
22.22	0	0	562958
22.23	0	0	562958
22.240000000000002	0	0	562958
22.25	0	0	562958
22.26	0	0	562958
22.27	0	0	562958
22.28	0	0	562958
22.29	0	0	562958
22.3	0	0	562958
22.31	0	0	562958
22.32	0	0	562958
22.330000000000002	0	0	562958
22.34	0	0	562958
22.35	0	0	562958
22.36	0	0	562958
22.37	0	0	562958
22.38	0	0	562958
22.39	0	0	562958
22.400000000000002	0	0	562958
22.41	0	0	562958
22.42	0	0	562958
22.43	0	0	562958
22.44	0	0	562958
22.45	0	0	562958
22.46	0	0	562958
22.47	0	0	562958
22.48	0	0	562958
22.490000000000002	0	0	562958
22.5	0	0	562958
22.51	0	0	562958
22.52	0	0	562958
22.53	0	0	562958
22.54	0	0	562958
22.55	0	0	562958
22.56	0	0	562958
22.57	0	0	562958
22.580000000000002	0	0	562958
22.59	0	0	562958
22.6	0	0	562958
22.61	0	0	562958
22.62	0	0	562958
22.63	0	0	562958
22.64	0	0	562958
22.650000000000002	0	0	562958
22.66	0	0	562958
22.67	0	0	562958
22.68	0	0	562958
22.69	0	0	562958
22.7	0	0	562958
22.71	0	0	562958
22.72	0	0	562958
22.73	0	0	562958
22.740000000000002	0	0	562958
22.75	0	0	562958
22.76	0	0	562958
22.77	0	0	562958
22.78	0	0	562958
22.79	0	0	562958
22.8	0	0	562958
22.81	0	0	562958
22.82	0	0	562958
22.830000000000002	0	0	562958
22.84	0	0	562958
22.85	0	0	562958
22.86	0	0	562958
22.87	0	0	562958
22.88	0	0	562958
22.89	0	0	562958
22.900000000000002	0	0	562958
22.91	0	0	562958
22.92	0	0	562958
22.93	0	0	562958
22.94	0	0	562958
22.95	0	0	562958
22.96	0	0	562958
22.97	0	0	562958
22.98	0	0	562958
22.990000000000002	0	0	562958
23.0	0	0	562958
23.01	0	0	562958
23.02	0	0	562958
23.03	0	0	562958
23.04	0	0	562958
23.05	0	0	562958
23.06	0	0	562958
23.07	0	0	562958
23.080000000000002	0	0	562958
23.09	0	0	562958
23.1	0	0	562958
23.11	0	0	562958
23.12	0	0	562958
23.13	0	0	562958
23.14	0	0	562958
23.150000000000002	0	0	562958
23.16	0	0	562958
23.17	0	0	562958
23.18	0	0	562958
23.19	0	0	562958
23.2	0	0	562958
23.21	0	0	562958
23.22	0	0	562958
23.23	0	0	562958
23.240000000000002	0	0	562958
23.25	0	0	562958
23.26	0	0	562958
23.27	0	0	562958
23.28	0	0	562958
23.29	0	0	562958
23.3	0	0	562958
23.31	0	0	562958
23.32	0	0	562958
23.330000000000002	0	0	562958
23.34	0	0	562958
23.35	0	0	562958
23.36	0	0	562958
23.37	0	0	562958
23.38	0	0	562958
23.39	0	0	562958
23.400000000000002	0	0	562958
23.41	0	0	562958
23.42	0	0	562958
23.43	0	0	562958
23.44	0	0	562958
23.45	0	0	562958
23.46	0	0	562958
23.47	0	0	562958
23.48	0	0	562958
23.490000000000002	0	0	562958
23.5	0	0	562958
23.51	0	0	562958
23.52	0	0	562958
23.53	0	0	562958
23.54	0	0	562958
23.55	0	0	562958
23.56	0	0	562958
23.57	0	0	562958
23.580000000000002	0	0	562958
23.59	0	0	562958
23.6	0	0	562958
23.61	0	0	562958
23.62	0	0	562958
23.63	0	0	562958
23.64	0	0	562958
23.650000000000002	0	0	562958
23.66	0	0	562958
23.67	0	0	562958
23.68	0	0	562958
23.69	0	0	562958
23.7	0	0	562958
23.71	0	0	562958
23.72	0	0	562958
23.73	0	0	562958
23.740000000000002	0	0	562958
23.75	0	0	562958
23.76	0	0	562958
23.77	0	0	562958
23.78	0	0	562958
23.79	0	0	562958
23.8	0	0	562958
23.81	0	0	562958
23.82	0	0	562958
23.830000000000002	0	0	562958
23.84	0	0	562958
23.85	0	0	562958
23.86	0	0	562958
23.87	0	0	562958
23.88	0	0	562958
23.89	0	0	562958
23.900000000000002	0	0	562958
23.91	0	0	562958
23.92	0	0	562958
23.93	0	0	562958
23.94	0	0	562958
23.95	0	0	562958
23.96	0	0	562958
23.97	0	0	562958
23.98	0	0	562958
23.990000000000002	0	0	562958
24.0	0	0	562958
24.01	0	0	562958
24.02	0	0	562958
24.03	0	0	562958
24.04	0	0	562958
24.05	0	0	562958
24.060000000000002	0	0	562958
24.07	0	0	562958
24.080000000000002	0	0	562958
24.09	0	0	562958
24.1	0	0	562958
24.11	0	0	562958
24.12	0	0	562958
24.13	0	0	562958
24.14	0	0	562958
24.150000000000002	0	0	562958
24.16	0	0	562958
24.17	0	0	562958
24.18	0	0	562958
24.19	0	0	562958
24.2	0	0	562958
24.21	0	0	562958
24.22	0	0	562958
24.23	0	0	562958
24.240000000000002	0	0	562958
24.25	0	0	562958
24.26	0	0	562958
24.27	0	0	562958
24.28	0	0	562958
24.29	0	0	562958
24.3	0	0	562958
24.310000000000002	0	0	562958
24.32	0	0	562958
24.330000000000002	0	0	562958
24.34	0	0	562958
24.35	0	0	562958
24.36	0	0	562958
24.37	0	0	562958
24.38	0	0	562958
24.39	0	0	562958
24.400000000000002	0	0	562958
24.41	0	0	562958
24.42	0	0	562958
24.43	0	0	562958
24.44	0	0	562958
24.45	0	0	562958
24.46	0	0	562958
24.47	0	0	562958
24.48	0	0	562958
24.490000000000002	0	0	562958
24.5	0	0	562958
24.51	0	0	562958
24.52	0	0	562958
24.53	0	0	562958
24.54	0	0	562958
24.55	0	0	562958
24.560000000000002	0	0	562958
24.57	0	0	562958
24.580000000000002	0	0	562958
24.59	0	0	562958
24.6	0	0	562958
24.61	0	0	562958
24.62	0	0	562958
24.63	0	0	562958
24.64	0	0	562958
24.650000000000002	0	0	562958
24.66	0	0	562958
24.67	0	0	562958
24.68	0	0	562958
24.69	0	0	562958
24.7	0	0	562958
24.71	0	0	562958
24.72	0	0	562958
24.73	0	0	562958
24.740000000000002	0	0	562958
24.75	0	0	562958
24.76	0	0	562958
24.77	0	0	562958
24.78	0	0	562958
24.79	0	0	562958
24.8	0	0	562958
24.810000000000002	0	0	562958
24.82	0	0	562958
24.830000000000002	0	0	562958
24.84	0	0	562958
24.85	0	0	562958
24.86	0	0	562958
24.87	0	0	562958
24.88	0	0	562958
24.89	0	0	562958
24.900000000000002	0	0	562958
24.91	0	0	562958
24.92	0	0	562958
24.93	0	0	562958
24.94	0	0	562958
24.95	0	0	562958
24.96	0	0	562958
24.97	0	0	562958
24.98	0	0	562958
24.990000000000002	0	0	562958
25.0	0	0	562958
25.01	0	0	562958
25.02	0	0	562958
25.03	0	0	562958
25.04	0	0	562958
25.05	0	0	562958
25.060000000000002	0	0	562958
25.07	0	0	562958
25.080000000000002	0	0	562958
25.09	0	0	562958
25.1	0	0	562958
25.11	0	0	562958
25.12	0	0	562958
25.13	0	0	562958
25.14	0	0	562958
25.150000000000002	0	0	562958
25.16	0	0	562958
25.17	0	0	562958
25.18	0	0	562958
25.19	0	0	562958
25.2	0	0	562958
25.21	0	0	562958
25.22	0	0	562958
25.23	0	0	562958
25.240000000000002	0	0	562958
25.25	0	0	562958
25.26	0	0	562958
25.27	0	0	562958
25.28	0	0	562958
25.29	0	0	562958
25.3	0	0	562958
25.310000000000002	0	0	562958
25.32	0	0	562958
25.330000000000002	0	0	562958
25.34	0	0	562958
25.35	0	0	562958
25.36	0	0	562958
25.37	0	0	562958
25.38	0	0	562958
25.39	0	0	562958
25.400000000000002	0	0	562958
25.41	0	0	562958
25.42	0	0	562958
25.43	0	0	562958
25.44	0	0	562958
25.45	0	0	562958
25.46	0	0	562958
25.47	0	0	562958
25.48	0	0	562958
25.490000000000002	0	0	562958
25.5	0	0	562958
25.51	0	0	562958
25.52	0	0	562958
25.53	0	0	562958
25.54	0	0	562958
25.55	0	0	562958
25.560000000000002	0	0	562958
25.57	0	0	562958
25.580000000000002	0	0	562958
25.59	0	0	562958
25.6	0	0	562958
25.61	0	0	562958
25.62	0	0	562958
25.63	0	0	562958
25.64	0	0	562958
25.650000000000002	0	0	562958
25.66	0	0	562958
25.67	0	0	562958
25.68	0	0	562958
25.69	0	0	562958
25.7	0	0	562958
25.71	0	0	562958
25.72	0	0	562958
25.73	0	0	562958
25.740000000000002	0	0	562958
25.75	0	0	562958
25.76	0	0	562958
25.77	0	0	562958
25.78	0	0	562958
25.79	0	0	562958
25.8	0	0	562958
25.810000000000002	0	0	562958
25.82	0	0	562958
25.830000000000002	0	0	562958
25.84	0	0	562958
25.85	0	0	562958
25.86	0	0	562958
25.87	0	0	562958
25.88	0	0	562958
25.89	0	0	562958
25.900000000000002	0	0	562958
25.91	0	0	562958
25.92	0	0	562958
25.93	0	0	562958
25.94	0	0	562958
25.95	0	0	562958
25.96	0	0	562958
25.97	0	0	562958
25.98	0	0	562958
25.990000000000002	0	0	562958
26.0	0	0	562958
26.01	0	0	562958
26.02	0	0	562958
26.03	0	0	562958
26.04	0	0	562958
26.05	0	0	562958
26.060000000000002	0	0	562958
26.07	0	0	562958
26.080000000000002	0	0	562958
26.09	0	0	562958
26.1	0	0	562958
26.11	0	0	562958
26.12	0	0	562958
26.13	0	0	562958
26.14	0	0	562958
26.150000000000002	0	0	562958
26.16	0	0	562958
26.17	0	0	562958
26.18	0	0	562958
26.19	0	0	562958
26.2	0	0	562958
26.21	0	0	562958
26.22	0	0	562958
26.23	0	0	562958
26.240000000000002	0	0	562958
26.25	0	0	562958
26.26	0	0	562958
26.27	0	0	562958
26.28	0	0	562958
26.29	0	0	562958
26.3	0	0	562958
26.310000000000002	0	0	562958
26.32	0	0	562958
26.330000000000002	0	0	562958
26.34	0	0	562958
26.35	0	0	562958
26.36	0	0	562958
26.37	0	0	562958
26.38	0	0	562958
26.39	0	0	562958
26.400000000000002	0	0	562958
26.41	0	0	562958
26.42	0	0	562958
26.43	0	0	562958
26.44	0	0	562958
26.45	0	0	562958
26.46	0	0	562958
26.47	0	0	562958
26.48	0	0	562958
26.490000000000002	0	0	562958
26.5	0	0	562958
26.51	0	0	562958
26.52	0	0	562958
26.53	0	0	562958
26.54	0	0	562958
26.55	0	0	562958
26.560000000000002	0	0	562958
26.57	0	0	562958
26.580000000000002	0	0	562958
26.59	0	0	562958
26.6	0	0	562958
26.61	0	0	562958
26.62	0	0	562958
26.63	0	0	562958
26.64	0	0	562958
26.650000000000002	0	0	562958
26.66	0	0	562958
26.67	0	0	562958
26.68	0	0	562958
26.69	0	0	562958
26.7	0	0	562958
26.71	0	0	562958
26.72	0	0	562958
26.73	0	0	562958
26.740000000000002	0	0	562958
26.75	0	0	562958
26.76	0	0	562958
26.77	0	0	562958
26.78	0	0	562958
26.79	0	0	562958
26.8	0	0	562958
26.810000000000002	0	0	562958
26.82	0	0	562958
26.830000000000002	0	0	562958
26.84	0	0	562958
26.85	0	0	562958
26.86	0	0	562958
26.87	0	0	562958
26.88	0	0	562958
26.89	0	0	562958
26.900000000000002	0	0	562958
26.91	0	0	562958
26.92	0	0	562958
26.93	0	0	562958
26.94	0	0	562958
26.95	0	0	562958
26.96	0	0	562958
26.97	0	0	562958
26.98	0	0	562958
26.990000000000002	0	0	562958
27.0	0	0	562958
27.01	0	0	562958
27.02	0	0	562958
27.03	0	0	562958
27.04	0	0	562958
27.05	0	0	562958
27.060000000000002	0	0	562958
27.07	0	0	562958
27.080000000000002	0	0	562958
27.09	0	0	562958
27.1	0	0	562958
27.11	0	0	562958
27.12	0	0	562958
27.13	0	0	562958
27.14	0	0	562958
27.150000000000002	0	0	562958
27.16	0	0	562958
27.17	0	0	562958
27.18	0	0	562958
27.19	0	0	562958
27.2	0	0	562958
27.21	0	0	562958
27.22	0	0	562958
27.23	0	0	562958
27.240000000000002	0	0	562958
27.25	0	0	562958
27.26	0	0	562958
27.27	0	0	562958
27.28	0	0	562958
27.29	0	0	562958
27.3	0	0	562958
27.310000000000002	0	0	562958
27.32	0	0	562958
27.330000000000002	0	0	562958
27.34	0	0	562958
27.35	0	0	562958
27.36	0	0	562958
27.37	0	0	562958
27.38	0	0	562958
27.39	0	0	562958
27.400000000000002	0	0	562958
27.41	0	0	562958
27.42	0	0	562958
27.43	0	0	562958
27.44	0	0	562958
27.45	0	0	562958
27.46	0	0	562958
27.47	0	0	562958
27.48	0	0	562958
27.490000000000002	0	0	562958
27.5	0	0	562958
27.51	0	0	562958
27.52	0	0	562958
27.53	0	0	562958
27.54	0	0	562958
27.55	0	0	562958
27.560000000000002	0	0	562958
27.57	0	0	562958
27.580000000000002	0	0	562958
27.59	0	0	562958
27.6	0	0	562958
27.61	0	0	562958
27.62	0	0	562958
27.63	0	0	562958
27.64	0	0	562958
27.650000000000002	0	0	562958
27.66	0	0	562958
27.67	0	0	562958
27.68	0	0	562958
27.69	0	0	562958
27.7	0	0	562958
27.71	0	0	562958
27.72	0	0	562958
27.73	0	0	562958
27.740000000000002	0	0	562958
27.75	0	0	562958
27.76	0	0	562958
27.77	0	0	562958
27.78	0	0	562958
27.79	0	0	562958
27.8	0	0	562958
27.810000000000002	0	0	562958
27.82	0	0	562958
27.830000000000002	0	0	562958
27.84	0	0	562958
27.85	0	0	562958
27.86	0	0	562958
27.87	0	0	562958
27.88	0	0	562958
27.89	0	0	562958
27.900000000000002	0	0	562958
27.91	0	0	562958
27.92	0	0	562958
27.93	0	0	562958
27.94	0	0	562958
27.95	0	0	562958
27.96	0	0	562958
27.97	0	0	562958
27.98	0	0	562958
27.990000000000002	0	0	562958
28.0	0	0	562958
28.01	0	0	562958
28.02	0	0	562958
28.03	0	0	562958
28.04	0	0	562958
28.05	0	0	562958
28.060000000000002	0	0	562958
28.07	0	0	562958
28.080000000000002	0	0	562958
28.09	0	0	562958
28.1	0	0	562958
28.11	0	0	562958
28.12	0	0	562958
28.13	0	0	562958
28.14	0	0	562958
28.150000000000002	0	0	562958
28.16	0	0	562958
28.17	0	0	562958
28.18	0	0	562958
28.19	0	0	562958
28.2	0	0	562958
28.21	0	0	562958
28.22	0	0	562958
28.23	0	0	562958
28.240000000000002	0	0	562958
28.25	0	0	562958
28.26	0	0	562958
28.27	0	0	562958
28.28	0	0	562958
28.29	0	0	562958
28.3	0	0	562958
28.310000000000002	0	0	562958
28.32	0	0	562958
28.330000000000002	0	0	562958
28.34	0	0	562958
28.35	0	0	562958
28.36	0	0	562958
28.37	0	0	562958
28.38	0	0	562958
28.39	0	0	562958
28.400000000000002	0	0	562958
28.41	0	0	562958
28.42	0	0	562958
28.43	0	0	562958
28.44	0	0	562958
28.45	0	0	562958
28.46	0	0	562958
28.47	0	0	562958
28.48	0	0	562958
28.490000000000002	0	0	562958
28.5	0	0	562958
28.51	0	0	562958
28.52	0	0	562958
28.53	0	0	562958
28.54	0	0	562958
28.55	0	0	562958
28.560000000000002	0	0	562958
28.57	0	0	562958
28.580000000000002	0	0	562958
28.59	0	0	562958
28.6	0	0	562958
28.61	0	0	562958
28.62	0	0	562958
28.63	0	0	562958
28.64	0	0	562958
28.650000000000002	0	0	562958
28.66	0	0	562958
28.67	0	0	562958
28.68	0	0	562958
28.69	0	0	562958
28.7	0	0	562958
28.71	0	0	562958
28.72	0	0	562958
28.73	0	0	562958
28.740000000000002	0	0	562958
28.75	0	0	562958
28.76	0	0	562958
28.77	0	0	562958
28.78	0	0	562958
28.79	0	0	562958
28.8	0	0	562958
28.810000000000002	0	0	562958
28.82	0	0	562958
28.830000000000002	0	0	562958
28.84	0	0	562958
28.85	0	0	562958
28.86	0	0	562958
28.87	0	0	562958
28.88	0	0	562958
28.89	0	0	562958
28.900000000000002	0	0	562958
28.91	0	0	562958
28.92	0	0	562958
28.93	0	0	562958
28.94	0	0	562958
28.95	0	0	562958
28.96	0	0	562958
28.97	0	0	562958
28.98	0	0	562958
28.990000000000002	0	0	562958
29.0	0	0	562958
29.01	0	0	562958
29.02	0	0	562958
29.03	0	0	562958
29.04	0	0	562958
29.05	0	0	562958
29.060000000000002	0	0	562958
29.07	0	0	562958
29.080000000000002	0	0	562958
29.09	0	0	562958
29.1	0	0	562958
29.11	0	0	562958
29.12	0	0	562958
29.13	0	0	562958
29.14	0	0	562958
29.150000000000002	0	0	562958
29.16	0	0	562958
29.17	0	0	562958
29.18	0	0	562958
29.19	0	0	562958
29.2	0	0	562958
29.21	0	0	562958
29.22	0	0	562958
29.23	0	0	562958
29.240000000000002	0	0	562958
29.25	0	0	562958
29.26	0	0	562958
29.27	0	0	562958
29.28	0	0	562958
29.29	0	0	562958
29.3	0	0	562958
29.310000000000002	0	0	562958
29.32	0	0	562958
29.330000000000002	0	0	562958
29.34	0	0	562958
29.35	0	0	562958
29.36	0	0	562958
29.37	0	0	562958
29.38	0	0	562958
29.39	0	0	562958
29.400000000000002	0	0	562958
29.41	0	0	562958
29.42	0	0	562958
29.43	0	0	562958
29.44	0	0	562958
29.45	0	0	562958
29.46	0	0	562958
29.47	0	0	562958
29.48	0	0	562958
29.490000000000002	0	0	562958
29.5	0	0	562958
29.51	0	0	562958
29.52	0	0	562958
29.53	0	0	562958
29.54	0	0	562958
29.55	0	0	562958
29.560000000000002	0	0	562958
29.57	0	0	562958
29.580000000000002	0	0	562958
29.59	0	0	562958
29.6	0	0	562958
29.61	0	0	562958
29.62	0	0	562958
29.63	0	0	562958
29.64	0	0	562958
29.650000000000002	0	0	562958
29.66	0	0	562958
29.67	0	0	562958
29.68	0	0	562958
29.69	0	0	562958
29.7	0	0	562958
29.71	0	0	562958
29.72	0	0	562958
29.73	0	0	562958
29.740000000000002	0	0	562958
29.75	0	0	562958
29.76	0	0	562958
29.77	0	0	562958
29.78	0	0	562958
29.79	0	0	562958
29.8	0	0	562958
29.810000000000002	0	0	562958
29.82	0	0	562958
29.830000000000002	0	0	562958
29.84	0	0	562958
29.85	0	0	562958
29.86	0	0	562958
29.87	0	0	562958
29.88	0	0	562958
29.89	0	0	562958
29.900000000000002	0	0	562958
29.91	0	0	562958
29.92	0	0	562958
29.93	0	0	562958
29.94	0	0	562958
29.95	0	0	562958
29.96	0	0	562958
29.97	0	0	562958
29.98	0	0	562958
29.990000000000002	0	0	562958
30.0	0	0	562958
30.01	0	0	562958
30.02	0	0	562958
30.03	0	0	562958
30.04	0	0	562958
30.05	0	0	562958
30.060000000000002	0	0	562958
30.07	0	0	562958
30.080000000000002	0	0	562958
30.09	0	0	562958
30.1	0	0	562958
30.11	0	0	562958
30.12	0	0	562958
30.13	0	0	562958
30.14	0	0	562958
30.150000000000002	0	0	562958
30.16	0	0	562958
30.17	0	0	562958
30.18	0	0	562958
30.19	0	0	562958
30.2	0	0	562958
30.21	0	0	562958
30.22	0	0	562958
30.23	0	0	562958
30.240000000000002	0	0	562958
30.25	0	0	562958
30.26	0	0	562958
30.27	0	0	562958
30.28	0	0	562958
30.29	0	0	562958
30.3	0	0	562958
30.310000000000002	0	0	562958
30.32	0	0	562958
30.330000000000002	0	0	562958
30.34	0	0	562958
30.35	0	0	562958
30.36	0	0	562958
30.37	0	0	562958
30.38	0	0	562958
30.39	0	0	562958
30.400000000000002	0	0	562958
30.41	0	0	562958
30.42	0	0	562958
30.43	0	0	562958
30.44	0	0	562958
30.45	0	0	562958
30.46	0	0	562958
30.47	0	0	562958
30.48	0	0	562958
30.490000000000002	0	0	562958
30.5	0	0	562958
30.51	0	0	562958
30.52	0	0	562958
30.53	0	0	562958
30.54	0	0	562958
30.55	0	0	562958
30.560000000000002	0	0	562958
30.57	0	0	562958
30.580000000000002	0	0	562958
30.59	0	0	562958
30.6	0	0	562958
30.61	0	0	562958
30.62	0	0	562958
30.63	0	0	562958
30.64	0	0	562958
30.650000000000002	0	0	562958
30.66	0	0	562958
30.67	0	0	562958
30.68	0	0	562958
30.69	0	0	562958
30.7	0	0	562958
30.71	0	0	562958
30.72	0	0	562958
30.73	0	0	562958
30.740000000000002	0	0	562958
30.75	0	0	562958
30.76	0	0	562958
30.77	0	0	562958
30.78	0	0	562958
30.79	0	0	562958
30.8	0	0	562958
30.810000000000002	0	0	562958
30.82	0	0	562958
30.830000000000002	0	0	562958
30.84	0	0	562958
30.85	0	0	562958
30.86	0	0	562958
30.87	0	0	562958
30.88	0	0	562958
30.89	0	0	562958
30.900000000000002	0	0	562958
30.91	0	0	562958
30.92	0	0	562958
30.93	0	0	562958
30.94	0	0	562958
30.95	0	0	562958
30.96	0	0	562958
30.970000000000002	0	0	562958
30.98	0	0	562958
30.990000000000002	0	0	562958
31.0	0	0	562958
31.01	0	0	562958
31.02	0	0	562958
31.03	0	0	562958
31.04	0	0	562958
31.05	0	0	562958
31.060000000000002	0	0	562958
31.07	0	0	562958
31.080000000000002	0	0	562958
31.09	0	0	562958
31.1	0	0	562958
31.11	0	0	562958
31.12	0	0	562958
31.13	0	0	562958
31.14	0	0	562958
31.150000000000002	0	0	562958
31.16	0	0	562958
31.17	0	0	562958
31.18	0	0	562958
31.19	0	0	562958
31.2	0	0	562958
31.21	0	0	562958
31.220000000000002	0	0	562958
31.23	0	0	562958
31.240000000000002	0	0	562958
31.25	0	0	562958
31.26	0	0	562958
31.27	0	0	562958
31.28	0	0	562958
31.29	0	0	562958
31.3	0	0	562958
31.310000000000002	0	0	562958
31.32	0	0	562958
31.330000000000002	0	0	562958
31.34	0	0	562958
31.35	0	0	562958
31.36	0	0	562958
31.37	0	0	562958
31.38	0	0	562958
31.39	0	0	562958
31.400000000000002	0	0	562958
31.41	0	0	562958
31.42	0	0	562958
31.43	0	0	562958
31.44	0	0	562958
31.45	0	0	562958
31.46	0	0	562958
31.470000000000002	0	0	562958
31.48	0	0	562958
31.490000000000002	0	0	562958
31.5	0	0	562958
31.51	0	0	562958
31.52	0	0	562958
31.53	0	0	562958
31.54	0	0	562958
31.55	0	0	562958
31.560000000000002	0	0	562958
31.57	0	0	562958
31.580000000000002	0	0	562958
31.59	0	0	562958
31.6	0	0	562958
31.61	0	0	562958
31.62	0	0	562958
31.63	0	0	562958
31.64	0	0	562958
31.650000000000002	0	0	562958
31.66	0	0	562958
31.67	0	0	562958
31.68	0	0	562958
31.69	0	0	562958
31.7	0	0	562958
31.71	0	0	562958
31.720000000000002	0	0	562958
31.73	0	0	562958
31.740000000000002	0	0	562958
31.75	0	0	562958
31.76	0	0	562958
31.77	0	0	562958
31.78	0	0	562958
31.79	0	0	562958
31.8	0	0	562958
31.810000000000002	0	0	562958
31.82	0	0	562958
31.830000000000002	0	0	562958
31.84	0	0	562958
31.85	0	0	562958
31.86	0	0	562958
31.87	0	0	562958
31.88	0	0	562958
31.89	0	0	562958
31.900000000000002	0	0	562958
31.91	0	0	562958
31.92	0	0	562958
31.93	0	0	562958
31.94	0	0	562958
31.95	0	0	562958
31.96	0	0	562958
31.970000000000002	0	0	562958
31.98	0	0	562958
31.990000000000002	0	0	562958
32.0	0	0	562958
32.01	0	0	562958
32.02	0	0	562958
32.03	0	0	562958
32.04	0	0	562958
32.05	0	0	562958
32.06	0	0	562958
32.07	0	0	562958
32.08	0	0	562958
32.09	0	0	562958
32.1	0	0	562958
32.11	0	0	562958
32.12	0	0	562958
32.13	0	0	562958
32.14	0	0	562958
32.15	0	0	562958
32.160000000000004	0	0	562958
32.17	0	0	562958
32.18	0	0	562958
32.19	0	0	562958
32.2	0	0	562958
32.21	0	0	562958
32.22	0	0	562958
32.230000000000004	0	0	562958
32.24	0	0	562958
32.25	0	0	562958
32.26	0	0	562958
32.27	0	0	562958
32.28	0	0	562958
32.29	0	0	562958
32.3	0	0	562958
32.31	0	0	562958
32.32	0	0	562958
32.33	0	0	562958
32.34	0	0	562958
32.35	0	0	562958
32.36	0	0	562958
32.37	0	0	562958
32.38	0	0	562958
32.39	0	0	562958
32.4	0	0	562958
32.410000000000004	0	0	562958
32.42	0	0	562958
32.43	0	0	562958
32.44	0	0	562958
32.45	0	0	562958
32.46	0	0	562958
32.47	0	0	562958
32.480000000000004	0	0	562958
32.49	0	0	562958
32.5	0	0	562958
32.51	0	0	562958
32.52	0	0	562958
32.53	0	0	562958
32.54	0	0	562958
32.55	0	0	562958
32.56	0	0	562958
32.57	0	0	562958
32.58	0	0	562958
32.59	0	0	562958
32.6	0	0	562958
32.61	0	0	562958
32.62	0	0	562958
32.63	0	0	562958
32.64	0	0	562958
32.65	0	0	562958
32.660000000000004	0	0	562958
32.67	0	0	562958
32.68	0	0	562958
32.69	0	0	562958
32.7	0	0	562958
32.71	0	0	562958
32.72	0	0	562958
32.730000000000004	0	0	562958
32.74	0	0	562958
32.75	0	0	562958
32.76	0	0	562958
32.77	0	0	562958
32.78	0	0	562958
32.79	0	0	562958
32.8	0	0	562958
32.81	0	0	562958
32.82	0	0	562958
32.83	0	0	562958
32.84	0	0	562958
32.85	0	0	562958
32.86	0	0	562958
32.87	0	0	562958
32.88	0	0	562958
32.89	0	0	562958
32.9	0	0	562958
32.910000000000004	0	0	562958
32.92	0	0	562958
32.93	0	0	562958
32.94	0	0	562958
32.95	0	0	562958
32.96	0	0	562958
32.97	0	0	562958
32.980000000000004	0	0	562958
32.99	0	0	562958
33.0	0	0	562958
33.01	0	0	562958
33.02	0	0	562958
33.03	0	0	562958
33.04	0	0	562958
33.05	0	0	562958
33.06	0	0	562958
33.07	0	0	562958
33.08	0	0	562958
33.09	0	0	562958
33.1	0	0	562958
33.11	0	0	562958
33.12	0	0	562958
33.13	0	0	562958
33.14	0	0	562958
33.15	0	0	562958
33.160000000000004	0	0	562958
33.17	0	0	562958
33.18	0	0	562958
33.19	0	0	562958
33.2	0	0	562958
33.21	0	0	562958
33.22	0	0	562958
33.230000000000004	0	0	562958
33.24	0	0	562958
33.25	0	0	562958
33.26	0	0	562958
33.27	0	0	562958
33.28	0	0	562958
33.29	0	0	562958
33.3	0	0	562958
33.31	0	0	562958
33.32	0	0	562958
33.33	0	0	562958
33.34	0	0	562958
33.35	0	0	562958
33.36	0	0	562958
33.37	0	0	562958
33.38	0	0	562958
33.39	0	0	562958
33.4	0	0	562958
33.410000000000004	0	0	562958
33.42	0	0	562958
33.43	0	0	562958
33.44	0	0	562958
33.45	0	0	562958
33.46	0	0	562958
33.47	0	0	562958
33.480000000000004	0	0	562958
33.49	0	0	562958
33.5	0	0	562958
33.51	0	0	562958
33.52	0	0	562958
33.53	0	0	562958
33.54	0	0	562958
33.55	0	0	562958
33.56	0	0	562958
33.57	0	0	562958
33.58	0	0	562958
33.59	0	0	562958
33.6	0	0	562958
33.61	0	0	562958
33.62	0	0	562958
33.63	0	0	562958
33.64	0	0	562958
33.65	0	0	562958
33.660000000000004	0	0	562958
33.67	0	0	562958
33.68	0	0	562958
33.69	0	0	562958
33.7	0	0	562958
33.71	0	0	562958
33.72	0	0	562958
33.730000000000004	0	0	562958
33.74	0	0	562958
33.75	0	0	562958
33.76	0	0	562958
33.77	0	0	562958
33.78	0	0	562958
33.79	0	0	562958
33.8	0	0	562958
33.81	0	0	562958
33.82	0	0	562958
33.83	0	0	562958
33.84	0	0	562958
33.85	0	0	562958
33.86	0	0	562958
33.87	0	0	562958
33.88	0	0	562958
33.89	0	0	562958
33.9	0	0	562958
33.910000000000004	0	0	562958
33.92	0	0	562958
33.93	0	0	562958
33.94	0	0	562958
33.95	0	0	562958
33.96	0	0	562958
33.97	0	0	562958
33.980000000000004	0	0	562958
33.99	0	0	562958
34.0	0	0	562958
34.01	0	0	562958
34.02	0	0	562958
34.03	0	0	562958
34.04	0	0	562958
34.05	0	0	562958
34.06	0	0	562958
34.07	0	0	562958
34.08	0	0	562958
34.09	0	0	562958
34.1	0	0	562958
34.11	0	0	562958
34.12	0	0	562958
34.13	0	0	562958
34.14	0	0	562958
34.15	0	0	562958
34.160000000000004	0	0	562958
34.17	0	0	562958
34.18	0	0	562958
34.19	0	0	562958
34.2	0	0	562958
34.21	0	0	562958
34.22	0	0	562958
34.230000000000004	0	0	562958
34.24	0	0	562958
34.25	0	0	562958
34.26	0	0	562958
34.27	0	0	562958
34.28	0	0	562958
34.29	0	0	562958
34.300000000000004	0	0	562958
34.31	0	0	562958
34.32	0	0	562958
34.33	0	0	562958
34.34	0	0	562958
34.35	0	0	562958
34.36	0	0	562958
34.37	0	0	562958
34.38	0	0	562958
34.39	0	0	562958
34.4	0	0	562958
34.410000000000004	0	0	562958
34.42	0	0	562958
34.43	0	0	562958
34.44	0	0	562958
34.45	0	0	562958
34.46	0	0	562958
34.47	0	0	562958
34.480000000000004	0	0	562958
34.49	0	0	562958
34.5	0	0	562958
34.51	0	0	562958
34.52	0	0	562958
34.53	0	0	562958
34.54	0	0	562958
34.550000000000004	0	0	562958
34.56	0	0	562958
34.57	0	0	562958
34.58	0	0	562958
34.59	0	0	562958
34.6	0	0	562958
34.61	0	0	562958
34.62	0	0	562958
34.63	0	0	562958
34.64	0	0	562958
34.65	0	0	562958
34.660000000000004	0	0	562958
34.67	0	0	562958
34.68	0	0	562958
34.69	0	0	562958
34.7	0	0	562958
34.71	0	0	562958
34.72	0	0	562958
34.730000000000004	0	0	562958
34.74	0	0	562958
34.75	0	0	562958
34.76	0	0	562958
34.77	0	0	562958
34.78	0	0	562958
34.79	0	0	562958
34.800000000000004	0	0	562958
34.81	0	0	562958
34.82	0	0	562958
34.83	0	0	562958
34.84	0	0	562958
34.85	0	0	562958
34.86	0	0	562958
34.87	0	0	562958
34.88	0	0	562958
34.89	0	0	562958
34.9	0	0	562958
34.910000000000004	0	0	562958
34.92	0	0	562958
34.93	0	0	562958
34.94	0	0	562958
34.95	0	0	562958
34.96	0	0	562958
34.97	0	0	562958
34.980000000000004	0	0	562958
34.99	0	0	562958
35.0	0	0	562958
35.01	0	0	562958
35.02	0	0	562958
35.03	0	0	562958
35.04	0	0	562958
35.050000000000004	0	0	562958
35.06	0	0	562958
35.07	0	0	562958
35.08	0	0	562958
35.09	0	0	562958
35.1	0	0	562958
35.11	0	0	562958
35.12	0	0	562958
35.13	0	0	562958
35.14	0	0	562958
35.15	0	0	562958
35.160000000000004	0	0	562958
35.17	0	0	562958
35.18	0	0	562958
35.19	0	0	562958
35.2	0	0	562958
35.21	0	0	562958
35.22	0	0	562958
35.230000000000004	0	0	562958
35.24	0	0	562958
35.25	0	0	562958
35.26	0	0	562958
35.27	0	0	562958
35.28	0	0	562958
35.29	0	0	562958
35.300000000000004	0	0	562958
35.31	0	0	562958
35.32	0	0	562958
35.33	0	0	562958
35.34	0	0	562958
35.35	0	0	562958
35.36	0	0	562958
35.37	0	0	562958
35.38	0	0	562958
35.39	0	0	562958
35.4	0	0	562958
35.410000000000004	0	0	562958
35.42	0	0	562958
35.43	0	0	562958
35.44	0	0	562958
35.45	0	0	562958
35.46	0	0	562958
35.47	0	0	562958
35.480000000000004	0	0	562958
35.49	0	0	562958
35.5	0	0	562958
35.51	0	0	562958
35.52	0	0	562958
35.53	0	0	562958
35.54	0	0	562958
35.550000000000004	0	0	562958
35.56	0	0	562958
35.57	0	0	562958
35.58	0	0	562958
35.59	0	0	562958
35.6	0	0	562958
35.61	0	0	562958
35.62	0	0	562958
35.63	0	0	562958
35.64	0	0	562958
35.65	0	0	562958
35.660000000000004	0	0	562958
35.67	0	0	562958
35.68	0	0	562958
35.69	0	0	562958
35.7	0	0	562958
35.71	0	0	562958
35.72	0	0	562958
35.730000000000004	0	0	562958
35.74	0	0	562958
35.75	0	0	562958
35.76	0	0	562958
35.77	0	0	562958
35.78	0	0	562958
35.79	0	0	562958
35.800000000000004	0	0	562958
35.81	0	0	562958
35.82	0	0	562958
35.83	0	0	562958
35.84	0	0	562958
35.85	0	0	562958
35.86	0	0	562958
35.87	0	0	562958
35.88	0	0	562958
35.89	0	0	562958
35.9	0	0	562958
35.910000000000004	0	0	562958
35.92	0	0	562958
35.93	0	0	562958
35.94	0	0	562958
35.95	0	0	562958
35.96	0	0	562958
35.97	0	0	562958
35.980000000000004	0	0	562958
35.99	0	0	562958
36.0	0	0	562958
36.01	0	0	562958
36.02	0	0	562958
36.03	0	0	562958
36.04	0	0	562958
36.050000000000004	0	0	562958
36.06	0	0	562958
36.07	0	0	562958
36.08	0	0	562958
36.09	0	0	562958
36.1	0	0	562958
36.11	0	0	562958
36.12	0	0	562958
36.13	0	0	562958
36.14	0	0	562958
36.15	0	0	562958
36.160000000000004	0	0	562958
36.17	0	0	562958
36.18	0	0	562958
36.19	0	0	562958
36.2	0	0	562958
36.21	0	0	562958
36.22	0	0	562958
36.230000000000004	0	0	562958
36.24	0	0	562958
36.25	0	0	562958
36.26	0	0	562958
36.27	0	0	562958
36.28	0	0	562958
36.29	0	0	562958
36.300000000000004	0	0	562958
36.31	0	0	562958
36.32	0	0	562958
36.33	0	0	562958
36.34	0	0	562958
36.35	0	0	562958
36.36	0	0	562958
36.37	0	0	562958
36.38	0	0	562958
36.39	0	0	562958
36.4	0	0	562958
36.410000000000004	0	0	562958
36.42	0	0	562958
36.43	0	0	562958
36.44	0	0	562958
36.45	0	0	562958
36.46	0	0	562958
36.47	0	0	562958
36.480000000000004	0	0	562958
36.49	0	0	562958
36.5	0	0	562958
36.51	0	0	562958
36.52	0	0	562958
36.53	0	0	562958
36.54	0	0	562958
36.550000000000004	0	0	562958
36.56	0	0	562958
36.57	0	0	562958
36.58	0	0	562958
36.59	0	0	562958
36.6	0	0	562958
36.61	0	0	562958
36.62	0	0	562958
36.63	0	0	562958
36.64	0	0	562958
36.65	0	0	562958
36.660000000000004	0	0	562958
36.67	0	0	562958
36.68	0	0	562958
36.69	0	0	562958
36.7	0	0	562958
36.71	0	0	562958
36.72	0	0	562958
36.730000000000004	0	0	562958
36.74	0	0	562958
36.75	0	0	562958
36.76	0	0	562958
36.77	0	0	562958
36.78	0	0	562958
36.79	0	0	562958
36.800000000000004	0	0	562958
36.81	0	0	562958
36.82	0	0	562958
36.83	0	0	562958
36.84	0	0	562958
36.85	0	0	562958
36.86	0	0	562958
36.87	0	0	562958
36.88	0	0	562958
36.89	0	0	562958
36.9	0	0	562958
36.910000000000004	0	0	562958
36.92	0	0	562958
36.93	0	0	562958
36.94	0	0	562958
36.95	0	0	562958
36.96	0	0	562958
36.97	0	0	562958
36.980000000000004	0	0	562958
36.99	0	0	562958
37.0	0	0	562958
37.01	0	0	562958
37.02	0	0	562958
37.03	0	0	562958
37.04	0	0	562958
37.050000000000004	0	0	562958
37.06	0	0	562958
37.07	0	0	562958
37.08	0	0	562958
37.09	0	0	562958
37.1	0	0	562958
37.11	0	0	562958
37.12	0	0	562958
37.13	0	0	562958
37.14	0	0	562958
37.15	0	0	562958
37.160000000000004	0	0	562958
37.17	0	0	562958
37.18	0	0	562958
37.19	0	0	562958
37.2	0	0	562958
37.21	0	0	562958
37.22	0	0	562958
37.230000000000004	0	0	562958
37.24	0	0	562958
37.25	0	0	562958
37.26	0	0	562958
37.27	0	0	562958
37.28	0	0	562958
37.29	0	0	562958
37.300000000000004	0	0	562958
37.31	0	0	562958
37.32	0	0	562958
37.33	0	0	562958
37.34	0	0	562958
37.35	0	0	562958
37.36	0	0	562958
37.37	0	0	562958
37.38	0	0	562958
37.39	0	0	562958
37.4	0	0	562958
37.410000000000004	0	0	562958
37.42	0	0	562958
37.43	0	0	562958
37.44	0	0	562958
37.45	0	0	562958
37.46	0	0	562958
37.47	0	0	562958
37.480000000000004	0	0	562958
37.49	0	0	562958
37.5	0	0	562958
37.51	0	0	562958
37.52	0	0	562958
37.53	0	0	562958
37.54	0	0	562958
37.550000000000004	0	0	562958
37.56	0	0	562958
37.57	0	0	562958
37.58	0	0	562958
37.59	0	0	562958
37.6	0	0	562958
37.61	0	0	562958
37.62	0	0	562958
37.63	0	0	562958
37.64	0	0	562958
37.65	0	0	562958
37.660000000000004	0	0	562958
37.67	0	0	562958
37.68	0	0	562958
37.69	0	0	562958
37.7	0	0	562958
37.71	0	0	562958
37.72	0	0	562958
37.730000000000004	0	0	562958
37.74	0	0	562958
37.75	0	0	562958
37.76	0	0	562958
37.77	0	0	562958
37.78	0	0	562958
37.79	0	0	562958
37.800000000000004	0	0	562958
37.81	0	0	562958
37.82	0	0	562958
37.83	0	0	562958
37.84	0	0	562958
37.85	0	0	562958
37.86	0	0	562958
37.87	0	0	562958
37.88	0	0	562958
37.89	0	0	562958
37.9	0	0	562958
37.910000000000004	0	0	562958
37.92	0	0	562958
37.93	0	0	562958
37.94	0	0	562958
37.95	0	0	562958
37.96	0	0	562958
37.97	0	0	562958
37.980000000000004	0	0	562958
37.99	0	0	562958
38.0	0	0	562958
38.01	0	0	562958
38.02	0	0	562958
38.03	0	0	562958
38.04	0	0	562958
38.050000000000004	0	0	562958
38.06	0	0	562958
38.07	0	0	562958
38.08	0	0	562958
38.09	0	0	562958
38.1	0	0	562958
38.11	0	0	562958
38.12	0	0	562958
38.13	0	0	562958
38.14	0	0	562958
38.15	0	0	562958
38.160000000000004	0	0	562958
38.17	0	0	562958
38.18	0	0	562958
38.19	0	0	562958
38.2	0	0	562958
38.21	0	0	562958
38.22	0	0	562958
38.230000000000004	0	0	562958
38.24	0	0	562958
38.25	0	0	562958
38.26	0	0	562958
38.27	0	0	562958
38.28	0	0	562958
38.29	0	0	562958
38.300000000000004	0	0	562958
38.31	0	0	562958
38.32	0	0	562958
38.33	0	0	562958
38.34	0	0	562958
38.35	0	0	562958
38.36	0	0	562958
38.37	0	0	562958
38.38	0	0	562958
38.39	0	0	562958
38.4	0	0	562958
38.410000000000004	0	0	562958
38.42	0	0	562958
38.43	0	0	562958
38.44	0	0	562958
38.45	0	0	562958
38.46	0	0	562958
38.47	0	0	562958
38.480000000000004	0	0	562958
38.49	0	0	562958
38.5	0	0	562958
38.51	0	0	562958
38.52	0	0	562958
38.53	0	0	562958
38.54	0	0	562958
38.550000000000004	0	0	562958
38.56	0	0	562958
38.57	0	0	562958
38.58	0	0	562958
38.59	0	0	562958
38.6	0	0	562958
38.61	0	0	562958
38.62	0	0	562958
38.63	0	0	562958
38.64	0	0	562958
38.65	0	0	562958
38.660000000000004	0	0	562958
38.67	0	0	562958
38.68	0	0	562958
38.69	0	0	562958
38.7	0	0	562958
38.71	0	0	562958
38.72	0	0	562958
38.730000000000004	0	0	562958
38.74	0	0	562958
38.75	0	0	562958
38.76	0	0	562958
38.77	0	0	562958
38.78	0	0	562958
38.79	0	0	562958
38.800000000000004	0	0	562958
38.81	0	0	562958
38.82	0	0	562958
38.83	0	0	562958
38.84	0	0	562958
38.85	0	0	562958
38.86	0	0	562958
38.87	0	0	562958
38.88	0	0	562958
38.89	0	0	562958
38.9	0	0	562958
38.910000000000004	0	0	562958
38.92	0	0	562958
38.93	0	0	562958
38.94	0	0	562958
38.95	0	0	562958
38.96	0	0	562958
38.97	0	0	562958
38.980000000000004	0	0	562958
38.99	0	0	562958
39.0	0	0	562958
39.01	0	0	562958
39.02	0	0	562958
39.03	0	0	562958
39.04	0	0	562958
39.050000000000004	0	0	562958
39.06	0	0	562958
39.07	0	0	562958
39.08	0	0	562958
39.09	0	0	562958
39.1	0	0	562958
39.11	0	0	562958
39.12	0	0	562958
39.13	0	0	562958
39.14	0	0	562958
39.15	0	0	562958
39.160000000000004	0	0	562958
39.17	0	0	562958
39.18	0	0	562958
39.19	0	0	562958
39.2	0	0	562958
39.21	0	0	562958
39.22	0	0	562958
39.230000000000004	0	0	562958
39.24	0	0	562958
39.25	0	0	562958
39.26	0	0	562958
39.27	0	0	562958
39.28	0	0	562958
39.29	0	0	562958
39.300000000000004	0	0	562958
39.31	0	0	562958
39.32	0	0	562958
39.33	0	0	562958
39.34	0	0	562958
39.35	0	0	562958
39.36	0	0	562958
39.37	0	0	562958
39.38	0	0	562958
39.39	0	0	562958
39.4	0	0	562958
39.410000000000004	0	0	562958
39.42	0	0	562958
39.43	0	0	562958
39.44	0	0	562958
39.45	0	0	562958
39.46	0	0	562958
39.47	0	0	562958
39.480000000000004	0	0	562958
39.49	0	0	562958
39.5	0	0	562958
39.51	0	0	562958
39.52	0	0	562958
39.53	0	0	562958
39.54	0	0	562958
39.550000000000004	0	0	562958
39.56	0	0	562958
39.57	0	0	562958
39.58	0	0	562958
39.59	0	0	562958
39.6	0	0	562958
39.61	0	0	562958
39.62	0	0	562958
39.63	0	0	562958
39.64	0	0	562958
39.65	0	0	562958
39.660000000000004	0	0	562958
39.67	0	0	562958
39.68	0	0	562958
39.69	0	0	562958
39.7	0	0	562958
39.71	0	0	562958
39.72	0	0	562958
39.730000000000004	0	0	562958
39.74	0	0	562958
39.75	0	0	562958
39.76	0	0	562958
39.77	0	0	562958
39.78	0	0	562958
39.79	0	0	562958
39.800000000000004	0	0	562958
39.81	0	0	562958
39.82	0	0	562958
39.83	0	0	562958
39.84	0	0	562958
39.85	0	0	562958
39.86	0	0	562958
39.87	0	0	562958
39.88	0	0	562958
39.89	0	0	562958
39.9	0	0	562958
39.910000000000004	0	0	562958
39.92	0	0	562958
39.93	0	0	562958
39.94	0	0	562958
39.95	0	0	562958
39.96	0	0	562958
39.97	0	0	562958
39.980000000000004	0	0	562958
39.99	0	0	562958
40.0	0	0	562958
40.01	0	0	562958
40.02	0	0	562958
40.03	0	0	562958
40.04	0	0	562958
40.050000000000004	0	0	562958
40.06	0	0	562958
40.07	0	0	562958
40.08	0	0	562958
40.09	0	0	562958
40.1	0	0	562958
40.11	0	0	562958
40.12	0	0	562958
40.13	0	0	562958
40.14	0	0	562958
40.15	0	0	562958
40.160000000000004	0	0	562958
40.17	0	0	562958
40.18	0	0	562958
40.19	0	0	562958
40.2	0	0	562958
40.21	0	0	562958
40.22	0	0	562958
40.230000000000004	0	0	562958
40.24	0	0	562958
40.25	0	0	562958
40.26	0	0	562958
40.27	0	0	562958
40.28	0	0	562958
40.29	0	0	562958
40.300000000000004	0	0	562958
40.31	0	0	562958
40.32	0	0	562958
40.33	0	0	562958
40.34	0	0	562958
40.35	0	0	562958
40.36	0	0	562958
40.37	0	0	562958
40.38	0	0	562958
40.39	0	0	562958
40.4	0	0	562958
40.410000000000004	0	0	562958
40.42	0	0	562958
40.43	0	0	562958
40.44	0	0	562958
40.45	0	0	562958
40.46	0	0	562958
40.47	0	0	562958
40.480000000000004	0	0	562958
40.49	0	0	562958
40.5	0	0	562958
40.51	0	0	562958
40.52	0	0	562958
40.53	0	0	562958
40.54	0	0	562958
40.550000000000004	0	0	562958
40.56	0	0	562958
40.57	0	0	562958
40.58	0	0	562958
40.59	0	0	562958
40.6	0	0	562958
40.61	0	0	562958
40.62	0	0	562958
40.63	0	0	562958
40.64	0	0	562958
40.65	0	0	562958
40.660000000000004	0	0	562958
40.67	0	0	562958
40.68	0	0	562958
40.69	0	0	562958
40.7	0	0	562958
40.71	0	0	562958
40.72	0	0	562958
40.730000000000004	0	0	562958
40.74	0	0	562958
40.75	0	0	562958
40.76	0	0	562958
40.77	0	0	562958
40.78	0	0	562958
40.79	0	0	562958
40.800000000000004	0	0	562958
40.81	0	0	562958
40.82	0	0	562958
40.83	0	0	562958
40.84	0	0	562958
40.85	0	0	562958
40.86	0	0	562958
40.87	0	0	562958
40.88	0	0	562958
40.89	0	0	562958
40.9	0	0	562958
40.910000000000004	0	0	562958
40.92	0	0	562958
40.93	0	0	562958
40.94	0	0	562958
40.95	0	0	562958
40.96	0	0	562958
40.97	0	0	562958
40.980000000000004	0	0	562958
40.99	0	0	562958
41.0	0	0	562958
41.01	0	0	562958
41.02	0	0	562958
41.03	0	0	562958
41.04	0	0	562958
41.050000000000004	0	0	562958
41.06	0	0	562958
41.07	0	0	562958
41.08	0	0	562958
41.09	0	0	562958
41.1	0	0	562958
41.11	0	0	562958
41.12	0	0	562958
41.13	0	0	562958
41.14	0	0	562958
41.15	0	0	562958
41.160000000000004	0	0	562958
41.17	0	0	562958
41.18	0	0	562958
41.19	0	0	562958
41.2	0	0	562958
41.21	0	0	562958
41.22	0	0	562958
41.230000000000004	0	0	562958
41.24	0	0	562958
41.25	0	0	562958
41.26	0	0	562958
41.27	0	0	562958
41.28	0	0	562958
41.29	0	0	562958
41.300000000000004	0	0	562958
41.31	0	0	562958
41.32	0	0	562958
41.33	0	0	562958
41.34	0	0	562958
41.35	0	0	562958
41.36	0	0	562958
41.37	0	0	562958
41.38	0	0	562958
41.39	0	0	562958
41.4	0	0	562958
41.410000000000004	0	0	562958
41.42	0	0	562958
41.43	0	0	562958
41.44	0	0	562958
41.45	0	0	562958
41.46	0	0	562958
41.47	0	0	562958
41.480000000000004	0	0	562958
41.49	0	0	562958
41.5	0	0	562958
41.51	0	0	562958
41.52	0	0	562958
41.53	0	0	562958
41.54	0	0	562958
41.550000000000004	0	0	562958
41.56	0	0	562958
41.57	0	0	562958
41.58	0	0	562958
41.59	0	0	562958
41.6	0	0	562958
41.61	0	0	562958
41.62	0	0	562958
41.63	0	0	562958
41.64	0	0	562958
41.65	0	0	562958
41.660000000000004	0	0	562958
41.67	0	0	562958
41.68	0	0	562958
41.69	0	0	562958
41.7	0	0	562958
41.71	0	0	562958
41.72	0	0	562958
41.730000000000004	0	0	562958
41.74	0	0	562958
41.75	0	0	562958
41.76	0	0	562958
41.77	0	0	562958
41.78	0	0	562958
41.79	0	0	562958
41.800000000000004	0	0	562958
41.81	0	0	562958
41.82	0	0	562958
41.83	0	0	562958
41.84	0	0	562958
41.85	0	0	562958
41.86	0	0	562958
41.87	0	0	562958
41.88	0	0	562958
41.89	0	0	562958
41.9	0	0	562958
41.910000000000004	0	0	562958
41.92	0	0	562958
41.93	0	0	562958
41.94	0	0	562958
41.95	0	0	562958
41.96	0	0	562958
41.97	0	0	562958
41.980000000000004	0	0	562958
41.99	0	0	562958
42.0	0	0	562958
42.01	0	0	562958
42.02	0	0	562958
42.03	0	0	562958
42.04	0	0	562958
42.050000000000004	0	0	562958
42.06	0	0	562958
42.07	0	0	562958
42.08	0	0	562958
42.09	0	0	562958
42.1	0	0	562958
42.11	0	0	562958
42.12	0	0	562958
42.13	0	0	562958
42.14	0	0	562958
42.15	0	0	562958
42.160000000000004	0	0	562958
42.17	0	0	562958
42.18	0	0	562958
42.19	0	0	562958
42.2	0	0	562958
42.21	0	0	562958
42.22	0	0	562958
42.230000000000004	0	0	562958
42.24	0	0	562958
42.25	0	0	562958
42.26	0	0	562958
42.27	0	0	562958
42.28	0	0	562958
42.29	0	0	562958
42.300000000000004	0	0	562958
42.31	0	0	562958
42.32	0	0	562958
42.33	0	0	562958
42.34	0	0	562958
42.35	0	0	562958
42.36	0	0	562958
42.37	0	0	562958
42.38	0	0	562958
42.39	0	0	562958
42.4	0	0	562958
42.410000000000004	0	0	562958
42.42	0	0	562958
42.43	0	0	562958
42.44	0	0	562958
42.45	0	0	562958
42.46	0	0	562958
42.47	0	0	562958
42.480000000000004	0	0	562958
42.49	0	0	562958
42.5	0	0	562958
42.51	0	0	562958
42.52	0	0	562958
42.53	0	0	562958
42.54	0	0	562958
42.550000000000004	0	0	562958
42.56	0	0	562958
42.57	0	0	562958
42.58	0	0	562958
42.59	0	0	562958
42.6	0	0	562958
42.61	0	0	562958
42.62	0	0	562958
42.63	0	0	562958
42.64	0	0	562958
42.65	0	0	562958
42.660000000000004	0	0	562958
42.67	0	0	562958
42.68	0	0	562958
42.69	0	0	562958
42.7	0	0	562958
42.71	0	0	562958
42.72	0	0	562958
42.730000000000004	0	0	562958
42.74	0	0	562958
42.75	0	0	562958
42.76	0	0	562958
42.77	0	0	562958
42.78	0	0	562958
42.79	0	0	562958
42.800000000000004	0	0	562958
42.81	0	0	562958
42.82	0	0	562958
42.83	0	0	562958
42.84	0	0	562958
42.85	0	0	562958
42.86	0	0	562958
42.87	0	0	562958
42.88	0	0	562958
42.89	0	0	562958
42.9	0	0	562958
42.910000000000004	0	0	562958
42.92	0	0	562958
42.93	0	0	562958
42.94	0	0	562958
42.95	0	0	562958
42.96	0	0	562958
42.97	0	0	562958
42.980000000000004	0	0	562958
42.99	0	0	562958
43.0	0	0	562958
43.01	0	0	562958
43.02	0	0	562958
43.03	0	0	562958
43.04	0	0	562958
43.050000000000004	0	0	562958
43.06	0	0	562958
43.07	0	0	562958
43.08	0	0	562958
43.09	0	0	562958
43.1	0	0	562958
43.11	0	0	562958
43.12	0	0	562958
43.13	0	0	562958
43.14	0	0	562958
43.15	0	0	562958
43.160000000000004	0	0	562958
43.17	0	0	562958
43.18	0	0	562958
43.19	0	0	562958
43.2	0	0	562958
43.21	0	0	562958
43.22	0	0	562958
43.230000000000004	0	0	562958
43.24	0	0	562958
43.25	0	0	562958
43.26	0	0	562958
43.27	0	0	562958
43.28	0	0	562958
43.29	0	0	562958
43.300000000000004	0	0	562958
43.31	0	0	562958
43.32	0	0	562958
43.33	0	0	562958
43.34	0	0	562958
43.35	0	0	562958
43.36	0	0	562958
43.37	0	0	562958
43.38	0	0	562958
43.39	0	0	562958
43.4	0	0	562958
43.410000000000004	0	0	562958
43.42	0	0	562958
43.43	0	0	562958
43.44	0	0	562958
43.45	0	0	562958
43.46	0	0	562958
43.47	0	0	562958
43.480000000000004	0	0	562958
43.49	0	0	562958
43.5	0	0	562958
43.51	0	0	562958
43.52	0	0	562958
43.53	0	0	562958
43.54	0	0	562958
43.550000000000004	0	0	562958
43.56	0	0	562958
43.57	0	0	562958
43.58	0	0	562958
43.59	0	0	562958
43.6	0	0	562958
43.61	0	0	562958
43.62	0	0	562958
43.63	0	0	562958
43.64	0	0	562958
43.65	0	0	562958
43.660000000000004	0	0	562958
43.67	0	0	562958
43.68	0	0	562958
43.69	0	0	562958
43.7	0	0	562958
43.71	0	0	562958
43.72	0	0	562958
43.730000000000004	0	0	562958
43.74	0	0	562958
43.75	0	0	562958
43.76	0	0	562958
43.77	0	0	562958
43.78	0	0	562958
43.79	0	0	562958
43.800000000000004	0	0	562958
43.81	0	0	562958
43.82	0	0	562958
43.83	0	0	562958
43.84	0	0	562958
43.85	0	0	562958
43.86	0	0	562958
43.87	0	0	562958
43.88	0	0	562958
43.89	0	0	562958
43.9	0	0	562958
43.910000000000004	0	0	562958
43.92	0	0	562958
43.93	0	0	562958
43.94	0	0	562958
43.95	0	0	562958
43.96	0	0	562958
43.97	0	0	562958
43.980000000000004	0	0	562958
43.99	0	0	562958
44.0	0	0	562958
44.01	0	0	562958
44.02	0	0	562958
44.03	0	0	562958
44.04	0	0	562958
44.050000000000004	0	0	562958
44.06	0	0	562958
44.07	0	0	562958
44.08	0	0	562958
44.09	0	0	562958
44.1	0	0	562958
44.11	0	0	562958
44.12	0	0	562958
44.13	0	0	562958
44.14	0	0	562958
44.15	0	0	562958
44.160000000000004	0	0	562958
44.17	0	0	562958
44.18	0	0	562958
44.19	0	0	562958
44.2	0	0	562958
44.21	0	0	562958
44.22	0	0	562958
44.230000000000004	0	0	562958
44.24	0	0	562958
44.25	0	0	562958
44.26	0	0	562958
44.27	0	0	562958
44.28	0	0	562958
44.29	0	0	562958
44.300000000000004	0	0	562958
44.31	0	0	562958
44.32	0	0	562958
44.33	0	0	562958
44.34	0	0	562958
44.35	0	0	562958
44.36	0	0	562958
44.37	0	0	562958
44.38	0	0	562958
44.39	0	0	562958
44.4	0	0	562958
44.410000000000004	0	0	562958
44.42	0	0	562958
44.43	0	0	562958
44.44	0	0	562958
44.45	0	0	562958
44.46	0	0	562958
44.47	0	0	562958
44.480000000000004	0	0	562958
44.49	0	0	562958
44.5	0	0	562958
44.51	0	0	562958
44.52	0	0	562958
44.53	0	0	562958
44.54	0	0	562958
44.550000000000004	0	0	562958
44.56	0	0	562958
44.57	0	0	562958
44.58	0	0	562958
44.59	0	0	562958
44.6	0	0	562958
44.61	0	0	562958
44.62	0	0	562958
44.63	0	0	562958
44.64	0	0	562958
44.65	0	0	562958
44.660000000000004	0	0	562958
44.67	0	0	562958
44.68	0	0	562958
44.69	0	0	562958
44.7	0	0	562958
44.71	0	0	562958
44.72	0	0	562958
44.730000000000004	0	0	562958
44.74	0	0	562958
44.75	0	0	562958
44.76	0	0	562958
44.77	0	0	562958
44.78	0	0	562958
44.79	0	0	562958
44.800000000000004	0	0	562958
44.81	0	0	562958
44.82	0	0	562958
44.83	0	0	562958
44.84	0	0	562958
44.85	0	0	562958
44.86	0	0	562958
44.87	0	0	562958
44.88	0	0	562958
44.89	0	0	562958
44.9	0	0	562958
44.910000000000004	0	0	562958
44.92	0	0	562958
44.93	0	0	562958
44.94	0	0	562958
44.95	0	0	562958
44.96	0	0	562958
44.97	0	0	562958
44.980000000000004	0	0	562958
44.99	0	0	562958
45.0	0	0	562958
45.01	0	0	562958
45.02	0	0	562958
45.03	0	0	562958
45.04	0	0	562958
45.050000000000004	0	0	562958
45.06	0	0	562958
45.07	0	0	562958
45.08	0	0	562958
45.09	0	0	562958
45.1	0	0	562958
45.11	0	0	562958
45.12	0	0	562958
45.13	0	0	562958
45.14	0	0	562958
45.15	0	0	562958
45.160000000000004	0	0	562958
45.17	0	0	562958
45.18	0	0	562958
45.19	0	0	562958
45.2	0	0	562958
45.21	0	0	562958
45.22	0	0	562958
45.230000000000004	0	0	562958
45.24	0	0	562958
45.25	0	0	562958
45.26	0	0	562958
45.27	0	0	562958
45.28	0	0	562958
45.29	0	0	562958
45.300000000000004	0	0	562958
45.31	0	0	562958
45.32	0	0	562958
45.33	0	0	562958
45.34	0	0	562958
45.35	0	0	562958
45.36	0	0	562958
45.37	0	0	562958
45.38	0	0	562958
45.39	0	0	562958
45.4	0	0	562958
45.410000000000004	0	0	562958
45.42	0	0	562958
45.43	0	0	562958
45.44	0	0	562958
45.45	0	0	562958
45.46	0	0	562958
45.47	0	0	562958
45.480000000000004	0	0	562958
45.49	0	0	562958
45.5	0	0	562958
45.51	0	0	562958
45.52	0	0	562958
45.53	0	0	562958
45.54	0	0	562958
45.550000000000004	0	0	562958
45.56	0	0	562958
45.57	0	0	562958
45.58	0	0	562958
45.59	0	0	562958
45.6	0	0	562958
45.61	0	0	562958
45.62	0	0	562958
45.63	0	0	562958
45.64	0	0	562958
45.65	0	0	562958
45.660000000000004	0	0	562958
45.67	0	0	562958
45.68	0	0	562958
45.69	0	0	562958
45.7	0	0	562958
45.71	0	0	562958
45.72	0	0	562958
45.730000000000004	0	0	562958
45.74	0	0	562958
45.75	0	0	562958
45.76	0	0	562958
45.77	0	0	562958
45.78	0	0	562958
45.79	0	0	562958
45.800000000000004	0	0	562958
45.81	0	0	562958
45.82	0	0	562958
45.83	0	0	562958
45.84	0	0	562958
45.85	0	0	562958
45.86	0	0	562958
45.87	0	0	562958
45.88	0	0	562958
45.89	0	0	562958
45.9	0	0	562958
45.910000000000004	0	0	562958
45.92	0	0	562958
45.93	0	0	562958
45.94	0	0	562958
45.95	0	0	562958
45.96	0	0	562958
45.97	0	0	562958
45.980000000000004	0	0	562958
45.99	0	0	562958
46.0	0	0	562958
46.01	0	0	562958
46.02	0	0	562958
46.03	0	0	562958
46.04	0	0	562958
46.050000000000004	0	0	562958
46.06	0	0	562958
46.07	0	0	562958
46.08	0	0	562958
46.09	0	0	562958
46.1	0	0	562958
46.11	0	0	562958
46.12	0	0	562958
46.13	0	0	562958
46.14	0	0	562958
46.15	0	0	562958
46.160000000000004	0	0	562958
46.17	0	0	562958
46.18	0	0	562958
46.19	0	0	562958
46.2	0	0	562958
46.21	0	0	562958
46.22	0	0	562958
46.230000000000004	0	0	562958
46.24	0	0	562958
46.25	0	0	562958
46.26	0	0	562958
46.27	0	0	562958
46.28	0	0	562958
46.29	0	0	562958
46.300000000000004	0	0	562958
46.31	0	0	562958
46.32	0	0	562958
46.33	0	0	562958
46.34	0	0	562958
46.35	0	0	562958
46.36	0	0	562958
46.37	0	0	562958
46.38	0	0	562958
46.39	0	0	562958
46.4	0	0	562958
46.410000000000004	0	0	562958
46.42	0	0	562958
46.43	0	0	562958
46.44	0	0	562958
46.45	0	0	562958
46.46	0	0	562958
46.47	0	0	562958
46.480000000000004	0	0	562958
46.49	0	0	562958
46.5	0	0	562958
46.51	0	0	562958
46.52	0	0	562958
46.53	0	0	562958
46.54	0	0	562958
46.550000000000004	0	0	562958
46.56	0	0	562958
46.57	0	0	562958
46.58	0	0	562958
46.59	0	0	562958
46.6	0	0	562958
46.61	0	0	562958
46.62	0	0	562958
46.63	0	0	562958
46.64	0	0	562958
46.65	0	0	562958
46.660000000000004	0	0	562958
46.67	0	0	562958
46.68	0	0	562958
46.69	0	0	562958
46.7	0	0	562958
46.71	0	0	562958
46.72	0	0	562958
46.730000000000004	0	0	562958
46.74	0	0	562958
46.75	0	0	562958
46.76	0	0	562958
46.77	0	0	562958
46.78	0	0	562958
46.79	0	0	562958
46.800000000000004	0	0	562958
46.81	0	0	562958
46.82	0	0	562958
46.83	0	0	562958
46.84	0	0	562958
46.85	0	0	562958
46.86	0	0	562958
46.87	0	0	562958
46.88	0	0	562958
46.89	0	0	562958
46.9	0	0	562958
46.910000000000004	0	0	562958
46.92	0	0	562958
46.93	0	0	562958
46.94	0	0	562958
46.95	0	0	562958
46.96	0	0	562958
46.97	0	0	562958
46.980000000000004	0	0	562958
46.99	0	0	562958
47.0	0	0	562958
47.01	0	0	562958
47.02	0	0	562958
47.03	0	0	562958
47.04	0	0	562958
47.050000000000004	0	0	562958
47.06	0	0	562958
47.07	0	0	562958
47.08	0	0	562958
47.09	0	0	562958
47.1	0	0	562958
47.11	0	0	562958
47.12	0	0	562958
47.13	0	0	562958
47.14	0	0	562958
47.15	0	0	562958
47.160000000000004	0	0	562958
47.17	0	0	562958
47.18	0	0	562958
47.19	0	0	562958
47.2	0	0	562958
47.21	0	0	562958
47.22	0	0	562958
47.230000000000004	0	0	562958
47.24	0	0	562958
47.25	0	0	562958
47.26	0	0	562958
47.27	0	0	562958
47.28	0	0	562958
47.29	0	0	562958
47.300000000000004	0	0	562958
47.31	0	0	562958
47.32	0	0	562958
47.33	0	0	562958
47.34	0	0	562958
47.35	0	0	562958
47.36	0	0	562958
47.37	0	0	562958
47.38	0	0	562958
47.39	0	0	562958
47.4	0	0	562958
47.410000000000004	0	0	562958
47.42	0	0	562958
47.43	0	0	562958
47.44	0	0	562958
47.45	0	0	562958
47.46	0	0	562958
47.47	0	0	562958
47.480000000000004	0	0	562958
47.49	0	0	562958
47.5	0	0	562958
47.51	0	0	562958
47.52	0	0	562958
47.53	0	0	562958
47.54	0	0	562958
47.550000000000004	0	0	562958
47.56	0	0	562958
47.57	0	0	562958
47.58	0	0	562958
47.59	0	0	562958
47.6	0	0	562958
47.61	0	0	562958
47.62	0	0	562958
47.63	0	0	562958
47.64	0	0	562958
47.65	0	0	562958
47.660000000000004	0	0	562958
47.67	0	0	562958
47.68	0	0	562958
47.69	0	0	562958
47.7	0	0	562958
47.71	0	0	562958
47.72	0	0	562958
47.730000000000004	0	0	562958
47.74	0	0	562958
47.75	0	0	562958
47.76	0	0	562958
47.77	0	0	562958
47.78	0	0	562958
47.79	0	0	562958
47.800000000000004	0	0	562958
47.81	0	0	562958
47.82	0	0	562958
47.83	0	0	562958
47.84	0	0	562958
47.85	0	0	562958
47.86	0	0	562958
47.870000000000005	0	0	562958
47.88	0	0	562958
47.89	0	0	562958
47.9	0	0	562958
47.910000000000004	0	0	562958
47.92	0	0	562958
47.93	0	0	562958
47.94	0	0	562958
47.95	0	0	562958
47.96	0	0	562958
47.97	0	0	562958
47.980000000000004	0	0	562958
47.99	0	0	562958
48.0	0	0	562958
48.01	0	0	562958
48.02	0	0	562958
48.03	0	0	562958
48.04	0	0	562958
48.050000000000004	0	0	562958
48.06	0	0	562958
48.07	0	0	562958
48.08	0	0	562958
48.09	0	0	562958
48.1	0	0	562958
48.11	0	0	562958
48.120000000000005	0	0	562958
48.13	0	0	562958
48.14	0	0	562958
48.15	0	0	562958
48.160000000000004	0	0	562958
48.17	0	0	562958
48.18	0	0	562958
48.19	0	0	562958
48.2	0	0	562958
48.21	0	0	562958
48.22	0	0	562958
48.230000000000004	0	0	562958
48.24	0	0	562958
48.25	0	0	562958
48.26	0	0	562958
48.27	0	0	562958
48.28	0	0	562958
48.29	0	0	562958
48.300000000000004	0	0	562958
48.31	0	0	562958
48.32	0	0	562958
48.33	0	0	562958
48.34	0	0	562958
48.35	0	0	562958
48.36	0	0	562958
48.370000000000005	0	0	562958
48.38	0	0	562958
48.39	0	0	562958
48.4	0	0	562958
48.410000000000004	0	0	562958
48.42	0	0	562958
48.43	0	0	562958
48.44	0	0	562958
48.45	0	0	562958
48.46	0	0	562958
48.47	0	0	562958
48.480000000000004	0	0	562958
48.49	0	0	562958
48.5	0	0	562958
48.51	0	0	562958
48.52	0	0	562958
48.53	0	0	562958
48.54	0	0	562958
48.550000000000004	0	0	562958
48.56	0	0	562958
48.57	0	0	562958
48.58	0	0	562958
48.59	0	0	562958
48.6	0	0	562958
48.61	0	0	562958
48.620000000000005	0	0	562958
48.63	0	0	562958
48.64	0	0	562958
48.65	0	0	562958
48.660000000000004	0	0	562958
48.67	0	0	562958
48.68	0	0	562958
48.69	0	0	562958
48.7	0	0	562958
48.71	0	0	562958
48.72	0	0	562958
48.730000000000004	0	0	562958
48.74	0	0	562958
48.75	0	0	562958
48.76	0	0	562958
48.77	0	0	562958
48.78	0	0	562958
48.79	0	0	562958
48.800000000000004	0	0	562958
48.81	0	0	562958
48.82	0	0	562958
48.83	0	0	562958
48.84	0	0	562958
48.85	0	0	562958
48.86	0	0	562958
48.870000000000005	0	0	562958
48.88	0	0	562958
48.89	0	0	562958
48.9	0	0	562958
48.910000000000004	0	0	562958
48.92	0	0	562958
48.93	0	0	562958
48.94	0	0	562958
48.95	0	0	562958
48.96	0	0	562958
48.97	0	0	562958
48.980000000000004	0	0	562958
48.99	0	0	562958
49.0	0	0	562958
49.01	0	0	562958
49.02	0	0	562958
49.03	0	0	562958
49.04	0	0	562958
49.050000000000004	0	0	562958
49.06	0	0	562958
49.07	0	0	562958
49.08	0	0	562958
49.09	0	0	562958
49.1	0	0	562958
49.11	0	0	562958
49.120000000000005	0	0	562958
49.13	0	0	562958
49.14	0	0	562958
49.15	0	0	562958
49.160000000000004	0	0	562958
49.17	0	0	562958
49.18	0	0	562958
49.19	0	0	562958
49.2	0	0	562958
49.21	0	0	562958
49.22	0	0	562958
49.230000000000004	0	0	562958
49.24	0	0	562958
49.25	0	0	562958
49.26	0	0	562958
49.27	0	0	562958
49.28	0	0	562958
49.29	0	0	562958
49.300000000000004	0	0	562958
49.31	0	0	562958
49.32	0	0	562958
49.33	0	0	562958
49.34	0	0	562958
49.35	0	0	562958
49.36	0	0	562958
49.370000000000005	0	0	562958
49.38	0	0	562958
49.39	0	0	562958
49.4	0	0	562958
49.410000000000004	0	0	562958
49.42	0	0	562958
49.43	0	0	562958
49.44	0	0	562958
49.45	0	0	562958
49.46	0	0	562958
49.47	0	0	562958
49.480000000000004	0	0	562958
49.49	0	0	562958
49.5	0	0	562958
49.51	0	0	562958
49.52	0	0	562958
49.53	0	0	562958
49.54	0	0	562958
49.550000000000004	0	0	562958
49.56	0	0	562958
49.57	0	0	562958
49.58	0	0	562958
49.59	0	0	562958
49.6	0	0	562958
49.61	0	0	562958
49.620000000000005	0	0	562958
49.63	0	0	562958
49.64	0	0	562958
49.65	0	0	562958
49.660000000000004	0	0	562958
49.67	0	0	562958
49.68	0	0	562958
49.69	0	0	562958
49.7	0	0	562958
49.71	0	0	562958
49.72	0	0	562958
49.730000000000004	0	0	562958
49.74	0	0	562958
49.75	0	0	562958
49.76	0	0	562958
49.77	0	0	562958
49.78	0	0	562958
49.79	0	0	562958
49.800000000000004	0	0	562958
49.81	0	0	562958
49.82	0	0	562958
49.83	0	0	562958
49.84	0	0	562958
49.85	0	0	562958
49.86	0	0	562958
49.870000000000005	0	0	562958
49.88	0	0	562958
49.89	0	0	562958
49.9	0	0	562958
49.910000000000004	0	0	562958
49.92	0	0	562958
49.93	0	0	562958
49.94	0	0	562958
49.95	0	0	562958
49.96	0	0	562958
49.97	0	0	562958
49.980000000000004	0	0	562958
49.99	0	0	562958
50.0	0	0	562958
50.01	0	0	562958
50.02	0	0	562958
50.03	0	0	562958
50.04	0	0	562958
50.050000000000004	0	0	562958
50.06	0	0	562958
50.07	0	0	562958
50.08	0	0	562958
50.09	0	0	562958
50.1	0	0	562958
50.11	0	0	562958
50.120000000000005	0	0	562958
50.13	0	0	562958
50.14	0	0	562958
50.15	0	0	562958
50.160000000000004	0	0	562958
50.17	0	0	562958
50.18	0	0	562958
50.19	0	0	562958
50.2	0	0	562958
50.21	0	0	562958
50.22	0	0	562958
50.230000000000004	0	0	562958
50.24	0	0	562958
50.25	0	0	562958
50.26	0	0	562958
50.27	0	0	562958
50.28	0	0	562958
50.29	0	0	562958
50.300000000000004	0	0	562958
50.31	0	0	562958
50.32	0	0	562958
50.33	0	0	562958
50.34	0	0	562958
50.35	0	0	562958
50.36	0	0	562958
50.370000000000005	0	0	562958
50.38	0	0	562958
50.39	0	0	562958
50.4	0	0	562958
50.410000000000004	0	0	562958
50.42	0	0	562958
50.43	0	0	562958
50.44	0	0	562958
50.45	0	0	562958
50.46	0	0	562958
50.47	0	0	562958
50.480000000000004	0	0	562958
50.49	0	0	562958
50.5	0	0	562958
50.51	0	0	562958
50.52	0	0	562958
50.53	0	0	562958
50.54	0	0	562958
50.550000000000004	0	0	562958
50.56	0	0	562958
50.57	0	0	562958
50.58	0	0	562958
50.59	0	0	562958
50.6	0	0	562958
50.61	0	0	562958
50.620000000000005	0	0	562958
50.63	0	0	562958
50.64	0	0	562958
50.65	0	0	562958
50.660000000000004	0	0	562958
50.67	0	0	562958
50.68	0	0	562958
50.69	0	0	562958
50.7	0	0	562958
50.71	0	0	562958
50.72	0	0	562958
50.730000000000004	0	0	562958
50.74	0	0	562958
50.75	0	0	562958
50.76	0	0	562958
50.77	0	0	562958
50.78	0	0	562958
50.79	0	0	562958
50.800000000000004	0	0	562958
50.81	0	0	562958
50.82	0	0	562958
50.83	0	0	562958
50.84	0	0	562958
50.85	0	0	562958
50.86	0	0	562958
50.870000000000005	0	0	562958
50.88	0	0	562958
50.89	0	0	562958
50.9	0	0	562958
50.910000000000004	0	0	562958
50.92	0	0	562958
50.93	0	0	562958
50.94	0	0	562958
50.95	0	0	562958
50.96	0	0	562958
50.97	0	0	562958
50.980000000000004	0	0	562958
50.99	0	0	562958
51.0	0	0	562958
51.01	0	0	562958
51.02	0	0	562958
51.03	0	0	562958
51.04	0	0	562958
51.050000000000004	0	0	562958
51.06	0	0	562958
51.07	0	0	562958
51.08	0	0	562958
51.09	0	0	562958
51.1	0	0	562958
51.11	0	0	562958
51.120000000000005	0	0	562958
51.13	0	0	562958
51.14	0	0	562958
51.15	0	0	562958
51.160000000000004	0	0	562958
51.17	0	0	562958
51.18	0	0	562958
51.19	0	0	562958
51.2	0	0	562958
51.21	0	0	562958
51.22	0	0	562958
51.230000000000004	0	0	562958
51.24	0	0	562958
51.25	0	0	562958
51.26	0	0	562958
51.27	0	0	562958
51.28	0	0	562958
51.29	0	0	562958
51.300000000000004	0	0	562958
51.31	0	0	562958
51.32	0	0	562958
51.33	0	0	562958
51.34	0	0	562958
51.35	0	0	562958
51.36	0	0	562958
51.370000000000005	0	0	562958
51.38	0	0	562958
51.39	0	0	562958
51.4	0	0	562958
51.410000000000004	0	0	562958
51.42	0	0	562958
51.43	0	0	562958
51.44	0	0	562958
51.45	0	0	562958
51.46	0	0	562958
51.47	0	0	562958
51.480000000000004	0	0	562958
51.49	0	0	562958
51.5	0	0	562958
51.51	0	0	562958
51.52	0	0	562958
51.53	0	0	562958
51.54	0	0	562958
51.550000000000004	0	0	562958
51.56	0	0	562958
51.57	0	0	562958
51.58	0	0	562958
51.59	0	0	562958
51.6	0	0	562958
51.61	0	0	562958
51.620000000000005	0	0	562958
51.63	0	0	562958
51.64	0	0	562958
51.65	0	0	562958
51.660000000000004	0	0	562958
51.67	0	0	562958
51.68	0	0	562958
51.69	0	0	562958
51.7	0	0	562958
51.71	0	0	562958
51.72	0	0	562958
51.730000000000004	0	0	562958
51.74	0	0	562958
51.75	0	0	562958
51.76	0	0	562958
51.77	0	0	562958
51.78	0	0	562958
51.79	0	0	562958
51.800000000000004	0	0	562958
51.81	0	0	562958
51.82	0	0	562958
51.83	0	0	562958
51.84	0	0	562958
51.85	0	0	562958
51.86	0	0	562958
51.870000000000005	0	0	562958
51.88	0	0	562958
51.89	0	0	562958
51.9	0	0	562958
51.910000000000004	0	0	562958
51.92	0	0	562958
51.93	0	0	562958
51.94	0	0	562958
51.95	0	0	562958
51.96	0	0	562958
51.97	0	0	562958
51.980000000000004	0	0	562958
51.99	0	0	562958
52.0	0	0	562958
