#t 	Susceptible 	Infected 	Recovered
0 	0	0	429344
0.01	0	0	429344
0.02	0	0	429344
0.03	0	0	429344
0.04	0	0	429344
0.05	0	0	429344
0.06	0	0	429344
0.07	0	0	429344
0.08	0	0	429344
0.09	0	0	429344
0.1	0	0	429344
0.11	0	0	429344
0.12	0	0	429344
0.13	0	0	429344
0.14	0	0	429344
0.15	0	0	429344
0.16	0	0	429344
0.17	0	0	429344
0.18	0	0	429344
0.19	0	0	429344
0.2	0	0	429344
0.21	0	0	429344
0.22	0	0	429344
0.23	0	0	429344
0.24	0	0	429344
0.25	0	0	429344
0.26	0	0	429344
0.27	0	0	429344
0.28	0	0	429344
0.29	0	0	429344
0.3	0	0	429344
0.31	0	0	429344
0.32	0	0	429344
0.33	0	0	429344
0.34	0	0	429344
0.35000000000000003	0	0	429344
0.36	0	0	429344
0.37	0	0	429344
0.38	0	0	429344
0.39	0	0	429344
0.4	0	0	429344
0.41000000000000003	0	0	429344
0.42	0	0	429344
0.43	0	0	429344
0.44	0	0	429344
0.45	0	0	429344
0.46	0	0	429344
0.47000000000000003	0	0	429344
0.48	0	0	429344
0.49	0	0	429344
0.5	0	0	429344
0.51	0	0	429344
0.52	0	0	429344
0.53	0	0	429344
0.54	0	0	429344
0.55	0	0	429344
0.56	0	0	429344
0.5700000000000001	0	0	429344
0.58	0	0	429344
0.59	0	0	429344
0.6	0	0	429344
0.61	0	0	429344
0.62	0	0	429344
0.63	0	0	429344
0.64	0	0	429344
0.65	0	0	429344
0.66	0	0	429344
0.67	0	0	429344
0.68	0	0	429344
0.6900000000000001	0	0	429344
0.7000000000000001	0	0	429344
0.71	0	0	429344
0.72	0	0	429344
0.73	0	0	429344
0.74	0	0	429344
0.75	0	0	429344
0.76	0	0	429344
0.77	0	0	429344
0.78	0	0	429344
0.79	0	0	429344
0.8	0	0	429344
0.81	0	0	429344
0.8200000000000001	0	0	429344
0.8300000000000001	0	0	429344
0.84	0	0	429344
0.85	0	0	429344
0.86	0	0	429344
0.87	0	0	429344
0.88	0	0	429344
0.89	0	0	429344
0.9	0	0	429344
0.91	0	0	429344
0.92	0	0	429344
0.93	0	0	429344
0.9400000000000001	0	0	429344
0.9500000000000001	0	0	429344
0.96	0	0	429344
0.97	0	0	429344
0.98	0	0	429344
0.99	0	0	429344
1.0	0	0	429344
1.01	0	0	429344
1.02	0	0	429344
1.03	0	0	429344
1.04	0	0	429344
1.05	0	0	429344
1.06	0	0	429344
1.07	0	0	429344
1.08	0	0	429344
1.09	0	0	429344
1.1	0	0	429344
1.11	0	0	429344
1.12	0	0	429344
1.1300000000000001	0	0	429344
1.1400000000000001	0	0	429344
1.1500000000000001	0	0	429344
1.16	0	0	429344
1.17	0	0	429344
1.18	0	0	429344
1.19	0	0	429344
1.2	0	0	429344
1.21	0	0	429344
1.22	0	0	429344
1.23	0	0	429344
1.24	0	0	429344
1.25	0	0	429344
1.26	0	0	429344
1.27	0	0	429344
1.28	0	0	429344
1.29	0	0	429344
1.3	0	0	429344
1.31	0	0	429344
1.32	0	0	429344
1.33	0	0	429344
1.34	0	0	429344
1.35	0	0	429344
1.36	0	0	429344
1.37	0	0	429344
1.3800000000000001	0	0	429344
1.3900000000000001	0	0	429344
1.4000000000000001	0	0	429344
1.41	0	0	429344
1.42	0	0	429344
1.43	0	0	429344
1.44	0	0	429344
1.45	0	0	429344
1.46	0	0	429344
1.47	0	0	429344
1.48	0	0	429344
1.49	0	0	429344
1.5	0	0	429344
1.51	0	0	429344
1.52	0	0	429344
1.53	0	0	429344
1.54	0	0	429344
1.55	0	0	429344
1.56	0	0	429344
1.57	0	0	429344
1.58	0	0	429344
1.59	0	0	429344
1.6	0	0	429344
1.61	0	0	429344
1.62	0	0	429344
1.6300000000000001	0	0	429344
1.6400000000000001	0	0	429344
1.6500000000000001	0	0	429344
1.6600000000000001	0	0	429344
1.67	0	0	429344
1.68	0	0	429344
1.69	0	0	429344
1.7	0	0	429344
1.71	0	0	429344
1.72	0	0	429344
1.73	0	0	429344
1.74	0	0	429344
1.75	0	0	429344
1.76	0	0	429344
1.77	0	0	429344
1.78	0	0	429344
1.79	0	0	429344
1.8	0	0	429344
1.81	0	0	429344
1.82	0	0	429344
1.83	0	0	429344
1.84	0	0	429344
1.85	0	0	429344
1.86	0	0	429344
1.87	0	0	429344
1.8800000000000001	0	0	429344
1.8900000000000001	0	0	429344
1.9000000000000001	0	0	429344
1.9100000000000001	0	0	429344
1.92	0	0	429344
1.93	0	0	429344
1.94	0	0	429344
1.95	0	0	429344
1.96	0	0	429344
1.97	0	0	429344
1.98	0	0	429344
1.99	0	0	429344
2.0	0	0	429344
2.0100000000000002	0	0	429344
2.02	0	0	429344
2.0300000000000002	0	0	429344
2.04	0	0	429344
2.05	0	0	429344
2.06	0	0	429344
2.07	0	0	429344
2.08	0	0	429344
2.09	0	0	429344
2.1	0	0	429344
2.11	0	0	429344
2.12	0	0	429344
2.13	0	0	429344
2.14	0	0	429344
2.15	0	0	429344
2.16	0	0	429344
2.17	0	0	429344
2.18	0	0	429344
2.19	0	0	429344
2.2	0	0	429344
2.21	0	0	429344
2.22	0	0	429344
2.23	0	0	429344
2.24	0	0	429344
2.25	0	0	429344
2.2600000000000002	0	0	429344
2.27	0	0	429344
2.2800000000000002	0	0	429344
2.29	0	0	429344
2.3000000000000003	0	0	429344
2.31	0	0	429344
2.32	0	0	429344
2.33	0	0	429344
2.34	0	0	429344
2.35	0	0	429344
2.36	0	0	429344
2.37	0	0	429344
2.38	0	0	429344
2.39	0	0	429344
2.4	0	0	429344
2.41	0	0	429344
2.42	0	0	429344
2.43	0	0	429344
2.44	0	0	429344
2.45	0	0	429344
2.46	0	0	429344
2.47	0	0	429344
2.48	0	0	429344
2.49	0	0	429344
2.5	0	0	429344
2.5100000000000002	0	0	429344
2.52	0	0	429344
2.5300000000000002	0	0	429344
2.54	0	0	429344
2.5500000000000003	0	0	429344
2.56	0	0	429344
2.57	0	0	429344
2.58	0	0	429344
2.59	0	0	429344
2.6	0	0	429344
2.61	0	0	429344
2.62	0	0	429344
2.63	0	0	429344
2.64	0	0	429344
2.65	0	0	429344
2.66	0	0	429344
2.67	0	0	429344
2.68	0	0	429344
2.69	0	0	429344
2.7	0	0	429344
2.71	0	0	429344
2.72	0	0	429344
2.73	0	0	429344
2.74	0	0	429344
2.75	0	0	429344
2.7600000000000002	0	0	429344
2.77	0	0	429344
2.7800000000000002	0	0	429344
2.79	0	0	429344
2.8000000000000003	0	0	429344
2.81	0	0	429344
2.82	0	0	429344
2.83	0	0	429344
2.84	0	0	429344
2.85	0	0	429344
2.86	0	0	429344
2.87	0	0	429344
2.88	0	0	429344
2.89	0	0	429344
2.9	0	0	429344
2.91	0	0	429344
2.92	0	0	429344
2.93	0	0	429344
2.94	0	0	429344
2.95	0	0	429344
2.96	0	0	429344
2.97	0	0	429344
2.98	0	0	429344
2.99	0	0	429344
3.0	0	0	429344
3.0100000000000002	0	0	429344
3.02	0	0	429344
3.0300000000000002	0	0	429344
3.04	0	0	429344
3.0500000000000003	0	0	429344
3.06	0	0	429344
3.0700000000000003	0	0	429344
3.08	0	0	429344
3.09	0	0	429344
3.1	0	0	429344
3.11	0	0	429344
3.12	0	0	429344
3.13	0	0	429344
3.14	0	0	429344
3.15	0	0	429344
3.16	0	0	429344
3.17	0	0	429344
3.18	0	0	429344
3.19	0	0	429344
3.2	0	0	429344
3.21	0	0	429344
3.22	0	0	429344
3.23	0	0	429344
3.24	0	0	429344
3.25	0	0	429344
3.2600000000000002	0	0	429344
3.27	0	0	429344
3.2800000000000002	0	0	429344
3.29	0	0	429344
3.3000000000000003	0	0	429344
3.31	0	0	429344
3.3200000000000003	0	0	429344
3.33	0	0	429344
3.34	0	0	429344
3.35	0	0	429344
3.36	0	0	429344
3.37	0	0	429344
3.38	0	0	429344
3.39	0	0	429344
3.4	0	0	429344
3.41	0	0	429344
3.42	0	0	429344
3.43	0	0	429344
3.44	0	0	429344
3.45	0	0	429344
3.46	0	0	429344
3.47	0	0	429344
3.48	0	0	429344
3.49	0	0	429344
3.5	0	0	429344
3.5100000000000002	0	0	429344
3.52	0	0	429344
3.5300000000000002	0	0	429344
3.54	0	0	429344
3.5500000000000003	0	0	429344
3.56	0	0	429344
3.5700000000000003	0	0	429344
3.58	0	0	429344
3.59	0	0	429344
3.6	0	0	429344
3.61	0	0	429344
3.62	0	0	429344
3.63	0	0	429344
3.64	0	0	429344
3.65	0	0	429344
3.66	0	0	429344
3.67	0	0	429344
3.68	0	0	429344
3.69	0	0	429344
3.7	0	0	429344
3.71	0	0	429344
3.72	0	0	429344
3.73	0	0	429344
3.74	0	0	429344
3.75	0	0	429344
3.7600000000000002	0	0	429344
3.77	0	0	429344
3.7800000000000002	0	0	429344
3.79	0	0	429344
3.8000000000000003	0	0	429344
3.81	0	0	429344
3.8200000000000003	0	0	429344
3.83	0	0	429344
3.84	0	0	429344
3.85	0	0	429344
3.86	0	0	429344
3.87	0	0	429344
3.88	0	0	429344
3.89	0	0	429344
3.9	0	0	429344
3.91	0	0	429344
3.92	0	0	429344
3.93	0	0	429344
3.94	0	0	429344
3.95	0	0	429344
3.96	0	0	429344
3.97	0	0	429344
3.98	0	0	429344
3.99	0	0	429344
4.0	0	0	429344
4.01	0	0	429344
4.0200000000000005	0	0	429344
4.03	0	0	429344
4.04	0	0	429344
4.05	0	0	429344
4.0600000000000005	0	0	429344
4.07	0	0	429344
4.08	0	0	429344
4.09	0	0	429344
4.1	0	0	429344
4.11	0	0	429344
4.12	0	0	429344
4.13	0	0	429344
4.14	0	0	429344
4.15	0	0	429344
4.16	0	0	429344
4.17	0	0	429344
4.18	0	0	429344
4.19	0	0	429344
4.2	0	0	429344
4.21	0	0	429344
4.22	0	0	429344
4.23	0	0	429344
4.24	0	0	429344
4.25	0	0	429344
4.26	0	0	429344
4.2700000000000005	0	0	429344
4.28	0	0	429344
4.29	0	0	429344
4.3	0	0	429344
4.3100000000000005	0	0	429344
4.32	0	0	429344
4.33	0	0	429344
4.34	0	0	429344
4.3500000000000005	0	0	429344
4.36	0	0	429344
4.37	0	0	429344
4.38	0	0	429344
4.39	0	0	429344
4.4	0	0	429344
4.41	0	0	429344
4.42	0	0	429344
4.43	0	0	429344
4.44	0	0	429344
4.45	0	0	429344
4.46	0	0	429344
4.47	0	0	429344
4.48	0	0	429344
4.49	0	0	429344
4.5	0	0	429344
4.51	0	0	429344
4.5200000000000005	0	0	429344
4.53	0	0	429344
4.54	0	0	429344
4.55	0	0	429344
4.5600000000000005	0	0	429344
4.57	0	0	429344
4.58	0	0	429344
4.59	0	0	429344
4.6000000000000005	0	0	429344
4.61	0	0	429344
4.62	0	0	429344
4.63	0	0	429344
4.64	0	0	429344
4.65	0	0	429344
4.66	0	0	429344
4.67	0	0	429344
4.68	0	0	429344
4.69	0	0	429344
4.7	0	0	429344
4.71	0	0	429344
4.72	0	0	429344
4.73	0	0	429344
4.74	0	0	429344
4.75	0	0	429344
4.76	0	0	429344
4.7700000000000005	0	0	429344
4.78	0	0	429344
4.79	0	0	429344
4.8	0	0	429344
4.8100000000000005	0	0	429344
4.82	0	0	429344
4.83	0	0	429344
4.84	0	0	429344
4.8500000000000005	0	0	429344
4.86	0	0	429344
4.87	0	0	429344
4.88	0	0	429344
4.89	0	0	429344
4.9	0	0	429344
4.91	0	0	429344
4.92	0	0	429344
4.93	0	0	429344
4.94	0	0	429344
4.95	0	0	429344
4.96	0	0	429344
4.97	0	0	429344
4.98	0	0	429344
4.99	0	0	429344
5.0	0	0	429344
5.01	0	0	429344
5.0200000000000005	0	0	429344
5.03	0	0	429344
5.04	0	0	429344
5.05	0	0	429344
5.0600000000000005	0	0	429344
5.07	0	0	429344
5.08	0	0	429344
5.09	0	0	429344
5.1000000000000005	0	0	429344
5.11	0	0	429344
5.12	0	0	429344
5.13	0	0	429344
5.14	0	0	429344
5.15	0	0	429344
5.16	0	0	429344
5.17	0	0	429344
5.18	0	0	429344
5.19	0	0	429344
5.2	0	0	429344
5.21	0	0	429344
5.22	0	0	429344
5.23	0	0	429344
5.24	0	0	429344
5.25	0	0	429344
5.26	0	0	429344
5.2700000000000005	0	0	429344
5.28	0	0	429344
5.29	0	0	429344
5.3	0	0	429344
5.3100000000000005	0	0	429344
5.32	0	0	429344
5.33	0	0	429344
5.34	0	0	429344
5.3500000000000005	0	0	429344
5.36	0	0	429344
5.37	0	0	429344
5.38	0	0	429344
5.39	0	0	429344
5.4	0	0	429344
5.41	0	0	429344
5.42	0	0	429344
5.43	0	0	429344
5.44	0	0	429344
5.45	0	0	429344
5.46	0	0	429344
5.47	0	0	429344
5.48	0	0	429344
5.49	0	0	429344
5.5	0	0	429344
5.51	0	0	429344
5.5200000000000005	0	0	429344
5.53	0	0	429344
5.54	0	0	429344
5.55	0	0	429344
5.5600000000000005	0	0	429344
5.57	0	0	429344
5.58	0	0	429344
5.59	0	0	429344
5.6000000000000005	0	0	429344
5.61	0	0	429344
5.62	0	0	429344
5.63	0	0	429344
5.64	0	0	429344
5.65	0	0	429344
5.66	0	0	429344
5.67	0	0	429344
5.68	0	0	429344
5.69	0	0	429344
5.7	0	0	429344
5.71	0	0	429344
5.72	0	0	429344
5.73	0	0	429344
5.74	0	0	429344
5.75	0	0	429344
5.76	0	0	429344
5.7700000000000005	0	0	429344
5.78	0	0	429344
5.79	0	0	429344
5.8	0	0	429344
5.8100000000000005	0	0	429344
5.82	0	0	429344
5.83	0	0	429344
5.84	0	0	429344
5.8500000000000005	0	0	429344
5.86	0	0	429344
5.87	0	0	429344
5.88	0	0	429344
5.89	0	0	429344
5.9	0	0	429344
5.91	0	0	429344
5.92	0	0	429344
5.93	0	0	429344
5.94	0	0	429344
5.95	0	0	429344
5.96	0	0	429344
5.97	0	0	429344
5.98	0	0	429344
5.99	0	0	429344
6.0	0	0	429344
6.01	0	0	429344
6.0200000000000005	0	0	429344
6.03	0	0	429344
6.04	0	0	429344
6.05	0	0	429344
6.0600000000000005	0	0	429344
6.07	0	0	429344
6.08	0	0	429344
6.09	0	0	429344
6.1000000000000005	0	0	429344
6.11	0	0	429344
6.12	0	0	429344
6.13	0	0	429344
6.140000000000001	0	0	429344
6.15	0	0	429344
6.16	0	0	429344
6.17	0	0	429344
6.18	0	0	429344
6.19	0	0	429344
6.2	0	0	429344
6.21	0	0	429344
6.22	0	0	429344
6.23	0	0	429344
6.24	0	0	429344
6.25	0	0	429344
6.26	0	0	429344
6.2700000000000005	0	0	429344
6.28	0	0	429344
6.29	0	0	429344
6.3	0	0	429344
6.3100000000000005	0	0	429344
6.32	0	0	429344
6.33	0	0	429344
6.34	0	0	429344
6.3500000000000005	0	0	429344
6.36	0	0	429344
6.37	0	0	429344
6.38	0	0	429344
6.390000000000001	0	0	429344
6.4	0	0	429344
6.41	0	0	429344
6.42	0	0	429344
6.43	0	0	429344
6.44	0	0	429344
6.45	0	0	429344
6.46	0	0	429344
6.47	0	0	429344
6.48	0	0	429344
6.49	0	0	429344
6.5	0	0	429344
6.51	0	0	429344
6.5200000000000005	0	0	429344
6.53	0	0	429344
6.54	0	0	429344
6.55	0	0	429344
6.5600000000000005	0	0	429344
6.57	0	0	429344
6.58	0	0	429344
6.59	0	0	429344
6.6000000000000005	0	0	429344
6.61	0	0	429344
6.62	0	0	429344
6.63	0	0	429344
6.640000000000001	0	0	429344
6.65	0	0	429344
6.66	0	0	429344
6.67	0	0	429344
6.68	0	0	429344
6.69	0	0	429344
6.7	0	0	429344
6.71	0	0	429344
6.72	0	0	429344
6.73	0	0	429344
6.74	0	0	429344
6.75	0	0	429344
6.76	0	0	429344
6.7700000000000005	0	0	429344
6.78	0	0	429344
6.79	0	0	429344
6.8	0	0	429344
6.8100000000000005	0	0	429344
6.82	0	0	429344
6.83	0	0	429344
6.84	0	0	429344
6.8500000000000005	0	0	429344
6.86	0	0	429344
6.87	0	0	429344
6.88	0	0	429344
6.890000000000001	0	0	429344
6.9	0	0	429344
6.91	0	0	429344
6.92	0	0	429344
6.93	0	0	429344
6.94	0	0	429344
6.95	0	0	429344
6.96	0	0	429344
6.97	0	0	429344
6.98	0	0	429344
6.99	0	0	429344
7.0	0	0	429344
7.01	0	0	429344
7.0200000000000005	0	0	429344
7.03	0	0	429344
7.04	0	0	429344
7.05	0	0	429344
7.0600000000000005	0	0	429344
7.07	0	0	429344
7.08	0	0	429344
7.09	0	0	429344
7.1000000000000005	0	0	429344
7.11	0	0	429344
7.12	0	0	429344
7.13	0	0	429344
7.140000000000001	0	0	429344
7.15	0	0	429344
7.16	0	0	429344
7.17	0	0	429344
7.18	0	0	429344
7.19	0	0	429344
7.2	0	0	429344
7.21	0	0	429344
7.22	0	0	429344
7.23	0	0	429344
7.24	0	0	429344
7.25	0	0	429344
7.26	0	0	429344
7.2700000000000005	0	0	429344
7.28	0	0	429344
7.29	0	0	429344
7.3	0	0	429344
7.3100000000000005	0	0	429344
7.32	0	0	429344
7.33	0	0	429344
7.34	0	0	429344
7.3500000000000005	0	0	429344
7.36	0	0	429344
7.37	0	0	429344
7.38	0	0	429344
7.390000000000001	0	0	429344
7.4	0	0	429344
7.41	0	0	429344
7.42	0	0	429344
7.43	0	0	429344
7.44	0	0	429344
7.45	0	0	429344
7.46	0	0	429344
7.47	0	0	429344
7.48	0	0	429344
7.49	0	0	429344
7.5	0	0	429344
7.51	0	0	429344
7.5200000000000005	0	0	429344
7.53	0	0	429344
7.54	0	0	429344
7.55	0	0	429344
7.5600000000000005	0	0	429344
7.57	0	0	429344
7.58	0	0	429344
7.59	0	0	429344
7.6000000000000005	0	0	429344
7.61	0	0	429344
7.62	0	0	429344
7.63	0	0	429344
7.640000000000001	0	0	429344
7.65	0	0	429344
7.66	0	0	429344
7.67	0	0	429344
7.68	0	0	429344
7.69	0	0	429344
7.7	0	0	429344
7.71	0	0	429344
7.72	0	0	429344
7.73	0	0	429344
7.74	0	0	429344
7.75	0	0	429344
7.76	0	0	429344
7.7700000000000005	0	0	429344
7.78	0	0	429344
7.79	0	0	429344
7.8	0	0	429344
7.8100000000000005	0	0	429344
7.82	0	0	429344
7.83	0	0	429344
7.84	0	0	429344
7.8500000000000005	0	0	429344
7.86	0	0	429344
7.87	0	0	429344
7.88	0	0	429344
7.890000000000001	0	0	429344
7.9	0	0	429344
7.91	0	0	429344
7.92	0	0	429344
7.930000000000001	0	0	429344
7.94	0	0	429344
7.95	0	0	429344
7.96	0	0	429344
7.97	0	0	429344
7.98	0	0	429344
7.99	0	0	429344
8.0	0	0	429344
8.01	0	0	429344
8.02	0	0	429344
8.03	0	0	429344
8.040000000000001	0	0	429344
8.05	0	0	429344
8.06	0	0	429344
8.07	0	0	429344
8.08	0	0	429344
8.09	0	0	429344
8.1	0	0	429344
8.11	0	0	429344
8.120000000000001	0	0	429344
8.13	0	0	429344
8.14	0	0	429344
8.15	0	0	429344
8.16	0	0	429344
8.17	0	0	429344
8.18	0	0	429344
8.19	0	0	429344
8.2	0	0	429344
8.21	0	0	429344
8.22	0	0	429344
8.23	0	0	429344
8.24	0	0	429344
8.25	0	0	429344
8.26	0	0	429344
8.27	0	0	429344
8.28	0	0	429344
8.290000000000001	0	0	429344
8.3	0	0	429344
8.31	0	0	429344
8.32	0	0	429344
8.33	0	0	429344
8.34	0	0	429344
8.35	0	0	429344
8.36	0	0	429344
8.370000000000001	0	0	429344
8.38	0	0	429344
8.39	0	0	429344
8.4	0	0	429344
8.41	0	0	429344
8.42	0	0	429344
8.43	0	0	429344
8.44	0	0	429344
8.45	0	0	429344
8.46	0	0	429344
8.47	0	0	429344
8.48	0	0	429344
8.49	0	0	429344
8.5	0	0	429344
8.51	0	0	429344
8.52	0	0	429344
8.53	0	0	429344
8.540000000000001	0	0	429344
8.55	0	0	429344
8.56	0	0	429344
8.57	0	0	429344
8.58	0	0	429344
8.59	0	0	429344
8.6	0	0	429344
8.61	0	0	429344
8.620000000000001	0	0	429344
8.63	0	0	429344
8.64	0	0	429344
8.65	0	0	429344
8.66	0	0	429344
8.67	0	0	429344
8.68	0	0	429344
8.69	0	0	429344
8.700000000000001	0	0	429344
8.71	0	0	429344
8.72	0	0	429344
8.73	0	0	429344
8.74	0	0	429344
8.75	0	0	429344
8.76	0	0	429344
8.77	0	0	429344
8.78	0	0	429344
8.790000000000001	0	0	429344
8.8	0	0	429344
8.81	0	0	429344
8.82	0	0	429344
8.83	0	0	429344
8.84	0	0	429344
8.85	0	0	429344
8.86	0	0	429344
8.870000000000001	0	0	429344
8.88	0	0	429344
8.89	0	0	429344
8.9	0	0	429344
8.91	0	0	429344
8.92	0	0	429344
8.93	0	0	429344
8.94	0	0	429344
8.950000000000001	0	0	429344
8.96	0	0	429344
8.97	0	0	429344
8.98	0	0	429344
8.99	0	0	429344
9.0	0	0	429344
9.01	0	0	429344
9.02	0	0	429344
9.03	0	0	429344
9.040000000000001	0	0	429344
9.05	0	0	429344
9.06	0	0	429344
9.07	0	0	429344
9.08	0	0	429344
9.09	0	0	429344
9.1	0	0	429344
9.11	0	0	429344
9.120000000000001	0	0	429344
9.13	0	0	429344
9.14	0	0	429344
9.15	0	0	429344
9.16	0	0	429344
9.17	0	0	429344
9.18	0	0	429344
9.19	0	0	429344
9.200000000000001	0	0	429344
9.21	0	0	429344
9.22	0	0	429344
9.23	0	0	429344
9.24	0	0	429344
9.25	0	0	429344
9.26	0	0	429344
9.27	0	0	429344
9.28	0	0	429344
9.290000000000001	0	0	429344
9.3	0	0	429344
9.31	0	0	429344
9.32	0	0	429344
9.33	0	0	429344
9.34	0	0	429344
9.35	0	0	429344
9.36	0	0	429344
9.370000000000001	0	0	429344
9.38	0	0	429344
9.39	0	0	429344
9.4	0	0	429344
9.41	0	0	429344
9.42	0	0	429344
9.43	0	0	429344
9.44	0	0	429344
9.450000000000001	0	0	429344
9.46	0	0	429344
9.47	0	0	429344
9.48	0	0	429344
9.49	0	0	429344
9.5	0	0	429344
9.51	0	0	429344
9.52	0	0	429344
9.53	0	0	429344
9.540000000000001	0	0	429344
9.55	0	0	429344
9.56	0	0	429344
9.57	0	0	429344
9.58	0	0	429344
9.59	0	0	429344
9.6	0	0	429344
9.61	0	0	429344
9.620000000000001	0	0	429344
9.63	0	0	429344
9.64	0	0	429344
9.65	0	0	429344
9.66	0	0	429344
9.67	0	0	429344
9.68	0	0	429344
9.69	0	0	429344
9.700000000000001	0	0	429344
9.71	0	0	429344
9.72	0	0	429344
9.73	0	0	429344
9.74	0	0	429344
9.75	0	0	429344
9.76	0	0	429344
9.77	0	0	429344
9.78	0	0	429344
9.790000000000001	0	0	429344
9.8	0	0	429344
9.81	0	0	429344
9.82	0	0	429344
9.83	0	0	429344
9.84	0	0	429344
9.85	0	0	429344
9.86	0	0	429344
9.870000000000001	0	0	429344
9.88	0	0	429344
9.89	0	0	429344
9.9	0	0	429344
9.91	0	0	429344
9.92	0	0	429344
9.93	0	0	429344
9.94	0	0	429344
9.950000000000001	0	0	429344
9.96	0	0	429344
9.97	0	0	429344
9.98	0	0	429344
9.99	0	0	429344
10.0	0	0	429344
10.01	0	0	429344
10.02	0	0	429344
10.03	0	0	429344
10.040000000000001	0	0	429344
10.05	0	0	429344
10.06	0	0	429344
10.07	0	0	429344
10.08	0	0	429344
10.09	0	0	429344
10.1	0	0	429344
10.11	0	0	429344
10.120000000000001	0	0	429344
10.13	0	0	429344
10.14	0	0	429344
10.15	0	0	429344
10.16	0	0	429344
10.17	0	0	429344
10.18	0	0	429344
10.19	0	0	429344
10.200000000000001	0	0	429344
10.21	0	0	429344
10.22	0	0	429344
10.23	0	0	429344
10.24	0	0	429344
10.25	0	0	429344
10.26	0	0	429344
10.27	0	0	429344
10.28	0	0	429344
10.290000000000001	0	0	429344
10.3	0	0	429344
10.31	0	0	429344
10.32	0	0	429344
10.33	0	0	429344
10.34	0	0	429344
10.35	0	0	429344
10.36	0	0	429344
10.370000000000001	0	0	429344
10.38	0	0	429344
10.39	0	0	429344
10.4	0	0	429344
10.41	0	0	429344
10.42	0	0	429344
10.43	0	0	429344
10.44	0	0	429344
10.450000000000001	0	0	429344
10.46	0	0	429344
10.47	0	0	429344
10.48	0	0	429344
10.49	0	0	429344
10.5	0	0	429344
10.51	0	0	429344
10.52	0	0	429344
10.53	0	0	429344
10.540000000000001	0	0	429344
10.55	0	0	429344
10.56	0	0	429344
10.57	0	0	429344
10.58	0	0	429344
10.59	0	0	429344
10.6	0	0	429344
10.61	0	0	429344
10.620000000000001	0	0	429344
10.63	0	0	429344
10.64	0	0	429344
10.65	0	0	429344
10.66	0	0	429344
10.67	0	0	429344
10.68	0	0	429344
10.69	0	0	429344
10.700000000000001	0	0	429344
10.71	0	0	429344
10.72	0	0	429344
10.73	0	0	429344
10.74	0	0	429344
10.75	0	0	429344
10.76	0	0	429344
10.77	0	0	429344
10.78	0	0	429344
10.790000000000001	0	0	429344
10.8	0	0	429344
10.81	0	0	429344
10.82	0	0	429344
10.83	0	0	429344
10.84	0	0	429344
10.85	0	0	429344
10.86	0	0	429344
10.870000000000001	0	0	429344
10.88	0	0	429344
10.89	0	0	429344
10.9	0	0	429344
10.91	0	0	429344
10.92	0	0	429344
10.93	0	0	429344
10.94	0	0	429344
10.950000000000001	0	0	429344
10.96	0	0	429344
10.97	0	0	429344
10.98	0	0	429344
10.99	0	0	429344
11.0	0	0	429344
11.01	0	0	429344
11.02	0	0	429344
11.03	0	0	429344
11.040000000000001	0	0	429344
11.05	0	0	429344
11.06	0	0	429344
11.07	0	0	429344
11.08	0	0	429344
11.09	0	0	429344
11.1	0	0	429344
11.11	0	0	429344
11.120000000000001	0	0	429344
11.13	0	0	429344
11.14	0	0	429344
11.15	0	0	429344
11.16	0	0	429344
11.17	0	0	429344
11.18	0	0	429344
11.19	0	0	429344
11.200000000000001	0	0	429344
11.21	0	0	429344
11.22	0	0	429344
11.23	0	0	429344
11.24	0	0	429344
11.25	0	0	429344
11.26	0	0	429344
11.27	0	0	429344
11.28	0	0	429344
11.290000000000001	0	0	429344
11.3	0	0	429344
11.31	0	0	429344
11.32	0	0	429344
11.33	0	0	429344
11.34	0	0	429344
11.35	0	0	429344
11.36	0	0	429344
11.370000000000001	0	0	429344
11.38	0	0	429344
11.39	0	0	429344
11.4	0	0	429344
11.41	0	0	429344
11.42	0	0	429344
11.43	0	0	429344
11.44	0	0	429344
11.450000000000001	0	0	429344
11.46	0	0	429344
11.47	0	0	429344
11.48	0	0	429344
11.49	0	0	429344
11.5	0	0	429344
11.51	0	0	429344
11.52	0	0	429344
11.53	0	0	429344
11.540000000000001	0	0	429344
11.55	0	0	429344
11.56	0	0	429344
11.57	0	0	429344
11.58	0	0	429344
11.59	0	0	429344
11.6	0	0	429344
11.61	0	0	429344
11.620000000000001	0	0	429344
11.63	0	0	429344
11.64	0	0	429344
11.65	0	0	429344
11.66	0	0	429344
11.67	0	0	429344
11.68	0	0	429344
11.69	0	0	429344
11.700000000000001	0	0	429344
11.71	0	0	429344
11.72	0	0	429344
11.73	0	0	429344
11.74	0	0	429344
11.75	0	0	429344
11.76	0	0	429344
11.77	0	0	429344
11.78	0	0	429344
11.790000000000001	0	0	429344
11.8	0	0	429344
11.81	0	0	429344
11.82	0	0	429344
11.83	0	0	429344
11.84	0	0	429344
11.85	0	0	429344
11.86	0	0	429344
11.870000000000001	0	0	429344
11.88	0	0	429344
11.89	0	0	429344
11.9	0	0	429344
11.91	0	0	429344
11.92	0	0	429344
11.93	0	0	429344
11.94	0	0	429344
11.950000000000001	0	0	429344
11.96	0	0	429344
11.97	0	0	429344
11.98	0	0	429344
11.99	0	0	429344
12.0	0	0	429344
12.01	0	0	429344
12.02	0	0	429344
12.030000000000001	0	0	429344
12.040000000000001	0	0	429344
12.05	0	0	429344
12.06	0	0	429344
12.07	0	0	429344
12.08	0	0	429344
12.09	0	0	429344
12.1	0	0	429344
12.11	0	0	429344
12.120000000000001	0	0	429344
12.13	0	0	429344
12.14	0	0	429344
12.15	0	0	429344
12.16	0	0	429344
12.17	0	0	429344
12.18	0	0	429344
12.19	0	0	429344
12.200000000000001	0	0	429344
12.21	0	0	429344
12.22	0	0	429344
12.23	0	0	429344
12.24	0	0	429344
12.25	0	0	429344
12.26	0	0	429344
12.27	0	0	429344
12.280000000000001	0	0	429344
12.290000000000001	0	0	429344
12.3	0	0	429344
12.31	0	0	429344
12.32	0	0	429344
12.33	0	0	429344
12.34	0	0	429344
12.35	0	0	429344
12.36	0	0	429344
12.370000000000001	0	0	429344
12.38	0	0	429344
12.39	0	0	429344
12.4	0	0	429344
12.41	0	0	429344
12.42	0	0	429344
12.43	0	0	429344
12.44	0	0	429344
12.450000000000001	0	0	429344
12.46	0	0	429344
12.47	0	0	429344
12.48	0	0	429344
12.49	0	0	429344
12.5	0	0	429344
12.51	0	0	429344
12.52	0	0	429344
12.530000000000001	0	0	429344
12.540000000000001	0	0	429344
12.55	0	0	429344
12.56	0	0	429344
12.57	0	0	429344
12.58	0	0	429344
12.59	0	0	429344
12.6	0	0	429344
12.61	0	0	429344
12.620000000000001	0	0	429344
12.63	0	0	429344
12.64	0	0	429344
12.65	0	0	429344
12.66	0	0	429344
12.67	0	0	429344
12.68	0	0	429344
12.69	0	0	429344
12.700000000000001	0	0	429344
12.71	0	0	429344
12.72	0	0	429344
12.73	0	0	429344
12.74	0	0	429344
12.75	0	0	429344
12.76	0	0	429344
12.77	0	0	429344
12.780000000000001	0	0	429344
12.790000000000001	0	0	429344
12.8	0	0	429344
12.81	0	0	429344
12.82	0	0	429344
12.83	0	0	429344
12.84	0	0	429344
12.85	0	0	429344
12.86	0	0	429344
12.870000000000001	0	0	429344
12.88	0	0	429344
12.89	0	0	429344
12.9	0	0	429344
12.91	0	0	429344
12.92	0	0	429344
12.93	0	0	429344
12.94	0	0	429344
12.950000000000001	0	0	429344
12.96	0	0	429344
12.97	0	0	429344
12.98	0	0	429344
12.99	0	0	429344
13.0	0	0	429344
13.01	0	0	429344
13.02	0	0	429344
13.030000000000001	0	0	429344
13.040000000000001	0	0	429344
13.05	0	0	429344
13.06	0	0	429344
13.07	0	0	429344
13.08	0	0	429344
13.09	0	0	429344
13.1	0	0	429344
13.11	0	0	429344
13.120000000000001	0	0	429344
13.13	0	0	429344
13.14	0	0	429344
13.15	0	0	429344
13.16	0	0	429344
13.17	0	0	429344
13.18	0	0	429344
13.19	0	0	429344
13.200000000000001	0	0	429344
13.21	0	0	429344
13.22	0	0	429344
13.23	0	0	429344
13.24	0	0	429344
13.25	0	0	429344
13.26	0	0	429344
13.27	0	0	429344
13.280000000000001	0	0	429344
13.290000000000001	0	0	429344
13.3	0	0	429344
13.31	0	0	429344
13.32	0	0	429344
13.33	0	0	429344
13.34	0	0	429344
13.35	0	0	429344
13.36	0	0	429344
13.370000000000001	0	0	429344
13.38	0	0	429344
13.39	0	0	429344
13.4	0	0	429344
13.41	0	0	429344
13.42	0	0	429344
13.43	0	0	429344
13.44	0	0	429344
13.450000000000001	0	0	429344
13.46	0	0	429344
13.47	0	0	429344
13.48	0	0	429344
13.49	0	0	429344
13.5	0	0	429344
13.51	0	0	429344
13.52	0	0	429344
13.530000000000001	0	0	429344
13.540000000000001	0	0	429344
13.55	0	0	429344
13.56	0	0	429344
13.57	0	0	429344
13.58	0	0	429344
13.59	0	0	429344
13.6	0	0	429344
13.61	0	0	429344
13.620000000000001	0	0	429344
13.63	0	0	429344
13.64	0	0	429344
13.65	0	0	429344
13.66	0	0	429344
13.67	0	0	429344
13.68	0	0	429344
13.69	0	0	429344
13.700000000000001	0	0	429344
13.71	0	0	429344
13.72	0	0	429344
13.73	0	0	429344
13.74	0	0	429344
13.75	0	0	429344
13.76	0	0	429344
13.77	0	0	429344
13.780000000000001	0	0	429344
13.790000000000001	0	0	429344
13.8	0	0	429344
13.81	0	0	429344
13.82	0	0	429344
13.83	0	0	429344
13.84	0	0	429344
13.85	0	0	429344
13.86	0	0	429344
13.870000000000001	0	0	429344
13.88	0	0	429344
13.89	0	0	429344
13.9	0	0	429344
13.91	0	0	429344
13.92	0	0	429344
13.93	0	0	429344
13.94	0	0	429344
13.950000000000001	0	0	429344
13.96	0	0	429344
13.97	0	0	429344
13.98	0	0	429344
13.99	0	0	429344
14.0	0	0	429344
14.01	0	0	429344
14.02	0	0	429344
14.030000000000001	0	0	429344
14.040000000000001	0	0	429344
14.05	0	0	429344
14.06	0	0	429344
14.07	0	0	429344
14.08	0	0	429344
14.09	0	0	429344
14.1	0	0	429344
14.11	0	0	429344
14.120000000000001	0	0	429344
14.13	0	0	429344
14.14	0	0	429344
14.15	0	0	429344
14.16	0	0	429344
14.17	0	0	429344
14.18	0	0	429344
14.19	0	0	429344
14.200000000000001	0	0	429344
14.21	0	0	429344
14.22	0	0	429344
14.23	0	0	429344
14.24	0	0	429344
14.25	0	0	429344
14.26	0	0	429344
14.27	0	0	429344
14.280000000000001	0	0	429344
14.290000000000001	0	0	429344
14.3	0	0	429344
14.31	0	0	429344
14.32	0	0	429344
14.33	0	0	429344
14.34	0	0	429344
14.35	0	0	429344
14.36	0	0	429344
14.370000000000001	0	0	429344
14.38	0	0	429344
14.39	0	0	429344
14.4	0	0	429344
14.41	0	0	429344
14.42	0	0	429344
14.43	0	0	429344
14.44	0	0	429344
14.450000000000001	0	0	429344
14.46	0	0	429344
14.47	0	0	429344
14.48	0	0	429344
14.49	0	0	429344
14.5	0	0	429344
14.51	0	0	429344
14.52	0	0	429344
14.530000000000001	0	0	429344
14.540000000000001	0	0	429344
14.55	0	0	429344
14.56	0	0	429344
14.57	0	0	429344
14.58	0	0	429344
14.59	0	0	429344
14.6	0	0	429344
14.61	0	0	429344
14.620000000000001	0	0	429344
14.63	0	0	429344
14.64	0	0	429344
14.65	0	0	429344
14.66	0	0	429344
14.67	0	0	429344
14.68	0	0	429344
14.69	0	0	429344
14.700000000000001	0	0	429344
14.71	0	0	429344
14.72	0	0	429344
14.73	0	0	429344
14.74	0	0	429344
14.75	0	0	429344
14.76	0	0	429344
14.77	0	0	429344
14.780000000000001	0	0	429344
14.790000000000001	0	0	429344
14.8	0	0	429344
14.81	0	0	429344
14.82	0	0	429344
14.83	0	0	429344
14.84	0	0	429344
14.85	0	0	429344
14.86	0	0	429344
14.870000000000001	0	0	429344
14.88	0	0	429344
14.89	0	0	429344
14.9	0	0	429344
14.91	0	0	429344
14.92	0	0	429344
14.93	0	0	429344
14.94	0	0	429344
14.950000000000001	0	0	429344
14.96	0	0	429344
14.97	0	0	429344
14.98	0	0	429344
14.99	0	0	429344
15.0	0	0	429344
15.01	0	0	429344
15.02	0	0	429344
15.030000000000001	0	0	429344
15.040000000000001	0	0	429344
15.05	0	0	429344
15.06	0	0	429344
15.07	0	0	429344
15.08	0	0	429344
15.09	0	0	429344
15.1	0	0	429344
15.11	0	0	429344
15.120000000000001	0	0	429344
15.13	0	0	429344
15.14	0	0	429344
15.15	0	0	429344
15.16	0	0	429344
15.17	0	0	429344
15.18	0	0	429344
15.19	0	0	429344
15.200000000000001	0	0	429344
15.21	0	0	429344
15.22	0	0	429344
15.23	0	0	429344
15.24	0	0	429344
15.25	0	0	429344
15.26	0	0	429344
15.27	0	0	429344
15.280000000000001	0	0	429344
15.290000000000001	0	0	429344
15.3	0	0	429344
15.31	0	0	429344
15.32	0	0	429344
15.33	0	0	429344
15.34	0	0	429344
15.35	0	0	429344
15.36	0	0	429344
15.370000000000001	0	0	429344
15.38	0	0	429344
15.39	0	0	429344
15.4	0	0	429344
15.41	0	0	429344
15.42	0	0	429344
15.43	0	0	429344
15.44	0	0	429344
15.450000000000001	0	0	429344
15.46	0	0	429344
15.47	0	0	429344
15.48	0	0	429344
15.49	0	0	429344
15.5	0	0	429344
15.51	0	0	429344
15.52	0	0	429344
15.530000000000001	0	0	429344
15.540000000000001	0	0	429344
15.55	0	0	429344
15.56	0	0	429344
15.57	0	0	429344
15.58	0	0	429344
15.59	0	0	429344
15.6	0	0	429344
15.610000000000001	0	0	429344
15.620000000000001	0	0	429344
15.63	0	0	429344
15.64	0	0	429344
15.65	0	0	429344
15.66	0	0	429344
15.67	0	0	429344
15.68	0	0	429344
15.69	0	0	429344
15.700000000000001	0	0	429344
15.71	0	0	429344
15.72	0	0	429344
15.73	0	0	429344
15.74	0	0	429344
15.75	0	0	429344
15.76	0	0	429344
15.77	0	0	429344
15.780000000000001	0	0	429344
15.790000000000001	0	0	429344
15.8	0	0	429344
15.81	0	0	429344
15.82	0	0	429344
15.83	0	0	429344
15.84	0	0	429344
15.85	0	0	429344
15.860000000000001	0	0	429344
15.870000000000001	0	0	429344
15.88	0	0	429344
15.89	0	0	429344
15.9	0	0	429344
15.91	0	0	429344
15.92	0	0	429344
15.93	0	0	429344
15.94	0	0	429344
15.950000000000001	0	0	429344
15.96	0	0	429344
15.97	0	0	429344
15.98	0	0	429344
15.99	0	0	429344
16.0	0	0	429344
16.01	0	0	429344
16.02	0	0	429344
16.03	0	0	429344
16.04	0	0	429344
16.05	0	0	429344
16.06	0	0	429344
16.07	0	0	429344
16.080000000000002	0	0	429344
16.09	0	0	429344
16.1	0	0	429344
16.11	0	0	429344
16.12	0	0	429344
16.13	0	0	429344
16.14	0	0	429344
16.15	0	0	429344
16.16	0	0	429344
16.17	0	0	429344
16.18	0	0	429344
16.19	0	0	429344
16.2	0	0	429344
16.21	0	0	429344
16.22	0	0	429344
16.23	0	0	429344
16.240000000000002	0	0	429344
16.25	0	0	429344
16.26	0	0	429344
16.27	0	0	429344
16.28	0	0	429344
16.29	0	0	429344
16.3	0	0	429344
16.31	0	0	429344
16.32	0	0	429344
16.330000000000002	0	0	429344
16.34	0	0	429344
16.35	0	0	429344
16.36	0	0	429344
16.37	0	0	429344
16.38	0	0	429344
16.39	0	0	429344
16.4	0	0	429344
16.41	0	0	429344
16.42	0	0	429344
16.43	0	0	429344
16.44	0	0	429344
16.45	0	0	429344
16.46	0	0	429344
16.47	0	0	429344
16.48	0	0	429344
16.490000000000002	0	0	429344
16.5	0	0	429344
16.51	0	0	429344
16.52	0	0	429344
16.53	0	0	429344
16.54	0	0	429344
16.55	0	0	429344
16.56	0	0	429344
16.57	0	0	429344
16.580000000000002	0	0	429344
16.59	0	0	429344
16.6	0	0	429344
16.61	0	0	429344
16.62	0	0	429344
16.63	0	0	429344
16.64	0	0	429344
16.65	0	0	429344
16.66	0	0	429344
16.67	0	0	429344
16.68	0	0	429344
16.69	0	0	429344
16.7	0	0	429344
16.71	0	0	429344
16.72	0	0	429344
16.73	0	0	429344
16.740000000000002	0	0	429344
16.75	0	0	429344
16.76	0	0	429344
16.77	0	0	429344
16.78	0	0	429344
16.79	0	0	429344
16.8	0	0	429344
16.81	0	0	429344
16.82	0	0	429344
16.830000000000002	0	0	429344
16.84	0	0	429344
16.85	0	0	429344
16.86	0	0	429344
16.87	0	0	429344
16.88	0	0	429344
16.89	0	0	429344
16.9	0	0	429344
16.91	0	0	429344
16.92	0	0	429344
16.93	0	0	429344
16.94	0	0	429344
16.95	0	0	429344
16.96	0	0	429344
16.97	0	0	429344
16.98	0	0	429344
16.990000000000002	0	0	429344
17.0	0	0	429344
17.01	0	0	429344
17.02	0	0	429344
17.03	0	0	429344
17.04	0	0	429344
17.05	0	0	429344
17.06	0	0	429344
17.07	0	0	429344
17.080000000000002	0	0	429344
17.09	0	0	429344
17.1	0	0	429344
17.11	0	0	429344
17.12	0	0	429344
17.13	0	0	429344
17.14	0	0	429344
17.150000000000002	0	0	429344
17.16	0	0	429344
17.17	0	0	429344
17.18	0	0	429344
17.19	0	0	429344
17.2	0	0	429344
17.21	0	0	429344
17.22	0	0	429344
17.23	0	0	429344
17.240000000000002	0	0	429344
17.25	0	0	429344
17.26	0	0	429344
17.27	0	0	429344
17.28	0	0	429344
17.29	0	0	429344
17.3	0	0	429344
17.31	0	0	429344
17.32	0	0	429344
17.330000000000002	0	0	429344
17.34	0	0	429344
17.35	0	0	429344
17.36	0	0	429344
17.37	0	0	429344
17.38	0	0	429344
17.39	0	0	429344
17.400000000000002	0	0	429344
17.41	0	0	429344
17.42	0	0	429344
17.43	0	0	429344
17.44	0	0	429344
17.45	0	0	429344
17.46	0	0	429344
17.47	0	0	429344
17.48	0	0	429344
17.490000000000002	0	0	429344
17.5	0	0	429344
17.51	0	0	429344
17.52	0	0	429344
17.53	0	0	429344
17.54	0	0	429344
17.55	0	0	429344
17.56	0	0	429344
17.57	0	0	429344
17.580000000000002	0	0	429344
17.59	0	0	429344
17.6	0	0	429344
17.61	0	0	429344
17.62	0	0	429344
17.63	0	0	429344
17.64	0	0	429344
17.650000000000002	0	0	429344
17.66	0	0	429344
17.67	0	0	429344
17.68	0	0	429344
17.69	0	0	429344
17.7	0	0	429344
17.71	0	0	429344
17.72	0	0	429344
17.73	0	0	429344
17.740000000000002	0	0	429344
17.75	0	0	429344
17.76	0	0	429344
17.77	0	0	429344
17.78	0	0	429344
17.79	0	0	429344
17.8	0	0	429344
17.81	0	0	429344
17.82	0	0	429344
17.830000000000002	0	0	429344
17.84	0	0	429344
17.85	0	0	429344
17.86	0	0	429344
17.87	0	0	429344
17.88	0	0	429344
17.89	0	0	429344
17.900000000000002	0	0	429344
17.91	0	0	429344
17.92	0	0	429344
17.93	0	0	429344
17.94	0	0	429344
17.95	0	0	429344
17.96	0	0	429344
17.97	0	0	429344
17.98	0	0	429344
17.990000000000002	0	0	429344
18.0	0	0	429344
18.01	0	0	429344
18.02	0	0	429344
18.03	0	0	429344
18.04	0	0	429344
18.05	0	0	429344
18.06	0	0	429344
18.07	0	0	429344
18.080000000000002	0	0	429344
18.09	0	0	429344
18.1	0	0	429344
18.11	0	0	429344
18.12	0	0	429344
18.13	0	0	429344
18.14	0	0	429344
18.150000000000002	0	0	429344
18.16	0	0	429344
18.17	0	0	429344
18.18	0	0	429344
18.19	0	0	429344
18.2	0	0	429344
18.21	0	0	429344
18.22	0	0	429344
18.23	0	0	429344
18.240000000000002	0	0	429344
18.25	0	0	429344
18.26	0	0	429344
18.27	0	0	429344
18.28	0	0	429344
18.29	0	0	429344
18.3	0	0	429344
18.31	0	0	429344
18.32	0	0	429344
18.330000000000002	0	0	429344
18.34	0	0	429344
18.35	0	0	429344
18.36	0	0	429344
18.37	0	0	429344
18.38	0	0	429344
18.39	0	0	429344
18.400000000000002	0	0	429344
18.41	0	0	429344
18.42	0	0	429344
18.43	0	0	429344
18.44	0	0	429344
18.45	0	0	429344
18.46	0	0	429344
18.47	0	0	429344
18.48	0	0	429344
18.490000000000002	0	0	429344
18.5	0	0	429344
18.51	0	0	429344
18.52	0	0	429344
18.53	0	0	429344
18.54	0	0	429344
18.55	0	0	429344
18.56	0	0	429344
18.57	0	0	429344
18.580000000000002	0	0	429344
18.59	0	0	429344
18.6	0	0	429344
18.61	0	0	429344
18.62	0	0	429344
18.63	0	0	429344
18.64	0	0	429344
18.650000000000002	0	0	429344
18.66	0	0	429344
18.67	0	0	429344
18.68	0	0	429344
18.69	0	0	429344
18.7	0	0	429344
18.71	0	0	429344
18.72	0	0	429344
18.73	0	0	429344
18.740000000000002	0	0	429344
18.75	0	0	429344
18.76	0	0	429344
18.77	0	0	429344
18.78	0	0	429344
18.79	0	0	429344
18.8	0	0	429344
18.81	0	0	429344
18.82	0	0	429344
18.830000000000002	0	0	429344
18.84	0	0	429344
18.85	0	0	429344
18.86	0	0	429344
18.87	0	0	429344
18.88	0	0	429344
18.89	0	0	429344
18.900000000000002	0	0	429344
18.91	0	0	429344
18.92	0	0	429344
18.93	0	0	429344
18.94	0	0	429344
18.95	0	0	429344
18.96	0	0	429344
18.97	0	0	429344
18.98	0	0	429344
18.990000000000002	0	0	429344
19.0	0	0	429344
19.01	0	0	429344
19.02	0	0	429344
19.03	0	0	429344
19.04	0	0	429344
19.05	0	0	429344
19.06	0	0	429344
19.07	0	0	429344
19.080000000000002	0	0	429344
19.09	0	0	429344
19.1	0	0	429344
19.11	0	0	429344
19.12	0	0	429344
19.13	0	0	429344
19.14	0	0	429344
19.150000000000002	0	0	429344
19.16	0	0	429344
19.17	0	0	429344
19.18	0	0	429344
19.19	0	0	429344
19.2	0	0	429344
19.21	0	0	429344
19.22	0	0	429344
19.23	0	0	429344
19.240000000000002	0	0	429344
19.25	0	0	429344
19.26	0	0	429344
19.27	0	0	429344
19.28	0	0	429344
19.29	0	0	429344
19.3	0	0	429344
19.31	0	0	429344
19.32	0	0	429344
19.330000000000002	0	0	429344
19.34	0	0	429344
19.35	0	0	429344
19.36	0	0	429344
19.37	0	0	429344
19.38	0	0	429344
19.39	0	0	429344
19.400000000000002	0	0	429344
19.41	0	0	429344
19.42	0	0	429344
19.43	0	0	429344
19.44	0	0	429344
19.45	0	0	429344
19.46	0	0	429344
19.47	0	0	429344
19.48	0	0	429344
19.490000000000002	0	0	429344
19.5	0	0	429344
19.51	0	0	429344
19.52	0	0	429344
19.53	0	0	429344
19.54	0	0	429344
19.55	0	0	429344
19.56	0	0	429344
19.57	0	0	429344
19.580000000000002	0	0	429344
19.59	0	0	429344
19.6	0	0	429344
19.61	0	0	429344
19.62	0	0	429344
19.63	0	0	429344
19.64	0	0	429344
19.650000000000002	0	0	429344
19.66	0	0	429344
19.67	0	0	429344
19.68	0	0	429344
19.69	0	0	429344
19.7	0	0	429344
19.71	0	0	429344
19.72	0	0	429344
19.73	0	0	429344
19.740000000000002	0	0	429344
19.75	0	0	429344
19.76	0	0	429344
19.77	0	0	429344
19.78	0	0	429344
19.79	0	0	429344
19.8	0	0	429344
19.81	0	0	429344
19.82	0	0	429344
19.830000000000002	0	0	429344
19.84	0	0	429344
19.85	0	0	429344
19.86	0	0	429344
19.87	0	0	429344
19.88	0	0	429344
19.89	0	0	429344
19.900000000000002	0	0	429344
19.91	0	0	429344
19.92	0	0	429344
19.93	0	0	429344
19.94	0	0	429344
19.95	0	0	429344
19.96	0	0	429344
19.97	0	0	429344
19.98	0	0	429344
19.990000000000002	0	0	429344
20.0	0	0	429344
20.01	0	0	429344
20.02	0	0	429344
20.03	0	0	429344
20.04	0	0	429344
20.05	0	0	429344
20.06	0	0	429344
20.07	0	0	429344
20.080000000000002	0	0	429344
20.09	0	0	429344
20.1	0	0	429344
20.11	0	0	429344
20.12	0	0	429344
20.13	0	0	429344
20.14	0	0	429344
20.150000000000002	0	0	429344
20.16	0	0	429344
20.17	0	0	429344
20.18	0	0	429344
20.19	0	0	429344
20.2	0	0	429344
20.21	0	0	429344
20.22	0	0	429344
20.23	0	0	429344
20.240000000000002	0	0	429344
20.25	0	0	429344
20.26	0	0	429344
20.27	0	0	429344
20.28	0	0	429344
20.29	0	0	429344
20.3	0	0	429344
20.31	0	0	429344
20.32	0	0	429344
20.330000000000002	0	0	429344
20.34	0	0	429344
20.35	0	0	429344
20.36	0	0	429344
20.37	0	0	429344
20.38	0	0	429344
20.39	0	0	429344
20.400000000000002	0	0	429344
20.41	0	0	429344
20.42	0	0	429344
20.43	0	0	429344
20.44	0	0	429344
20.45	0	0	429344
20.46	0	0	429344
20.47	0	0	429344
20.48	0	0	429344
20.490000000000002	0	0	429344
20.5	0	0	429344
20.51	0	0	429344
20.52	0	0	429344
20.53	0	0	429344
20.54	0	0	429344
20.55	0	0	429344
20.56	0	0	429344
20.57	0	0	429344
20.580000000000002	0	0	429344
20.59	0	0	429344
20.6	0	0	429344
20.61	0	0	429344
20.62	0	0	429344
20.63	0	0	429344
20.64	0	0	429344
20.650000000000002	0	0	429344
20.66	0	0	429344
20.67	0	0	429344
20.68	0	0	429344
20.69	0	0	429344
20.7	0	0	429344
20.71	0	0	429344
20.72	0	0	429344
20.73	0	0	429344
20.740000000000002	0	0	429344
20.75	0	0	429344
20.76	0	0	429344
20.77	0	0	429344
20.78	0	0	429344
20.79	0	0	429344
20.8	0	0	429344
20.81	0	0	429344
20.82	0	0	429344
20.830000000000002	0	0	429344
20.84	0	0	429344
20.85	0	0	429344
20.86	0	0	429344
20.87	0	0	429344
20.88	0	0	429344
20.89	0	0	429344
20.900000000000002	0	0	429344
20.91	0	0	429344
20.92	0	0	429344
20.93	0	0	429344
20.94	0	0	429344
20.95	0	0	429344
20.96	0	0	429344
20.97	0	0	429344
20.98	0	0	429344
20.990000000000002	0	0	429344
21.0	0	0	429344
21.01	0	0	429344
21.02	0	0	429344
21.03	0	0	429344
21.04	0	0	429344
21.05	0	0	429344
21.06	0	0	429344
21.07	0	0	429344
21.080000000000002	0	0	429344
21.09	0	0	429344
21.1	0	0	429344
21.11	0	0	429344
21.12	0	0	429344
21.13	0	0	429344
21.14	0	0	429344
21.150000000000002	0	0	429344
21.16	0	0	429344
21.17	0	0	429344
21.18	0	0	429344
21.19	0	0	429344
21.2	0	0	429344
21.21	0	0	429344
21.22	0	0	429344
21.23	0	0	429344
21.240000000000002	0	0	429344
21.25	0	0	429344
21.26	0	0	429344
21.27	0	0	429344
21.28	0	0	429344
21.29	0	0	429344
21.3	0	0	429344
21.31	0	0	429344
21.32	0	0	429344
21.330000000000002	0	0	429344
21.34	0	0	429344
21.35	0	0	429344
21.36	0	0	429344
21.37	0	0	429344
21.38	0	0	429344
21.39	0	0	429344
21.400000000000002	0	0	429344
21.41	0	0	429344
21.42	0	0	429344
21.43	0	0	429344
21.44	0	0	429344
21.45	0	0	429344
21.46	0	0	429344
21.47	0	0	429344
21.48	0	0	429344
21.490000000000002	0	0	429344
21.5	0	0	429344
21.51	0	0	429344
21.52	0	0	429344
21.53	0	0	429344
21.54	0	0	429344
21.55	0	0	429344
21.56	0	0	429344
21.57	0	0	429344
21.580000000000002	0	0	429344
21.59	0	0	429344
21.6	0	0	429344
21.61	0	0	429344
21.62	0	0	429344
21.63	0	0	429344
21.64	0	0	429344
21.650000000000002	0	0	429344
21.66	0	0	429344
21.67	0	0	429344
21.68	0	0	429344
21.69	0	0	429344
21.7	0	0	429344
21.71	0	0	429344
21.72	0	0	429344
21.73	0	0	429344
21.740000000000002	0	0	429344
21.75	0	0	429344
21.76	0	0	429344
21.77	0	0	429344
21.78	0	0	429344
21.79	0	0	429344
21.8	0	0	429344
21.81	0	0	429344
21.82	0	0	429344
21.830000000000002	0	0	429344
21.84	0	0	429344
21.85	0	0	429344
21.86	0	0	429344
21.87	0	0	429344
21.88	0	0	429344
21.89	0	0	429344
21.900000000000002	0	0	429344
21.91	0	0	429344
21.92	0	0	429344
21.93	0	0	429344
21.94	0	0	429344
21.95	0	0	429344
21.96	0	0	429344
21.97	0	0	429344
21.98	0	0	429344
21.990000000000002	0	0	429344
22.0	0	0	429344
22.01	0	0	429344
22.02	0	0	429344
22.03	0	0	429344
22.04	0	0	429344
22.05	0	0	429344
22.06	0	0	429344
22.07	0	0	429344
22.080000000000002	0	0	429344
22.09	0	0	429344
22.1	0	0	429344
22.11	0	0	429344
22.12	0	0	429344
22.13	0	0	429344
22.14	0	0	429344
22.150000000000002	0	0	429344
22.16	0	0	429344
22.17	0	0	429344
22.18	0	0	429344
22.19	0	0	429344
22.2	0	0	429344
22.21	0	0	429344
22.22	0	0	429344
22.23	0	0	429344
22.240000000000002	0	0	429344
22.25	0	0	429344
22.26	0	0	429344
22.27	0	0	429344
22.28	0	0	429344
22.29	0	0	429344
22.3	0	0	429344
22.31	0	0	429344
22.32	0	0	429344
22.330000000000002	0	0	429344
22.34	0	0	429344
22.35	0	0	429344
22.36	0	0	429344
22.37	0	0	429344
22.38	0	0	429344
22.39	0	0	429344
22.400000000000002	0	0	429344
22.41	0	0	429344
22.42	0	0	429344
22.43	0	0	429344
22.44	0	0	429344
22.45	0	0	429344
22.46	0	0	429344
22.47	0	0	429344
22.48	0	0	429344
22.490000000000002	0	0	429344
22.5	0	0	429344
22.51	0	0	429344
22.52	0	0	429344
22.53	0	0	429344
22.54	0	0	429344
22.55	0	0	429344
22.56	0	0	429344
22.57	0	0	429344
22.580000000000002	0	0	429344
22.59	0	0	429344
22.6	0	0	429344
22.61	0	0	429344
22.62	0	0	429344
22.63	0	0	429344
22.64	0	0	429344
22.650000000000002	0	0	429344
22.66	0	0	429344
22.67	0	0	429344
22.68	0	0	429344
22.69	0	0	429344
22.7	0	0	429344
22.71	0	0	429344
22.72	0	0	429344
22.73	0	0	429344
22.740000000000002	0	0	429344
22.75	0	0	429344
22.76	0	0	429344
22.77	0	0	429344
22.78	0	0	429344
22.79	0	0	429344
22.8	0	0	429344
22.81	0	0	429344
22.82	0	0	429344
22.830000000000002	0	0	429344
22.84	0	0	429344
22.85	0	0	429344
22.86	0	0	429344
22.87	0	0	429344
22.88	0	0	429344
22.89	0	0	429344
22.900000000000002	0	0	429344
22.91	0	0	429344
22.92	0	0	429344
22.93	0	0	429344
22.94	0	0	429344
22.95	0	0	429344
22.96	0	0	429344
22.97	0	0	429344
22.98	0	0	429344
22.990000000000002	0	0	429344
23.0	0	0	429344
23.01	0	0	429344
23.02	0	0	429344
23.03	0	0	429344
23.04	0	0	429344
23.05	0	0	429344
23.06	0	0	429344
23.07	0	0	429344
23.080000000000002	0	0	429344
23.09	0	0	429344
23.1	0	0	429344
23.11	0	0	429344
23.12	0	0	429344
23.13	0	0	429344
23.14	0	0	429344
23.150000000000002	0	0	429344
23.16	0	0	429344
23.17	0	0	429344
23.18	0	0	429344
23.19	0	0	429344
23.2	0	0	429344
23.21	0	0	429344
23.22	0	0	429344
23.23	0	0	429344
23.240000000000002	0	0	429344
23.25	0	0	429344
23.26	0	0	429344
23.27	0	0	429344
23.28	0	0	429344
23.29	0	0	429344
23.3	0	0	429344
23.31	0	0	429344
23.32	0	0	429344
23.330000000000002	0	0	429344
23.34	0	0	429344
23.35	0	0	429344
23.36	0	0	429344
23.37	0	0	429344
23.38	0	0	429344
23.39	0	0	429344
23.400000000000002	0	0	429344
23.41	0	0	429344
23.42	0	0	429344
23.43	0	0	429344
23.44	0	0	429344
23.45	0	0	429344
23.46	0	0	429344
23.47	0	0	429344
23.48	0	0	429344
23.490000000000002	0	0	429344
23.5	0	0	429344
23.51	0	0	429344
23.52	0	0	429344
23.53	0	0	429344
23.54	0	0	429344
23.55	0	0	429344
23.56	0	0	429344
23.57	0	0	429344
23.580000000000002	0	0	429344
23.59	0	0	429344
23.6	0	0	429344
23.61	0	0	429344
23.62	0	0	429344
23.63	0	0	429344
23.64	0	0	429344
23.650000000000002	0	0	429344
23.66	0	0	429344
23.67	0	0	429344
23.68	0	0	429344
23.69	0	0	429344
23.7	0	0	429344
23.71	0	0	429344
23.72	0	0	429344
23.73	0	0	429344
23.740000000000002	0	0	429344
23.75	0	0	429344
23.76	0	0	429344
23.77	0	0	429344
23.78	0	0	429344
23.79	0	0	429344
23.8	0	0	429344
23.81	0	0	429344
23.82	0	0	429344
23.830000000000002	0	0	429344
23.84	0	0	429344
23.85	0	0	429344
23.86	0	0	429344
23.87	0	0	429344
23.88	0	0	429344
23.89	0	0	429344
23.900000000000002	0	0	429344
23.91	0	0	429344
23.92	0	0	429344
23.93	0	0	429344
23.94	0	0	429344
23.95	0	0	429344
23.96	0	0	429344
23.97	0	0	429344
23.98	0	0	429344
23.990000000000002	0	0	429344
24.0	0	0	429344
24.01	0	0	429344
24.02	0	0	429344
24.03	0	0	429344
24.04	0	0	429344
24.05	0	0	429344
24.060000000000002	0	0	429344
24.07	0	0	429344
24.080000000000002	0	0	429344
24.09	0	0	429344
24.1	0	0	429344
24.11	0	0	429344
24.12	0	0	429344
24.13	0	0	429344
24.14	0	0	429344
24.150000000000002	0	0	429344
24.16	0	0	429344
24.17	0	0	429344
24.18	0	0	429344
24.19	0	0	429344
24.2	0	0	429344
24.21	0	0	429344
24.22	0	0	429344
24.23	0	0	429344
24.240000000000002	0	0	429344
24.25	0	0	429344
24.26	0	0	429344
24.27	0	0	429344
24.28	0	0	429344
24.29	0	0	429344
24.3	0	0	429344
24.310000000000002	0	0	429344
24.32	0	0	429344
24.330000000000002	0	0	429344
24.34	0	0	429344
24.35	0	0	429344
24.36	0	0	429344
24.37	0	0	429344
24.38	0	0	429344
24.39	0	0	429344
24.400000000000002	0	0	429344
24.41	0	0	429344
24.42	0	0	429344
24.43	0	0	429344
24.44	0	0	429344
24.45	0	0	429344
24.46	0	0	429344
24.47	0	0	429344
24.48	0	0	429344
24.490000000000002	0	0	429344
24.5	0	0	429344
24.51	0	0	429344
24.52	0	0	429344
24.53	0	0	429344
24.54	0	0	429344
24.55	0	0	429344
24.560000000000002	0	0	429344
24.57	0	0	429344
24.580000000000002	0	0	429344
24.59	0	0	429344
24.6	0	0	429344
24.61	0	0	429344
24.62	0	0	429344
24.63	0	0	429344
24.64	0	0	429344
24.650000000000002	0	0	429344
24.66	0	0	429344
24.67	0	0	429344
24.68	0	0	429344
24.69	0	0	429344
24.7	0	0	429344
24.71	0	0	429344
24.72	0	0	429344
24.73	0	0	429344
24.740000000000002	0	0	429344
24.75	0	0	429344
24.76	0	0	429344
24.77	0	0	429344
24.78	0	0	429344
24.79	0	0	429344
24.8	0	0	429344
24.810000000000002	0	0	429344
24.82	0	0	429344
24.830000000000002	0	0	429344
24.84	0	0	429344
24.85	0	0	429344
24.86	0	0	429344
24.87	0	0	429344
24.88	0	0	429344
24.89	0	0	429344
24.900000000000002	0	0	429344
24.91	0	0	429344
24.92	0	0	429344
24.93	0	0	429344
24.94	0	0	429344
24.95	0	0	429344
24.96	0	0	429344
24.97	0	0	429344
24.98	0	0	429344
24.990000000000002	0	0	429344
25.0	0	0	429344
25.01	0	0	429344
25.02	0	0	429344
25.03	0	0	429344
25.04	0	0	429344
25.05	0	0	429344
25.060000000000002	0	0	429344
25.07	0	0	429344
25.080000000000002	0	0	429344
25.09	0	0	429344
25.1	0	0	429344
25.11	0	0	429344
25.12	0	0	429344
25.13	0	0	429344
25.14	0	0	429344
25.150000000000002	0	0	429344
25.16	0	0	429344
25.17	0	0	429344
25.18	0	0	429344
25.19	0	0	429344
25.2	0	0	429344
25.21	0	0	429344
25.22	0	0	429344
25.23	0	0	429344
25.240000000000002	0	0	429344
25.25	0	0	429344
25.26	0	0	429344
25.27	0	0	429344
25.28	0	0	429344
25.29	0	0	429344
25.3	0	0	429344
25.310000000000002	0	0	429344
25.32	0	0	429344
25.330000000000002	0	0	429344
25.34	0	0	429344
25.35	0	0	429344
25.36	0	0	429344
25.37	0	0	429344
25.38	0	0	429344
25.39	0	0	429344
25.400000000000002	0	0	429344
25.41	0	0	429344
25.42	0	0	429344
25.43	0	0	429344
25.44	0	0	429344
25.45	0	0	429344
25.46	0	0	429344
25.47	0	0	429344
25.48	0	0	429344
25.490000000000002	0	0	429344
25.5	0	0	429344
25.51	0	0	429344
25.52	0	0	429344
25.53	0	0	429344
25.54	0	0	429344
25.55	0	0	429344
25.560000000000002	0	0	429344
25.57	0	0	429344
25.580000000000002	0	0	429344
25.59	0	0	429344
25.6	0	0	429344
25.61	0	0	429344
25.62	0	0	429344
25.63	0	0	429344
25.64	0	0	429344
25.650000000000002	0	0	429344
25.66	0	0	429344
25.67	0	0	429344
25.68	0	0	429344
25.69	0	0	429344
25.7	0	0	429344
25.71	0	0	429344
25.72	0	0	429344
25.73	0	0	429344
25.740000000000002	0	0	429344
25.75	0	0	429344
25.76	0	0	429344
25.77	0	0	429344
25.78	0	0	429344
25.79	0	0	429344
25.8	0	0	429344
25.810000000000002	0	0	429344
25.82	0	0	429344
25.830000000000002	0	0	429344
25.84	0	0	429344
25.85	0	0	429344
25.86	0	0	429344
25.87	0	0	429344
25.88	0	0	429344
25.89	0	0	429344
25.900000000000002	0	0	429344
25.91	0	0	429344
25.92	0	0	429344
25.93	0	0	429344
25.94	0	0	429344
25.95	0	0	429344
25.96	0	0	429344
25.97	0	0	429344
25.98	0	0	429344
25.990000000000002	0	0	429344
26.0	0	0	429344
26.01	0	0	429344
26.02	0	0	429344
26.03	0	0	429344
26.04	0	0	429344
26.05	0	0	429344
26.060000000000002	0	0	429344
26.07	0	0	429344
26.080000000000002	0	0	429344
26.09	0	0	429344
26.1	0	0	429344
26.11	0	0	429344
26.12	0	0	429344
26.13	0	0	429344
26.14	0	0	429344
26.150000000000002	0	0	429344
26.16	0	0	429344
26.17	0	0	429344
26.18	0	0	429344
26.19	0	0	429344
26.2	0	0	429344
26.21	0	0	429344
26.22	0	0	429344
26.23	0	0	429344
26.240000000000002	0	0	429344
26.25	0	0	429344
26.26	0	0	429344
26.27	0	0	429344
26.28	0	0	429344
26.29	0	0	429344
26.3	0	0	429344
26.310000000000002	0	0	429344
26.32	0	0	429344
26.330000000000002	0	0	429344
26.34	0	0	429344
26.35	0	0	429344
26.36	0	0	429344
26.37	0	0	429344
26.38	0	0	429344
26.39	0	0	429344
26.400000000000002	0	0	429344
26.41	0	0	429344
26.42	0	0	429344
26.43	0	0	429344
26.44	0	0	429344
26.45	0	0	429344
26.46	0	0	429344
26.47	0	0	429344
26.48	0	0	429344
26.490000000000002	0	0	429344
26.5	0	0	429344
26.51	0	0	429344
26.52	0	0	429344
26.53	0	0	429344
26.54	0	0	429344
26.55	0	0	429344
26.560000000000002	0	0	429344
26.57	0	0	429344
26.580000000000002	0	0	429344
26.59	0	0	429344
26.6	0	0	429344
26.61	0	0	429344
26.62	0	0	429344
26.63	0	0	429344
26.64	0	0	429344
26.650000000000002	0	0	429344
26.66	0	0	429344
26.67	0	0	429344
26.68	0	0	429344
26.69	0	0	429344
26.7	0	0	429344
26.71	0	0	429344
26.72	0	0	429344
26.73	0	0	429344
26.740000000000002	0	0	429344
26.75	0	0	429344
26.76	0	0	429344
26.77	0	0	429344
26.78	0	0	429344
26.79	0	0	429344
26.8	0	0	429344
26.810000000000002	0	0	429344
26.82	0	0	429344
26.830000000000002	0	0	429344
26.84	0	0	429344
26.85	0	0	429344
26.86	0	0	429344
26.87	0	0	429344
26.88	0	0	429344
26.89	0	0	429344
26.900000000000002	0	0	429344
26.91	0	0	429344
26.92	0	0	429344
26.93	0	0	429344
26.94	0	0	429344
26.95	0	0	429344
26.96	0	0	429344
26.97	0	0	429344
26.98	0	0	429344
26.990000000000002	0	0	429344
27.0	0	0	429344
27.01	0	0	429344
27.02	0	0	429344
27.03	0	0	429344
27.04	0	0	429344
27.05	0	0	429344
27.060000000000002	0	0	429344
27.07	0	0	429344
27.080000000000002	0	0	429344
27.09	0	0	429344
27.1	0	0	429344
27.11	0	0	429344
27.12	0	0	429344
27.13	0	0	429344
27.14	0	0	429344
27.150000000000002	0	0	429344
27.16	0	0	429344
27.17	0	0	429344
27.18	0	0	429344
27.19	0	0	429344
27.2	0	0	429344
27.21	0	0	429344
27.22	0	0	429344
27.23	0	0	429344
27.240000000000002	0	0	429344
27.25	0	0	429344
27.26	0	0	429344
27.27	0	0	429344
27.28	0	0	429344
27.29	0	0	429344
27.3	0	0	429344
27.310000000000002	0	0	429344
27.32	0	0	429344
27.330000000000002	0	0	429344
27.34	0	0	429344
27.35	0	0	429344
27.36	0	0	429344
27.37	0	0	429344
27.38	0	0	429344
27.39	0	0	429344
27.400000000000002	0	0	429344
27.41	0	0	429344
27.42	0	0	429344
27.43	0	0	429344
27.44	0	0	429344
27.45	0	0	429344
27.46	0	0	429344
27.47	0	0	429344
27.48	0	0	429344
27.490000000000002	0	0	429344
27.5	0	0	429344
27.51	0	0	429344
27.52	0	0	429344
27.53	0	0	429344
27.54	0	0	429344
27.55	0	0	429344
27.560000000000002	0	0	429344
27.57	0	0	429344
27.580000000000002	0	0	429344
27.59	0	0	429344
27.6	0	0	429344
27.61	0	0	429344
27.62	0	0	429344
27.63	0	0	429344
27.64	0	0	429344
27.650000000000002	0	0	429344
27.66	0	0	429344
27.67	0	0	429344
27.68	0	0	429344
27.69	0	0	429344
27.7	0	0	429344
27.71	0	0	429344
27.72	0	0	429344
27.73	0	0	429344
27.740000000000002	0	0	429344
27.75	0	0	429344
27.76	0	0	429344
27.77	0	0	429344
27.78	0	0	429344
27.79	0	0	429344
27.8	0	0	429344
27.810000000000002	0	0	429344
27.82	0	0	429344
27.830000000000002	0	0	429344
27.84	0	0	429344
27.85	0	0	429344
27.86	0	0	429344
27.87	0	0	429344
27.88	0	0	429344
27.89	0	0	429344
27.900000000000002	0	0	429344
27.91	0	0	429344
27.92	0	0	429344
27.93	0	0	429344
27.94	0	0	429344
27.95	0	0	429344
27.96	0	0	429344
27.97	0	0	429344
27.98	0	0	429344
27.990000000000002	0	0	429344
28.0	0	0	429344
28.01	0	0	429344
28.02	0	0	429344
28.03	0	0	429344
28.04	0	0	429344
28.05	0	0	429344
28.060000000000002	0	0	429344
28.07	0	0	429344
28.080000000000002	0	0	429344
28.09	0	0	429344
28.1	0	0	429344
28.11	0	0	429344
28.12	0	0	429344
28.13	0	0	429344
28.14	0	0	429344
28.150000000000002	0	0	429344
28.16	0	0	429344
28.17	0	0	429344
28.18	0	0	429344
28.19	0	0	429344
28.2	0	0	429344
28.21	0	0	429344
28.22	0	0	429344
28.23	0	0	429344
28.240000000000002	0	0	429344
28.25	0	0	429344
28.26	0	0	429344
28.27	0	0	429344
28.28	0	0	429344
28.29	0	0	429344
28.3	0	0	429344
28.310000000000002	0	0	429344
28.32	0	0	429344
28.330000000000002	0	0	429344
28.34	0	0	429344
28.35	0	0	429344
28.36	0	0	429344
28.37	0	0	429344
28.38	0	0	429344
28.39	0	0	429344
28.400000000000002	0	0	429344
28.41	0	0	429344
28.42	0	0	429344
28.43	0	0	429344
28.44	0	0	429344
28.45	0	0	429344
28.46	0	0	429344
28.47	0	0	429344
28.48	0	0	429344
28.490000000000002	0	0	429344
28.5	0	0	429344
28.51	0	0	429344
28.52	0	0	429344
28.53	0	0	429344
28.54	0	0	429344
28.55	0	0	429344
28.560000000000002	0	0	429344
28.57	0	0	429344
28.580000000000002	0	0	429344
28.59	0	0	429344
28.6	0	0	429344
28.61	0	0	429344
28.62	0	0	429344
28.63	0	0	429344
28.64	0	0	429344
28.650000000000002	0	0	429344
28.66	0	0	429344
28.67	0	0	429344
28.68	0	0	429344
28.69	0	0	429344
28.7	0	0	429344
28.71	0	0	429344
28.72	0	0	429344
28.73	0	0	429344
28.740000000000002	0	0	429344
28.75	0	0	429344
28.76	0	0	429344
28.77	0	0	429344
28.78	0	0	429344
28.79	0	0	429344
28.8	0	0	429344
28.810000000000002	0	0	429344
28.82	0	0	429344
28.830000000000002	0	0	429344
28.84	0	0	429344
28.85	0	0	429344
28.86	0	0	429344
28.87	0	0	429344
28.88	0	0	429344
28.89	0	0	429344
28.900000000000002	0	0	429344
28.91	0	0	429344
28.92	0	0	429344
28.93	0	0	429344
28.94	0	0	429344
28.95	0	0	429344
28.96	0	0	429344
28.97	0	0	429344
28.98	0	0	429344
28.990000000000002	0	0	429344
29.0	0	0	429344
29.01	0	0	429344
29.02	0	0	429344
29.03	0	0	429344
29.04	0	0	429344
29.05	0	0	429344
29.060000000000002	0	0	429344
29.07	0	0	429344
29.080000000000002	0	0	429344
29.09	0	0	429344
29.1	0	0	429344
29.11	0	0	429344
29.12	0	0	429344
29.13	0	0	429344
29.14	0	0	429344
29.150000000000002	0	0	429344
29.16	0	0	429344
29.17	0	0	429344
29.18	0	0	429344
29.19	0	0	429344
29.2	0	0	429344
29.21	0	0	429344
29.22	0	0	429344
29.23	0	0	429344
29.240000000000002	0	0	429344
29.25	0	0	429344
29.26	0	0	429344
29.27	0	0	429344
29.28	0	0	429344
29.29	0	0	429344
29.3	0	0	429344
29.310000000000002	0	0	429344
29.32	0	0	429344
29.330000000000002	0	0	429344
29.34	0	0	429344
29.35	0	0	429344
29.36	0	0	429344
29.37	0	0	429344
29.38	0	0	429344
29.39	0	0	429344
29.400000000000002	0	0	429344
29.41	0	0	429344
29.42	0	0	429344
29.43	0	0	429344
29.44	0	0	429344
29.45	0	0	429344
29.46	0	0	429344
29.47	0	0	429344
29.48	0	0	429344
29.490000000000002	0	0	429344
29.5	0	0	429344
29.51	0	0	429344
29.52	0	0	429344
29.53	0	0	429344
29.54	0	0	429344
29.55	0	0	429344
29.560000000000002	0	0	429344
29.57	0	0	429344
29.580000000000002	0	0	429344
29.59	0	0	429344
29.6	0	0	429344
29.61	0	0	429344
29.62	0	0	429344
29.63	0	0	429344
29.64	0	0	429344
29.650000000000002	0	0	429344
29.66	0	0	429344
29.67	0	0	429344
29.68	0	0	429344
29.69	0	0	429344
29.7	0	0	429344
29.71	0	0	429344
29.72	0	0	429344
29.73	0	0	429344
29.740000000000002	0	0	429344
29.75	0	0	429344
29.76	0	0	429344
29.77	0	0	429344
29.78	0	0	429344
29.79	0	0	429344
29.8	0	0	429344
29.810000000000002	0	0	429344
29.82	0	0	429344
29.830000000000002	0	0	429344
29.84	0	0	429344
29.85	0	0	429344
29.86	0	0	429344
29.87	0	0	429344
29.88	0	0	429344
29.89	0	0	429344
29.900000000000002	0	0	429344
29.91	0	0	429344
29.92	0	0	429344
29.93	0	0	429344
29.94	0	0	429344
29.95	0	0	429344
29.96	0	0	429344
29.97	0	0	429344
29.98	0	0	429344
29.990000000000002	0	0	429344
30.0	0	0	429344
30.01	0	0	429344
30.02	0	0	429344
30.03	0	0	429344
30.04	0	0	429344
30.05	0	0	429344
30.060000000000002	0	0	429344
30.07	0	0	429344
30.080000000000002	0	0	429344
30.09	0	0	429344
30.1	0	0	429344
30.11	0	0	429344
30.12	0	0	429344
30.13	0	0	429344
30.14	0	0	429344
30.150000000000002	0	0	429344
30.16	0	0	429344
30.17	0	0	429344
30.18	0	0	429344
30.19	0	0	429344
30.2	0	0	429344
30.21	0	0	429344
30.22	0	0	429344
30.23	0	0	429344
30.240000000000002	0	0	429344
30.25	0	0	429344
30.26	0	0	429344
30.27	0	0	429344
30.28	0	0	429344
30.29	0	0	429344
30.3	0	0	429344
30.310000000000002	0	0	429344
30.32	0	0	429344
30.330000000000002	0	0	429344
30.34	0	0	429344
30.35	0	0	429344
30.36	0	0	429344
30.37	0	0	429344
30.38	0	0	429344
30.39	0	0	429344
30.400000000000002	0	0	429344
30.41	0	0	429344
30.42	0	0	429344
30.43	0	0	429344
30.44	0	0	429344
30.45	0	0	429344
30.46	0	0	429344
30.47	0	0	429344
30.48	0	0	429344
30.490000000000002	0	0	429344
30.5	0	0	429344
30.51	0	0	429344
30.52	0	0	429344
30.53	0	0	429344
30.54	0	0	429344
30.55	0	0	429344
30.560000000000002	0	0	429344
30.57	0	0	429344
30.580000000000002	0	0	429344
30.59	0	0	429344
30.6	0	0	429344
30.61	0	0	429344
30.62	0	0	429344
30.63	0	0	429344
30.64	0	0	429344
30.650000000000002	0	0	429344
30.66	0	0	429344
30.67	0	0	429344
30.68	0	0	429344
30.69	0	0	429344
30.7	0	0	429344
30.71	0	0	429344
30.72	0	0	429344
30.73	0	0	429344
30.740000000000002	0	0	429344
30.75	0	0	429344
30.76	0	0	429344
30.77	0	0	429344
30.78	0	0	429344
30.79	0	0	429344
30.8	0	0	429344
30.810000000000002	0	0	429344
30.82	0	0	429344
30.830000000000002	0	0	429344
30.84	0	0	429344
30.85	0	0	429344
30.86	0	0	429344
30.87	0	0	429344
30.88	0	0	429344
30.89	0	0	429344
30.900000000000002	0	0	429344
30.91	0	0	429344
30.92	0	0	429344
30.93	0	0	429344
30.94	0	0	429344
30.95	0	0	429344
30.96	0	0	429344
30.970000000000002	0	0	429344
30.98	0	0	429344
30.990000000000002	0	0	429344
31.0	0	0	429344
31.01	0	0	429344
31.02	0	0	429344
31.03	0	0	429344
31.04	0	0	429344
31.05	0	0	429344
31.060000000000002	0	0	429344
31.07	0	0	429344
31.080000000000002	0	0	429344
31.09	0	0	429344
31.1	0	0	429344
31.11	0	0	429344
31.12	0	0	429344
31.13	0	0	429344
31.14	0	0	429344
31.150000000000002	0	0	429344
31.16	0	0	429344
31.17	0	0	429344
31.18	0	0	429344
31.19	0	0	429344
31.2	0	0	429344
31.21	0	0	429344
31.220000000000002	0	0	429344
31.23	0	0	429344
31.240000000000002	0	0	429344
31.25	0	0	429344
31.26	0	0	429344
31.27	0	0	429344
31.28	0	0	429344
31.29	0	0	429344
31.3	0	0	429344
31.310000000000002	0	0	429344
31.32	0	0	429344
31.330000000000002	0	0	429344
31.34	0	0	429344
31.35	0	0	429344
31.36	0	0	429344
31.37	0	0	429344
31.38	0	0	429344
31.39	0	0	429344
31.400000000000002	0	0	429344
31.41	0	0	429344
31.42	0	0	429344
31.43	0	0	429344
31.44	0	0	429344
31.45	0	0	429344
31.46	0	0	429344
31.470000000000002	0	0	429344
31.48	0	0	429344
31.490000000000002	0	0	429344
31.5	0	0	429344
31.51	0	0	429344
31.52	0	0	429344
31.53	0	0	429344
31.54	0	0	429344
31.55	0	0	429344
31.560000000000002	0	0	429344
31.57	0	0	429344
31.580000000000002	0	0	429344
31.59	0	0	429344
31.6	0	0	429344
31.61	0	0	429344
31.62	0	0	429344
31.63	0	0	429344
31.64	0	0	429344
31.650000000000002	0	0	429344
31.66	0	0	429344
31.67	0	0	429344
31.68	0	0	429344
31.69	0	0	429344
31.7	0	0	429344
31.71	0	0	429344
31.720000000000002	0	0	429344
31.73	0	0	429344
31.740000000000002	0	0	429344
31.75	0	0	429344
31.76	0	0	429344
31.77	0	0	429344
31.78	0	0	429344
31.79	0	0	429344
31.8	0	0	429344
31.810000000000002	0	0	429344
31.82	0	0	429344
31.830000000000002	0	0	429344
31.84	0	0	429344
31.85	0	0	429344
31.86	0	0	429344
31.87	0	0	429344
31.88	0	0	429344
31.89	0	0	429344
31.900000000000002	0	0	429344
31.91	0	0	429344
31.92	0	0	429344
31.93	0	0	429344
31.94	0	0	429344
31.95	0	0	429344
31.96	0	0	429344
31.970000000000002	0	0	429344
31.98	0	0	429344
31.990000000000002	0	0	429344
32.0	0	0	429344
32.01	0	0	429344
32.02	0	0	429344
32.03	0	0	429344
32.04	0	0	429344
32.05	0	0	429344
32.06	0	0	429344
32.07	0	0	429344
32.08	0	0	429344
32.09	0	0	429344
32.1	0	0	429344
32.11	0	0	429344
32.12	0	0	429344
32.13	0	0	429344
32.14	0	0	429344
32.15	0	0	429344
32.160000000000004	0	0	429344
32.17	0	0	429344
32.18	0	0	429344
32.19	0	0	429344
32.2	0	0	429344
32.21	0	0	429344
32.22	0	0	429344
32.230000000000004	0	0	429344
32.24	0	0	429344
32.25	0	0	429344
32.26	0	0	429344
32.27	0	0	429344
32.28	0	0	429344
32.29	0	0	429344
32.3	0	0	429344
32.31	0	0	429344
32.32	0	0	429344
32.33	0	0	429344
32.34	0	0	429344
32.35	0	0	429344
32.36	0	0	429344
32.37	0	0	429344
32.38	0	0	429344
32.39	0	0	429344
32.4	0	0	429344
32.410000000000004	0	0	429344
32.42	0	0	429344
32.43	0	0	429344
32.44	0	0	429344
32.45	0	0	429344
32.46	0	0	429344
32.47	0	0	429344
32.480000000000004	0	0	429344
32.49	0	0	429344
32.5	0	0	429344
32.51	0	0	429344
32.52	0	0	429344
32.53	0	0	429344
32.54	0	0	429344
32.55	0	0	429344
32.56	0	0	429344
32.57	0	0	429344
32.58	0	0	429344
32.59	0	0	429344
32.6	0	0	429344
32.61	0	0	429344
32.62	0	0	429344
32.63	0	0	429344
32.64	0	0	429344
32.65	0	0	429344
32.660000000000004	0	0	429344
32.67	0	0	429344
32.68	0	0	429344
32.69	0	0	429344
32.7	0	0	429344
32.71	0	0	429344
32.72	0	0	429344
32.730000000000004	0	0	429344
32.74	0	0	429344
32.75	0	0	429344
32.76	0	0	429344
32.77	0	0	429344
32.78	0	0	429344
32.79	0	0	429344
32.8	0	0	429344
32.81	0	0	429344
32.82	0	0	429344
32.83	0	0	429344
32.84	0	0	429344
32.85	0	0	429344
32.86	0	0	429344
32.87	0	0	429344
32.88	0	0	429344
32.89	0	0	429344
32.9	0	0	429344
32.910000000000004	0	0	429344
32.92	0	0	429344
32.93	0	0	429344
32.94	0	0	429344
32.95	0	0	429344
32.96	0	0	429344
32.97	0	0	429344
32.980000000000004	0	0	429344
32.99	0	0	429344
33.0	0	0	429344
33.01	0	0	429344
33.02	0	0	429344
33.03	0	0	429344
33.04	0	0	429344
33.05	0	0	429344
33.06	0	0	429344
33.07	0	0	429344
33.08	0	0	429344
33.09	0	0	429344
33.1	0	0	429344
33.11	0	0	429344
33.12	0	0	429344
33.13	0	0	429344
33.14	0	0	429344
33.15	0	0	429344
33.160000000000004	0	0	429344
33.17	0	0	429344
33.18	0	0	429344
33.19	0	0	429344
33.2	0	0	429344
33.21	0	0	429344
33.22	0	0	429344
33.230000000000004	0	0	429344
33.24	0	0	429344
33.25	0	0	429344
33.26	0	0	429344
33.27	0	0	429344
33.28	0	0	429344
33.29	0	0	429344
33.3	0	0	429344
33.31	0	0	429344
33.32	0	0	429344
33.33	0	0	429344
33.34	0	0	429344
33.35	0	0	429344
33.36	0	0	429344
33.37	0	0	429344
33.38	0	0	429344
33.39	0	0	429344
33.4	0	0	429344
33.410000000000004	0	0	429344
33.42	0	0	429344
33.43	0	0	429344
33.44	0	0	429344
33.45	0	0	429344
33.46	0	0	429344
33.47	0	0	429344
33.480000000000004	0	0	429344
33.49	0	0	429344
33.5	0	0	429344
33.51	0	0	429344
33.52	0	0	429344
33.53	0	0	429344
33.54	0	0	429344
33.55	0	0	429344
33.56	0	0	429344
33.57	0	0	429344
33.58	0	0	429344
33.59	0	0	429344
33.6	0	0	429344
33.61	0	0	429344
33.62	0	0	429344
33.63	0	0	429344
33.64	0	0	429344
33.65	0	0	429344
33.660000000000004	0	0	429344
33.67	0	0	429344
33.68	0	0	429344
33.69	0	0	429344
33.7	0	0	429344
33.71	0	0	429344
33.72	0	0	429344
33.730000000000004	0	0	429344
33.74	0	0	429344
33.75	0	0	429344
33.76	0	0	429344
33.77	0	0	429344
33.78	0	0	429344
33.79	0	0	429344
33.8	0	0	429344
33.81	0	0	429344
33.82	0	0	429344
33.83	0	0	429344
33.84	0	0	429344
33.85	0	0	429344
33.86	0	0	429344
33.87	0	0	429344
33.88	0	0	429344
33.89	0	0	429344
33.9	0	0	429344
33.910000000000004	0	0	429344
33.92	0	0	429344
33.93	0	0	429344
33.94	0	0	429344
33.95	0	0	429344
33.96	0	0	429344
33.97	0	0	429344
33.980000000000004	0	0	429344
33.99	0	0	429344
34.0	0	0	429344
34.01	0	0	429344
34.02	0	0	429344
34.03	0	0	429344
34.04	0	0	429344
34.05	0	0	429344
34.06	0	0	429344
34.07	0	0	429344
34.08	0	0	429344
34.09	0	0	429344
34.1	0	0	429344
34.11	0	0	429344
34.12	0	0	429344
34.13	0	0	429344
34.14	0	0	429344
34.15	0	0	429344
34.160000000000004	0	0	429344
34.17	0	0	429344
34.18	0	0	429344
34.19	0	0	429344
34.2	0	0	429344
34.21	0	0	429344
34.22	0	0	429344
34.230000000000004	0	0	429344
34.24	0	0	429344
34.25	0	0	429344
34.26	0	0	429344
34.27	0	0	429344
34.28	0	0	429344
34.29	0	0	429344
34.300000000000004	0	0	429344
34.31	0	0	429344
34.32	0	0	429344
34.33	0	0	429344
34.34	0	0	429344
34.35	0	0	429344
34.36	0	0	429344
34.37	0	0	429344
34.38	0	0	429344
34.39	0	0	429344
34.4	0	0	429344
34.410000000000004	0	0	429344
34.42	0	0	429344
34.43	0	0	429344
34.44	0	0	429344
34.45	0	0	429344
34.46	0	0	429344
34.47	0	0	429344
34.480000000000004	0	0	429344
34.49	0	0	429344
34.5	0	0	429344
34.51	0	0	429344
34.52	0	0	429344
34.53	0	0	429344
34.54	0	0	429344
34.550000000000004	0	0	429344
34.56	0	0	429344
34.57	0	0	429344
34.58	0	0	429344
34.59	0	0	429344
34.6	0	0	429344
34.61	0	0	429344
34.62	0	0	429344
34.63	0	0	429344
34.64	0	0	429344
34.65	0	0	429344
34.660000000000004	0	0	429344
34.67	0	0	429344
34.68	0	0	429344
34.69	0	0	429344
34.7	0	0	429344
34.71	0	0	429344
34.72	0	0	429344
34.730000000000004	0	0	429344
34.74	0	0	429344
34.75	0	0	429344
34.76	0	0	429344
34.77	0	0	429344
34.78	0	0	429344
34.79	0	0	429344
34.800000000000004	0	0	429344
34.81	0	0	429344
34.82	0	0	429344
34.83	0	0	429344
34.84	0	0	429344
34.85	0	0	429344
34.86	0	0	429344
34.87	0	0	429344
34.88	0	0	429344
34.89	0	0	429344
34.9	0	0	429344
34.910000000000004	0	0	429344
34.92	0	0	429344
34.93	0	0	429344
34.94	0	0	429344
34.95	0	0	429344
34.96	0	0	429344
34.97	0	0	429344
34.980000000000004	0	0	429344
34.99	0	0	429344
35.0	0	0	429344
35.01	0	0	429344
35.02	0	0	429344
35.03	0	0	429344
35.04	0	0	429344
35.050000000000004	0	0	429344
35.06	0	0	429344
35.07	0	0	429344
35.08	0	0	429344
35.09	0	0	429344
35.1	0	0	429344
35.11	0	0	429344
35.12	0	0	429344
35.13	0	0	429344
35.14	0	0	429344
35.15	0	0	429344
35.160000000000004	0	0	429344
35.17	0	0	429344
35.18	0	0	429344
35.19	0	0	429344
35.2	0	0	429344
35.21	0	0	429344
35.22	0	0	429344
35.230000000000004	0	0	429344
35.24	0	0	429344
35.25	0	0	429344
35.26	0	0	429344
35.27	0	0	429344
35.28	0	0	429344
35.29	0	0	429344
35.300000000000004	0	0	429344
35.31	0	0	429344
35.32	0	0	429344
35.33	0	0	429344
35.34	0	0	429344
35.35	0	0	429344
35.36	0	0	429344
35.37	0	0	429344
35.38	0	0	429344
35.39	0	0	429344
35.4	0	0	429344
35.410000000000004	0	0	429344
35.42	0	0	429344
35.43	0	0	429344
35.44	0	0	429344
35.45	0	0	429344
35.46	0	0	429344
35.47	0	0	429344
35.480000000000004	0	0	429344
35.49	0	0	429344
35.5	0	0	429344
35.51	0	0	429344
35.52	0	0	429344
35.53	0	0	429344
35.54	0	0	429344
35.550000000000004	0	0	429344
35.56	0	0	429344
35.57	0	0	429344
35.58	0	0	429344
35.59	0	0	429344
35.6	0	0	429344
35.61	0	0	429344
35.62	0	0	429344
35.63	0	0	429344
35.64	0	0	429344
35.65	0	0	429344
35.660000000000004	0	0	429344
35.67	0	0	429344
35.68	0	0	429344
35.69	0	0	429344
35.7	0	0	429344
35.71	0	0	429344
35.72	0	0	429344
35.730000000000004	0	0	429344
35.74	0	0	429344
35.75	0	0	429344
35.76	0	0	429344
35.77	0	0	429344
35.78	0	0	429344
35.79	0	0	429344
35.800000000000004	0	0	429344
35.81	0	0	429344
35.82	0	0	429344
35.83	0	0	429344
35.84	0	0	429344
35.85	0	0	429344
35.86	0	0	429344
35.87	0	0	429344
35.88	0	0	429344
35.89	0	0	429344
35.9	0	0	429344
35.910000000000004	0	0	429344
35.92	0	0	429344
35.93	0	0	429344
35.94	0	0	429344
35.95	0	0	429344
35.96	0	0	429344
35.97	0	0	429344
35.980000000000004	0	0	429344
35.99	0	0	429344
36.0	0	0	429344
36.01	0	0	429344
36.02	0	0	429344
36.03	0	0	429344
36.04	0	0	429344
36.050000000000004	0	0	429344
36.06	0	0	429344
36.07	0	0	429344
36.08	0	0	429344
36.09	0	0	429344
36.1	0	0	429344
36.11	0	0	429344
36.12	0	0	429344
36.13	0	0	429344
36.14	0	0	429344
36.15	0	0	429344
36.160000000000004	0	0	429344
36.17	0	0	429344
36.18	0	0	429344
36.19	0	0	429344
36.2	0	0	429344
36.21	0	0	429344
36.22	0	0	429344
36.230000000000004	0	0	429344
36.24	0	0	429344
36.25	0	0	429344
36.26	0	0	429344
36.27	0	0	429344
36.28	0	0	429344
36.29	0	0	429344
36.300000000000004	0	0	429344
36.31	0	0	429344
36.32	0	0	429344
36.33	0	0	429344
36.34	0	0	429344
36.35	0	0	429344
36.36	0	0	429344
36.37	0	0	429344
36.38	0	0	429344
36.39	0	0	429344
36.4	0	0	429344
36.410000000000004	0	0	429344
36.42	0	0	429344
36.43	0	0	429344
36.44	0	0	429344
36.45	0	0	429344
36.46	0	0	429344
36.47	0	0	429344
36.480000000000004	0	0	429344
36.49	0	0	429344
36.5	0	0	429344
36.51	0	0	429344
36.52	0	0	429344
36.53	0	0	429344
36.54	0	0	429344
36.550000000000004	0	0	429344
36.56	0	0	429344
36.57	0	0	429344
36.58	0	0	429344
36.59	0	0	429344
36.6	0	0	429344
36.61	0	0	429344
36.62	0	0	429344
36.63	0	0	429344
36.64	0	0	429344
36.65	0	0	429344
36.660000000000004	0	0	429344
36.67	0	0	429344
36.68	0	0	429344
36.69	0	0	429344
36.7	0	0	429344
36.71	0	0	429344
36.72	0	0	429344
36.730000000000004	0	0	429344
36.74	0	0	429344
36.75	0	0	429344
36.76	0	0	429344
36.77	0	0	429344
36.78	0	0	429344
36.79	0	0	429344
36.800000000000004	0	0	429344
36.81	0	0	429344
36.82	0	0	429344
36.83	0	0	429344
36.84	0	0	429344
36.85	0	0	429344
36.86	0	0	429344
36.87	0	0	429344
36.88	0	0	429344
36.89	0	0	429344
36.9	0	0	429344
36.910000000000004	0	0	429344
36.92	0	0	429344
36.93	0	0	429344
36.94	0	0	429344
36.95	0	0	429344
36.96	0	0	429344
36.97	0	0	429344
36.980000000000004	0	0	429344
36.99	0	0	429344
37.0	0	0	429344
37.01	0	0	429344
37.02	0	0	429344
37.03	0	0	429344
37.04	0	0	429344
37.050000000000004	0	0	429344
37.06	0	0	429344
37.07	0	0	429344
37.08	0	0	429344
37.09	0	0	429344
37.1	0	0	429344
37.11	0	0	429344
37.12	0	0	429344
37.13	0	0	429344
37.14	0	0	429344
37.15	0	0	429344
37.160000000000004	0	0	429344
37.17	0	0	429344
37.18	0	0	429344
37.19	0	0	429344
37.2	0	0	429344
37.21	0	0	429344
37.22	0	0	429344
37.230000000000004	0	0	429344
37.24	0	0	429344
37.25	0	0	429344
37.26	0	0	429344
37.27	0	0	429344
37.28	0	0	429344
37.29	0	0	429344
37.300000000000004	0	0	429344
37.31	0	0	429344
37.32	0	0	429344
37.33	0	0	429344
37.34	0	0	429344
37.35	0	0	429344
37.36	0	0	429344
37.37	0	0	429344
37.38	0	0	429344
37.39	0	0	429344
37.4	0	0	429344
37.410000000000004	0	0	429344
37.42	0	0	429344
37.43	0	0	429344
37.44	0	0	429344
37.45	0	0	429344
37.46	0	0	429344
37.47	0	0	429344
37.480000000000004	0	0	429344
37.49	0	0	429344
37.5	0	0	429344
37.51	0	0	429344
37.52	0	0	429344
37.53	0	0	429344
37.54	0	0	429344
37.550000000000004	0	0	429344
37.56	0	0	429344
37.57	0	0	429344
37.58	0	0	429344
37.59	0	0	429344
37.6	0	0	429344
37.61	0	0	429344
37.62	0	0	429344
37.63	0	0	429344
37.64	0	0	429344
37.65	0	0	429344
37.660000000000004	0	0	429344
37.67	0	0	429344
37.68	0	0	429344
37.69	0	0	429344
37.7	0	0	429344
37.71	0	0	429344
37.72	0	0	429344
37.730000000000004	0	0	429344
37.74	0	0	429344
37.75	0	0	429344
37.76	0	0	429344
37.77	0	0	429344
37.78	0	0	429344
37.79	0	0	429344
37.800000000000004	0	0	429344
37.81	0	0	429344
37.82	0	0	429344
37.83	0	0	429344
37.84	0	0	429344
37.85	0	0	429344
37.86	0	0	429344
37.87	0	0	429344
37.88	0	0	429344
37.89	0	0	429344
37.9	0	0	429344
37.910000000000004	0	0	429344
37.92	0	0	429344
37.93	0	0	429344
37.94	0	0	429344
37.95	0	0	429344
37.96	0	0	429344
37.97	0	0	429344
37.980000000000004	0	0	429344
37.99	0	0	429344
38.0	0	0	429344
38.01	0	0	429344
38.02	0	0	429344
38.03	0	0	429344
38.04	0	0	429344
38.050000000000004	0	0	429344
38.06	0	0	429344
38.07	0	0	429344
38.08	0	0	429344
38.09	0	0	429344
38.1	0	0	429344
38.11	0	0	429344
38.12	0	0	429344
38.13	0	0	429344
38.14	0	0	429344
38.15	0	0	429344
38.160000000000004	0	0	429344
38.17	0	0	429344
38.18	0	0	429344
38.19	0	0	429344
38.2	0	0	429344
38.21	0	0	429344
38.22	0	0	429344
38.230000000000004	0	0	429344
38.24	0	0	429344
38.25	0	0	429344
38.26	0	0	429344
38.27	0	0	429344
38.28	0	0	429344
38.29	0	0	429344
38.300000000000004	0	0	429344
38.31	0	0	429344
38.32	0	0	429344
38.33	0	0	429344
38.34	0	0	429344
38.35	0	0	429344
38.36	0	0	429344
38.37	0	0	429344
38.38	0	0	429344
38.39	0	0	429344
38.4	0	0	429344
38.410000000000004	0	0	429344
38.42	0	0	429344
38.43	0	0	429344
38.44	0	0	429344
38.45	0	0	429344
38.46	0	0	429344
38.47	0	0	429344
38.480000000000004	0	0	429344
38.49	0	0	429344
38.5	0	0	429344
38.51	0	0	429344
38.52	0	0	429344
38.53	0	0	429344
38.54	0	0	429344
38.550000000000004	0	0	429344
38.56	0	0	429344
38.57	0	0	429344
38.58	0	0	429344
38.59	0	0	429344
38.6	0	0	429344
38.61	0	0	429344
38.62	0	0	429344
38.63	0	0	429344
38.64	0	0	429344
38.65	0	0	429344
38.660000000000004	0	0	429344
38.67	0	0	429344
38.68	0	0	429344
38.69	0	0	429344
38.7	0	0	429344
38.71	0	0	429344
38.72	0	0	429344
38.730000000000004	0	0	429344
38.74	0	0	429344
38.75	0	0	429344
38.76	0	0	429344
38.77	0	0	429344
38.78	0	0	429344
38.79	0	0	429344
38.800000000000004	0	0	429344
38.81	0	0	429344
38.82	0	0	429344
38.83	0	0	429344
38.84	0	0	429344
38.85	0	0	429344
38.86	0	0	429344
38.87	0	0	429344
38.88	0	0	429344
38.89	0	0	429344
38.9	0	0	429344
38.910000000000004	0	0	429344
38.92	0	0	429344
38.93	0	0	429344
38.94	0	0	429344
38.95	0	0	429344
38.96	0	0	429344
38.97	0	0	429344
38.980000000000004	0	0	429344
38.99	0	0	429344
39.0	0	0	429344
39.01	0	0	429344
39.02	0	0	429344
39.03	0	0	429344
39.04	0	0	429344
39.050000000000004	0	0	429344
39.06	0	0	429344
39.07	0	0	429344
39.08	0	0	429344
39.09	0	0	429344
39.1	0	0	429344
39.11	0	0	429344
39.12	0	0	429344
39.13	0	0	429344
39.14	0	0	429344
39.15	0	0	429344
39.160000000000004	0	0	429344
39.17	0	0	429344
39.18	0	0	429344
39.19	0	0	429344
39.2	0	0	429344
39.21	0	0	429344
39.22	0	0	429344
39.230000000000004	0	0	429344
39.24	0	0	429344
39.25	0	0	429344
39.26	0	0	429344
39.27	0	0	429344
39.28	0	0	429344
39.29	0	0	429344
39.300000000000004	0	0	429344
39.31	0	0	429344
39.32	0	0	429344
39.33	0	0	429344
39.34	0	0	429344
39.35	0	0	429344
39.36	0	0	429344
39.37	0	0	429344
39.38	0	0	429344
39.39	0	0	429344
39.4	0	0	429344
39.410000000000004	0	0	429344
39.42	0	0	429344
39.43	0	0	429344
39.44	0	0	429344
39.45	0	0	429344
39.46	0	0	429344
39.47	0	0	429344
39.480000000000004	0	0	429344
39.49	0	0	429344
39.5	0	0	429344
39.51	0	0	429344
39.52	0	0	429344
39.53	0	0	429344
39.54	0	0	429344
39.550000000000004	0	0	429344
39.56	0	0	429344
39.57	0	0	429344
39.58	0	0	429344
39.59	0	0	429344
39.6	0	0	429344
39.61	0	0	429344
39.62	0	0	429344
39.63	0	0	429344
39.64	0	0	429344
39.65	0	0	429344
39.660000000000004	0	0	429344
39.67	0	0	429344
39.68	0	0	429344
39.69	0	0	429344
39.7	0	0	429344
39.71	0	0	429344
39.72	0	0	429344
39.730000000000004	0	0	429344
39.74	0	0	429344
39.75	0	0	429344
39.76	0	0	429344
39.77	0	0	429344
39.78	0	0	429344
39.79	0	0	429344
39.800000000000004	0	0	429344
39.81	0	0	429344
39.82	0	0	429344
39.83	0	0	429344
39.84	0	0	429344
39.85	0	0	429344
39.86	0	0	429344
39.87	0	0	429344
39.88	0	0	429344
39.89	0	0	429344
39.9	0	0	429344
39.910000000000004	0	0	429344
39.92	0	0	429344
39.93	0	0	429344
39.94	0	0	429344
39.95	0	0	429344
39.96	0	0	429344
39.97	0	0	429344
39.980000000000004	0	0	429344
39.99	0	0	429344
40.0	0	0	429344
40.01	0	0	429344
40.02	0	0	429344
40.03	0	0	429344
40.04	0	0	429344
40.050000000000004	0	0	429344
40.06	0	0	429344
40.07	0	0	429344
40.08	0	0	429344
40.09	0	0	429344
40.1	0	0	429344
40.11	0	0	429344
40.12	0	0	429344
40.13	0	0	429344
40.14	0	0	429344
40.15	0	0	429344
40.160000000000004	0	0	429344
40.17	0	0	429344
40.18	0	0	429344
40.19	0	0	429344
40.2	0	0	429344
40.21	0	0	429344
40.22	0	0	429344
40.230000000000004	0	0	429344
40.24	0	0	429344
40.25	0	0	429344
40.26	0	0	429344
40.27	0	0	429344
40.28	0	0	429344
40.29	0	0	429344
40.300000000000004	0	0	429344
40.31	0	0	429344
40.32	0	0	429344
40.33	0	0	429344
40.34	0	0	429344
40.35	0	0	429344
40.36	0	0	429344
40.37	0	0	429344
40.38	0	0	429344
40.39	0	0	429344
40.4	0	0	429344
40.410000000000004	0	0	429344
40.42	0	0	429344
40.43	0	0	429344
40.44	0	0	429344
40.45	0	0	429344
40.46	0	0	429344
40.47	0	0	429344
40.480000000000004	0	0	429344
40.49	0	0	429344
40.5	0	0	429344
40.51	0	0	429344
40.52	0	0	429344
40.53	0	0	429344
40.54	0	0	429344
40.550000000000004	0	0	429344
40.56	0	0	429344
40.57	0	0	429344
40.58	0	0	429344
40.59	0	0	429344
40.6	0	0	429344
40.61	0	0	429344
40.62	0	0	429344
40.63	0	0	429344
40.64	0	0	429344
40.65	0	0	429344
40.660000000000004	0	0	429344
40.67	0	0	429344
40.68	0	0	429344
40.69	0	0	429344
40.7	0	0	429344
40.71	0	0	429344
40.72	0	0	429344
40.730000000000004	0	0	429344
40.74	0	0	429344
40.75	0	0	429344
40.76	0	0	429344
40.77	0	0	429344
40.78	0	0	429344
40.79	0	0	429344
40.800000000000004	0	0	429344
40.81	0	0	429344
40.82	0	0	429344
40.83	0	0	429344
40.84	0	0	429344
40.85	0	0	429344
40.86	0	0	429344
40.87	0	0	429344
40.88	0	0	429344
40.89	0	0	429344
40.9	0	0	429344
40.910000000000004	0	0	429344
40.92	0	0	429344
40.93	0	0	429344
40.94	0	0	429344
40.95	0	0	429344
40.96	0	0	429344
40.97	0	0	429344
40.980000000000004	0	0	429344
40.99	0	0	429344
41.0	0	0	429344
41.01	0	0	429344
41.02	0	0	429344
41.03	0	0	429344
41.04	0	0	429344
41.050000000000004	0	0	429344
41.06	0	0	429344
41.07	0	0	429344
41.08	0	0	429344
41.09	0	0	429344
41.1	0	0	429344
41.11	0	0	429344
41.12	0	0	429344
41.13	0	0	429344
41.14	0	0	429344
41.15	0	0	429344
41.160000000000004	0	0	429344
41.17	0	0	429344
41.18	0	0	429344
41.19	0	0	429344
41.2	0	0	429344
41.21	0	0	429344
41.22	0	0	429344
41.230000000000004	0	0	429344
41.24	0	0	429344
41.25	0	0	429344
41.26	0	0	429344
41.27	0	0	429344
41.28	0	0	429344
41.29	0	0	429344
41.300000000000004	0	0	429344
41.31	0	0	429344
41.32	0	0	429344
41.33	0	0	429344
41.34	0	0	429344
41.35	0	0	429344
41.36	0	0	429344
41.37	0	0	429344
41.38	0	0	429344
41.39	0	0	429344
41.4	0	0	429344
41.410000000000004	0	0	429344
41.42	0	0	429344
41.43	0	0	429344
41.44	0	0	429344
41.45	0	0	429344
41.46	0	0	429344
41.47	0	0	429344
41.480000000000004	0	0	429344
41.49	0	0	429344
41.5	0	0	429344
41.51	0	0	429344
41.52	0	0	429344
41.53	0	0	429344
41.54	0	0	429344
41.550000000000004	0	0	429344
41.56	0	0	429344
41.57	0	0	429344
41.58	0	0	429344
41.59	0	0	429344
41.6	0	0	429344
41.61	0	0	429344
41.62	0	0	429344
41.63	0	0	429344
41.64	0	0	429344
41.65	0	0	429344
41.660000000000004	0	0	429344
41.67	0	0	429344
41.68	0	0	429344
41.69	0	0	429344
41.7	0	0	429344
41.71	0	0	429344
41.72	0	0	429344
41.730000000000004	0	0	429344
41.74	0	0	429344
41.75	0	0	429344
41.76	0	0	429344
41.77	0	0	429344
41.78	0	0	429344
41.79	0	0	429344
41.800000000000004	0	0	429344
41.81	0	0	429344
41.82	0	0	429344
41.83	0	0	429344
41.84	0	0	429344
41.85	0	0	429344
41.86	0	0	429344
41.87	0	0	429344
41.88	0	0	429344
41.89	0	0	429344
41.9	0	0	429344
41.910000000000004	0	0	429344
41.92	0	0	429344
41.93	0	0	429344
41.94	0	0	429344
41.95	0	0	429344
41.96	0	0	429344
41.97	0	0	429344
41.980000000000004	0	0	429344
41.99	0	0	429344
42.0	0	0	429344
42.01	0	0	429344
42.02	0	0	429344
42.03	0	0	429344
42.04	0	0	429344
42.050000000000004	0	0	429344
42.06	0	0	429344
42.07	0	0	429344
42.08	0	0	429344
42.09	0	0	429344
42.1	0	0	429344
42.11	0	0	429344
42.12	0	0	429344
42.13	0	0	429344
42.14	0	0	429344
42.15	0	0	429344
42.160000000000004	0	0	429344
42.17	0	0	429344
42.18	0	0	429344
42.19	0	0	429344
42.2	0	0	429344
42.21	0	0	429344
42.22	0	0	429344
42.230000000000004	0	0	429344
42.24	0	0	429344
42.25	0	0	429344
42.26	0	0	429344
42.27	0	0	429344
42.28	0	0	429344
42.29	0	0	429344
42.300000000000004	0	0	429344
42.31	0	0	429344
42.32	0	0	429344
42.33	0	0	429344
42.34	0	0	429344
42.35	0	0	429344
42.36	0	0	429344
42.37	0	0	429344
42.38	0	0	429344
42.39	0	0	429344
42.4	0	0	429344
42.410000000000004	0	0	429344
42.42	0	0	429344
42.43	0	0	429344
42.44	0	0	429344
42.45	0	0	429344
42.46	0	0	429344
42.47	0	0	429344
42.480000000000004	0	0	429344
42.49	0	0	429344
42.5	0	0	429344
42.51	0	0	429344
42.52	0	0	429344
42.53	0	0	429344
42.54	0	0	429344
42.550000000000004	0	0	429344
42.56	0	0	429344
42.57	0	0	429344
42.58	0	0	429344
42.59	0	0	429344
42.6	0	0	429344
42.61	0	0	429344
42.62	0	0	429344
42.63	0	0	429344
42.64	0	0	429344
42.65	0	0	429344
42.660000000000004	0	0	429344
42.67	0	0	429344
42.68	0	0	429344
42.69	0	0	429344
42.7	0	0	429344
42.71	0	0	429344
42.72	0	0	429344
42.730000000000004	0	0	429344
42.74	0	0	429344
42.75	0	0	429344
42.76	0	0	429344
42.77	0	0	429344
42.78	0	0	429344
42.79	0	0	429344
42.800000000000004	0	0	429344
42.81	0	0	429344
42.82	0	0	429344
42.83	0	0	429344
42.84	0	0	429344
42.85	0	0	429344
42.86	0	0	429344
42.87	0	0	429344
42.88	0	0	429344
42.89	0	0	429344
42.9	0	0	429344
42.910000000000004	0	0	429344
42.92	0	0	429344
42.93	0	0	429344
42.94	0	0	429344
42.95	0	0	429344
42.96	0	0	429344
42.97	0	0	429344
42.980000000000004	0	0	429344
42.99	0	0	429344
43.0	0	0	429344
43.01	0	0	429344
43.02	0	0	429344
43.03	0	0	429344
43.04	0	0	429344
43.050000000000004	0	0	429344
43.06	0	0	429344
43.07	0	0	429344
43.08	0	0	429344
43.09	0	0	429344
43.1	0	0	429344
43.11	0	0	429344
43.12	0	0	429344
43.13	0	0	429344
43.14	0	0	429344
43.15	0	0	429344
43.160000000000004	0	0	429344
43.17	0	0	429344
43.18	0	0	429344
43.19	0	0	429344
43.2	0	0	429344
43.21	0	0	429344
43.22	0	0	429344
43.230000000000004	0	0	429344
43.24	0	0	429344
43.25	0	0	429344
43.26	0	0	429344
43.27	0	0	429344
43.28	0	0	429344
43.29	0	0	429344
43.300000000000004	0	0	429344
43.31	0	0	429344
43.32	0	0	429344
43.33	0	0	429344
43.34	0	0	429344
43.35	0	0	429344
43.36	0	0	429344
43.37	0	0	429344
43.38	0	0	429344
43.39	0	0	429344
43.4	0	0	429344
43.410000000000004	0	0	429344
43.42	0	0	429344
43.43	0	0	429344
43.44	0	0	429344
43.45	0	0	429344
43.46	0	0	429344
43.47	0	0	429344
43.480000000000004	0	0	429344
43.49	0	0	429344
43.5	0	0	429344
43.51	0	0	429344
43.52	0	0	429344
43.53	0	0	429344
43.54	0	0	429344
43.550000000000004	0	0	429344
43.56	0	0	429344
43.57	0	0	429344
43.58	0	0	429344
43.59	0	0	429344
43.6	0	0	429344
43.61	0	0	429344
43.62	0	0	429344
43.63	0	0	429344
43.64	0	0	429344
43.65	0	0	429344
43.660000000000004	0	0	429344
43.67	0	0	429344
43.68	0	0	429344
43.69	0	0	429344
43.7	0	0	429344
43.71	0	0	429344
43.72	0	0	429344
43.730000000000004	0	0	429344
43.74	0	0	429344
43.75	0	0	429344
43.76	0	0	429344
43.77	0	0	429344
43.78	0	0	429344
43.79	0	0	429344
43.800000000000004	0	0	429344
43.81	0	0	429344
43.82	0	0	429344
43.83	0	0	429344
43.84	0	0	429344
43.85	0	0	429344
43.86	0	0	429344
43.87	0	0	429344
43.88	0	0	429344
43.89	0	0	429344
43.9	0	0	429344
43.910000000000004	0	0	429344
43.92	0	0	429344
43.93	0	0	429344
43.94	0	0	429344
43.95	0	0	429344
43.96	0	0	429344
43.97	0	0	429344
43.980000000000004	0	0	429344
43.99	0	0	429344
44.0	0	0	429344
44.01	0	0	429344
44.02	0	0	429344
44.03	0	0	429344
44.04	0	0	429344
44.050000000000004	0	0	429344
44.06	0	0	429344
44.07	0	0	429344
44.08	0	0	429344
44.09	0	0	429344
44.1	0	0	429344
44.11	0	0	429344
44.12	0	0	429344
44.13	0	0	429344
44.14	0	0	429344
44.15	0	0	429344
44.160000000000004	0	0	429344
44.17	0	0	429344
44.18	0	0	429344
44.19	0	0	429344
44.2	0	0	429344
44.21	0	0	429344
44.22	0	0	429344
44.230000000000004	0	0	429344
44.24	0	0	429344
44.25	0	0	429344
44.26	0	0	429344
44.27	0	0	429344
44.28	0	0	429344
44.29	0	0	429344
44.300000000000004	0	0	429344
44.31	0	0	429344
44.32	0	0	429344
44.33	0	0	429344
44.34	0	0	429344
44.35	0	0	429344
44.36	0	0	429344
44.37	0	0	429344
44.38	0	0	429344
44.39	0	0	429344
44.4	0	0	429344
44.410000000000004	0	0	429344
44.42	0	0	429344
44.43	0	0	429344
44.44	0	0	429344
44.45	0	0	429344
44.46	0	0	429344
44.47	0	0	429344
44.480000000000004	0	0	429344
44.49	0	0	429344
44.5	0	0	429344
44.51	0	0	429344
44.52	0	0	429344
44.53	0	0	429344
44.54	0	0	429344
44.550000000000004	0	0	429344
44.56	0	0	429344
44.57	0	0	429344
44.58	0	0	429344
44.59	0	0	429344
44.6	0	0	429344
44.61	0	0	429344
44.62	0	0	429344
44.63	0	0	429344
44.64	0	0	429344
44.65	0	0	429344
44.660000000000004	0	0	429344
44.67	0	0	429344
44.68	0	0	429344
44.69	0	0	429344
44.7	0	0	429344
44.71	0	0	429344
44.72	0	0	429344
44.730000000000004	0	0	429344
44.74	0	0	429344
44.75	0	0	429344
44.76	0	0	429344
44.77	0	0	429344
44.78	0	0	429344
44.79	0	0	429344
44.800000000000004	0	0	429344
44.81	0	0	429344
44.82	0	0	429344
44.83	0	0	429344
44.84	0	0	429344
44.85	0	0	429344
44.86	0	0	429344
44.87	0	0	429344
44.88	0	0	429344
44.89	0	0	429344
44.9	0	0	429344
44.910000000000004	0	0	429344
44.92	0	0	429344
44.93	0	0	429344
44.94	0	0	429344
44.95	0	0	429344
44.96	0	0	429344
44.97	0	0	429344
44.980000000000004	0	0	429344
44.99	0	0	429344
45.0	0	0	429344
45.01	0	0	429344
45.02	0	0	429344
45.03	0	0	429344
45.04	0	0	429344
45.050000000000004	0	0	429344
45.06	0	0	429344
45.07	0	0	429344
45.08	0	0	429344
45.09	0	0	429344
45.1	0	0	429344
45.11	0	0	429344
45.12	0	0	429344
45.13	0	0	429344
45.14	0	0	429344
45.15	0	0	429344
45.160000000000004	0	0	429344
45.17	0	0	429344
45.18	0	0	429344
45.19	0	0	429344
45.2	0	0	429344
45.21	0	0	429344
45.22	0	0	429344
45.230000000000004	0	0	429344
45.24	0	0	429344
45.25	0	0	429344
45.26	0	0	429344
45.27	0	0	429344
45.28	0	0	429344
45.29	0	0	429344
45.300000000000004	0	0	429344
45.31	0	0	429344
45.32	0	0	429344
45.33	0	0	429344
45.34	0	0	429344
45.35	0	0	429344
45.36	0	0	429344
45.37	0	0	429344
45.38	0	0	429344
45.39	0	0	429344
45.4	0	0	429344
45.410000000000004	0	0	429344
45.42	0	0	429344
45.43	0	0	429344
45.44	0	0	429344
45.45	0	0	429344
45.46	0	0	429344
45.47	0	0	429344
45.480000000000004	0	0	429344
45.49	0	0	429344
45.5	0	0	429344
45.51	0	0	429344
45.52	0	0	429344
45.53	0	0	429344
45.54	0	0	429344
45.550000000000004	0	0	429344
45.56	0	0	429344
45.57	0	0	429344
45.58	0	0	429344
45.59	0	0	429344
45.6	0	0	429344
45.61	0	0	429344
45.62	0	0	429344
45.63	0	0	429344
45.64	0	0	429344
45.65	0	0	429344
45.660000000000004	0	0	429344
45.67	0	0	429344
45.68	0	0	429344
45.69	0	0	429344
45.7	0	0	429344
45.71	0	0	429344
45.72	0	0	429344
45.730000000000004	0	0	429344
45.74	0	0	429344
45.75	0	0	429344
45.76	0	0	429344
45.77	0	0	429344
45.78	0	0	429344
45.79	0	0	429344
45.800000000000004	0	0	429344
45.81	0	0	429344
45.82	0	0	429344
45.83	0	0	429344
45.84	0	0	429344
45.85	0	0	429344
45.86	0	0	429344
45.87	0	0	429344
45.88	0	0	429344
45.89	0	0	429344
45.9	0	0	429344
45.910000000000004	0	0	429344
45.92	0	0	429344
45.93	0	0	429344
45.94	0	0	429344
45.95	0	0	429344
45.96	0	0	429344
45.97	0	0	429344
45.980000000000004	0	0	429344
45.99	0	0	429344
46.0	0	0	429344
46.01	0	0	429344
46.02	0	0	429344
46.03	0	0	429344
46.04	0	0	429344
46.050000000000004	0	0	429344
46.06	0	0	429344
46.07	0	0	429344
46.08	0	0	429344
46.09	0	0	429344
46.1	0	0	429344
46.11	0	0	429344
46.12	0	0	429344
46.13	0	0	429344
46.14	0	0	429344
46.15	0	0	429344
46.160000000000004	0	0	429344
46.17	0	0	429344
46.18	0	0	429344
46.19	0	0	429344
46.2	0	0	429344
46.21	0	0	429344
46.22	0	0	429344
46.230000000000004	0	0	429344
46.24	0	0	429344
46.25	0	0	429344
46.26	0	0	429344
46.27	0	0	429344
46.28	0	0	429344
46.29	0	0	429344
46.300000000000004	0	0	429344
46.31	0	0	429344
46.32	0	0	429344
46.33	0	0	429344
46.34	0	0	429344
46.35	0	0	429344
46.36	0	0	429344
46.37	0	0	429344
46.38	0	0	429344
46.39	0	0	429344
46.4	0	0	429344
46.410000000000004	0	0	429344
46.42	0	0	429344
46.43	0	0	429344
46.44	0	0	429344
46.45	0	0	429344
46.46	0	0	429344
46.47	0	0	429344
46.480000000000004	0	0	429344
46.49	0	0	429344
46.5	0	0	429344
46.51	0	0	429344
46.52	0	0	429344
46.53	0	0	429344
46.54	0	0	429344
46.550000000000004	0	0	429344
46.56	0	0	429344
46.57	0	0	429344
46.58	0	0	429344
46.59	0	0	429344
46.6	0	0	429344
46.61	0	0	429344
46.62	0	0	429344
46.63	0	0	429344
46.64	0	0	429344
46.65	0	0	429344
46.660000000000004	0	0	429344
46.67	0	0	429344
46.68	0	0	429344
46.69	0	0	429344
46.7	0	0	429344
46.71	0	0	429344
46.72	0	0	429344
46.730000000000004	0	0	429344
46.74	0	0	429344
46.75	0	0	429344
46.76	0	0	429344
46.77	0	0	429344
46.78	0	0	429344
46.79	0	0	429344
46.800000000000004	0	0	429344
46.81	0	0	429344
46.82	0	0	429344
46.83	0	0	429344
46.84	0	0	429344
46.85	0	0	429344
46.86	0	0	429344
46.87	0	0	429344
46.88	0	0	429344
46.89	0	0	429344
46.9	0	0	429344
46.910000000000004	0	0	429344
46.92	0	0	429344
46.93	0	0	429344
46.94	0	0	429344
46.95	0	0	429344
46.96	0	0	429344
46.97	0	0	429344
46.980000000000004	0	0	429344
46.99	0	0	429344
47.0	0	0	429344
47.01	0	0	429344
47.02	0	0	429344
47.03	0	0	429344
47.04	0	0	429344
47.050000000000004	0	0	429344
47.06	0	0	429344
47.07	0	0	429344
47.08	0	0	429344
47.09	0	0	429344
47.1	0	0	429344
47.11	0	0	429344
47.12	0	0	429344
47.13	0	0	429344
47.14	0	0	429344
47.15	0	0	429344
47.160000000000004	0	0	429344
47.17	0	0	429344
47.18	0	0	429344
47.19	0	0	429344
47.2	0	0	429344
47.21	0	0	429344
47.22	0	0	429344
47.230000000000004	0	0	429344
47.24	0	0	429344
47.25	0	0	429344
47.26	0	0	429344
47.27	0	0	429344
47.28	0	0	429344
47.29	0	0	429344
47.300000000000004	0	0	429344
47.31	0	0	429344
47.32	0	0	429344
47.33	0	0	429344
47.34	0	0	429344
47.35	0	0	429344
47.36	0	0	429344
47.37	0	0	429344
47.38	0	0	429344
47.39	0	0	429344
47.4	0	0	429344
47.410000000000004	0	0	429344
47.42	0	0	429344
47.43	0	0	429344
47.44	0	0	429344
47.45	0	0	429344
47.46	0	0	429344
47.47	0	0	429344
47.480000000000004	0	0	429344
47.49	0	0	429344
47.5	0	0	429344
47.51	0	0	429344
47.52	0	0	429344
47.53	0	0	429344
47.54	0	0	429344
47.550000000000004	0	0	429344
47.56	0	0	429344
47.57	0	0	429344
47.58	0	0	429344
47.59	0	0	429344
47.6	0	0	429344
47.61	0	0	429344
47.62	0	0	429344
47.63	0	0	429344
47.64	0	0	429344
47.65	0	0	429344
47.660000000000004	0	0	429344
47.67	0	0	429344
47.68	0	0	429344
47.69	0	0	429344
47.7	0	0	429344
47.71	0	0	429344
47.72	0	0	429344
47.730000000000004	0	0	429344
47.74	0	0	429344
47.75	0	0	429344
47.76	0	0	429344
47.77	0	0	429344
47.78	0	0	429344
47.79	0	0	429344
47.800000000000004	0	0	429344
47.81	0	0	429344
47.82	0	0	429344
47.83	0	0	429344
47.84	0	0	429344
47.85	0	0	429344
47.86	0	0	429344
47.870000000000005	0	0	429344
47.88	0	0	429344
47.89	0	0	429344
47.9	0	0	429344
47.910000000000004	0	0	429344
47.92	0	0	429344
47.93	0	0	429344
47.94	0	0	429344
47.95	0	0	429344
47.96	0	0	429344
47.97	0	0	429344
47.980000000000004	0	0	429344
47.99	0	0	429344
48.0	0	0	429344
48.01	0	0	429344
48.02	0	0	429344
48.03	0	0	429344
48.04	0	0	429344
48.050000000000004	0	0	429344
48.06	0	0	429344
48.07	0	0	429344
48.08	0	0	429344
48.09	0	0	429344
48.1	0	0	429344
48.11	0	0	429344
48.120000000000005	0	0	429344
48.13	0	0	429344
48.14	0	0	429344
48.15	0	0	429344
48.160000000000004	0	0	429344
48.17	0	0	429344
48.18	0	0	429344
48.19	0	0	429344
48.2	0	0	429344
48.21	0	0	429344
48.22	0	0	429344
48.230000000000004	0	0	429344
48.24	0	0	429344
48.25	0	0	429344
48.26	0	0	429344
48.27	0	0	429344
48.28	0	0	429344
48.29	0	0	429344
48.300000000000004	0	0	429344
48.31	0	0	429344
48.32	0	0	429344
48.33	0	0	429344
48.34	0	0	429344
48.35	0	0	429344
48.36	0	0	429344
48.370000000000005	0	0	429344
48.38	0	0	429344
48.39	0	0	429344
48.4	0	0	429344
48.410000000000004	0	0	429344
48.42	0	0	429344
48.43	0	0	429344
48.44	0	0	429344
48.45	0	0	429344
48.46	0	0	429344
48.47	0	0	429344
48.480000000000004	0	0	429344
48.49	0	0	429344
48.5	0	0	429344
48.51	0	0	429344
48.52	0	0	429344
48.53	0	0	429344
48.54	0	0	429344
48.550000000000004	0	0	429344
48.56	0	0	429344
48.57	0	0	429344
48.58	0	0	429344
48.59	0	0	429344
48.6	0	0	429344
48.61	0	0	429344
48.620000000000005	0	0	429344
48.63	0	0	429344
48.64	0	0	429344
48.65	0	0	429344
48.660000000000004	0	0	429344
48.67	0	0	429344
48.68	0	0	429344
48.69	0	0	429344
48.7	0	0	429344
48.71	0	0	429344
48.72	0	0	429344
48.730000000000004	0	0	429344
48.74	0	0	429344
48.75	0	0	429344
48.76	0	0	429344
48.77	0	0	429344
48.78	0	0	429344
48.79	0	0	429344
48.800000000000004	0	0	429344
48.81	0	0	429344
48.82	0	0	429344
48.83	0	0	429344
48.84	0	0	429344
48.85	0	0	429344
48.86	0	0	429344
48.870000000000005	0	0	429344
48.88	0	0	429344
48.89	0	0	429344
48.9	0	0	429344
48.910000000000004	0	0	429344
48.92	0	0	429344
48.93	0	0	429344
48.94	0	0	429344
48.95	0	0	429344
48.96	0	0	429344
48.97	0	0	429344
48.980000000000004	0	0	429344
48.99	0	0	429344
49.0	0	0	429344
49.01	0	0	429344
49.02	0	0	429344
49.03	0	0	429344
49.04	0	0	429344
49.050000000000004	0	0	429344
49.06	0	0	429344
49.07	0	0	429344
49.08	0	0	429344
49.09	0	0	429344
49.1	0	0	429344
49.11	0	0	429344
49.120000000000005	0	0	429344
49.13	0	0	429344
49.14	0	0	429344
49.15	0	0	429344
49.160000000000004	0	0	429344
49.17	0	0	429344
49.18	0	0	429344
49.19	0	0	429344
49.2	0	0	429344
49.21	0	0	429344
49.22	0	0	429344
49.230000000000004	0	0	429344
49.24	0	0	429344
49.25	0	0	429344
49.26	0	0	429344
49.27	0	0	429344
49.28	0	0	429344
49.29	0	0	429344
49.300000000000004	0	0	429344
49.31	0	0	429344
49.32	0	0	429344
49.33	0	0	429344
49.34	0	0	429344
49.35	0	0	429344
49.36	0	0	429344
49.370000000000005	0	0	429344
49.38	0	0	429344
49.39	0	0	429344
49.4	0	0	429344
49.410000000000004	0	0	429344
49.42	0	0	429344
49.43	0	0	429344
49.44	0	0	429344
49.45	0	0	429344
49.46	0	0	429344
49.47	0	0	429344
49.480000000000004	0	0	429344
49.49	0	0	429344
49.5	0	0	429344
49.51	0	0	429344
49.52	0	0	429344
49.53	0	0	429344
49.54	0	0	429344
49.550000000000004	0	0	429344
49.56	0	0	429344
49.57	0	0	429344
49.58	0	0	429344
49.59	0	0	429344
49.6	0	0	429344
49.61	0	0	429344
49.620000000000005	0	0	429344
49.63	0	0	429344
49.64	0	0	429344
49.65	0	0	429344
49.660000000000004	0	0	429344
49.67	0	0	429344
49.68	0	0	429344
49.69	0	0	429344
49.7	0	0	429344
49.71	0	0	429344
49.72	0	0	429344
49.730000000000004	0	0	429344
49.74	0	0	429344
49.75	0	0	429344
49.76	0	0	429344
49.77	0	0	429344
49.78	0	0	429344
49.79	0	0	429344
49.800000000000004	0	0	429344
49.81	0	0	429344
49.82	0	0	429344
49.83	0	0	429344
49.84	0	0	429344
49.85	0	0	429344
49.86	0	0	429344
49.870000000000005	0	0	429344
49.88	0	0	429344
49.89	0	0	429344
49.9	0	0	429344
49.910000000000004	0	0	429344
49.92	0	0	429344
49.93	0	0	429344
49.94	0	0	429344
49.95	0	0	429344
49.96	0	0	429344
49.97	0	0	429344
49.980000000000004	0	0	429344
49.99	0	0	429344
50.0	0	0	429344
50.01	0	0	429344
50.02	0	0	429344
50.03	0	0	429344
50.04	0	0	429344
50.050000000000004	0	0	429344
50.06	0	0	429344
50.07	0	0	429344
50.08	0	0	429344
50.09	0	0	429344
50.1	0	0	429344
50.11	0	0	429344
50.120000000000005	0	0	429344
50.13	0	0	429344
50.14	0	0	429344
50.15	0	0	429344
50.160000000000004	0	0	429344
50.17	0	0	429344
50.18	0	0	429344
50.19	0	0	429344
50.2	0	0	429344
50.21	0	0	429344
50.22	0	0	429344
50.230000000000004	0	0	429344
50.24	0	0	429344
50.25	0	0	429344
50.26	0	0	429344
50.27	0	0	429344
50.28	0	0	429344
50.29	0	0	429344
50.300000000000004	0	0	429344
50.31	0	0	429344
50.32	0	0	429344
50.33	0	0	429344
50.34	0	0	429344
50.35	0	0	429344
50.36	0	0	429344
50.370000000000005	0	0	429344
50.38	0	0	429344
50.39	0	0	429344
50.4	0	0	429344
50.410000000000004	0	0	429344
50.42	0	0	429344
50.43	0	0	429344
50.44	0	0	429344
50.45	0	0	429344
50.46	0	0	429344
50.47	0	0	429344
50.480000000000004	0	0	429344
50.49	0	0	429344
50.5	0	0	429344
50.51	0	0	429344
50.52	0	0	429344
50.53	0	0	429344
50.54	0	0	429344
50.550000000000004	0	0	429344
50.56	0	0	429344
50.57	0	0	429344
50.58	0	0	429344
50.59	0	0	429344
50.6	0	0	429344
50.61	0	0	429344
50.620000000000005	0	0	429344
50.63	0	0	429344
50.64	0	0	429344
50.65	0	0	429344
50.660000000000004	0	0	429344
50.67	0	0	429344
50.68	0	0	429344
50.69	0	0	429344
50.7	0	0	429344
50.71	0	0	429344
50.72	0	0	429344
50.730000000000004	0	0	429344
50.74	0	0	429344
50.75	0	0	429344
50.76	0	0	429344
50.77	0	0	429344
50.78	0	0	429344
50.79	0	0	429344
50.800000000000004	0	0	429344
50.81	0	0	429344
50.82	0	0	429344
50.83	0	0	429344
50.84	0	0	429344
50.85	0	0	429344
50.86	0	0	429344
50.870000000000005	0	0	429344
50.88	0	0	429344
50.89	0	0	429344
50.9	0	0	429344
50.910000000000004	0	0	429344
50.92	0	0	429344
50.93	0	0	429344
50.94	0	0	429344
50.95	0	0	429344
50.96	0	0	429344
50.97	0	0	429344
50.980000000000004	0	0	429344
50.99	0	0	429344
51.0	0	0	429344
51.01	0	0	429344
51.02	0	0	429344
51.03	0	0	429344
51.04	0	0	429344
51.050000000000004	0	0	429344
51.06	0	0	429344
51.07	0	0	429344
51.08	0	0	429344
51.09	0	0	429344
51.1	0	0	429344
51.11	0	0	429344
51.120000000000005	0	0	429344
51.13	0	0	429344
51.14	0	0	429344
51.15	0	0	429344
51.160000000000004	0	0	429344
51.17	0	0	429344
51.18	0	0	429344
51.19	0	0	429344
51.2	0	0	429344
51.21	0	0	429344
51.22	0	0	429344
51.230000000000004	0	0	429344
51.24	0	0	429344
51.25	0	0	429344
51.26	0	0	429344
51.27	0	0	429344
51.28	0	0	429344
51.29	0	0	429344
51.300000000000004	0	0	429344
51.31	0	0	429344
51.32	0	0	429344
51.33	0	0	429344
51.34	0	0	429344
51.35	0	0	429344
51.36	0	0	429344
51.370000000000005	0	0	429344
51.38	0	0	429344
51.39	0	0	429344
51.4	0	0	429344
51.410000000000004	0	0	429344
51.42	0	0	429344
51.43	0	0	429344
51.44	0	0	429344
51.45	0	0	429344
51.46	0	0	429344
51.47	0	0	429344
51.480000000000004	0	0	429344
51.49	0	0	429344
51.5	0	0	429344
51.51	0	0	429344
51.52	0	0	429344
51.53	0	0	429344
51.54	0	0	429344
51.550000000000004	0	0	429344
51.56	0	0	429344
51.57	0	0	429344
51.58	0	0	429344
51.59	0	0	429344
51.6	0	0	429344
51.61	0	0	429344
51.620000000000005	0	0	429344
51.63	0	0	429344
51.64	0	0	429344
51.65	0	0	429344
51.660000000000004	0	0	429344
51.67	0	0	429344
51.68	0	0	429344
51.69	0	0	429344
51.7	0	0	429344
51.71	0	0	429344
51.72	0	0	429344
51.730000000000004	0	0	429344
51.74	0	0	429344
51.75	0	0	429344
51.76	0	0	429344
51.77	0	0	429344
51.78	0	0	429344
51.79	0	0	429344
51.800000000000004	0	0	429344
51.81	0	0	429344
51.82	0	0	429344
51.83	0	0	429344
51.84	0	0	429344
51.85	0	0	429344
51.86	0	0	429344
51.870000000000005	0	0	429344
51.88	0	0	429344
51.89	0	0	429344
51.9	0	0	429344
51.910000000000004	0	0	429344
51.92	0	0	429344
51.93	0	0	429344
51.94	0	0	429344
51.95	0	0	429344
51.96	0	0	429344
51.97	0	0	429344
51.980000000000004	0	0	429344
51.99	0	0	429344
52.0	0	0	429344
