16000.0	0	0	4.1268316371749875E-10	8.742501975646457	6.168496070961604
16000.0	0	1	58.43930159263371	1.8275452513382047	10.802827819981935
16000.0	0	2	47.403081029134334	0.5198946036439966	14.676048564338968
16000.0	0	3	28.696285206583365	0.3183713911948498	16.114505005221325
16000.0	0	4	23.896839345415888	0.2783498456106668	16.324862542115987
16000.0	0	5	22.783984416892732	0.2522715965220246	16.24240214477818
16000.0	0	6	22.272720936464655	0.22174933187466397	16.202039585277312
16000.0	0	7	21.575970292565096	0.19387757079686002	16.294966575537703
16000.0	0	8	20.58561738944345	0.17549938464827564	16.533128494190453
16000.0	0	9	19.376449284119836	0.17033418490188476	16.891639381774183
16000.0	0	10	18.0648972705864	0.18125355242095653	17.324098182017735
16000.0	0	11	16.741730396465066	0.21211032261092722	17.77666760343268
16000.0	0	12	15.409451709910865	0.2680859031853914	18.203327316882543
16000.0	0	13	13.947531443162102	0.3538890406138998	18.580937814726845
16000.0	0	14	12.166532290911146	0.46822296851048995	18.918301953539437
16000.0	0	15	9.994068947361766	0.5938056594924177	19.247474481223172
16000.0	0	16	7.66626178034161	0.6909888931324816	19.59170668965744
16000.0	0	17	5.6267027454572425	0.71409044073162	19.931455757888166
16000.0	0	18	4.17431513633854	0.647435597381968	20.20158782682576
16000.0	0	19	3.3189862341215672	0.5189280918277643	20.317520044230346
16000.0	0	20	2.9286774368446946	0.3759711671151868	20.222725055598925
16000.0	0	21	2.880146935852092	0.2563166895618501	19.932754721915952
16000.0	0	22	3.107419366415455	0.17819386538164697	19.523246141184508
16000.0	0	23	3.617253377621182	0.1472136612712138	19.077648440603195
16000.0	0	24	4.558778779351122	0.16720425018593796	18.633310875914436
16000.0	0	25	6.5328610454084695	0.24272980881178938	18.12048672103045
16000.0	0	26	11.975587236746314	0.3705509348401541	17.2387040004696
16000.0	0	27	31.209752520061524	0.6044583845117949	15.28680854117537
16000.0	0	28	58.466494856333554	1.7853224015904334	11.47203447624909
16000.0	0	29	4.1268316371749875E-10	8.742501975646457	6.168496070961604

16000.0	1	0	59.132873499726934	1.7899875231555615	10.92592749122837
16000.0	1	1	56.04997015895542	0.6343916398853973	14.308112097443956
16000.0	1	2	31.76117200146242	0.34612594804510577	16.46372064906794
16000.0	1	3	22.759806110309093	0.27841914338196794	17.225200695722464
16000.0	1	4	20.12616784247486	0.2560604533444154	17.39171432536557
16000.0	1	5	19.257003192655027	0.23698137710063213	17.425804910534936
16000.0	1	6	18.67302827978553	0.21623623612458004	17.49054387551324
16000.0	1	7	17.96337858078863	0.19890000961235668	17.631922975974916
16000.0	1	8	17.066713665724855	0.18980317178459516	17.85302423273804
16000.0	1	9	16.047244964757603	0.19215101537104606	18.135454840124204
16000.0	1	10	15.003348886411496	0.2087106014417689	18.448568981760655
16000.0	1	11	14.002783371285991	0.24274120114478814	18.75816501276536
16000.0	1	12	13.035235325765939	0.2979057992250384	19.037111769746414
16000.0	1	13	11.997566524312267	0.3766532907395338	19.276892114772075
16000.0	1	14	10.739554028789627	0.4762095080799257	19.49446167975608
16000.0	1	15	9.186958907319376	0.5823283509289793	19.72550239367992
16000.0	1	16	7.466535939395585	0.6663045319233258	20.00023824900698
16000.0	1	17	5.866555679119611	0.6958424158358677	20.31468734176864
16000.0	1	18	4.632662011223199	0.6573691466344099	20.622360866796704
16000.0	1	19	3.8403455953128227	0.566322659392929	20.855867230358974
16000.0	1	20	3.4430879912343495	0.4545819210139596	20.962474660815268
16000.0	1	21	3.367253059272703	0.3515383687283891	20.927784244494397
16000.0	1	22	3.56494101550485	0.27515424208695644	20.771937866843416
16000.0	1	23	4.0404455488498225	0.23415236194844674	20.526307565776808
16000.0	1	24	4.901793343608034	0.23372288156174023	20.205419274294076
16000.0	1	25	6.535908192537501	0.27540582040885175	19.777207729909396
16000.0	1	26	10.262455790035803	0.34599502985517905	19.112470207083774
16000.0	1	27	20.93380583419949	0.42537455115077777	17.872396762431094
16000.0	1	28	52.658526271563424	0.6483152448371742	15.365094894969051
16000.0	1	29	59.132873499726934	1.7899875231555615	10.92592749122837

16000.0	2	0	47.539465240836876	0.5012962680343571	14.941935763389322
16000.0	2	1	31.653359846687607	0.3416331773664258	16.526170315542327
16000.0	2	2	22.19103454149879	0.2774787426092795	17.477595900848783
16000.0	2	3	18.05572783450146	0.2495920022580803	17.892787938686475
16000.0	2	4	16.224728032046304	0.23348944573690011	18.079345371202823
16000.0	2	5	15.195773650573335	0.22046925585022856	18.210450772772173
16000.0	2	6	14.417774754213427	0.2095533995502653	18.35709538914832
16000.0	2	7	13.705997767538415	0.20298386581807037	18.543144213864867
16000.0	2	8	13.011091019850369	0.20342504334508188	18.768430062783214
16000.0	2	9	12.342173773245024	0.213326220621311	19.01791330047098
16000.0	2	10	11.726639413325598	0.23513138957812132	19.268122378863374
16000.0	2	11	11.17542602342221	0.2713990542430731	19.494409726881667
16000.0	2	12	10.655006335435884	0.32440823394535007	19.67985530571616
16000.0	2	13	10.07766246605036	0.39489884034005895	19.824159339081785
16000.0	2	14	9.328401450323831	0.4795375072111815	19.94776727659096
16000.0	2	15	8.338176687580585	0.5674964334414909	20.085564248513833
16000.0	2	16	7.1631418771006	0.6393257548421273	20.268950330470254
16000.0	2	17	5.9804282530950825	0.6733040300531065	20.50481955883729
16000.0	2	18	4.9807261550787985	0.6580352510908147	20.766859370467657
16000.0	2	19	4.269523783493364	0.5998786338032028	21.00714574585293
16000.0	2	20	3.861406000930888	0.5180372301645225	21.179046696507125
16000.0	2	21	3.729542179960153	0.4337746125465174	21.25452636594492
16000.0	2	22	3.8515023903485885	0.3633234917060706	21.226227406591462
16000.0	2	23	4.24096825701856	0.31716106146206124	21.096511513347174
16000.0	2	24	4.987533579301907	0.3019485145867671	20.861004114863924
16000.0	2	25	6.348647328997874	0.3187201256676895	20.493354145983695
16000.0	2	26	9.006608183509403	0.35328397489225827	19.9315643810976
16000.0	2	27	14.807113902557514	0.373863665550072	19.04352150895663
16000.0	2	28	27.932776930847226	0.38417181573593573	17.52069967740986
16000.0	2	29	47.539465240836876	0.5012962680343571	14.941935763389322

16000.0	3	0	29.088214056232648	0.33178705706238576	16.382943468169646
16000.0	3	1	22.91511932036461	0.288167117349174	17.26829179112954
16000.0	3	2	18.253251982595188	0.25395815998375704	17.86275808973679
16000.0	3	3	15.410012675684602	0.22683095757980176	18.230226411321254
16000.0	3	4	13.625924148850192	0.20814115900355776	18.484660285778652
16000.0	3	5	12.390647812410577	0.1973810134009387	18.6982502197642
16000.0	3	6	11.45942262581164	0.19335079963271487	18.90921288795953
16000.0	3	7	10.717899748648284	0.19564138505220252	19.13385669469529
16000.0	3	8	10.114118159608708	0.20481214734674147	19.372149741600058
16000.0	3	9	9.628240559246992	0.2221225130746399	19.611840480130347
16000.0	3	10	9.251736557465675	0.24920525660407164	19.833692187109033
16000.0	3	11	8.967695170772219	0.28768403274682985	20.018347435720198
16000.0	3	12	8.733863357943592	0.3386268799084345	20.154260584603733
16000.0	3	13	8.475820217638525	0.40165809186063134	20.244594151229258
16000.0	3	14	8.101903002062766	0.4735353911347945	20.309452225841476
16000.0	3	15	7.545911291969219	0.5464644965675022	20.380220371427264
16000.0	3	16	6.817472483401762	0.6077527860160937	20.486307493126823
16000.0	3	17	6.013162466429737	0.6431983958392639	20.640124460775993
16000.0	3	18	5.266826418269608	0.6438163716400278	20.829477650289835
16000.0	3	19	4.683756508491283	0.6108328485334569	21.022687248506738
16000.0	3	20	4.314698563705753	0.5546502430767242	21.182342591087792
16000.0	3	21	4.1725752605173385	0.48951702550222315	21.277836598397773
16000.0	3	22	4.263680782961084	0.42872910796549596	21.289485112378532
16000.0	3	23	4.618116867198879	0.3828637044298745	21.203479841168832
16000.0	3	24	5.3255506076293235	0.35961862795773253	21.00162041429333
16000.0	3	25	6.596498870384154	0.3611878916451157	20.65218450021851
16000.0	3	26	8.88258213535444	0.3764464299974074	20.107733999402605
16000.0	3	27	13.074155493218667	0.3778785454836533	19.302030594513933
16000.0	3	28	20.365562429482882	0.3506655034276609	18.111609072185846
16000.0	3	29	29.088214056232648	0.33178705706238576	16.382943468169646

16000.0	4	0	24.692109986925526	0.3721731215512236	16.532407606319055
16000.0	4	1	20.726780815974053	0.3108116152703441	17.36334725442334
16000.0	4	2	16.85739861897707	0.2573137609782478	17.962205727122015
16000.0	4	3	14.058089187700716	0.21521474359511805	18.387581592834483
16000.0	4	4	12.105158561157035	0.1883205752531879	18.714890609203696
16000.0	4	5	10.702188669533255	0.17559880807554415	18.9928169213556
16000.0	4	6	9.662558373644622	0.173902042115525	19.25080389080389
16000.0	4	7	8.879726072370424	0.18082608268083158	19.503762741383877
16000.0	4	8	8.293626730348082	0.1954228600736805	19.753474598440736
16000.0	4	9	7.8702283148445416	0.21784508624294585	19.990863478495562
16000.0	4	10	7.586510227431164	0.24875583741632848	20.200525499749485
16000.0	4	11	7.416772190530101	0.28875555936036135	20.367103166902666
16000.0	4	12	7.320814007027851	0.3378475381583197	20.48218054575391
16000.0	4	13	7.238367050550056	0.39487229837967674	20.549601466441832
16000.0	4	14	7.096733803765907	0.45680517870213844	20.58667967830794
16000.0	4	15	6.83545251214076	0.5180248053684335	20.619610251018408
16000.0	4	16	6.43834665529186	0.5702712521857787	20.673877582651883
16000.0	4	17	5.948616208491886	0.6043791319349664	20.76358244101581
16000.0	4	18	5.450213443279946	0.6137524425297932	20.885175956831468
16000.0	4	19	5.029887803345558	0.5974659862057623	21.0189732893281
16000.0	4	20	4.750833682804155	0.5606688508519097	21.136792131976744
16000.0	4	21	4.651740173895642	0.5123579097920873	21.21029531549588
16000.0	4	22	4.763551186277482	0.4626268590692579	21.215053825880027
16000.0	4	23	5.134085682309489	0.4210636983163032	21.128616535321402
16000.0	4	24	5.8607513857954245	0.3958735444337104	20.9243610683306
16000.0	4	25	7.1415845845245425	0.391247916545548	20.565762955302578
16000.0	4	26	9.355082063292008	0.4010453296569656	20.006465827784623
16000.0	4	27	13.117119402516177	0.40536526536335554	19.19308386244331
16000.0	4	28	18.880520285507714	0.3891586307415743	18.052715269375533
16000.0	4	29	24.692109986925526	0.3721731215512236	16.532407606319055

16000.0	5	0	23.876337161297197	0.49138412533529063	16.339232342494775
16000.0	5	1	20.44586173946378	0.3733825935774422	17.279457935118895
16000.0	5	2	16.449961823067717	0.2814776740162723	17.956816283303464
16000.0	5	3	13.438672739612363	0.21716111316471692	18.447428646717057
16000.0	5	4	11.310992113960767	0.17915504849858674	18.830590465726058
16000.0	5	5	9.782752644127772	0.16178710076984942	19.152167403878632
16000.0	5	6	8.662857312880691	0.15892664378813576	19.439812802175773
16000.0	5	7	7.837120046264649	0.16651537480253972	19.7091842770406
16000.0	5	8	7.23647375585898	0.18262822783086635	19.964629700816886
16000.0	5	9	6.817852676472682	0.20666775092583312	20.200571276270036
16000.0	5	10	6.551256440686393	0.2385491490106955	20.405401461805642
16000.0	5	11	6.408814302401988	0.2780645333857682	20.56716276481972
16000.0	5	12	6.3555963114819445	0.3244259583875579	20.679366818000034
16000.0	5	13	6.344638908171453	0.3759418572589731	20.745105118857758
16000.0	5	14	6.320175857652916	0.4297463769007786	20.77779482485171
16000.0	5	15	6.231431234728569	0.4815783816430783	20.797768525015336
16000.0	5	16	6.05252208825833	0.5258849065759433	20.825538841998902
16000.0	5	17	5.796013898578332	0.5567238517943022	20.87430059129675
16000.0	5	18	5.508994601266778	0.5695300478925083	20.94495765801448
16000.0	5	19	5.254296648720253	0.5629072942384964	21.025799411518534
16000.0	5	20	5.09161931743962	0.5393029589967662	21.096295077239414
16000.0	5	21	5.0707680274258	0.5042885053862363	21.132177197443955
16000.0	5	22	5.238759589702614	0.4652581533210044	21.10863711997676
16000.0	5	23	5.657551326654944	0.4304640043640159	20.999918282721957
16000.0	5	24	6.432462542731301	0.408282464595905	20.77587387093129
16000.0	5	25	7.757814638741035	0.40517862422375117	20.39841651877238
16000.0	5	26	9.984104028264504	0.4207841677996021	19.821351699745748
16000.0	5	27	13.640534455269044	0.44385351932113715	18.99108319088954
16000.0	5	28	18.973820377461884	0.46316091788816377	17.839904974313534
16000.0	5	29	23.876337161297197	0.49138412533529063	16.339232342494775

16000.0	6	0	23.23027152209667	0.6815479013196238	16.146352174222994
16000.0	6	1	20.4440218178021	0.4708073582188699	17.183057275927855
16000.0	6	2	16.404833286587486	0.32340083470810915	17.918164294030145
16000.0	6	3	13.261382515598909	0.23110725330354256	18.449147973154254
16000.0	6	4	11.019008435307653	0.18020969443052984	18.864913379311776
16000.0	6	5	9.402219958032894	0.15688391200742496	19.210953079869284
16000.0	6	6	8.218659634002183	0.1509869923962253	19.513662155242173
16000.0	6	7	7.349494124963469	0.1567470451135222	19.789344515138932
16000.0	6	8	6.719177777112002	0.1714606105771754	20.044736326116023
16000.0	6	9	6.27827942228379	0.19402891012711448	20.277655237487224
16000.0	6	10	5.992316566839317	0.22389961213585532	20.48014797469405
16000.0	6	11	5.832592544233202	0.26038786118209756	20.64329795677143
16000.0	6	12	5.768674590861425	0.3022806516533465	20.761990366175592
16000.0	6	13	5.763962703145111	0.347655485947656	20.83810361494303
16000.0	6	14	5.776541866578598	0.3938355721289002	20.881085172239814
16000.0	6	15	5.766611631356268	0.4374257553420208	20.90560178103598
16000.0	6	16	5.708406727910337	0.4744973735297633	20.92695581635958
16000.0	6	17	5.600325935224707	0.501107000340245	20.955902945731594
16000.0	6	18	5.46660332253739	0.5142053455308737	20.994843844397522
16000.0	6	19	5.349609922313351	0.5126223896080792	21.036732579387515
16000.0	6	20	5.298967702273263	0.49761674977642434	21.066651868828732
16000.0	6	21	5.365328793298707	0.4727752023900689	21.064655283586482
16000.0	6	22	5.6029891204334525	0.4435696376608399	21.007965208073024
16000.0	6	23	6.0821185333226016	0.4170443525487152	20.871151115494445
16000.0	6	24	6.912073412071615	0.401625958573213	20.624282890214193
16000.0	6	25	8.281135807126901	0.40610908067670104	20.23071097254588
16000.0	6	26	10.515010376767556	0.4364415513859165	19.646027802764266
16000.0	6	27	14.084309028375703	0.4918038568864538	18.81448474016216
16000.0	6	28	19.107314587762808	0.5696034662651981	17.6594271987823
16000.0	6	29	23.23027152209667	0.6815479013196238	16.146352174222994

16000.0	7	0	21.47731098407332	0.9592644763258794	16.080683152614746
16000.0	7	1	20.027544403085844	0.6050799583076373	17.135980372346854
16000.0	7	2	16.421516745173186	0.3807053104913155	17.875199209652827
16000.0	7	3	13.364323159877264	0.25428574218908645	18.41103031161973
16000.0	7	4	11.099568637373501	0.18905837581331242	18.835409935753802
16000.0	7	5	9.43193534407103	0.15912145551578538	19.189619036989637
16000.0	7	6	8.19720253555896	0.14931458372567943	19.496489384826113
16000.0	7	7	7.28361857563775	0.15196451375036832	19.77143477834204
16000.0	7	8	6.614357044189344	0.16358821248380984	20.022565902055756
16000.0	7	9	6.136370888433371	0.1826615656631864	20.25048374741935
16000.0	7	10	5.812131817409675	0.20832414553048242	20.450512623799778
16000.0	7	11	5.61219760821782	0.23966314554012125	20.61650475088217
16000.0	7	12	5.508984562404897	0.2753503314042351	20.744584035881804
16000.0	7	13	5.472911557367134	0.31352061796186004	20.835589958423114
16000.0	7	14	5.472149993016125	0.3518122704838485	20.8955817510189
16000.0	7	15	5.476556295697707	0.3875001552066243	20.934329886400203
16000.0	7	16	5.464662676386678	0.41770796169317087	20.962306582912614
16000.0	7	17	5.4305153124003125	0.4397509703720986	20.987189886112166
16000.0	7	18	5.38663166323612	0.451633419777576	21.01106487299773
16000.0	7	19	5.361705634206149	0.4525858616205706	21.029178708495373
16000.0	7	20	5.395411659427576	0.44343422835765345	21.030379687817668
16000.0	7	21	5.5346819872818465	0.42670404924487365	20.99858341373475
16000.0	7	22	5.835111725442806	0.4066156628051712	20.91414620376256
16000.0	7	23	6.369568866575221	0.3892640753793293	20.754143586399735
16000.0	7	24	7.246053875036653	0.38308216939556644	20.491363312408577
16000.0	7	25	8.638820946146891	0.39913374195474816	20.092899854708442
16000.0	7	26	10.832164947530096	0.4502694489659423	19.51835134776541
16000.0	7	27	14.201256549044265	0.5493256249790565	18.711705643718368
16000.0	7	28	18.656126866864795	0.7116078246142045	17.58417407423677
16000.0	7	29	21.47731098407332	0.9592644763258794	16.080683152614746

16000.0	8	0	18.29469072509214	1.3125915217265098	16.21546936948186
16000.0	8	1	18.853591929775153	0.7684403321822172	17.17030646583154
16000.0	8	2	16.312050008852978	0.4491459823547173	17.84146471935511
16000.0	8	3	13.638773924746706	0.28429050343536916	18.34141111387794
16000.0	8	4	11.47318156636922	0.20382123019369902	18.750370976114272
16000.0	8	5	9.802125663311175	0.16681386974897333	19.098218612493348
16000.0	8	6	8.532034038429458	0.1525736160212707	19.40061288540146
16000.0	8	7	7.575246777024206	0.15145118105143737	19.669877987596816
16000.0	8	8	6.861009157300518	0.15914344186802185	19.91401028575131
16000.0	8	9	6.336192148711532	0.17368377627763323	20.13538272967609
16000.0	8	10	5.961902374051991	0.19394519046781078	20.33192852357742
16000.0	8	11	5.708268349261202	0.2189017061357122	20.499887213772805
16000.0	8	12	5.54945784780173	0.24728329118860434	20.636582873017154
16000.0	8	13	5.460409455326961	0.2774673725990385	20.74222195212399
16000.0	8	14	5.416153792639976	0.3075235020492585	20.820317883456983
16000.0	8	15	5.393916038229618	0.3353490262924729	20.876778128592527
16000.0	8	16	5.377249440209681	0.35886066374995745	20.918008466201414
16000.0	8	17	5.360456364598871	0.37624079734679255	20.9486423966778
16000.0	8	18	5.3512681751955	0.38623735529898007	20.969596599724596
16000.0	8	19	5.370785035805485	0.3884700352054788	20.97699803974237
16000.0	8	20	5.451561928707996	0.38366433125979305	20.962150263651264
16000.0	8	21	5.63616163735534	0.373796114187923	20.912238259718343
16000.0	8	22	5.978640857103194	0.36227875448631824	20.81110346382905
16000.0	8	23	6.550683507783059	0.3544588727016562	20.639397477556976
16000.0	8	24	7.453491177034037	0.3586831360064606	20.37398820505766
16000.0	8	25	8.836312206522758	0.38800159588606065	19.98725891935369
16000.0	8	26	10.914502207340282	0.4623116598169762	19.445372845857595
16000.0	8	27	13.900441257250403	0.6111186405643287	18.697053148578092
16000.0	8	28	17.37176015264587	0.8785387572391667	17.646949313394114
16000.0	8	29	18.29469072509214	1.3125915217265098	16.21546936948186

16000.0	9	0	14.252901080140125	1.6636563706811336	16.58656923282958
16000.0	9	1	16.910767192347304	0.9355683118359487	17.30188991885385
16000.0	9	2	15.963293044809292	0.5226420615485127	17.82437941569279
16000.0	9	3	13.995888273167862	0.32003990178320635	18.245478985764763
16000.0	9	4	12.079149967795841	0.2241208358441802	18.614319335277305
16000.0	9	5	10.470638576766252	0.17942521545534518	18.940884716164014
16000.0	9	6	9.192501786119385	0.16013502608255475	19.229963789450963
16000.0	9	7	8.201053194276245	0.1547398403920444	19.48865925085533
16000.0	9	8	7.440778220416004	0.15808582068695828	19.723306731403156
16000.0	9	9	6.863091810207359	0.16770900471203468	19.936841874121985
16000.0	9	10	6.430179155315203	0.18218958852103173	20.12887692499009
16000.0	9	11	6.11281276808247	0.2004035830215886	20.29742058186595
16000.0	9	12	5.886799110990996	0.22118821951629442	20.44078986272209
16000.0	9	13	5.730349597469482	0.24322530148181715	20.558853614624514
16000.0	9	14	5.623307778085758	0.26505516799176504	20.653349463192598
16000.0	9	15	5.5483089281592735	0.28517021055756414	20.72735098717567
16000.0	9	16	5.493307144880663	0.3021564594891452	20.784126804253646
16000.0	9	17	5.454435505018	0.31486822655965174	20.825744990534876
16000.0	9	18	5.438087596420546	0.3226229519091578	20.851826080953604
16000.0	9	19	5.461642189991482	0.3253886306845485	20.858778988914562
16000.0	9	20	5.553230831709907	0.32393301163907334	20.839652126616908
16000.0	9	21	5.75179305549618	0.3199541660081438	20.784439705513716
16000.0	9	22	6.108802111427634	0.316330487020404	20.680413280325624
16000.0	9	23	6.692253965915113	0.31778533142984805	20.512044493795912
16000.0	9	24	7.591795814916605	0.3324126102663322	20.26065335027441
16000.0	9	25	8.920593003840462	0.3746469882357058	19.904664666460857
16000.0	9	26	10.79681020296163	0.4704638913688855	19.41936256465673
16000.0	9	27	13.208372099200613	0.6659113787232032	18.76545302932356
16000.0	9	28	15.34860518612567	1.037652913771975	17.854069347565027
16000.0	9	29	14.252901080140125	1.6636563706811336	16.58656923282958

16000.0	10	0	10.372731747410283	1.899042616281081	17.171748003871944
16000.0	10	1	14.501671543628621	1.0736997494693823	17.52873062595862
16000.0	10	2	15.33159743446346	0.5964358337623498	17.829525654934134
16000.0	10	3	14.345507851621859	0.36261410199603183	18.130302982286715
16000.0	10	4	12.850098550761679	0.2513265031332157	18.433063511633552
16000.0	10	5	11.39759201223745	0.19777918024243443	18.7210387094591
16000.0	10	6	10.160001198455435	0.17241854288491096	18.98544618310118
16000.0	10	7	9.157316337367646	0.16210749015648618	19.226619278299687
16000.0	10	8	8.359758165290566	0.160787967076885	19.44793196563021
16000.0	10	9	7.7291848848854015	0.16540974464737684	19.651668056017304
16000.0	10	10	7.232405184125811	0.17419468465794305	19.838031946586458
16000.0	10	11	6.842950093909711	0.18588100248504047	20.005952307003763
16000.0	10	12	6.5392678558777595	0.19938793751591696	20.15426725583219
16000.0	10	13	6.302852339532475	0.2136787385747937	20.28252235182393
16000.0	10	14	6.117578831306324	0.22773140095440392	20.391179296326726
16000.0	10	15	5.970394170713259	0.24057551306509778	20.48131181401072
16000.0	10	16	5.852943943368811	0.2513734297933179	20.553955027821953
16000.0	10	17	5.763480209176899	0.2595324165553856	20.60931284491044
16000.0	10	18	5.708434558795662	0.2648330298458018	20.64604621169808
16000.0	10	19	5.703379262868146	0.2675518659300745	20.660826544836052
16000.0	10	20	5.773631205700964	0.26856198474257553	20.64821438880917
16000.0	10	21	5.955168607542517	0.2694398132047787	20.600726234791402
16000.0	10	22	6.29636734812435	0.2727166561752261	20.5087803221788
16000.0	10	23	6.859745509569436	0.28259768864209917	20.36033100367455
16000.0	10	24	7.719583690011432	0.30674438067723053	20.140755108237947
16000.0	10	25	8.94440505974087	0.3601269271738022	19.83450880203
16000.0	10	26	10.536808432072245	0.4725785154860179	19.427914926980016
16000.0	10	27	12.240417698822933	0.7019583636466203	18.900751787185985
16000.0	10	28	12.965053026890018	1.147781863259087	18.185322136812225
16000.0	10	29	10.372731747410283	1.899042616281081	17.171748003871944

16000.0	11	0	7.333457421800922	1.953420483631169	17.893592900768002
16000.0	11	1	12.037054691480378	1.161579240069594	17.833894143951728
16000.0	11	2	14.42127034651874	0.6697630666459083	17.86418982906693
16000.0	11	3	14.580049202555186	0.4153226697751879	18.008407548874736
16000.0	11	4	13.688976008941767	0.28842034029338687	18.217672191872623
16000.0	11	5	12.52030678776263	0.2240277440027041	18.446130285678315
16000.0	11	6	11.40387808730053	0.19098107397476405	18.670491319181828
16000.0	11	7	10.438290564407303	0.17477642003247873	18.883601305400187
16000.0	11	8	9.630023784893623	0.16833000216870403	19.084954470106467
16000.0	11	9	8.958284119297758	0.16786210144599883	19.275087240103133
16000.0	11	10	8.399254037706784	0.17113414964785045	19.45367739633468
16000.0	11	11	7.932566902356594	0.17667918863341345	19.619599051373193
16000.0	11	12	7.541539296215862	0.18344750882704391	19.771533744013936
16000.0	11	13	7.212192473599851	0.1906333317720185	19.908437889262068
16000.0	11	14	6.932862810780231	0.19759144089877664	20.029677083399278
16000.0	11	15	6.694713928920055	0.20381071618751503	20.134870840971097
16000.0	11	16	6.492872630956277	0.20893321423642658	20.223556385147084
16000.0	11	17	6.327772905169916	0.21281159006115835	20.29479357776515
16000.0	11	18	6.206391008225346	0.21559225187894832	20.346829608585853
16000.0	11	19	6.14329511066166	0.21780452445962106	20.37689984213376
16000.0	11	20	6.1617148069254934	0.22044087474736107	20.381138231089807
16000.0	11	21	6.294930420289156	0.22505117198679067	20.3544244957535
16000.0	11	22	6.587733912783942	0.2339736369837732	20.289925345931707
16000.0	11	23	7.095676533916299	0.2510241770493646	20.178398716189445
16000.0	11	24	7.874770482142798	0.28331707979744375	20.00838339544055
16000.0	11	25	8.944216276482527	0.34546897541382604	19.769672754535055
16000.0	11	26	10.188610726862892	0.4682374273768906	19.46026633789544
16000.0	11	27	11.142765620084164	0.7133348048631052	19.083169986553916
16000.0	11	28	10.647100050515721	1.184198878371763	18.60068277164568
16000.0	11	29	7.333457421800922	1.953420483631169	17.893592900768002

16000.0	12	0	5.235832057122469	1.8412414673954702	18.65317333568318
16000.0	12	1	9.817923099504027	1.19635739934679	18.19442458527885
16000.0	12	2	13.261953137250774	0.7444083231910278	17.939393995439627
16000.0	12	3	14.573318886216093	0.4823251822762703	17.89914329040072
16000.0	12	4	14.454031260461278	0.3394034478717688	17.98661011721866
16000.0	12	5	13.729017753794162	0.26148019829783603	18.13084009978857
16000.0	12	6	12.853945598444954	0.21854609519982343	18.295291792007614
16000.0	12	7	12.009339104777276	0.19506027545912302	18.465539243942356
16000.0	12	8	11.245432491882745	0.1827324271277201	18.63671258636952
16000.0	12	9	10.565208652666024	0.1768450024023307	18.806679915692186
16000.0	12	10	9.959525103183056	0.17455551088831014	18.973531134684045
16000.0	12	11	9.418501075995486	0.17411350247571494	19.13511418881636
16000.0	12	12	8.933782495605884	0.17446476871111186	19.28920857648578
16000.0	12	13	8.498458745364983	0.17501237686630067	19.433742409102933
16000.0	12	14	8.107054260727187	0.17545193210221957	19.566895383576234
16000.0	12	15	7.7560485314008725	0.17566497670761166	19.6870765326345
16000.0	12	16	7.444746200911337	0.17567396087012913	19.792812063137653
16000.0	12	17	7.176279456132947	0.17565698424501316	19.882608332837798
16000.0	12	18	6.9586594147288	0.17600815494215472	19.954852219777205
16000.0	12	19	6.805944154948454	0.177421175211281	20.007751075291726
16000.0	12	20	6.739673372633952	0.1809773779043574	20.039200818952544
16000.0	12	21	6.790531387540854	0.18824840641709145	20.046352124846205
16000.0	12	22	6.999257647086383	0.20150732919601055	20.024683040174317
16000.0	12	23	7.413093103578253	0.22433415858930703	19.966931886057043
16000.0	12	24	8.067597289878366	0.26327950325951577	19.863647110237835
16000.0	12	25	8.931887101985406	0.33187292548983677	19.708713395226198
16000.0	12	26	9.786030997344001	0.4589211966338258	19.510874393922727
16000.0	12	27	10.033234773988596	0.701613044785035	19.296009209736173
16000.0	12	28	8.659964406288722	1.1487630830901698	19.05510329158131
16000.0	12	29	5.235832057122469	1.8412414673954702	18.65317333568318

16000.0	13	0	3.879271968664504	1.6205605907665754	19.363501070829034
16000.0	13	1	7.975578470076216	1.1855181361888227	18.58801298812153
16000.0	13	2	11.910923709882793	0.8195310236289319	18.067939328974287
16000.0	13	3	14.210368245341002	0.5655670569190417	17.826858579056154
16000.0	13	4	14.96722253758739	0.4078469042100525	17.76547402527941
16000.0	13	5	14.853580687453398	0.31399602323607995	17.79818102260544
16000.0	13	6	14.374004964435628	0.2588009013431236	17.87890172147989
16000.0	13	7	13.774577213475784	0.22636968777990468	17.987298568523016
16000.0	13	8	13.14851043575899	0.20708240931208205	18.114263603516083
16000.0	13	9	12.52489010499423	0.19504157984937012	18.2543452283126
16000.0	13	10	11.91265406938297	0.18663004071845812	18.40307614531537
16000.0	13	11	11.316459602404157	0.17975556444257956	18.556360760755087
16000.0	13	12	10.740457256337653	0.17339167779287212	18.71037460710027
16000.0	13	13	10.188675729482025	0.1672139397397572	18.861544462835667
16000.0	13	14	9.665199827935472	0.16128974376773786	19.006611995783466
16000.0	13	15	9.174625142584325	0.15585521263131183	19.142760028996303
16000.0	13	16	8.722626763081568	0.1512078538552071	19.267717925107767
16000.0	13	17	8.316646700063062	0.147706091317948	19.379817076797412
16000.0	13	18	7.966870955124	0.14584223697263923	19.47801621245513
16000.0	13	19	7.68765480409043	0.1463528868686378	19.561856860706047
16000.0	13	20	7.49939276233099	0.15034110756872038	19.63117277505452
16000.0	13	21	7.4303646135617285	0.15940797451891833	19.68527416194746
16000.0	13	22	7.516811298870711	0.17585301950590906	19.721477306464454
16000.0	13	23	7.796275486320827	0.20316652480205663	19.73363880868289
16000.0	13	24	8.282092611944286	0.24738783936284503	19.71309338856813
16000.0	13	25	8.895865112715333	0.3204522689310453	19.656237557832917
16000.0	13	26	9.338918865081379	0.4469198795167621	19.58024944890905
16000.0	13	27	8.976866984765401	0.6728566088792285	19.529097907055796
16000.0	13	28	7.078776408412387	1.0607581836554947	19.51126849036469
16000.0	13	29	3.879271968664504	1.6205605907665754	19.363501070829034

16000.0	14	0	3.027383970087145	1.350988056450808	19.9624216855101
16000.0	14	1	6.528327311954078	1.1363075885364937	18.993169030887298
16000.0	14	2	10.471813598875121	0.8864168407714504	18.258591110717198
16000.0	14	3	13.45003365368577	0.6602944999128406	17.81626538091
16000.0	14	4	15.065260674783001	0.49387128679935044	17.58498424208074
16000.0	14	5	15.6839030471213	0.38419255759623916	17.479522802897968
16000.0	14	6	15.754553156258865	0.31538984214720417	17.450425232504365
16000.0	14	7	15.549784287559895	0.27267985057115673	17.474354911916766
16000.0	14	8	15.19203272028735	0.24528161685793998	17.539250294768962
16000.0	14	9	14.729682775087294	0.22594161791527423	17.636395238071565
16000.0	14	10	14.186245199408386	0.21013581632371436	17.75805295060645
16000.0	14	11	13.580686590543117	0.19547702752423743	17.897271153004915
16000.0	14	12	12.93238819370027	0.18116481149077132	18.04788676817645
16000.0	14	13	12.26105086267824	0.16736797819704669	18.204344110566367
16000.0	14	14	11.585923155405954	0.15464274926653426	18.361642151419176
16000.0	14	15	10.925167358502721	0.1435496956319561	18.51557169712736
16000.0	14	16	10.295405873661787	0.13451952610111298	18.663061503834456
16000.0	14	17	9.711787703370646	0.12790207097742554	18.80242314342813
16000.0	14	18	9.188966955018438	0.12410672028357775	18.93342462562418
16000.0	14	19	8.743050921415499	0.12377246697264004	19.057131830040696
16000.0	14	20	8.394110378740747	0.12793980678219097	19.175321242741656
16000.0	14	21	8.168175294251403	0.1382186693189956	19.28917967693806
16000.0	14	22	8.0962095953263	0.1569818020536415	19.397259374392608
16000.0	14	23	8.204209983283832	0.18772788679402655	19.493654616843976
16000.0	14	24	8.481693879604865	0.23603490121516976	19.569360544096348
16000.0	14	25	8.808360294514618	0.3119027466015977	19.62169803770388
16000.0	14	26	8.8409462618621	0.43406201908027225	19.67312711594788
16000.0	14	27	7.996754684955553	0.6335102950642414	19.777626522431834
16000.0	14	28	5.867814185942431	0.9428681207046661	19.943120407820054
16000.0	14	29	3.027383970087145	1.350988056450808	19.9624216855101

16000.0	15	0	2.5060106272498603	1.0757030994548695	20.40867027291881
16000.0	15	1	5.449226107744536	1.052229644664359	19.3877711068088
16000.0	15	2	9.091745245683784	0.9279432996043471	18.51161409774882
16000.0	15	3	12.383088573003482	0.7510831882288882	17.888302784914018
16000.0	15	4	14.691409337780653	0.5893831556770229	17.479800716489045
16000.0	15	5	16.049616194739993	0.46949986587477677	17.216526174743247
16000.0	15	6	16.761355330579633	0.3890109557853909	17.053189871207877
16000.0	15	7	17.075705076258917	0.3364887829985692	16.96801732213101
16000.0	15	8	17.121173830664322	0.3006371878277492	16.949186867375186
16000.0	15	9	16.949421190608707	0.27285972289720895	16.986499002012156
16000.0	15	10	16.583951636950335	0.24775338198881908	17.069264072412423
16000.0	15	11	16.04715628811903	0.22295927940066224	17.18697523818066
16000.0	15	12	15.369557622945564	0.19843908621289383	17.33011558952014
16000.0	15	13	14.58963203603405	0.1753173090243432	17.490322545762314
16000.0	15	14	13.749590245707296	0.1548249729568417	17.660359139575814
16000.0	15	15	12.890192492792142	0.1377647228578787	17.834382517114236
16000.0	15	16	12.046768635739106	0.1244764060510462	18.008438508968034
16000.0	15	17	11.24769526248165	0.11505696771526355	18.180835030191112
16000.0	15	18	10.515489152529046	0.10963452838913983	18.35217746946548
16000.0	15	19	9.86977754640743	0.10861646815410353	18.524966181863824
16000.0	15	20	9.330836059390451	0.11290424267323794	18.702588101075442
16000.0	15	21	8.921830874829386	0.12408383317212565	18.88748796094604
16000.0	15	22	8.666644364715603	0.14460044720960444	19.07863471477619
16000.0	15	23	8.577101883348949	0.17797651194910058	19.269514626815248
16000.0	15	24	8.617876970636143	0.22929563750916526	19.449975613898875
16000.0	15	25	8.636123429866275	0.3063258428354088	19.61703189619202
16000.0	15	26	8.283356260160872	0.42100776462147443	19.794976006542853
16000.0	15	27	7.098318020626252	0.5879798564486068	20.03778626400497
16000.0	15	28	4.959167414687305	0.8130116791876789	20.331656103538876
16000.0	15	29	2.5060106272498603	1.0757030994548695	20.40867027291881

16000.0	16	0	2.208512040499206	0.8209767451589582	20.673678633325995
16000.0	16	1	4.700420114177641	0.936760945940446	19.753025161859025
16000.0	16	2	7.917525138333773	0.9256560006684884	18.822086891854326
16000.0	16	3	11.220028291612683	0.8132740089238133	18.06024696076999
16000.0	16	4	13.967378979359365	0.6744542316913757	17.488723448947457
16000.0	16	5	15.940854099415592	0.5566969952365106	17.063897390045266
16000.0	16	6	17.265640595981058	0.4718798242395824	16.751064289663844
16000.0	16	7	18.128727552538518	0.41388803578772626	16.535109722115404
16000.0	16	8	18.646232333990298	0.3717608707388765	16.409433854618985
16000.0	16	9	18.86106286987408	0.3356880027400254	16.366696407940516
16000.0	16	10	18.779245798139435	0.2996128906130528	16.3958888848967
16000.0	16	11	18.40465465037827	0.2619644107713899	16.483425520050247
16000.0	16	12	17.762047232464255	0.22450398701118612	16.61529780439131
16000.0	16	13	16.904087139022586	0.1900586258359401	16.778684602412145
16000.0	16	14	15.902485787729937	0.1607382457283388	16.962839918343843
16000.0	16	15	14.831750514652187	0.1374041626164015	17.159652712346507
16000.0	16	16	13.755989738616423	0.11999755348862551	17.36408974048527
16000.0	16	17	12.723482940125624	0.10809579078956322	17.574406604935
16000.0	16	18	11.767979651952121	0.10137059688008267	17.791928667251696
16000.0	16	19	10.913541053575694	0.0999022100452828	18.020261952938505
16000.0	16	20	10.17981819106179	0.10440479689367811	18.263799827214786
16000.0	16	21	9.584974107120253	0.11640578275023486	18.525431158523276
16000.0	16	22	9.142789010279605	0.13837326809075046	18.803737639939328
16000.0	16	23	8.848121967069536	0.173762763484771	19.09107623783096
16000.0	16	24	8.641820739979144	0.22698714946423174	19.375926661558285
16000.0	16	25	8.352927164051492	0.3032347731365132	19.654279725856878
16000.0	16	26	7.668489555383765	0.4072344498219025	19.948661041128428
16000.0	16	27	6.288496156112424	0.5383716959379033	20.302233615901013
16000.0	16	28	4.293081234275075	0.6828720882996465	20.6589408694326
16000.0	16	29	2.208512040499206	0.8209767451589582	20.673678633325995

16000.0	17	0	2.0769010359698776	0.6011261645333017	20.737917929444396
16000.0	17	1	4.2409677408146615	0.7982857084726447	20.07891757536176
16000.0	17	2	7.038572766551483	0.8710082360038771	19.185781146595286
16000.0	17	3	10.184800982431856	0.8238420697929915	18.34434613125461
16000.0	17	4	13.141535501466963	0.721909198881803	17.646163110036685
16000.0	17	5	15.546739022206951	0.6207635934875021	17.077543322490275
16000.0	17	6	17.363749530590614	0.5429910906848683	16.617716586836753
16000.0	17	7	18.697426114650685	0.4879840655169513	16.261834690671208
16000.0	17	8	19.641655359413928	0.4454881917800202	16.01326578273582
16000.0	17	9	20.235101474953417	0.404368690194145	15.873201141152224
16000.0	17	10	20.46783561273378	0.3580285747315766	15.835291744451599
16000.0	17	11	20.311089821804853	0.30659639160612884	15.885405494803269
16000.0	17	12	19.760713687493684	0.2549190931445249	16.00467371157303
16000.0	17	13	18.86742658882226	0.20836903894359143	16.173651856930633
16000.0	17	14	17.73022738423115	0.17010086601718405	16.375741131437586
16000.0	17	15	16.463968724307623	0.14082150110894304	16.59898222934521
16000.0	17	16	15.169235965882013	0.1198090532028158	16.836475813057238
16000.0	17	17	13.91907591391522	0.1059461585269843	17.086049698124622
16000.0	17	18	12.760122072096053	0.09836929445633272	17.349461655679228
16000.0	17	19	11.720211642250405	0.09681015197956738	17.63108983513466
16000.0	17	20	10.816273843804874	0.10178826300530106	17.935969736517052
16000.0	17	21	10.058559698660673	0.11473862114779323	18.267159326817207
16000.0	17	22	9.447753551607425	0.13805200445776183	18.622852455041016
16000.0	17	23	8.960351138299906	0.17491181107707876	18.994677620880914
16000.0	17	24	8.51806007489473	0.2287226986030692	19.370291460855555
16000.0	17	25	7.951218739879728	0.30169251460537655	19.74413838165166
16000.0	17	26	7.017788141281474	0.3915138895342816	20.132785970890723
16000.0	17	27	5.5827753069353525	0.4855211728305615	20.557881298664544
16000.0	17	28	3.8285570884694344	0.5596497414417622	20.905000213657065
16000.0	17	29	2.0769010359698776	0.6011261645333017	20.737917929444396

16000.0	18	0	2.0842720798005825	0.42270919953890207	20.59434880368436
16000.0	18	1	4.025435128176116	0.6506395042421413	20.356006691024124
16000.0	18	2	6.4596948904172695	0.7715788536588176	19.589307634383037
16000.0	18	3	9.392140847813963	0.7758441149632644	18.73136380762981
16000.0	18	4	12.411349829164521	0.712939040511154	17.95427814813903
16000.0	18	5	15.09359973586539	0.6365368153133262	17.275920344448593
16000.0	18	6	17.27846594100675	0.5744496593036146	16.691176665584823
16000.0	18	7	18.978684622763694	0.5302531102264536	16.206915950482323
16000.0	18	8	20.24825040433964	0.4944676794249239	15.838499901803921
16000.0	18	9	21.12417590996849	0.454558246724448	15.599256659843604
16000.0	18	10	21.600663669698665	0.4031177338867358	15.491964871494297
16000.0	18	11	21.630691742324824	0.34200775319594334	15.505299218463168
16000.0	18	12	21.176358552757904	0.27948007458584995	15.616365101693821
16000.0	18	13	20.271319688636	0.22367900879489144	15.79769773532178
16000.0	18	14	19.030434809272087	0.1788321231963524	16.02456118249942
16000.0	18	15	17.604607922543615	0.1454726495217507	16.279080229039106
16000.0	18	16	16.130014960306006	0.1222555110240461	16.550982301016536
16000.0	18	17	14.703783656214874	0.10746445097914632	16.83661170358329
16000.0	18	18	13.384142343976904	0.09981046244296891	17.137436239520994
16000.0	18	19	12.201076830944249	0.0987651949793701	17.458270282210584
16000.0	18	20	11.167083628132893	0.10469474228286133	17.805002762671478
16000.0	18	21	10.282801091020707	0.11890644472845854	18.181738121176824
16000.0	18	22	9.534578623023155	0.14356243652304468	18.587772993844194
16000.0	18	23	8.881748095319349	0.18126567221326395	19.015775154046917
16000.0	18	24	8.235419399983675	0.23395875156533322	19.453797343561366
16000.0	18	25	7.4483463018886376	0.3005428708144833	19.89377087442391
16000.0	18	26	6.370376662221518	0.37262472016826986	20.341038213196285
16000.0	18	27	5.001627962630587	0.430273473335687	20.786387259739776
16000.0	18	28	3.540628286708545	0.4480646517061244	21.04897322849164
16000.0	18	29	2.0842720798005825	0.42270919953890207	20.59434880368436

16000.0	19	0	2.2228905577516422	0.28680836424657347	20.25735785265306
16000.0	19	1	4.006428318028865	0.5090340627231402	20.556554438052103
16000.0	19	2	6.123619356669391	0.6468624116796461	19.989111902788398
16000.0	19	3	8.823731928988243	0.6826523322505323	19.171130976285532
16000.0	19	4	11.809586497886997	0.6506335320069413	18.3605137753559
16000.0	19	5	14.649787517923757	0.5974242529503564	17.60993610742384
16000.0	19	6	17.105572304235352	0.5515708738375696	16.933254097867216
16000.0	19	7	19.101271241068574	0.5194235164985297	16.35016121780802
16000.0	19	8	20.626502967345402	0.49304513080554746	15.88739436930258
16000.0	19	9	21.69486168916872	0.4597119095846751	15.569892869823967
16000.0	19	10	22.308794709636906	0.4113429758373911	15.410051408999665
16000.0	19	11	22.42846655500101	0.35019041314515276	15.400430899501819
16000.0	19	12	22.005764747472337	0.2860337044213468	15.514949305504874
16000.0	19	13	21.064620923584208	0.2285136299759626	15.718294194134456
16000.0	19	14	19.729998243603283	0.18258990510667167	15.977145555991054
16000.0	19	15	18.17837082254641	0.14890393262667445	16.26685090210692
16000.0	19	16	16.571383919189206	0.12597524165453347	16.57265742937907
16000.0	19	17	15.022339549482028	0.1119358147369299	16.888225055136104
16000.0	19	18	13.595709655171468	0.10539344204173894	17.2136569193728
16000.0	19	19	12.320489723844098	0.10575260265715755	17.55358588649404
16000.0	19	20	11.203199740687815	0.11329982471469843	17.914971791205268
16000.0	19	21	10.234408704552335	0.12916415484376131	18.304262808675915
16000.0	19	22	9.387032952201467	0.15507758190310997	18.724103154117664
16000.0	19	23	8.607619324262142	0.19269049357724521	19.170672571084154
16000.0	19	24	7.808447589779558	0.24203429310489546	19.633707422823516
16000.0	19	25	6.8825912137144964	0.2986899492018241	20.10082257330612
16000.0	19	26	5.772264397880535	0.35002905401280254	20.56032846615595
16000.0	19	27	4.56261251839891	0.3743022638986468	20.966246169884528
16000.0	19	28	3.4149865688937915	0.3514145172488611	21.074072015559892
16000.0	19	29	2.2228905577516422	0.28680836424657347	20.25735785265306

16000.0	20	0	2.4966766214861207	0.1904144465914621	19.771273417509214
16000.0	20	1	4.146195392222259	0.3854335379016809	20.63621192514013
16000.0	20	2	5.966356534494937	0.518422759744574	20.315688691216614
16000.0	20	3	8.41345008805109	0.5682537563120671	19.584383333581066
16000.0	20	4	11.280357311640152	0.5561575027975976	18.777769530623083
16000.0	20	5	14.160732082600804	0.5196581103256375	17.987334884897965
16000.0	20	6	16.77827821132351	0.48518392780888225	17.25142478464065
16000.0	20	7	18.989161328494617	0.46080368947939454	16.605081629464657
16000.0	20	8	20.71199546392811	0.4412401033964822	16.085504668058753
16000.0	20	9	21.911738946272326	0.41578716203812366	15.726077729261489
16000.0	20	10	22.57907470217823	0.37683781292302443	15.545111571398214
16000.0	20	11	22.687745387849358	0.32564117926815406	15.53647164851739
16000.0	20	12	22.207939473791157	0.27056337727230423	15.670365129575128
16000.0	20	13	21.180565528723214	0.22041422857860732	15.90485217041514
16000.0	20	14	19.748790509641758	0.1800919551536777	16.199785596252774
16000.0	20	15	18.106097524048593	0.15062055857860707	16.52497041424361
16000.0	20	16	16.424871303321144	0.13100385502609638	16.861530583600597
16000.0	20	17	14.821421357357815	0.11977638121260838	17.20008593028545
16000.0	20	18	13.357365132319197	0.11581161236746966	17.538648479017876
16000.0	20	19	12.055285394650774	0.1186368915219812	17.880942171957717
16000.0	20	20	10.913016581088412	0.12849981122464021	18.234660213030114
16000.0	20	21	9.910723150687545	0.14625405622487056	18.609001052728843
16000.0	20	22	9.010753509491021	0.17296205967852146	19.011183395262034
16000.0	20	23	8.154930006963072	0.20896950766476907	19.442366081467437
16000.0	20	24	7.270588484115306	0.2521483306688184	19.894256874540726
16000.0	20	25	6.301307038283629	0.2953176807980024	20.347704515680036
16000.0	20	26	5.263030391458132	0.32422965933483255	20.76955499888941
16000.0	20	27	4.275187840377727	0.3201895743172455	21.076964170182706
16000.0	20	28	3.444440394311172	0.27180457841824207	20.975442144364653
16000.0	20	29	2.4966766214861207	0.1904144465914621	19.771273417509214

16000.0	21	0	2.91766548969732	0.1281070957181545	19.208088112672957
16000.0	21	1	4.429691578316529	0.2866829508417547	20.56406013295986
16000.0	21	2	5.961219528579985	0.40271530762671603	20.50718456837
16000.0	21	3	8.135813464268269	0.45478283232574374	19.898334051526053
16000.0	21	4	10.80946573955027	0.4538741401767402	19.12666988252646
16000.0	21	5	13.614232271806234	0.4281748455054948	18.323378261382107
16000.0	21	6	16.260569330282543	0.40048634299101304	17.556261135675655
16000.0	21	7	18.559207436872825	0.3797048880545202	16.878852632523497
16000.0	21	8	20.37410291307958	0.3635534761725116	16.338856787283536
16000.0	21	9	21.622424377941815	0.3446366879773948	15.97493571478857
16000.0	21	10	22.269828093950075	0.31696239612169735	15.806264952354413
16000.0	21	11	22.296285010314897	0.2805252559511053	15.82367970876076
16000.0	21	12	21.70300635154873	0.24070513937306168	15.99219782614852
16000.0	21	13	20.56828515939823	0.2038489428522071	16.26468033550674
16000.0	21	14	19.06122242669565	0.1739699556144962	16.596831595710977
16000.0	21	15	17.383610791600596	0.15239348781298684	16.955224947732678
16000.0	21	16	15.703043290334973	0.13884568429381663	17.31820818437081
16000.0	21	17	14.125172650970258	0.13251564332112611	17.67389069446994
16000.0	21	18	12.699859960694697	0.13268851295060846	18.018201299189325
16000.0	21	19	11.438611357268124	0.13904068048598822	18.353617384537085
16000.0	21	20	10.329101369284125	0.1517059780650725	18.687980592852718
16000.0	21	21	9.342708080615916	0.1711032823328965	19.03254922013854
16000.0	21	22	8.437055660643898	0.19740403925097294	19.39847230682731
16000.0	21	23	7.560254013742786	0.22946639299673366	19.79116620061316
16000.0	21	24	6.66689615190128	0.2631965511319824	20.202938944927013
16000.0	21	25	5.749722589309834	0.289923598201161	20.60570522723814
16000.0	21	26	4.868720559438037	0.29666943555349795	20.94434277386329
16000.0	21	27	4.141680422313858	0.2709736414745212	21.106087652662758
16000.0	21	28	3.6283585759868355	0.21023102856389397	20.767345455025467
16000.0	21	29	2.91766548969732	0.1281070957181545	19.208088112672957

16000.0	22	0	3.509831386242731	0.09458941300280818	18.6479323340089
16000.0	22	1	4.871720516275388	0.2156358226988208	20.34714065311651
16000.0	22	2	6.128126493042225	0.30959335189348175	20.535966049700814
16000.0	22	3	8.027418029878934	0.3569206643233096	20.068678004199917
16000.0	22	4	10.46267986686455	0.3613105221552255	19.355857083932488
16000.0	22	5	13.102632637716834	0.34256547657151026	18.563598224239293
16000.0	22	6	15.653911728410295	0.31932057312124107	17.790382708006188
16000.0	22	7	17.89798400332687	0.3004875544388827	17.109714416448988
16000.0	22	8	19.6680581656054	0.28621114899083744	16.579797600459678
16000.0	22	9	20.855543524815836	0.27222181314725125	16.24219905937695
16000.0	22	10	21.408958994071057	0.25444311634338357	16.112918095051462
16000.0	22	11	21.312309697693205	0.23216257899495374	16.17631371744098
16000.0	22	12	20.597501836275022	0.20807456897099125	16.391227851876586
16000.0	22	13	19.38105979022072	0.18592703359052606	16.70669469061673
16000.0	22	14	17.852071028801543	0.16848998545522115	17.07653092724415
16000.0	22	15	16.207746376730164	0.157049385936545	17.465999571868856
16000.0	22	16	14.597400998691796	0.1517944109915917	17.85195746972979
16000.0	22	17	13.106715725035242	0.1523476840043937	18.220876935355747
16000.0	22	18	11.769683781622817	0.15818054889366154	18.567237488864734
16000.0	22	19	10.586946130674397	0.16888588553350048	18.892559770895055
16000.0	22	20	9.539494142559404	0.18426706087310932	19.20447881463153
16000.0	22	21	8.596267525415799	0.2041371452756042	19.515031705049555
16000.0	22	22	7.719469940186078	0.22770937536640498	19.83704156159224
16000.0	22	23	6.874100272892985	0.2525601632360376	20.1772686315153
16000.0	22	24	6.0463873867260105	0.2734773969139087	20.52594242424797
16000.0	22	25	5.264527355957001	0.2821718609113732	20.845675748973175
16000.0	22	26	4.603125336634743	0.26936645489701583	21.06471782361572
16000.0	22	27	4.16322334803301	0.2297536338881954	21.053509369272728
16000.0	22	28	3.976181721908093	0.16722590230398593	20.48154514016722
16000.0	22	29	3.509831386242731	0.09458941300280818	18.6479323340089

16000.0	23	0	4.332014259980213	0.08795458378308212	18.149617959866696
16000.0	23	1	5.52731406111125	0.17398388557995204	20.024672431056928
16000.0	23	2	6.5271997355084705	0.24448454103047823	20.409853879996476
16000.0	23	3	8.167571677203311	0.2828321157817825	20.080310125207372
16000.0	23	4	10.353509508646182	0.28814635419513523	19.439325848570736
16000.0	23	5	12.77766621352037	0.2735013296350237	18.67860763080723
16000.0	23	6	15.144735015442592	0.25347558750781696	17.923610427269228
16000.0	23	7	17.219704256831477	0.23631403516865143	17.266083324876814
16000.0	23	8	18.82714887410828	0.22362943303901434	16.773173139987065
16000.0	23	9	19.85705382561212	0.21338817567313328	16.486902121955087
16000.0	23	10	20.256914285814236	0.2031235760949839	16.417285287461734
16000.0	23	11	20.01956087054923	0.1920255017959937	16.540564996946774
16000.0	23	12	19.203127973475922	0.18119043757538586	16.809648797053217
16000.0	23	13	17.950186804010006	0.17254798222131118	17.171142614882978
16000.0	23	14	16.453449817120067	0.1677720201011804	17.578446878063968
16000.0	23	15	14.890733918683397	0.16778851217276644	17.996660867618584
16000.0	23	16	13.383655148842154	0.17271050345255406	18.402200902082974
16000.0	23	17	11.994786393297423	0.1819841965945922	18.781102440788366
16000.0	23	18	10.7447824097616	0.1946778629633627	19.127618819847903
16000.0	23	19	9.630365232535574	0.20982424802427185	19.44307402273194
16000.0	23	20	8.635610253521698	0.22661935477568818	19.734582955918558
16000.0	23	21	7.73789586570259	0.24425901909438563	20.013086000162332
16000.0	23	22	6.913746951934967	0.2613331199559033	20.289555013245433
16000.0	23	23	6.149317928439137	0.2749828395215213	20.567740432344888
16000.0	23	24	5.454793995010463	0.28042674581236393	20.833017376773977
16000.0	23	25	4.873187648581435	0.27178977372744456	21.04140665552863
16000.0	23	26	4.475416677924782	0.24476871071512965	21.115427423386663
16000.0	23	27	4.350030821744597	0.20000386382687205	20.924921186469696
16000.0	23	28	4.5200397470023335	0.14446414069187116	20.15124790727364
16000.0	23	29	4.332014259980213	0.08795458378308212	18.149617959866696

16000.0	24	0	5.5637192017074035	0.11279273272580573	17.721679037922975
16000.0	24	1	6.536003992351057	0.16519909131736207	19.638822257989265
16000.0	24	2	7.270391496117399	0.21127860678454963	20.15562413555505
16000.0	24	3	8.668333426811147	0.2371671985139241	19.938510640228024
16000.0	24	4	10.613932249577395	0.23925871513102107	19.369129721758192
16000.0	24	5	12.799543021776657	0.22560427948456743	18.655331543969428
16000.0	24	6	14.92488923460867	0.20721736714659894	17.942121439356562
16000.0	24	7	16.75136388496	0.19122936678500366	17.334423873695474
16000.0	24	8	18.114343001576543	0.1798530919361123	16.904471255039933
16000.0	24	9	18.920280701823224	0.1723918763840778	16.691347335119715
16000.0	24	10	19.12824508172751	0.16752982684336393	16.69684408019847
16000.0	24	11	18.74561189142663	0.1647257781826891	16.88881052705441
16000.0	24	12	17.851519730064815	0.16446449367858618	17.21541503294054
16000.0	24	13	16.598430060284137	0.16777713574794023	17.622250183387653
16000.0	24	14	15.163674879783553	0.17561026254447343	18.063345969470337
16000.0	24	15	13.691977426648224	0.188293350746288	18.504686332568355
16000.0	24	16	12.27193037531801	0.20517880738561886	18.923812239280288
16000.0	24	17	10.946200947140845	0.22461439928656177	19.308315572679817
16000.0	24	18	9.732680006424731	0.24436689393553157	19.653893874670135
16000.0	24	19	8.63908307587636	0.26232090266691266	19.962113347922216
16000.0	24	20	7.667291926252013	0.27699759567531596	20.238258900682354
16000.0	24	21	6.813357580094778	0.2874954988124183	20.489147654772783
16000.0	24	22	6.070595029042525	0.2928674313877328	20.71968926953299
16000.0	24	23	5.438644449318064	0.2914309497031438	20.92660857768552
16000.0	24	24	4.934901535108846	0.2807629537752132	21.08947628987255
16000.0	24	25	4.601091329847437	0.25889296368810333	21.163418222096265
16000.0	24	26	4.504595035271458	0.22624821741669113	21.077963145001988
16000.0	24	27	4.743090730413815	0.18676338675592222	20.71648697428846
16000.0	24	28	5.357215561300021	0.14697200459746768	19.785720664944478
16000.0	24	29	5.5637192017074035	0.11279273272580573	17.721679037922975

16000.0	25	0	7.838225259262726	0.18025387370612878	17.276627094104605
16000.0	25	1	8.292314568441501	0.19468675498869925	19.194531894485475
16000.0	25	2	8.593787807188447	0.2129512579942461	19.794420419192626
16000.0	25	3	9.704929232352654	0.22240704735817887	19.655529893561667
16000.0	25	4	11.402620683519629	0.21694209135858233	19.14775742599422
16000.0	25	5	13.326683378198819	0.20056657782079398	18.49130049398289
16000.0	25	6	15.160152118270735	0.18131679538245135	17.842274243087317
16000.0	25	7	16.673415076652784	0.16508260227212768	17.31121883419607
16000.0	25	8	17.729547900214236	0.15411793008703578	16.96939043361366
16000.0	25	9	18.262629756169677	0.14842055811921662	16.84849325716761
16000.0	25	10	18.250773024246296	0.147444013129706	16.94013387110926
16000.0	25	11	17.71984535979833	0.15107913819454763	17.20428149029488
16000.0	25	12	16.763467002833107	0.15984408019177426	17.585964778898745
16000.0	25	13	15.526553126772228	0.17456797332596294	18.03118863987535
16000.0	25	14	14.151840855196136	0.1957730908384054	18.49595226082205
16000.0	25	15	12.738626539909017	0.22286899175263922	18.949193285648743
16000.0	25	16	11.341716396809769	0.2534847370847682	19.37253948148524
16000.0	25	17	9.996518786829856	0.28352507138028904	19.75791978115808
16000.0	25	18	8.740722425807403	0.30829328979407017	20.10345260436661
16000.0	25	19	7.615525495263093	0.32418574233340003	20.409285559276654
16000.0	25	20	6.652630310103617	0.32981917316311893	20.67524021093193
16000.0	25	21	5.864681795660119	0.3258476276479074	20.900019004889973
16000.0	25	22	5.248947649555105	0.3138348268456502	21.079658220061123
16000.0	25	23	4.801307922919242	0.29526373230692926	21.203340630804036
16000.0	25	24	4.53289411196132	0.2715386279615351	21.247564717474063
16000.0	25	25	4.48473132633273	0.24488094316317027	21.17277766128614
16000.0	25	26	4.744433497548099	0.2188794148237807	20.92288152982221
16000.0	25	27	5.471035982280108	0.1974581403123773	20.399344033078425
16000.0	25	28	6.80078301822718	0.1836653222157513	19.3398075312725
16000.0	25	29	7.838225259262726	0.18025387370612878	17.276627094104605

16000.0	26	0	13.653267914895228	0.30446063624423075	16.505252388175634
16000.0	26	1	12.103197864155744	0.26314764565195375	18.59421919614215
16000.0	26	2	11.104428730597668	0.24634078904023698	19.308712319680055
16000.0	26	3	11.617184626230557	0.23572413763464783	19.231429356604465
16000.0	26	4	12.95454577363735	0.21968964944725383	18.77614374061591
16000.0	26	5	14.540482103301397	0.19752497383817885	18.186861982224485
16000.0	26	6	15.998969476149648	0.1747114341115622	17.624844484582507
16000.0	26	7	17.115963466578155	0.15621759134737107	17.197419996637713
16000.0	26	8	17.794302076419836	0.1442577096693957	16.96731062789964
16000.0	26	9	18.000978842451385	0.13924166489409126	16.954012974876576
16000.0	26	10	17.73714349089532	0.14119094749835265	17.13754004519871
16000.0	26	11	17.048266617257266	0.15053390313087914	17.471039896434
16000.0	26	12	16.032264153147327	0.1682386835483343	17.898152038403385
16000.0	26	13	14.806123040154239	0.1953920827694441	18.367092038487833
16000.0	26	14	13.457242091455193	0.23218744597004906	18.838483171863224
16000.0	26	15	12.028757257029289	0.27643640055280055	19.28834080755678
16000.0	26	16	10.550328010903561	0.3224047144258653	19.706797281856307
16000.0	26	17	9.080408222980369	0.361442185893118	20.09210615538392
16000.0	26	18	7.713447047931726	0.3851249373121425	20.442329945316345
16000.0	26	19	6.543258719293922	0.38915614422401273	20.7501823571651
16000.0	26	20	5.622864575273772	0.3749540588411065	21.004073306140235
16000.0	26	21	4.957092439069744	0.34796424455774366	21.192289765604926
16000.0	26	22	4.52392053296998	0.31469795881916063	21.30455982496259
16000.0	26	23	4.30325328805456	0.2809581143550464	21.32854381682895
16000.0	26	24	4.302985176953841	0.2519678633737125	21.24392056011689
16000.0	26	25	4.587558214151129	0.23308476903046488	21.01846541609466
16000.0	26	26	5.329082892222632	0.22870672547218213	20.603240194765686
16000.0	26	27	6.910856508388514	0.23909433126688265	19.89927631929974
16000.0	26	28	9.9315791862044	0.26220531756059284	18.65509806543141
16000.0	26	29	13.653267914895228	0.30446063624423075	16.505252388175634

16000.0	27	0	33.11245022219843	0.5640338524364289	14.693348016441922
16000.0	27	1	22.787737678976196	0.36904248923411964	17.500762794926043
16000.0	27	2	16.537408434948883	0.2950873906338948	18.574671765262714
16000.0	27	3	15.122193606555602	0.26288697247512255	18.619153871762027
16000.0	27	4	15.636716094333124	0.23819311395286732	18.232388254273264
16000.0	27	5	16.655650267042525	0.21083766811017934	17.73155753338129
16000.0	27	6	17.572484150342355	0.18360444870745568	17.28626236686882
16000.0	27	7	18.160475464159312	0.16151587114378113	16.99241826697755
16000.0	27	8	18.358904697639222	0.14737901021403116	16.89661180012486
16000.0	27	9	18.16530269194062	0.14222240380313142	17.002306740264103
16000.0	27	10	17.60469468461128	0.14671502021879812	17.27779644186308
16000.0	27	11	16.738592249492655	0.1620335207713562	17.671123826219688
16000.0	27	12	15.65271311757733	0.18999321985878936	18.126642585165797
16000.0	27	13	14.410645907071002	0.23232449425743046	18.59770434610091
16000.0	27	14	13.021362112547607	0.2887972087112399	19.05449257656462
16000.0	27	15	11.46674855000923	0.35432260223065415	19.48646523542945
16000.0	27	16	9.780216053251301	0.41686267813474215	19.896531635076183
16000.0	27	17	8.098272527694556	0.4598802676464446	20.287109628911995
16000.0	27	18	6.609850694513211	0.47052821593431693	20.64703345374834
16000.0	27	19	5.449777981614429	0.44736143105828674	20.950723377101504
16000.0	27	20	4.650799648713776	0.40019060365046666	21.17009010320532
16000.0	27	21	4.175704231690793	0.34335377463211697	21.28734390147412
16000.0	27	22	3.971111693641885	0.28942082700750543	21.297398926884746
16000.0	27	23	4.006735833382099	0.24743612892237096	21.19916458127064
16000.0	27	24	4.3078936413431475	0.2246298907475621	20.982599216285386
16000.0	27	25	5.0154364660502795	0.22760376789496745	20.616440728250446
16000.0	27	26	6.55537131988324	0.25875045475893915	20.028364878028245
16000.0	27	27	10.130998569923776	0.3115030405750705	19.050430104559084
16000.0	27	28	18.61433597325248	0.3909234600179668	17.34893027009787
16000.0	27	29	33.11245022219843	0.5640338524364289	14.693348016441922

16000.0	28	0	56.86782942590618	1.805031838658186	11.06703259312826
16000.0	28	1	54.73658754158109	0.6366454150162638	15.164886351952028
16000.0	28	2	29.03829515329927	0.35604685411458525	17.215415284589714
16000.0	28	3	21.30512088854798	0.2864045294970951	17.656288621951912
16000.0	28	4	19.725736461297668	0.2581633829911061	17.441706302987598
16000.0	28	5	19.722199471373717	0.23064080899405864	17.09045677708051
16000.0	28	6	19.866893779569004	0.2011156941124883	16.812051018561824
16000.0	28	7	19.772687926994728	0.1758355969933026	16.690382625886645
16000.0	28	8	19.37554562488066	0.15937588478664153	16.752112481888883
16000.0	28	9	18.69571423717478	0.1539848129664194	16.98428783505456
16000.0	28	10	17.784768468982783	0.16132382441898424	17.345715251609132
16000.0	28	11	16.713873243187216	0.1837151650587413	17.78201957708399
16000.0	28	12	15.53472510404157	0.22436221289467695	18.241043474798207
16000.0	28	13	14.228558110029951	0.2861571035478049	18.685724928501465
16000.0	28	14	12.704811118300437	0.36832080597493383	19.102780445034565
16000.0	28	15	10.895119576111776	0.4608122102265008	19.501932269578138
16000.0	28	16	8.895657190108103	0.5405455533359469	19.899624835759074
16000.0	28	17	6.986396379663433	0.5785446021993403	20.293175750720884
16000.0	28	18	5.449795850755477	0.5587853275020499	20.64695422507998
16000.0	28	19	4.400540818549081	0.49014403239597015	20.905709617420996
16000.0	28	20	3.799738525512363	0.39834182014916064	21.025598989407825
16000.0	28	21	3.557030087034071	0.30937184232231074	20.997114436836114
16000.0	28	22	3.600441705100442	0.24019596540436844	20.841572198353234
16000.0	28	23	3.9084780072962055	0.19979470435877278	20.587536234960375
16000.0	28	24	4.553243504745868	0.1946695385379845	20.24257826945317
16000.0	28	25	5.846482209045608	0.23076443789103396	19.762759304410068
16000.0	28	26	8.890378351959814	0.3063051477630752	18.99438892502352
16000.0	28	27	17.682419431714667	0.41700958943175565	17.55871539607418
16000.0	28	28	43.09485341790302	0.6907948018517529	14.8773852718822
16000.0	28	29	56.86782942590618	1.805031838658186	11.06703259312826

16000.0	29	0	4.1268316371749875E-10	8.742501975646457	6.168496070961604
16000.0	29	1	58.43930159263371	1.8275452513382047	10.802827819981935
16000.0	29	2	47.403081029134334	0.5198946036439966	14.676048564338968
16000.0	29	3	28.696285206583365	0.3183713911948498	16.114505005221325
16000.0	29	4	23.896839345415888	0.2783498456106668	16.324862542115987
16000.0	29	5	22.783984416892732	0.2522715965220246	16.24240214477818
16000.0	29	6	22.272720936464655	0.22174933187466397	16.202039585277312
16000.0	29	7	21.575970292565096	0.19387757079686002	16.294966575537703
16000.0	29	8	20.58561738944345	0.17549938464827564	16.533128494190453
16000.0	29	9	19.376449284119836	0.17033418490188476	16.891639381774183
16000.0	29	10	18.0648972705864	0.18125355242095653	17.324098182017735
16000.0	29	11	16.741730396465066	0.21211032261092722	17.77666760343268
16000.0	29	12	15.409451709910865	0.2680859031853914	18.203327316882543
16000.0	29	13	13.947531443162102	0.3538890406138998	18.580937814726845
16000.0	29	14	12.166532290911146	0.46822296851048995	18.918301953539437
16000.0	29	15	9.994068947361766	0.5938056594924177	19.247474481223172
16000.0	29	16	7.66626178034161	0.6909888931324816	19.59170668965744
16000.0	29	17	5.6267027454572425	0.71409044073162	19.931455757888166
16000.0	29	18	4.17431513633854	0.647435597381968	20.20158782682576
16000.0	29	19	3.3189862341215672	0.5189280918277643	20.317520044230346
16000.0	29	20	2.9286774368446946	0.3759711671151868	20.222725055598925
16000.0	29	21	2.880146935852092	0.2563166895618501	19.932754721915952
16000.0	29	22	3.107419366415455	0.17819386538164697	19.523246141184508
16000.0	29	23	3.617253377621182	0.1472136612712138	19.077648440603195
16000.0	29	24	4.558778779351122	0.16720425018593796	18.633310875914436
16000.0	29	25	6.5328610454084695	0.24272980881178938	18.12048672103045
16000.0	29	26	11.975587236746314	0.3705509348401541	17.2387040004696
16000.0	29	27	31.209752520061524	0.6044583845117949	15.28680854117537
16000.0	29	28	58.466494856333554	1.7853224015904334	11.47203447624909
16000.0	29	29	4.1268316371749875E-10	8.742501975646457	6.168496070961604

