18000.0	0	0	7.270231045703949E-9	1.2359463227138895E-6	6.690112044790327
18000.0	0	1	0.7288960400796874	0.13779657241083393	19.812682600575148
18000.0	0	2	10.117253717332481	0.1042212324839946	17.17717264448238
18000.0	0	3	11.35397993623897	0.06394738763599571	17.247857659653622
18000.0	0	4	9.799863532439543	0.03866729085329193	17.319014886479962
18000.0	0	5	8.855284953542496	0.023022231948624856	17.22952858519153
18000.0	0	6	8.379407239023717	0.01396595032055128	17.12180169838271
18000.0	0	7	8.093765274749682	0.00936320113658179	17.079790114377058
18000.0	0	8	7.8588568126353096	0.007694031002212262	17.146049371487493
18000.0	0	9	7.619676549796244	0.008157630596923796	17.336704599503268
18000.0	0	10	7.372155472070336	0.010640948890058663	17.63778204021566
18000.0	0	11	7.151985379685136	0.015601281291140325	18.00698365648574
18000.0	0	12	7.0264663583800715	0.0238967213258433	18.384527698263593
18000.0	0	13	7.081584961741297	0.03653769261640179	18.705763198249702
18000.0	0	14	7.408274585654907	0.05441754249455807	18.911176577822527
18000.0	0	15	8.091218531628938	0.0782899045686409	18.955457687752723
18000.0	0	16	9.194009076305004	0.10940873355214598	18.81770531167511
18000.0	0	17	10.726642732556737	0.15113798067673515	18.50865156393651
18000.0	0	18	12.576992135803005	0.21157623456363953	18.068164185429332
18000.0	0	19	14.402113065431589	0.30700030555425917	17.56293132572728
18000.0	0	20	15.546943413426257	0.464426684490446	17.09831056968282
18000.0	0	21	15.20085696700779	0.7144808469197585	16.820411957636235
18000.0	0	22	13.027408750884597	1.0538117961770341	16.871172265631646
18000.0	0	23	9.805153930340683	1.3865751280871152	17.313368240278972
18000.0	0	24	6.829871572814315	1.5624833407476124	18.084633708660665
18000.0	0	25	4.734769844827498	1.5162595984518963	19.015623449158316
18000.0	0	26	3.3241758748325836	1.2990124356820676	19.89907811783802
18000.0	0	27	1.7320938673494712	0.9894589382434704	20.8178840447895
18000.0	0	28	0.1022621594823616	0.5777385944771841	23.656471005229832
18000.0	0	29	7.270231045703949E-9	1.2359463227138895E-6	6.690112044790327

18000.0	1	0	0.7286753974497148	0.1983044721737256	20.00531487667889
18000.0	1	1	7.971215697569006	0.15167207745949485	18.011167645587015
18000.0	1	2	11.395677059450563	0.10112278958663966	17.991155554983372
18000.0	1	3	9.700900231154023	0.07019387379453464	18.295278485915762
18000.0	1	4	8.268050664264107	0.049851142154128586	18.419316513853207
18000.0	1	5	7.518295394749972	0.03591264901948489	18.436418152750786
18000.0	1	6	7.136137767133497	0.02706628328891732	18.43957167677225
18000.0	1	7	6.90547326725424	0.022423482701227133	18.473861563586844
18000.0	1	8	6.711468614779706	0.021221690575479225	18.563034923880572
18000.0	1	9	6.505481114364503	0.023058667731410985	18.718395166786607
18000.0	1	10	6.290640273604172	0.02803663581332816	18.935611680734993
18000.0	1	11	6.108266136457627	0.03672669228140499	19.193130945929553
18000.0	1	12	6.021084912745122	0.04996765374239868	19.455326229058826
18000.0	1	13	6.099365676887119	0.06852864523156711	19.678889052617087
18000.0	1	14	6.413014147272701	0.09276826027867834	19.82106587835565
18000.0	1	15	7.025730834240053	0.1226042273761042	19.848946413457586
18000.0	1	16	7.983094157158673	0.15816905623441355	19.74804679742002
18000.0	1	17	9.286437292374666	0.20126597079575495	19.527162202727496
18000.0	1	18	10.848119688416949	0.2572552862820905	19.217905913300903
18000.0	1	19	12.432871482277978	0.3365610787043501	18.87218538315656
18000.0	1	20	13.6190386757248	0.4540570468762516	18.561635165150346
18000.0	1	21	13.882998371031324	0.6215809419528917	18.373638771690047
18000.0	1	22	12.928640810576642	0.8267442014627081	18.38995845630929
18000.0	1	23	11.06397254712627	1.0103497141995834	18.646188563161534
18000.0	1	24	9.045298154965344	1.0916823961195565	19.100298500165696
18000.0	1	25	7.509369747793912	1.0334371023276958	19.636122084248782
18000.0	1	26	6.762606314802591	0.8623500078672778	20.072608540756704
18000.0	1	27	6.733458125757508	0.6392531459486174	20.18013465747439
18000.0	1	28	5.383307771543639	0.4190364193941772	19.93833204174017
18000.0	1	29	0.7286753974497148	0.1983044721737256	20.00531487667889

18000.0	2	0	10.874681343529119	0.1466371465774344	17.41955461733608
18000.0	2	1	11.901087434525385	0.11430235261514116	18.129557832736555
18000.0	2	2	9.679910129902272	0.09182593154353347	18.675510101121144
18000.0	2	3	7.7016371727460005	0.07589863489454209	18.985598135584812
18000.0	2	4	6.527529465439109	0.06260966079877381	19.13051687248014
18000.0	2	5	5.874602371199158	0.05146454143084551	19.202800411559352
18000.0	2	6	5.503527281826539	0.043304852808768134	19.2562758043627
18000.0	2	7	5.275357957237282	0.03878250880379942	19.319984691121242
18000.0	2	8	5.110924187985057	0.03811138246354536	19.413455146470113
18000.0	2	9	4.971590377843284	0.041408574364696825	19.547840362259734
18000.0	2	10	4.852239809054572	0.0490350942734785	19.722499875099917
18000.0	2	11	4.774047488878141	0.06168438862927915	19.923468781974552
18000.0	2	12	4.775403963412842	0.08018711443846782	20.125182162356577
18000.0	2	13	4.9036761924434815	0.10510697374252385	20.295141364506023
18000.0	2	14	5.208846490678767	0.1363263648964537	20.40087519332539
18000.0	2	15	5.736661212377056	0.1729737820791201	20.417972413573715
18000.0	2	16	6.516686299763242	0.21404095380361812	20.33698631111636
18000.0	2	17	7.541575977390335	0.25967938379507516	20.166876655623252
18000.0	2	18	8.738949198906226	0.3125629714256856	19.934343265220406
18000.0	2	19	9.945767749034703	0.37823648190936426	19.680628177239765
18000.0	2	20	10.90823004893424	0.46308097482731664	19.45737919153418
18000.0	2	21	11.34752243890501	0.5681814666740143	19.319835146653826
18000.0	2	22	11.114825013301212	0.6791267833449848	19.31234754835344
18000.0	2	23	10.340395939398533	0.7610585930914308	19.446682139599627
18000.0	2	24	9.388797139397386	0.7748569871444533	19.687232349323327
18000.0	2	25	8.661224982891454	0.7045157341647954	19.95254958561641
18000.0	2	26	8.525399330647303	0.5670090489254584	20.111565715587684
18000.0	2	27	9.423922305101142	0.4022896618436419	19.94687727759341
18000.0	2	28	11.44471707395967	0.2552100265045651	19.124944622033674
18000.0	2	29	10.874681343529119	0.1466371465774344	17.41955461733608

18000.0	3	0	12.570088779001047	0.08876004860595413	17.51736795750715
18000.0	3	1	10.468765461629294	0.0844438047507921	18.51419679721081
18000.0	3	2	7.994411013456138	0.08302016587027782	19.094945341143813
18000.0	3	3	6.336673664083937	0.08073733051963876	19.41360229056321
18000.0	3	4	5.3381440807056935	0.07549317656382006	19.59726264701564
18000.0	3	5	4.740695308969152	0.06820212996903387	19.711619768542207
18000.0	3	6	4.380487674085792	0.0613095012050919	19.79284466060384
18000.0	3	7	4.157884354664881	0.057064316540538854	19.867680994643184
18000.0	3	8	4.011158897632198	0.056841610205730204	19.9577117656344
18000.0	3	9	3.9067904296300853	0.06141109037372424	20.076209309379966
18000.0	3	10	3.8351065405924625	0.07144772571667422	20.224874555465963
18000.0	3	11	3.805703183664484	0.08777999184126285	20.393125532820783
18000.0	3	12	3.8420666513008275	0.11124390374625613	20.56020440678851
18000.0	3	13	3.976223297461908	0.14223950814448375	20.699713640236222
18000.0	3	14	4.243495891782181	0.18023966728114268	20.785854760608835
18000.0	3	15	4.6759568284349395	0.22363148061863117	20.800124656614667
18000.0	3	16	5.292129272653716	0.2702316796109401	20.736639865150206
18000.0	3	17	6.081662815635496	0.3184315128534098	20.604373085328774
18000.0	3	18	6.988289274357495	0.3683086079348741	20.425906917005037
18000.0	3	19	7.900631293698638	0.4216470487659253	20.233796547277834
18000.0	3	20	8.664728139119632	0.47998348383389705	20.065597743999938
18000.0	3	21	9.130462036505685	0.5405897050534898	19.957001742911395
18000.0	3	22	9.226348899664	0.5921975856451877	19.93167844494037
18000.0	3	23	9.017462591855658	0.6154184544657582	19.989469974266537
18000.0	3	24	8.688238580574502	0.5918419474686315	20.0992078156608
18000.0	3	25	8.47035546673043	0.5161686100379499	20.198308494753935
18000.0	3	26	8.615390299588693	0.40157356753451195	20.187843493455958
18000.0	3	27	9.446218995119636	0.2755036040000223	19.905315188877463
18000.0	3	28	11.19786212921719	0.1674047152136206	19.087495446090404
18000.0	3	29	12.570088779001047	0.08876004860595413	17.51736795750715

18000.0	4	0	11.11358466569963	0.055604329768123316	17.615725856370318
18000.0	4	1	9.1961028998753	0.0654145602107758	18.69698722932517
18000.0	4	2	7.01780599336035	0.0769535320439248	19.328338749285727
18000.0	4	3	5.535184403082566	0.0855110209178863	19.698597108581822
18000.0	4	4	4.605833824965313	0.08779079179800267	19.932840572162434
18000.0	4	5	4.028015592935883	0.08439855030466142	20.084424368183992
18000.0	4	6	3.671053844360793	0.07870872110951496	20.18576890616822
18000.0	4	7	3.4502850891607055	0.07442909116419394	20.265877040554056
18000.0	4	8	3.3104914751868764	0.07414629318794727	20.349772448961232
18000.0	4	9	3.2196238781905926	0.07933818617435684	20.453720733217278
18000.0	4	10	3.16515104862289	0.09100465243848192	20.58205525204938
18000.0	4	11	3.15029853198716	0.11009468636056216	20.72693871795303
18000.0	4	12	3.1899510412251284	0.13744672792738377	20.87089233446646
18000.0	4	13	3.306467609904363	0.17333560147613236	20.99146495553213
18000.0	4	14	3.5252434625647444	0.21691240380501284	21.067090793496924
18000.0	4	15	3.86911548036927	0.2659394736663245	21.08289150962058
18000.0	4	16	4.350234756387436	0.31717530106940145	21.034939193362813
18000.0	4	17	4.9591226156860415	0.3674035426949511	20.931683220939114
18000.0	4	18	5.654171399432789	0.4145242610099287	20.79223763700486
18000.0	4	19	6.359016430524714	0.4577789540093008	20.642438768986345
18000.0	4	20	6.975774673925438	0.4964939302467774	20.50980908918198
18000.0	4	21	7.416318233869109	0.5276880700757666	20.417690796004837
18000.0	4	22	7.641983812818614	0.5441454602510708	20.378359394278764
18000.0	4	23	7.689713894166622	0.5353580013314916	20.386155987446653
18000.0	4	24	7.665719120865574	0.49242425377647825	20.412909914305242
18000.0	4	25	7.717484158202304	0.4145693545332995	20.40557171389267
18000.0	4	26	8.02194820073072	0.31296426449906084	20.280339569220754
18000.0	4	27	8.794321443133866	0.20824694431240295	19.903602879567355
18000.0	4	28	10.131947545840172	0.12069654305525616	19.068373851087433
18000.0	4	29	11.11358466569963	0.055604329768123316	17.615725856370318

18000.0	5	0	10.343148915898995	0.03783268237390107	17.572755335388376
18000.0	5	1	8.63461265596789	0.05533983202913221	18.76517317207303
18000.0	5	2	6.551145043272658	0.07531848504994684	19.473090393201513
18000.0	5	3	5.101392671693737	0.09208517379877726	19.903235203806254
18000.0	5	4	4.174395715529543	0.1004002309346074	20.18426302426164
18000.0	5	5	3.5883856115409594	0.09989733389199167	20.367357812802194
18000.0	5	6	3.2225599061633967	0.09451618101425002	20.48478834109715
18000.0	5	7	2.9962295246642587	0.08929614161116958	20.567778347255608
18000.0	5	8	2.855398558967346	0.08800633822069105	20.64466469818146
18000.0	5	9	2.7673193972722983	0.09280821373335559	20.73515674146034
18000.0	5	10	2.716880372396007	0.10498157286705301	20.84669633334697
18000.0	5	11	2.703040997126095	0.12554540016433904	20.974168044086067
18000.0	5	12	2.7351709549342647	0.1553127085374751	21.10261495583682
18000.0	5	13	2.8293645873539166	0.1944558841041353	21.212053029321904
18000.0	5	14	3.0045513447453263	0.2418973136523725	21.283192527560978
18000.0	5	15	3.2778132465057928	0.29494612683492444	21.30280630993737
18000.0	5	16	3.6580699868588784	0.34955938639738393	21.267481191686848
18000.0	5	17	4.138124657931598	0.4012904464851606	21.18468190179963
18000.0	5	18	4.687652715793939	0.44646297100190097	21.070828820703703
18000.0	5	19	5.252603608143087	0.48275909572181386	20.94719087662631
18000.0	5	20	5.766133714621559	0.5086503185836181	20.834885481498358
18000.0	5	21	6.170672421555991	0.5219126178580413	20.749790954607857
18000.0	5	22	6.4428403754917944	0.5183503392584875	20.6975900152892
18000.0	5	23	6.608695203716363	0.4921919934972121	20.66934398351017
18000.0	5	24	6.74201310381546	0.43894960709988246	20.638209989905828
18000.0	5	25	6.953140737397118	0.3598763355467882	20.55656577991537
18000.0	5	26	7.387027683068503	0.26510653277949553	20.349682189127122
18000.0	5	27	8.221070219801222	0.17168613469604327	19.89892206150568
18000.0	5	28	9.498945914151962	0.09514166192017089	19.020850738395623
18000.0	5	29	10.343148915898995	0.03783268237390107	17.572755335388376

18000.0	6	0	10.219227412930358	0.03052927551746026	17.49980240729828
18000.0	6	1	8.550005573057703	0.05320283993843859	18.794303698908603
18000.0	6	2	6.417214442368132	0.07950805326859574	19.57020234987132
18000.0	6	3	4.917082036132501	0.10268425908261747	20.049961961387684
18000.0	6	4	3.9489163241057774	0.11541086978058539	20.3690608572469
18000.0	6	5	3.3322708391676312	0.11628469338709148	20.578373289214653
18000.0	6	6	2.9457279857232717	0.10982160415208045	20.709345521661476
18000.0	6	7	2.7067815096021874	0.10240880237850028	20.794342354888837
18000.0	6	8	2.559405960035355	0.09897387669938755	20.86464905705413
18000.0	6	9	2.468688297252172	0.1023015238979132	20.943611523270132
18000.0	6	10	2.416910938068084	0.11387625117637595	21.04200894906185
18000.0	6	11	2.399823246059446	0.13471614689645714	21.15731196066822
18000.0	6	12	2.4230353723254785	0.16556007678775403	21.276404787425896
18000.0	6	13	2.4985301745670965	0.20647160060870265	21.380580061401453
18000.0	6	14	2.641113833994673	0.25620333356475017	21.45135570663846
18000.0	6	15	2.864387303038219	0.3117609839959274	21.475778537088832
18000.0	6	16	3.175666888166248	0.3685679033425354	21.450050175517934
18000.0	6	17	3.5698827477666715	0.42135515594100265	21.380514805401738
18000.0	6	18	4.024410259332176	0.46541909666500336	21.281690105709494
18000.0	6	19	4.498990836817999	0.49751349726436755	21.17206312435889
18000.0	6	20	4.944562678112562	0.5157648025219563	21.069033351891722
18000.0	6	21	5.320315825971478	0.5186533938672414	20.98413181073881
18000.0	6	22	5.612264851867262	0.5038676548872489	20.918981512257
18000.0	6	23	5.844431646109076	0.468220130573975	20.86218725152275
18000.0	6	24	6.0786985768788	0.4095266018463867	20.78721553648028
18000.0	6	25	6.40990677822027	0.3301149420305322	20.650241484218753
18000.0	6	26	6.969557208164812	0.23951216555488888	20.384256676789487
18000.0	6	27	7.924666126156168	0.1527011921192493	19.881986918492007
18000.0	6	28	9.307965402007818	0.08268796342263163	18.97014796955987
18000.0	6	29	10.219227412930358	0.03052927551746026	17.49980240729828

18000.0	7	0	10.5467778269224	0.03108282454258422	17.43237000388109
18000.0	7	1	8.809236084769399	0.05835054278971626	18.802474619151678
18000.0	7	2	6.534540094754322	0.09051953897893816	19.629355579338476
18000.0	7	3	4.922202750613199	0.11933233391949331	20.146957598189893
18000.0	7	4	3.8755892780143357	0.13524669968452502	20.49662090860485
18000.0	7	5	3.2073470364411483	0.13601925081530716	20.728204389545425
18000.0	7	6	2.7887203883834624	0.12703367879886202	20.871337949634924
18000.0	7	7	2.530736367435311	0.116188520698426	20.958783191912847
18000.0	7	8	2.3726382096844785	0.10958052025705281	21.02440937056076
18000.0	7	9	2.276174441801768	0.11055548461476071	21.095034337323597
18000.0	7	10	2.2209332866259404	0.12072754340536197	21.18457095967114
18000.0	7	11	2.2000891554074293	0.14104389773507445	21.292645862369614
18000.0	7	12	2.2165907308333295	0.17210741027046378	21.407259899628173
18000.0	7	13	2.279688078132888	0.2138269179838035	21.510050278521618
18000.0	7	14	2.401557211968189	0.26477502262039704	21.582416716105715
18000.0	7	15	2.593663094406207	0.32171280183751094	21.61101059236085
18000.0	7	16	2.862422311650903	0.37969828057679644	21.59141582632497
18000.0	7	17	3.2041959145321246	0.43294262646674136	21.529123654511384
18000.0	7	18	3.6011751828672054	0.47612268208489433	21.437507978231878
18000.0	7	19	4.021536051180545	0.5054675695477888	21.333506465517626
18000.0	7	20	4.427017496211299	0.5189743636904394	21.23244002700568
18000.0	7	21	4.7873354541830375	0.5156544591947172	21.1432794676751
18000.0	7	22	5.095767305435628	0.4944276622070506	21.065014243786315
18000.0	7	23	5.37855014484036	0.4537270046631806	20.984339173329523
18000.0	7	24	5.6952121806867035	0.3927640752434093	20.87460087359184
18000.0	7	25	6.135912554810202	0.3143791799233607	20.694848762389327
18000.0	7	26	6.8275550744718565	0.22741639603686542	20.38497266993898
18000.0	7	27	7.934968486056442	0.14532166096454835	19.84796432269486
18000.0	7	28	9.489588576548623	0.07964734275483727	18.91725992798024
18000.0	7	29	10.5467778269224	0.03108282454258422	17.43237000388109

18000.0	8	0	11.271510038509184	0.038504930225413986	17.363219805669303
18000.0	8	1	9.376687341712591	0.07071974821794477	18.78604217403225
18000.0	8	2	6.874311085879039	0.10924738441512359	19.65143771389619
18000.0	8	3	5.087227108175359	0.14366026541164703	20.19956590276151
18000.0	8	4	3.9230993412415676	0.16195398029935115	20.575391858542037
18000.0	8	5	3.1813307588570194	0.16137663693875848	20.82706673133408
18000.0	8	6	2.7188773643859445	0.1486357658566658	20.982234277782645
18000.0	8	7	2.435403324201017	0.133368231660975	21.073924698648145
18000.0	8	8	2.2627828302779474	0.12285012966859944	21.138252074221477
18000.0	8	9	2.158353449944044	0.12092642299526728	21.20495680764218
18000.0	8	10	2.0988553874218123	0.1292813268495789	21.29040813822724
18000.0	8	11	2.07525462356382	0.1487346315137831	21.395642147265185
18000.0	8	12	2.0885117922596574	0.17968265562847774	21.509026576087386
18000.0	8	13	2.145997982072727	0.22179090733078016	21.611908497504494
18000.0	8	14	2.2581669813562404	0.2733629737842902	21.68519784322497
18000.0	8	15	2.435101058857398	0.33086709445724444	21.71514413707198
18000.0	8	16	2.682558183265537	0.38904428304935235	21.697063756760514
18000.0	8	17	2.997583182247433	0.4417716867928536	21.636191420914972
18000.0	8	18	3.3650732005301407	0.4834147340848889	21.545473439321224
18000.0	8	19	3.7582421639104053	0.5100150027794226	21.441079069139082
18000.0	8	20	4.145695230524359	0.5196661926041898	21.337107571324246
18000.0	8	21	4.504504419134154	0.5119143245579646	21.24087129487116
18000.0	8	22	4.8342346134081335	0.48667649344757163	21.149500779881055
18000.0	8	23	5.16551059046123	0.4436103089108904	21.048149913488004
18000.0	8	24	5.56076635650376	0.3828499332404822	20.90978481287803
18000.0	8	25	6.112607151106249	0.3072540160151751	20.695448093587274
18000.0	8	26	6.950241998175757	0.2246010035619829	20.350746872891623
18000.0	8	27	8.240595215311172	0.14678710371176368	19.788049316676066
18000.0	8	28	10.013727175063778	0.08441409220998602	18.848190480615465
18000.0	8	29	11.271510038509184	0.038504930225413986	17.363219805669303

18000.0	9	0	12.41460315622761	0.05367681218285501	17.269595270675786
18000.0	9	1	10.264318506018812	0.09133718359893198	18.7347211814622
18000.0	9	2	7.433189104285649	0.13694391745479206	19.63507779328853
18000.0	9	3	5.398677513679697	0.17702745935144631	20.21279160355048
18000.0	9	4	4.073163595852418	0.19691253604998382	20.614308439151877
18000.0	9	5	3.2340365533754767	0.19384354273553533	20.8860192099508
18000.0	9	6	2.715156762615175	0.17637080967877045	21.054419505627195
18000.0	9	7	2.399275880046652	0.15602657279694412	21.153324502434877
18000.0	9	8	2.2082120554731186	0.14119910362908938	21.2208119656904
18000.0	9	9	2.09385374169144	0.1361503262350455	21.288670996688072
18000.0	9	10	2.02986078218154	0.14259257960470992	21.37465255547585
18000.0	9	11	2.005150207027643	0.16117834396400763	21.480235260683017
18000.0	9	12	2.019069593226415	0.19201928063946871	21.593489185999562
18000.0	9	13	2.0776079644412353	0.23441145466059304	21.695216353045474
18000.0	9	14	2.1900147879941345	0.2862388911248308	21.766017242586354
18000.0	9	15	2.3653642076574517	0.34355595264644717	21.792287690140718
18000.0	9	16	2.6087305042809037	0.4007658101663752	21.769834684857162
18000.0	9	17	2.9171191979267985	0.45154512200701313	21.70440234330223
18000.0	9	18	3.276545947575827	0.49023113277278535	21.609122865301508
18000.0	9	19	3.6629933185097765	0.5130292923685519	21.49981713740913
18000.0	9	20	4.049560816636692	0.5184252923665456	21.38966793132794
18000.0	9	21	4.418969897488555	0.5066429563322695	21.284622353439666
18000.0	9	22	4.776722388778861	0.4785687943845588	21.180236036772623
18000.0	9	23	5.159358016958372	0.4349238030116332	21.060239376789443
18000.0	9	24	5.6359978594165385	0.3764939425910186	20.896906942355564
18000.0	9	25	6.307822024842176	0.3057614575025397	20.652347521911523
18000.0	9	26	7.313958925423411	0.2289678398762992	20.27650011176936
18000.0	9	27	8.829437926671861	0.15614147028369094	19.690183393683935
18000.0	9	28	10.882732176533487	0.09706639931610545	18.743777977749883
18000.0	9	29	12.41460315622761	0.05367681218285501	17.269595270675786

18000.0	10	0	14.01670641303327	0.08021608409669236	17.124564066391503
18000.0	10	1	11.4957941545858	0.12311031766226262	18.637103074868882
18000.0	10	2	8.212580215590254	0.1758231622724596	19.57903333527491
18000.0	10	3	5.847410412389553	0.2208136828981203	20.192074871912766
18000.0	10	4	4.313667537661343	0.24085702695461467	20.62266809664948
18000.0	10	5	3.352825102327775	0.23399078208393126	20.916282221179397
18000.0	10	6	2.764627035238922	0.21104507715129894	21.10013311709755
18000.0	10	7	2.409059767176272	0.185345085718143	21.209897390209147
18000.0	10	8	2.1953957492276914	0.166147306173361	21.285351863240574
18000.0	10	9	2.0691578600385387	0.15800269728024138	21.359200054576643
18000.0	10	10	2.000656257447227	0.16262596436024734	21.449257562233093
18000.0	10	11	1.9767745341592773	0.18047869369937464	21.556457109467868
18000.0	10	12	1.9954180857411865	0.21130363394493248	21.668169929159998
18000.0	10	13	2.0614445550899956	0.25387692150162133	21.76486720487749
18000.0	10	14	2.1831360750220665	0.30548570299652944	21.827531778828767
18000.0	10	15	2.3686402666892077	0.3616365069989513	21.84364857825852
18000.0	10	16	2.6220832369258944	0.41638223784858003	21.81045745409125
18000.0	10	17	2.939649564142905	0.46335672596838806	21.73493475782682
18000.0	10	18	3.3071676690660743	0.497178485346524	21.630778396556458
18000.0	10	19	3.7018282099407265	0.514586699476773	21.51351505228692
18000.0	10	20	4.099882004279912	0.5147668147656503	21.395281196567666
18000.0	10	21	4.489015163742381	0.49878093924313155	21.280519847985676
18000.0	10	22	4.880910079894042	0.4684961129483252	21.163154798007575
18000.0	10	23	5.319436939977093	0.42562482888623626	21.025442861074378
18000.0	10	24	5.883519611581872	0.371506519518514	20.838673143556218
18000.0	10	25	6.68867785801542	0.3080780177719224	20.565168956033762
18000.0	10	26	7.8930251874746	0.23968891711007523	20.157739333335066
18000.0	10	27	9.68992648617981	0.17400821057411892	19.544431576591112
18000.0	10	28	12.110050680550389	0.11976409035411426	18.58685632660403
18000.0	10	29	14.01670641303327	0.08021608409669236	17.124564066391503

18000.0	11	0	16.057265051257446	0.1268564134086769	16.908989493964967
18000.0	11	1	13.051315070531423	0.17242510840476616	18.487660197603365
18000.0	11	2	9.18714468069162	0.2299242541541045	19.485881563171347
18000.0	11	3	6.413033490614753	0.27670593108706	20.14453170081366
18000.0	11	4	4.631422614823936	0.29391653650492555	20.609633826625913
18000.0	11	5	3.528895936643937	0.28150703750087575	20.927713522654983
18000.0	11	6	2.8600903953074	0.2526206777318768	21.12944550149656
18000.0	11	7	2.45780827200392	0.2217439701366476	21.25368195580723
18000.0	11	8	2.2172816485553173	0.19847838926494954	21.341461200821545
18000.0	11	9	2.0771522601333228	0.18747505173793777	21.4250389018711
18000.0	11	10	2.0041782082108988	0.19044359054274046	21.520929913911846
18000.0	11	11	1.9831520784030978	0.2076484003681504	21.62874895246075
18000.0	11	12	2.010570553759903	0.23837917053702495	21.735193795480313
18000.0	11	13	2.0902205394847573	0.2807399301341619	21.821106594525997
18000.0	11	14	2.229407464346717	0.3312629851759431	21.868929075533767
18000.0	11	15	2.4351414936303346	0.38482696913961706	21.868350058088694
18000.0	11	16	2.710053854918811	0.43520261347373573	21.81891526357133
18000.0	11	17	3.0485874626217884	0.4762155388492781	21.729290762924887
18000.0	11	18	3.435262220488419	0.5031116208093322	21.613749052445556
18000.0	11	19	3.847528733586481	0.5135107788871258	21.487195056494443
18000.0	11	20	4.264377689239959	0.507534868793195	21.360261062548197
18000.0	11	21	4.678700854610176	0.48715864053967833	21.235505853882504
18000.0	11	22	5.109126730127662	0.45518211867216	21.105043254253072
18000.0	11	23	5.608078431068704	0.4142635669951254	20.949656650551677
18000.0	11	24	6.266420955456884	0.3663844441513264	20.739593279219694
18000.0	11	25	7.218510517825179	0.31314139287333037	20.436828374648517
18000.0	11	26	8.65054361536517	0.257035103647605	19.99559845857587
18000.0	11	27	10.78815134232895	0.20296440408409422	19.349304657017896
18000.0	11	28	13.673053270609083	0.1580119825616411	18.37042396250992
18000.0	11	29	16.057265051257446	0.1268564134086769	16.908989493964967

18000.0	12	0	18.279568355195487	0.21320847057583334	16.62613786595211
18000.0	12	1	14.763370165519731	0.25221090728088935	18.296632440807542
18000.0	12	2	10.255423404905535	0.30615393615123326	19.36741543797597
18000.0	12	3	7.04437283761787	0.34668989945676554	20.080754106217753
18000.0	12	4	5.004865789158629	0.35541973725058323	20.58379604101449
18000.0	12	5	3.7540054896725827	0.3351455269416481	20.927309650324247
18000.0	12	6	2.997972660936014	0.30028236860284624	21.14838292564866
18000.0	12	7	2.5431664930136924	0.2649994233196817	21.289922811021295
18000.0	12	8	2.2716820122713743	0.23838364499308146	21.39330548482393
18000.0	12	9	2.115604938743093	0.22494709474871133	21.48877119286755
18000.0	12	10	2.0381453560035037	0.22641128565153582	21.590308440272793
18000.0	12	11	2.021934463650935	0.24285738628349818	21.695835581751492
18000.0	12	12	2.0619875430601846	0.27305251766904165	21.79187660309443
18000.0	12	13	2.160899140703455	0.3143095086992131	21.86072451400067
18000.0	12	14	2.3247243092426264	0.36232124742942884	21.88752150040742
18000.0	12	15	2.5587925560014337	0.4113730914554715	21.865188320508388
18000.0	12	16	2.8633764840308396	0.45514801671345484	21.796144501661406
18000.0	12	17	3.230135273347334	0.48798448912153586	21.69077513093977
18000.0	12	18	3.641439181567926	0.5061039953905575	21.563513319672882
18000.0	12	19	4.074786084025752	0.5082657553180041	21.428005461594466
18000.0	12	20	4.512466039350693	0.49562248160193256	21.29276947704825
18000.0	12	21	4.953622332116646	0.4709933303007421	21.158089246555132
18000.0	12	22	5.424841176557238	0.437964237819556	21.014202953290596
18000.0	12	23	5.987653126392588	0.40008396099663024	20.840682404281903
18000.0	12	24	6.74496596911744	0.3602444284664501	20.60713784998824
18000.0	12	25	7.850567408390654	0.32042552036830146	20.27525042532121
18000.0	12	26	9.522311486923353	0.2821914153560044	19.799697906304942
18000.0	12	27	12.026998949205918	0.2480897439598263	19.116843869179228
18000.0	12	28	15.421035100790757	0.22317151918278402	18.106492701198714
18000.0	12	29	18.279568355195487	0.21320847057583334	16.62613786595211

18000.0	13	0	19.865641630412007	0.38123589616108033	16.318053866469175
18000.0	13	1	16.16039639409909	0.38614924532604605	18.101343227598854
18000.0	13	2	11.186298774864621	0.4143774698149088	19.250177171760146
18000.0	13	3	7.6450620065193275	0.43207694640136807	20.016296859801113
18000.0	13	4	5.399926367925722	0.42331390828030124	20.552902319024287
18000.0	13	5	4.018226898364254	0.39257885550451516	20.918522132803954
18000.0	13	6	3.1763583888695015	0.35242360689475505	21.158271606311192
18000.0	13	7	2.665501774997658	0.3142117133261366	21.318568377978224
18000.0	13	8	2.3594996299936137	0.285403495453193	21.439415925156226
18000.0	13	9	2.1854840033443526	0.27013172053321266	21.547333908185646
18000.0	13	10	2.1034493970615196	0.270175168682776	21.652843316359476
18000.0	13	11	2.093816605696027	0.28546808238508503	21.75222880123056
18000.0	13	12	2.149939163732686	0.31422292854988865	21.832707728452295
18000.0	13	13	2.272890437703347	0.3529198499935476	21.879258319549162
18000.0	13	14	2.4668972315652105	0.3964540024251454	21.880864635386075
18000.0	13	15	2.7347089335672194	0.4387052746806114	21.83438215853081
18000.0	13	16	3.0731150644066387	0.47359119846821185	21.745207984486893
18000.0	13	17	3.470017866145091	0.4963273370628093	21.62500601318212
18000.0	13	18	3.905353837518796	0.5043894866181341	21.48762066577927
18000.0	13	19	4.357379064869169	0.4977792686392876	21.344681633023033
18000.0	13	20	4.813137238014487	0.4785976322857036	21.20206111038003
18000.0	13	21	5.279527163336588	0.45029658214710794	21.0575815978429
18000.0	13	22	5.791878766762303	0.41700722656965217	20.899806324624837
18000.0	13	23	6.420140493058815	0.38307245566864523	20.70770458275027
18000.0	13	24	7.276046725968745	0.35266503704287516	20.451230473166447
18000.0	13	25	8.525517192433984	0.3294253337423938	20.092877236382822
18000.0	13	26	10.404945410669237	0.31638022695487866	19.588331045660205
18000.0	13	27	13.200664097562319	0.3167084216113944	18.8754375037563
18000.0	13	28	16.93604754373098	0.3358100490597924	17.83456846896292
18000.0	13	29	19.865641630412007	0.38123589616108033	16.318053866469175

18000.0	14	0	19.195502593884292	0.7063946314957716	16.08548081286627
18000.0	14	1	16.395568017038983	0.6075934570349915	17.975004573205446
18000.0	14	2	11.627688308054584	0.5627454457322142	19.176527903464855
18000.0	14	3	8.08673552305303	0.5305369394469921	19.970337921578853
18000.0	14	4	5.774670085750583	0.49330240299297434	20.523165572796994
18000.0	14	5	4.30974300443075	0.45038350507195035	20.901725240528666
18000.0	14	6	3.3932222226338613	0.40668584374904987	21.156923150916505
18000.0	14	7	2.8258711251007713	0.3677091876328602	21.335816896046587
18000.0	14	8	2.482773342768043	0.338235816342848	21.474512557281773
18000.0	14	9	2.2891188303760046	0.3218553571943358	21.59415929758253
18000.0	14	10	2.2023906645817095	0.320468130704175	21.70125788147864
18000.0	14	11	2.200780087373492	0.33391686574625984	21.79088925461501
18000.0	14	12	2.2756739159554735	0.35989033893243627	21.851983557466934
18000.0	14	13	2.426057611409245	0.3941146162592459	21.873322615936093
18000.0	14	14	2.6534333112897834	0.4308883113387282	21.848526991652292
18000.0	14	15	2.9567839754705614	0.46402357246525516	21.778600004938824
18000.0	14	16	3.3282604778433766	0.48807033022996393	21.671517847112725
18000.0	14	17	3.7514773975325544	0.49944265081615613	21.53941817242572
18000.0	14	18	4.204536357461312	0.4969997121665866	21.394686325478443
18000.0	14	19	4.668096583752195	0.4818976192868681	21.246305454019648
18000.0	14	20	5.135907924749424	0.456945067618956	21.097259704753547
18000.0	14	21	5.623986195543245	0.42592346774104883	20.94305280731602
18000.0	14	22	6.176484347216221	0.39321531335277454	20.77105786314168
18000.0	14	23	6.869609987447686	0.36378698238191925	20.560507214173704
18000.0	14	24	7.816925572564679	0.3433774059514869	20.28315563343235
18000.0	14	25	9.17829236172603	0.3388139462600789	19.90476040415144
18000.0	14	26	11.166100874286393	0.358656419756698	19.38565830194752
18000.0	14	27	13.993252689274085	0.4146614986377779	18.66805349634122
18000.0	14	28	17.453294517662137	0.5243366308228896	17.626848139887887
18000.0	14	29	19.195502593884292	0.7063946314957716	16.08548081286627

18000.0	15	0	14.970416621199288	1.2521922469163744	16.0963887506676
18000.0	15	1	14.712922524969063	0.9293303716842973	18.016717678715672
18000.0	15	2	11.29396603051342	0.7425766057746395	19.19154478828478
18000.0	15	3	8.271817488683858	0.6315981090839974	19.9582122016329
18000.0	15	4	6.0956405384248935	0.5585740986605148	20.497512179966197
18000.0	15	5	4.6168098514415155	0.5045002664826582	20.875635548070587
18000.0	15	6	3.6447609282464413	0.46019061783948706	21.141346248178113
18000.0	15	7	3.0237506028438257	0.4230270366569125	21.337271036377416
18000.0	15	8	2.6424748856605857	0.39458115281571116	21.492812116397538
18000.0	15	9	2.4281286867006147	0.377861043566411	21.62251956877474
18000.0	15	10	2.3366787158881026	0.3749389980209385	21.72879909652076
18000.0	15	11	2.344091161057446	0.3856306189786357	21.806191851998808
18000.0	15	12	2.439350524738807	0.4072133643645744	21.846269694623047
18000.0	15	13	2.618556594785421	0.4348790595883361	21.842374717242823
18000.0	15	14	2.8793528368132795	0.4626827479250245	21.79303653459887
18000.0	15	15	3.2157224600738554	0.48480047168575546	21.70307740748132
18000.0	15	16	3.614406011776949	0.49679292134857733	21.58224986584393
18000.0	15	17	4.055063429156121	0.4964572602740092	21.442218670991334
18000.0	15	18	4.515555938592102	0.48396987086780763	21.293185982100457
18000.0	15	19	4.981140525157366	0.4613846834237528	21.141204115716338
18000.0	15	20	5.454008854114331	0.4318896399985444	20.98652753277525
18000.0	15	21	5.959869218210798	0.39927979148881687	20.822810878344303
18000.0	15	22	6.550864004042819	0.36789926845230153	20.63689323780465
18000.0	15	23	7.306349294069986	0.3430782797101768	20.409144585756913
18000.0	15	24	8.332505018934327	0.33208086669683845	20.114640612899702
18000.0	15	25	9.756638462623542	0.34589759965430456	19.725769436038412
18000.0	15	26	11.696047510733667	0.4028341304665926	19.21470884003157
18000.0	15	27	14.114975244417451	0.5353499869136341	18.5394614666471
18000.0	15	28	16.217721225760673	0.7989896677300584	17.576183068063482
18000.0	15	29	14.970416621199288	1.2521922469163744	16.0963887506676

18000.0	16	0	9.048515728111425	1.8710288842499738	16.495464346889555
18000.0	16	1	11.554703863767132	1.2714693337611847	18.28604176063348
18000.0	16	2	10.285473940132748	0.912241028825227	19.308716637837403
18000.0	16	3	8.216436763153204	0.7168598785300331	19.979406071667086
18000.0	16	4	6.356511918473857	0.6118144838353934	20.474030486711012
18000.0	16	5	4.929775103463225	0.55129174834582	20.839364222252154
18000.0	16	6	3.9235269279397054	0.509932494844146	21.110804297945048
18000.0	16	7	3.2545250922953364	0.47703896542883745	21.321246841579416
18000.0	16	8	2.836055724124534	0.4511784193985993	21.491358122096322
18000.0	16	9	2.6011008664111763	0.43481674523734215	21.62871786421109
18000.0	16	10	2.5051874454951744	0.4301891707806125	21.732096813421077
18000.0	16	11	2.5220763303944866	0.437145506228961	21.796247341880143
18000.0	16	12	2.637822853154951	0.4527457692894619	21.81601448083104
18000.0	16	13	2.844716073046873	0.4719905426377405	21.789527822478167
18000.0	16	14	3.135410639595892	0.489137140637712	21.719912409220978
18000.0	16	15	3.498024567223146	0.49915335932410715	21.61501596077983
18000.0	16	16	3.913959803493095	0.49886779618623395	21.485369038840886
18000.0	16	17	4.3603100614869374	0.4874528694412635	21.341341115473167
18000.0	16	18	4.816953866842179	0.46615952959543766	21.190591961209446
18000.0	16	19	5.275740138993111	0.43759046619249536	21.036403470178616
18000.0	16	20	5.748075141468226	0.40498594168994184	20.876829172313222
18000.0	16	21	6.268781364360157	0.37189757173020066	20.704341657582415
18000.0	16	22	6.896435505930633	0.34239849896554997	20.505868472629356
18000.0	16	23	7.710620685809553	0.3218750859321863	20.263481911009155
18000.0	16	24	8.802372940130152	0.3186657750093179	19.956516666982296
18000.0	16	25	10.242404025373311	0.34755208799482024	19.566779325324184
18000.0	16	26	11.983384612704137	0.43760005161559457	19.086282843637036
18000.0	16	27	13.574935460875189	0.6484468176517693	18.50733298651171
18000.0	16	28	13.462426195805389	1.0911862179528942	17.73695115437589
18000.0	16	29	9.048515728111425	1.8710288842499738	16.495464346889555

18000.0	17	0	4.810000192125118	2.2362809753400157	17.2202538813539
18000.0	17	1	8.478630392074681	1.495555644493946	18.71474701779917
18000.0	17	2	9.100732591533575	1.023282278928205	19.483125913991405
18000.0	17	3	8.05624820045881	0.7720424867818773	20.013923202220706
18000.0	17	4	6.579214624388079	0.6490114101807293	20.447830143277105
18000.0	17	5	5.239924936014693	0.5884686444652293	20.794690951863366
18000.0	17	6	4.216345690850219	0.5530955191907558	21.068811971503177
18000.0	17	7	3.5071513787842923	0.5262318969252301	21.290661690917318
18000.0	17	8	3.0551298415980987	0.5040938901941526	21.471893812925174
18000.0	17	9	2.801360511197908	0.4886124018492131	21.61385783628074
18000.0	17	10	2.7018043121720514	0.4820955037099585	21.712638619774616
18000.0	17	11	2.7280571419983963	0.4844794397927916	21.763888251186767
18000.0	17	12	2.8627485716759393	0.49285725474480413	21.76592294538837
18000.0	17	13	3.0935496067726707	0.5024428711995987	21.721303667811945
18000.0	17	14	3.4073947196370113	0.5081371631707644	21.63691821375005
18000.0	17	15	3.786491084828578	0.5060192676075168	21.522570568900363
18000.0	17	16	4.208050029310595	0.4942580156488369	21.388626179800276
18000.0	17	17	4.6487712782012345	0.4732122736219206	21.24367081042779
18000.0	17	18	5.092733581236369	0.44486503146759876	21.092910768067945
18000.0	17	19	5.539387602030311	0.4120212135757432	20.93739765719941
18000.0	17	20	6.0087565880859	0.3777179039333432	20.773707612394205
18000.0	17	21	6.543098836322759	0.3451003799532508	20.59377341016214
18000.0	17	22	7.20555562524774	0.3178251588798378	20.38499184772444
18000.0	17	23	8.074266250583158	0.301065856872763	20.13119878492267
18000.0	17	24	9.222454250696918	0.3035945214487522	19.815913413243777
18000.0	17	25	10.655427454932816	0.34250414568340865	19.43095054029944
18000.0	17	26	12.134423672633618	0.4544328683361423	18.991962484685516
18000.0	17	27	12.763899524663781	0.7192448794691413	18.540096518905845
18000.0	17	28	10.549062102306053	1.2833073616800883	18.051278061121298
18000.0	17	29	4.810000192125118	2.2362809753400157	17.2202538813539

18000.0	18	0	2.823022302779367	2.30019925076641	18.042311272734395
18000.0	18	1	6.487357286392094	1.5692431279374397	19.138889775012075
18000.0	18	2	8.222662932022672	1.0675283515225376	19.63686582944775
18000.0	18	3	7.951132232474952	0.7972256572127917	20.03581419567761
18000.0	18	4	6.79274421865179	0.6706142060664382	20.416333151771187
18000.0	18	5	5.534966254801844	0.6149524202106774	20.747482045221002
18000.0	18	6	4.5029626579845905	0.5871359679268104	21.023152552851233
18000.0	18	7	3.7631125609247964	0.5670437385951984	21.25273855998725
18000.0	18	8	3.284346940473515	0.54917638430347	21.44061218682957
18000.0	18	9	3.0158046156139675	0.5348575900225663	21.58363151255559
18000.0	18	10	2.914305818690282	0.52632511371522	21.676441520207952
18000.0	18	11	2.9493862463030065	0.5236448278670163	21.716073424813487
18000.0	18	12	3.099999737340406	0.5242019021489598	21.704030964514175
18000.0	18	13	3.3488675564760997	0.5238008543409884	21.64643443972183
18000.0	18	14	3.6772878968423393	0.5183211629832931	21.55275954839049
18000.0	18	15	4.062576572649775	0.5050953003113061	21.433658401661976
18000.0	18	16	4.479772548735661	0.4835204411812413	21.298646233437236
18000.0	18	17	4.907450638866485	0.45484133055205733	21.154448643312822
18000.0	18	18	5.335204941695864	0.42142562107031184	21.004275744245287
18000.0	18	19	5.769690445188552	0.3860082870095511	20.847671066519133
18000.0	18	20	6.237668880841029	0.3512676157450411	20.680422234983855
18000.0	18	21	6.786425506891134	0.3198712224641513	20.494372183667373
18000.0	18	22	7.481834333766482	0.2949989526030698	20.27749135316062
18000.0	18	23	8.400486093929315	0.2814470351531723	20.015053021497646
18000.0	18	24	9.60125876202585	0.28790367153489976	19.693818418990467
18000.0	18	25	11.034990233525736	0.3322518665055994	19.313634200210156
18000.0	18	26	12.299613785805676	0.4543969350438728	18.910740376861728
18000.0	18	27	12.150671352066784	0.7424986254439767	18.575875530639678
18000.0	18	28	8.558073011479628	1.3470555070096302	18.37793906347127
18000.0	18	29	2.823022302779367	2.30019925076641	18.042311272734395

18000.0	19	0	2.1501725565558045	2.2562020981922437	18.70619956678435
18000.0	19	1	5.629231933872475	1.5667296860220412	19.407141677270385
18000.0	19	2	7.861541102658779	1.071169526620658	19.709683817571467
18000.0	19	3	7.995198863935864	0.8014304805191464	20.03080869088828
18000.0	19	4	7.00866283819423	0.6788592189557329	20.383312777838515
18000.0	19	5	5.7951735478656925	0.6299682765759872	20.707064638780253
18000.0	19	6	4.75727190127615	0.6096775164404087	20.983889327430237
18000.0	19	7	3.9983039810552516	0.5960914956937554	21.21678753966638
18000.0	19	8	3.50303425926205	0.5824299841120296	21.406043717587554
18000.0	19	9	3.22628928661632	0.569317600235604	21.546326622955515
18000.0	19	10	3.1256652614842633	0.5587822396174916	21.632091737873434
18000.0	19	11	3.1689129738134714	0.5510501544852321	21.661898940039105
18000.0	19	12	3.3315732599683714	0.5440074296890892	21.639708796020557
18000.0	19	13	3.591904962201065	0.5343138030460433	21.573967170498737
18000.0	19	14	3.9267008523731253	0.5189882189487128	21.47543998458894
18000.0	19	15	4.310336338092296	0.4965703227311272	21.35468009848401
18000.0	19	16	4.7179808823825695	0.4674446869445525	21.220016113497785
18000.0	19	17	5.131697631536658	0.4334170047593265	21.07658943132819
18000.0	19	18	5.546602040579941	0.39695811561879296	20.926267640089378
18000.0	19	19	5.974851211735994	0.3605630310413132	20.76780526807257
18000.0	19	20	6.4472521493002475	0.3264868816988771	20.59675912388534
18000.0	19	21	7.013441957848553	0.29691527752040814	20.405175569878132
18000.0	19	22	7.7403649734714515	0.2745541127613248	20.18157598144071
18000.0	19	23	8.703939728979831	0.263766864125584	19.912211246321494
18000.0	19	24	9.956130699932475	0.2729016036810034	19.585735546394833
18000.0	19	25	11.417895535138094	0.319770021826775	19.206436686365656
18000.0	19	26	12.587850691444734	0.44498431362966584	18.822704824430502
18000.0	19	27	12.004381091487353	0.7385165319570796	18.560876541562067
18000.0	19	28	7.704254098660094	1.3452715196066993	18.579827479810845
18000.0	19	29	2.1501725565558045	2.2562020981922437	18.70619956678435

18000.0	20	0	2.1730296843413326	2.250737050587989	18.991016771778735
18000.0	20	1	5.665398598035236	1.5557541260624381	19.444123267567075
18000.0	20	2	8.015713572908602	1.0582604762229133	19.68608611772331
18000.0	20	3	8.194526471402666	0.79177226416418	20.003207529851625
18000.0	20	4	7.211167462429135	0.6747839159619122	20.35837035785334
18000.0	20	5	5.99486643149769	0.6322191245918061	20.68347549294476
18000.0	20	6	4.952758237576843	0.618231020628188	20.960091309029327
18000.0	20	7	4.18901631472667	0.6100714239679585	21.190917266197577
18000.0	20	8	3.6907324056573314	0.6000250701498032	21.375866133331893
18000.0	20	9	3.414656206011383	0.5879965498951907	21.50972716182392
18000.0	20	10	3.3187894196966328	0.5757069719611558	21.587731518030324
18000.0	20	11	3.3697060130977885	0.5635453978927959	21.609719619088725
18000.0	20	12	3.5405238858888146	0.5500048588423466	21.581021501944132
18000.0	20	13	3.806512043838038	0.5326991450079387	21.510990353088967
18000.0	20	14	4.142055048446506	0.5097582443393432	21.410444013687208
18000.0	20	15	4.5210242707979065	0.48073448042097283	21.28915226918806
18000.0	20	16	4.920666108046346	0.4467039602649847	21.154245951256545
18000.0	20	17	5.327062553995603	0.40974959362160307	21.00978848284758
18000.0	20	18	5.739618645168552	0.3722569299823774	20.857029302227584
18000.0	20	19	6.173458988112574	0.33640331036950155	20.69462000447483
18000.0	20	20	6.660462241733055	0.3040207064767313	20.518398202682285
18000.0	20	21	7.249970862401759	0.276847535343554	20.320880473562266
18000.0	20	22	8.008340685286417	0.2571545998457152	20.091097119438103
18000.0	20	23	9.011541913599627	0.24889143879591838	19.815810897154808
18000.0	20	24	10.312204873573632	0.26001574189646065	19.484233258912717
18000.0	20	25	11.828635845057745	0.3080119261077662	19.101329725238564
18000.0	20	26	13.033853274556781	0.43348436209980074	18.717541666203275
18000.0	20	27	12.372499035519324	0.7276322846678496	18.471909730882466
18000.0	20	28	7.822664820407522	1.3379765815226656	18.579429659569943
18000.0	20	29	2.1730296843413326	2.250737050587989	18.991016771778735

18000.0	21	0	2.711827570229272	2.301516224519276	18.84278645652929
18000.0	21	1	6.413807347780975	1.5484807162454712	19.276095991299165
18000.0	21	2	8.574286095140014	1.0340072657511177	19.595175294891003
18000.0	21	3	8.485711597378678	0.7692260561234513	19.97159492999095
18000.0	21	4	7.364487307630408	0.6572350959570943	20.352623567104626
18000.0	21	5	6.110744537006641	0.6194277172141746	20.683540934453962
18000.0	21	6	5.071808659455934	0.6097456182016673	20.956229552226183
18000.0	21	7	4.321107779320044	0.60532945195613	21.178612260009643
18000.0	21	8	3.8356862522632085	0.5979406858368752	21.35354336991045
18000.0	21	9	3.5705258275846767	0.5868474059125223	21.477770200825372
18000.0	21	10	3.4838161690011895	0.5734056426334617	21.547782749502865
18000.0	21	11	3.5420508414350858	0.5581162246914749	21.56405817045404
18000.0	21	12	3.7177018036655314	0.5400518550839724	21.531969699233464
18000.0	21	13	3.9854141059138612	0.5177037596024999	21.460324120109362
18000.0	21	14	4.319896139874143	0.4901251907463174	21.35891146311239
18000.0	21	15	4.696947620922431	0.4575991630888288	21.236297508711168
18000.0	21	16	5.097128486163526	0.4216015230588984	21.098643167965484
18000.0	21	17	5.510037360334807	0.384277218905459	20.949577814655882
18000.0	21	18	5.937319938211615	0.3478225167236976	20.79051879535423
18000.0	21	19	6.394193170630876	0.31408426490328867	20.62075748392654
18000.0	21	20	6.9106268960452635	0.28450762583271	20.436993848585725
18000.0	21	21	7.533007643808023	0.2604362451651364	20.232530632409475
18000.0	21	22	8.325069065845845	0.24376051464506332	19.996883342235662
18000.0	21	23	9.362337371577004	0.2380706374061399	19.716913635788544
18000.0	21	24	10.702517943911193	0.25097824069897456	19.38133738977483
18000.0	21	25	12.281243472172125	0.2996261531218025	18.992968778439423
18000.0	21	26	13.607687907734519	0.4244629699276317	18.596175853083487
18000.0	21	27	13.148397573503413	0.7183511274351853	18.320652723366987
18000.0	21	28	8.706736523699323	1.3400405767886914	18.38979841333737
18000.0	21	29	2.711827570229272	2.301516224519276	18.84278645652929

18000.0	22	0	3.76110003565647	2.349774561358393	18.42175372352852
18000.0	22	1	7.704176347655369	1.5220090475207861	19.012660815809568
18000.0	22	2	9.348348445206076	0.9918304771310346	19.49208041372737
18000.0	22	3	8.767412720581822	0.7309048197700723	19.95829366357569
18000.0	22	4	7.43214594744301	0.6234270197980454	20.372661332854452
18000.0	22	5	6.134405247945595	0.5882773784561438	20.706801112474412
18000.0	22	6	5.115661532317831	0.5803781896695323	20.968974908692026
18000.0	22	7	4.3987001928168015	0.5776436441953997	21.17588391481679
18000.0	22	8	3.9426342972690067	0.5718079210217255	21.335554989844425
18000.0	22	9	3.698395507879102	0.5616507586797826	21.447753786492008
18000.0	22	10	3.6247038678553034	0.5481134066304623	21.51016648093944
18000.0	22	11	3.6895952155473166	0.5316889411636078	21.52295254523069
18000.0	22	12	3.8673177700228356	0.5118724353433712	21.490107146386794
18000.0	22	13	4.134850997639151	0.48781098184218746	21.41851487953741
18000.0	22	14	4.470200308327422	0.4591887159795032	21.316036785864885
18000.0	22	15	4.853246409526278	0.4267062362070734	21.189801776342915
18000.0	22	16	5.268453424627678	0.3919829707272466	21.045363758114963
18000.0	22	17	5.707798650662597	0.35707769339421924	20.886653733207247
18000.0	22	18	6.172758670383766	0.3239555217455278	20.71614761317256
18000.0	22	19	6.675631389152769	0.29415885322221424	20.53465960291792
18000.0	22	20	7.241337512035237	0.2687970196552117	20.340483454865197
18000.0	22	21	7.910240712525676	0.24887025698178067	20.128163734273553
18000.0	22	22	8.740571185915098	0.23593951902397312	19.887807966764655
18000.0	22	23	9.80506050644257	0.23329824721095063	19.606112340448313
18000.0	22	24	11.16611199022761	0.24828369418136412	19.270606838148556
18000.0	22	25	12.783875257262178	0.297699060987539	18.880405247868318
18000.0	22	26	14.237605685143825	0.4214303743248672	18.469532957711053
18000.0	22	27	14.11397508103763	0.712297881898024	18.14524202627676
18000.0	22	28	10.090488149725916	1.3383038405119092	18.103839695238786
18000.0	22	29	3.76110003565647	2.349774561358393	18.42175372352852

18000.0	23	0	5.208885364311522	2.3360678145995952	17.983100810017355
18000.0	23	1	9.2226462138699	1.4561611763424318	18.786842897221145
18000.0	23	2	10.0898972571083	0.9261146861307881	19.43059261507062
18000.0	23	3	8.942071048426952	0.6737186059732804	19.97699109312115
18000.0	23	4	7.400851427731376	0.5701518274411624	20.414213664503375
18000.0	23	5	6.084122834857366	0.5351997899967448	20.74168797300779
18000.0	23	6	5.1108121718903305	0.5263715144111777	20.984521986307396
18000.0	23	7	4.448336163903805	0.5232458972313739	21.16909869559709
18000.0	23	8	4.035990319205716	0.5179948273840873	21.309378684556147
18000.0	23	9	3.820369369463177	0.5090569288281258	21.408310939483066
18000.0	23	10	3.761697213854562	0.496904838924075	21.464249461506796
18000.0	23	11	3.831527066474682	0.4818597012321766	21.475958920840654
18000.0	23	12	4.008636159990563	0.46360111910409463	21.44473201774744
18000.0	23	13	4.275500569477995	0.44163291243912967	21.374331991552108
18000.0	23	14	4.616344729375369	0.41594139135866104	21.269931260138865
18000.0	23	15	5.017028501674358	0.3873470526488854	21.137044730436966
18000.0	23	16	5.46625780468999	0.3574064655137461	20.98098242652023
18000.0	23	17	5.957132604457816	0.3280021828614104	20.806738021039912
18000.0	23	18	6.488452374377636	0.30087490940635075	20.618847068543523
18000.0	23	19	7.066219662854541	0.27731809323443407	20.420731030553444
18000.0	23	20	7.70633380539229	0.25815905987382004	20.213290732312515
18000.0	23	21	8.438813627167486	0.24407842002697727	19.99311121247823
18000.0	23	22	9.311961657953631	0.23631220153564644	19.751339248575498
18000.0	23	23	10.391202641962384	0.23788558986604338	19.474513720708504
18000.0	23	24	11.738508976946136	0.2559389898117406	19.148614344733122
18000.0	23	25	13.332421935686284	0.30695950423764146	18.768555825413177
18000.0	23	26	14.822375816574588	0.4296744503704988	18.35741497300459
18000.0	23	27	14.969625741478618	0.7133885471287242	17.997537190560273
18000.0	23	28	11.531241652475668	1.323236419056343	17.846117092106955
18000.0	23	29	5.208885364311522	2.3360678145995952	17.983100810017355

18000.0	24	0	6.597000382735451	2.2486744953568856	17.749298201670523
18000.0	24	1	10.482015092375246	1.3523233681379343	18.700651551885958
18000.0	24	2	10.567235725737687	0.8373451966753346	19.44066671800769
18000.0	24	3	8.965106162133479	0.5963177691818613	20.022023757883662
18000.0	24	4	7.302144361118274	0.4955550912822774	20.45589723887775
18000.0	24	5	6.0131015476428775	0.4586067749259142	20.761290466482148
18000.0	24	6	5.111591488130984	0.4467080600091047	20.975398908334
18000.0	24	7	4.51941424593382	0.4416989843039194	21.132299048361077
18000.0	24	8	4.15959240996883	0.43649934389488004	21.25100508251232
18000.0	24	9	3.975701191929732	0.4293239090436971	21.336981156276735
18000.0	24	10	3.9307262387038637	0.4201541714563191	21.388489241336014
18000.0	24	11	4.0017164711410445	0.4090072393773869	21.401992238710395
18000.0	24	12	4.174681548823315	0.3955283799998631	21.37508371624596
18000.0	24	13	4.440620306597686	0.3793037881002096	21.30745705355698
18000.0	24	14	4.792740210552806	0.3603390438002419	21.200873464519653
18000.0	24	15	5.2248051284228225	0.33933865456461476	21.05889476267363
18000.0	24	16	5.730422361436767	0.3176543980045073	20.88672458617137
18000.0	24	17	6.302946042926092	0.2969653470741996	20.691051515244272
18000.0	24	18	6.935896690694896	0.2788592281105792	20.47954503258848
18000.0	24	19	7.624469033584634	0.2644966627062641	20.25963704318057
18000.0	24	20	8.369204560042203	0.25450235594300696	20.036399894847047
18000.0	24	21	9.18230271032456	0.24920503688703488	19.80993230853077
18000.0	24	22	10.094666091841331	0.24936829411653794	19.57347697721683
18000.0	24	23	11.157384530130164	0.25760152718457924	19.313838832954563
18000.0	24	24	12.42334425303622	0.28084995680620556	19.015418732320324
18000.0	24	25	13.87393100945269	0.33539348539591	18.669214591659827
18000.0	24	26	15.204503314298707	0.4583983374824664	18.289142602879192
18000.0	24	27	15.36094653484637	0.7321561943150164	17.93670890678597
18000.0	24	28	12.424177514167313	1.303896177745057	17.733617194549783
18000.0	24	29	6.597000382735451	2.2486744953568856	17.749298201670523

18000.0	25	0	7.194936926482415	2.116134591935658	17.855082881893097
18000.0	25	1	11.059740416065164	1.2227190683763458	18.796215606648676
18000.0	25	2	10.697977992036558	0.7281062809446442	19.512842613982503
18000.0	25	3	8.891807075671348	0.4995460143190636	20.05822857358459
18000.0	25	4	7.229477210633989	0.4015574179642357	20.451317548403576
18000.0	25	5	6.01792303225182	0.36212918987354037	20.716506943991348
18000.0	25	6	5.206671834732676	0.3466311555573434	20.894154120979632
18000.0	25	7	4.690668656087873	0.3394240080254556	21.02114758131947
18000.0	25	8	4.383247604450406	0.3343351357661885	21.11904848900433
18000.0	25	9	4.22688012956643	0.3294757523141499	21.19459093086189
18000.0	25	10	4.188445340215146	0.32440931483241714	21.245323648566696
18000.0	25	11	4.252266351189243	0.3188447372573359	21.26499845528524
18000.0	25	12	4.414091686345573	0.31230859665154337	21.24701815020719
18000.0	25	13	4.676278092096556	0.3043322646077189	21.18627965998525
18000.0	25	14	5.0437943881573615	0.2947897175384351	21.080220255603727
18000.0	25	15	5.520731023852266	0.28414561023444734	20.92959846671628
18000.0	25	16	6.107224243067585	0.27349396182053726	20.739068620193922
18000.0	25	17	6.796876806771588	0.264372094420981	20.51727204675034
18000.0	25	18	7.575020179841455	0.2584124305418791	20.276118272541076
18000.0	25	19	8.418883236126328	0.2569361202551541	20.028985165041338
18000.0	25	20	9.301737632157083	0.26061378649179795	19.78766705191557
18000.0	25	21	10.202885338615895	0.26939237781894343	19.55845800137302
18000.0	25	22	11.12151976876765	0.28307741457584096	19.33881792957432
18000.0	25	23	12.084262916444919	0.30309228086950585	19.11689891992774
18000.0	25	24	13.126884752640128	0.33565346280210556	18.875888637006618
18000.0	25	25	14.22066582853182	0.39677949208675256	18.603694666656512
18000.0	25	26	15.091159903630901	0.5217907723131632	18.307401593814955
18000.0	25	27	14.891384751004393	0.7829901338832539	18.030902954699535
18000.0	25	28	12.209588619633015	1.2979664504637245	17.86238359222351
18000.0	25	29	7.194936926482415	2.116134591935658	17.855082881893097

18000.0	26	0	6.239517765528191	1.9581068663887855	18.354008961884247
18000.0	26	1	10.900076733297741	1.0685788468603743	19.02436070937537
18000.0	26	2	10.687217987468856	0.5980920670267839	19.56989320600815
18000.0	26	3	8.918758034091645	0.3873623009394862	20.002096670801777
18000.0	26	4	7.354506144193592	0.29605595747254887	20.314732688087073
18000.0	26	5	6.255242054348895	0.25663663858253677	20.522616578236317
18000.0	26	6	5.54162521313182	0.23913576349833815	20.659639732559604
18000.0	26	7	5.097325518368228	0.2306957469918206	20.75890400166911
18000.0	26	8	4.831384958877352	0.22619433659698285	20.84089207812095
18000.0	26	9	4.686644730639663	0.22381307646099763	20.91224515980249
18000.0	26	10	4.635210922461438	0.22289276527517188	20.969681305061318
18000.0	26	11	4.671128231162318	0.22299511380219586	21.004480899540393
18000.0	26	12	4.803141168584057	0.223633769221533	21.005786043783953
18000.0	26	13	5.048411605033786	0.22434783093760377	20.962914505223257
18000.0	26	14	5.427080865911013	0.22491484396762335	20.867461531819355
18000.0	26	15	5.956993439575344	0.22558368111974525	20.715547219691903
18000.0	26	16	6.647892796739762	0.2272470656182203	20.509823973792543
18000.0	26	17	7.494852361916392	0.231480443151589	20.260481750029236
18000.0	26	18	8.471467809524608	0.2403791336066445	19.984725885403904
18000.0	26	19	9.524864753281182	0.25613762556547215	19.70453101562644
18000.0	26	20	10.577512923115938	0.2803215062192389	19.44250655266222
18000.0	26	21	11.543310229444078	0.3129061710879265	19.216035683230313
18000.0	26	22	12.359872397178579	0.3517990822027924	19.031174152676616
18000.0	26	23	13.017791472708344	0.3946729838742371	18.879864656390183
18000.0	26	24	13.546853332895882	0.444193935990987	18.744501828520967
18000.0	26	25	13.93647426896612	0.5144990369577597	18.609555698358502
18000.0	26	26	13.999714275066186	0.6379410280336334	18.473598392664925
18000.0	26	27	13.185533657561328	0.8740994171319713	18.35542015734325
18000.0	26	28	10.559237212423348	1.307206322789786	18.299215850114283
18000.0	26	29	6.239517765528191	1.9581068663887855	18.354008961884247

18000.0	27	0	2.9369552565962205	1.7147878686148061	19.47095766316122
18000.0	27	1	9.940656344897556	0.8710859144541944	19.211401262678304
18000.0	27	2	11.023319437704993	0.44687583616406673	19.405144587234282
18000.0	27	3	9.39193376653097	0.2690561525516873	19.68351385107001
18000.0	27	4	7.923403463429291	0.19276949903994933	19.894465914253544
18000.0	27	5	6.947430017345177	0.1581224891881802	20.03303346508208
18000.0	27	6	6.340030411492543	0.1415269267309235	20.127341173949855
18000.0	27	7	5.963900103739477	0.13343050173436694	20.203830145389645
18000.0	27	8	5.720440464936452	0.12994239438331243	20.279386464079213
18000.0	27	9	5.552860164796996	0.1295178372785844	20.35991051639404
18000.0	27	10	5.442345559290845	0.13153028854301424	20.44159598624851
18000.0	27	11	5.399590309927258	0.13565270421497022	20.513366890033517
18000.0	27	12	5.4539757976032	0.14162786359538507	20.559342862393937
18000.0	27	13	5.643891788214376	0.14923051683206726	20.561344660489198
18000.0	27	14	6.00957673881552	0.15834557738039304	20.50217908756069
18000.0	27	15	6.586939684661689	0.16916825003489544	20.369990311347436
18000.0	27	16	7.39949868305322	0.1825406229796213	20.16270225386348
18000.0	27	17	8.446158211909633	0.2003585162749793	19.890828222660982
18000.0	27	18	9.68429499064647	0.22587042355246775	19.57761901284705
18000.0	27	19	11.01084452976852	0.2635835745720564	19.256764686699842
18000.0	27	20	12.252107677697623	0.318256551264728	18.96781510222437
18000.0	27	21	13.187650962271604	0.39210749010548696	18.748399131238603
18000.0	27	22	13.634643723578389	0.4803195199206591	18.623067793791503
18000.0	27	23	13.557371960925918	0.56986999101911	18.593583856354215
18000.0	27	24	13.079474272169453	0.6494529502409756	18.640319990772454
18000.0	27	25	12.360304887658534	0.7239795585314216	18.735915122409132
18000.0	27	26	11.449903183311372	0.8203898674563409	18.85400736535141
18000.0	27	27	10.064382291838522	0.9872803723963292	18.967088719276756
18000.0	27	28	7.177010094668315	1.2859661037688284	19.102949840573572
18000.0	27	29	2.9369552565962205	1.7147878686148061	19.47095766316122

18000.0	28	0	0.12016989952330219	1.114183741439396	22.94124792349851
18000.0	28	1	6.1784747255407755	0.5852326694112707	19.28900992241683
18000.0	28	2	11.737430507155807	0.2804759458961314	18.666441364709108
18000.0	28	3	10.550865197944633	0.15870404030087032	18.82516375409513
18000.0	28	4	9.053506191894687	0.105926563729988	18.952881109670486
18000.0	28	5	8.177059358801932	0.08017198444046168	19.006158199321902
18000.0	28	6	7.696742382085336	0.06693130256050042	19.03846081524971
18000.0	28	7	7.401474379909386	0.060392132110650025	19.083900889593334
18000.0	28	8	7.165130568458473	0.05793790717833579	19.161128534282373
18000.0	28	9	6.92902292179748	0.058410784862892404	19.277375712246343
18000.0	28	10	6.691710535003728	0.06141238370297016	19.427124948907807
18000.0	28	11	6.494159736243555	0.06695768699800611	19.592431095589564
18000.0	28	12	6.399671922674288	0.07527423265656094	19.74587216302878
18000.0	28	13	6.477181845719974	0.0866548160502979	19.854840529887873
18000.0	28	14	6.792310494972429	0.10137431156597498	19.88698409955596
18000.0	28	15	7.4025866952762405	0.1198067554833373	19.817243940124662
18000.0	28	16	8.349123769428973	0.1429255191680655	19.6354062915307
18000.0	28	17	9.637366071371329	0.17324403975486422	19.35108303164926
18000.0	28	18	11.201827124818484	0.21603013483063147	18.994070418083
18000.0	28	19	12.855330248302318	0.2803778304796858	18.61263071625706
18000.0	28	20	14.244230491522632	0.37892469615003965	18.272125167798425
18000.0	28	21	14.88665132691106	0.5225957052892821	18.048196455066115
18000.0	28	22	14.411248483862424	0.7052169891401188	18.005930268559652
18000.0	28	23	12.909909712962993	0.8870421214152566	18.170448560179175
18000.0	28	24	10.936672813590866	1.013294212129506	18.512442548896143
18000.0	28	25	9.061040651539493	1.0613286411009004	18.961864025636412
18000.0	28	26	7.502033174318494	1.0566074578053144	19.426059189703174
18000.0	28	27	5.748534841806624	1.0531921377702003	19.849487003637776
18000.0	28	28	2.369810591109113	1.0923550909269022	20.625774076849893
18000.0	28	29	0.12016989952330219	1.114183741439396	22.94124792349851

18000.0	29	0	7.270231045703949E-9	1.2359463227138895E-6	6.690112044790327
18000.0	29	1	0.7288960400796874	0.13779657241083393	19.812682600575148
18000.0	29	2	10.117253717332481	0.1042212324839946	17.17717264448238
18000.0	29	3	11.35397993623897	0.06394738763599571	17.247857659653622
18000.0	29	4	9.799863532439543	0.03866729085329193	17.319014886479962
18000.0	29	5	8.855284953542496	0.023022231948624856	17.22952858519153
18000.0	29	6	8.379407239023717	0.01396595032055128	17.12180169838271
18000.0	29	7	8.093765274749682	0.00936320113658179	17.079790114377058
18000.0	29	8	7.8588568126353096	0.007694031002212262	17.146049371487493
18000.0	29	9	7.619676549796244	0.008157630596923796	17.336704599503268
18000.0	29	10	7.372155472070336	0.010640948890058663	17.63778204021566
18000.0	29	11	7.151985379685136	0.015601281291140325	18.00698365648574
18000.0	29	12	7.0264663583800715	0.0238967213258433	18.384527698263593
18000.0	29	13	7.081584961741297	0.03653769261640179	18.705763198249702
18000.0	29	14	7.408274585654907	0.05441754249455807	18.911176577822527
18000.0	29	15	8.091218531628938	0.0782899045686409	18.955457687752723
18000.0	29	16	9.194009076305004	0.10940873355214598	18.81770531167511
18000.0	29	17	10.726642732556737	0.15113798067673515	18.50865156393651
18000.0	29	18	12.576992135803005	0.21157623456363953	18.068164185429332
18000.0	29	19	14.402113065431589	0.30700030555425917	17.56293132572728
18000.0	29	20	15.546943413426257	0.464426684490446	17.09831056968282
18000.0	29	21	15.20085696700779	0.7144808469197585	16.820411957636235
18000.0	29	22	13.027408750884597	1.0538117961770341	16.871172265631646
18000.0	29	23	9.805153930340683	1.3865751280871152	17.313368240278972
18000.0	29	24	6.829871572814315	1.5624833407476124	18.084633708660665
18000.0	29	25	4.734769844827498	1.5162595984518963	19.015623449158316
18000.0	29	26	3.3241758748325836	1.2990124356820676	19.89907811783802
18000.0	29	27	1.7320938673494712	0.9894589382434704	20.8178840447895
18000.0	29	28	0.1022621594823616	0.5777385944771841	23.656471005229832
18000.0	29	29	7.270231045703949E-9	1.2359463227138895E-6	6.690112044790327

