20000.0	0	0	0.010116128453415665	2.9566505459583336E-6	0.31551997703018214
20000.0	0	1	0.9226264685456659	0.10531351223972932	19.80693054910335
20000.0	0	2	3.04318819760199	0.16509610712174608	21.13403848226377
20000.0	0	3	4.0508695329284645	0.19228013162197485	20.591102642668385
20000.0	0	4	3.9030896588440127	0.22234196249177396	20.718882292057337
20000.0	0	5	3.429785057644645	0.26900749480682046	20.963109493132123
20000.0	0	6	3.134080124338609	0.33453923140019226	21.107044632256063
20000.0	0	7	3.0629490290982564	0.4199690783298666	21.157055661679138
20000.0	0	8	3.1783337263362252	0.5264309085485749	21.136278443579602
20000.0	0	9	3.4722157403555896	0.6528397152340792	21.035882099944686
20000.0	0	10	3.9728967660534327	0.7930620339704262	20.832956342973304
20000.0	0	11	4.733084894168373	0.9341282698924843	20.515629294352372
20000.0	0	12	5.815308477874494	1.0563649706021045	20.094923142628755
20000.0	0	13	7.270581099372571	1.1360405343795923	19.60399029584234
20000.0	0	14	9.10309379180568	1.1511693419808728	19.09138814400625
20000.0	0	15	11.21976201147827	1.0906014544188167	18.612704920404077
20000.0	0	16	13.387236335690744	0.9631959663937897	18.221061187993545
20000.0	0	17	15.25486775981069	0.7986161653778859	17.956342144739565
20000.0	0	18	16.48486181614447	0.6340099511891131	17.836515566425557
20000.0	0	19	16.912673426333953	0.496135334422527	17.856620082348364
20000.0	0	20	16.595765414716613	0.39458059976367554	17.996007606029877
20000.0	0	21	15.737294158725327	0.3268618915819907	18.227433957817247
20000.0	0	22	14.599892292354998	0.2858425954498324	18.51986737632897
20000.0	0	23	13.490285539699462	0.26459232663582033	18.828268115431438
20000.0	0	24	12.764037750683164	0.25996921747488133	19.074215554353554
20000.0	0	25	12.582767566776301	0.27691501405915997	19.171098164481027
20000.0	0	26	11.857992464668651	0.32925985762858295	19.231428410320532
20000.0	0	27	7.691872518755543	0.408020576037912	19.836486683792806
20000.0	0	28	1.5088377980149215	0.35511479154153763	19.210002273888996
20000.0	0	29	0.010116128453415665	2.9566505459583336E-6	0.31551997703018214

20000.0	1	0	0.35610589468573883	0.26061834709597015	20.866861389346063
20000.0	1	1	1.8204019348519749	0.29009717294776105	22.40685771791036
20000.0	1	2	3.5969341725518125	0.28934456403878117	21.316044061410523
20000.0	1	3	4.301603364159363	0.2867026036725086	20.94318550217557
20000.0	1	4	4.06649827068023	0.30007828009457566	21.036477971033573
20000.0	1	5	3.683109739161936	0.33104745600629343	21.175551073514566
20000.0	1	6	3.463095657564989	0.37868208588631297	21.249738058229585
20000.0	1	7	3.423218430215986	0.44390063385907014	21.26759042611
20000.0	1	8	3.543330955502443	0.5278699178415756	21.23594192793355
20000.0	1	9	3.8301680743578883	0.6292487203970037	21.13878644009357
20000.0	1	10	4.316508434280709	0.7419271160497815	20.953633455498824
20000.0	1	11	5.04952139769632	0.8540372324112371	20.669880084004163
20000.0	1	12	6.0762886332696215	0.9488031759626072	20.297360602751347
20000.0	1	13	7.42306690620044	1.0075095311590958	19.86528627709754
20000.0	1	14	9.065943754416258	1.0145000634308055	19.415796719236855
20000.0	1	15	10.898350306048641	0.9634421238276913	18.995755861724977
20000.0	1	16	12.715846556277597	0.862351392819056	18.64832749224162
20000.0	1	17	14.250963893511324	0.7328801254735138	18.40490112049867
20000.0	1	18	15.267769775568283	0.6016117553338987	18.27927421563226
20000.0	1	19	15.660374973889436	0.4889018949008173	18.267129336014392
20000.0	1	20	15.476951507792286	0.4039309381676527	18.35138363847205
20000.0	1	21	14.86605580142936	0.3471600924584022	18.509823180990775
20000.0	1	22	14.014082998074695	0.31502486357231	18.719430411345108
20000.0	1	23	13.128058513201779	0.30336988829874545	18.951884002259437
20000.0	1	24	12.439714465036781	0.3098696685851491	19.16077011268758
20000.0	1	25	12.063193136025777	0.33695109688603464	19.290570593769868
20000.0	1	26	11.335407809369658	0.39338549490548747	19.397450389640902
20000.0	1	27	8.211784047002078	0.47527920526004946	19.92360950724218
20000.0	1	28	3.011409470250925	0.48186985047463154	21.425064546123323
20000.0	1	29	0.35610589468573883	0.26061834709597015	20.866861389346063

20000.0	2	0	1.0961370962609072	0.4639128364823613	22.82137191089108
20000.0	2	1	2.5945671701391717	0.43336538818043185	21.942667082478017
20000.0	2	2	3.9886649494697317	0.3977146112325249	21.30126387783784
20000.0	2	3	4.404971048626619	0.3759587599488096	21.155697972766788
20000.0	2	4	4.220941173656342	0.3730386447679674	21.200799163224353
20000.0	2	5	3.967826890989822	0.3862258123859225	21.250910961063525
20000.0	2	6	3.818082224480346	0.414623267411491	21.27299980139435
20000.0	2	7	3.792519134535554	0.4595743506664724	21.273703198904613
20000.0	2	8	3.8971969468537773	0.5221363052572092	21.246210182289854
20000.0	2	9	4.153933094423096	0.6006690022625273	21.167835509526185
20000.0	2	10	4.597656085846522	0.6892390528958289	21.01487919718225
20000.0	2	11	5.267673000486967	0.7772310044858577	20.7763719472235
20000.0	2	12	6.1956304532125825	0.8505697412552766	20.46018927848248
20000.0	2	13	7.388133658171315	0.8946267044260912	20.091524219529532
20000.0	2	14	8.805452023022477	0.8983028722332539	19.7065650211622
20000.0	2	15	10.344380921880607	0.8581614129931254	19.34457011743245
20000.0	2	16	11.839811364135658	0.7808306587262657	19.04041844190672
20000.0	2	17	13.098949525074069	0.6816636058498999	18.818569169221092
20000.0	2	18	13.963717566571532	0.5792576682446271	18.689354440696174
20000.0	2	19	14.366732469484333	0.48887897870654906	18.648937810343895
20000.0	2	20	14.34180938170375	0.4190995794559353	18.68334892342381
20000.0	2	21	13.988193625342404	0.3726567408489667	18.774879018077062
20000.0	2	22	13.424768426741212	0.3491229043453863	18.907377125190653
20000.0	2	23	12.767883586917444	0.3471271895653109	19.06632410403137
20000.0	2	24	12.127561197266424	0.365707000891775	19.23238783720162
20000.0	2	25	11.536866427290981	0.40545499852004535	19.38182705471866
20000.0	2	26	10.626445422962895	0.46865607645355234	19.539267763832957
20000.0	2	27	8.222839839648847	0.5478251877672868	19.929524740639483
20000.0	2	28	4.076566395648818	0.5791066995246829	21.033752895275253
20000.0	2	29	1.0961370962609072	0.4639128364823613	22.82137191089108

20000.0	3	0	1.678454925869592	0.5655159313352881	21.82593256276934
20000.0	3	1	3.041695193495101	0.5279482652187372	21.56187743421476
20000.0	3	2	4.102810265140006	0.48714480700948326	21.319100695858406
20000.0	3	3	4.494953580515967	0.45429555638040137	21.228688938607917
20000.0	3	4	4.480538419278609	0.434153307565236	21.210534124220732
20000.0	3	5	4.348852691040556	0.4276904709193727	21.20869333655317
20000.0	3	6	4.231564625408828	0.4363750029418681	21.21356751074147
20000.0	3	7	4.1829178689084445	0.4620605342898633	21.220974339083746
20000.0	3	8	4.238428003893577	0.5054418550280706	21.21379477802872
20000.0	3	9	4.43195070398882	0.56458541954135	21.165961701933643
20000.0	3	10	4.797260155067904	0.6339608326558525	21.053987256132373
20000.0	3	11	5.3646572889774475	0.7043586911763947	20.86676645981782
20000.0	3	12	6.153230614701129	0.7640805433555	20.609891988297026
20000.0	3	13	7.158458352177311	0.8014186457337908	20.304143388404253
20000.0	3	14	8.338330306359746	0.8078422192109427	19.979872364607722
20000.0	3	15	9.605495877670677	0.7808154268704137	19.66985244769171
20000.0	3	16	10.834574858110694	0.725026712763891	19.402737440622456
20000.0	3	17	11.88929073395452	0.6511651559664372	19.19823542728224
20000.0	3	18	12.662208404456265	0.5724641845967731	19.06451951595911
20000.0	3	19	13.106888812711261	0.5007314563778027	18.99840050216362
20000.0	3	20	13.242682164395264	0.4440374473307863	18.988516750612995
20000.0	3	21	13.130622758601817	0.4067908883770331	19.020794870273864
20000.0	3	22	12.83746398358893	0.3911596061999515	19.084163343542105
20000.0	3	23	12.40694535613908	0.3984315450677073	19.17369133877676
20000.0	3	24	11.842403978754241	0.42952861326081915	19.289511954843466
20000.0	3	25	11.07285958463021	0.48429697094629176	19.436446134325525
20000.0	3	26	9.845150102953985	0.5584270631286978	19.642465871657308
20000.0	3	27	7.650336110341714	0.6331999544460266	20.013161398709716
20000.0	3	28	4.427212072061669	0.6546546748326187	20.74395466465984
20000.0	3	29	1.678454925869592	0.5655159313352881	21.82593256276934

20000.0	4	0	1.7559028567555053	0.6096897030040859	21.43074017593082
20000.0	4	1	3.0186633940232404	0.5930504633384868	21.471512891399055
20000.0	4	2	4.089240191735634	0.5585549354676639	21.299119070408953
20000.0	4	3	4.69881296847227	0.515365131616997	21.16108100770299
20000.0	4	4	4.886359835018283	0.4766841381687542	21.096751405397647
20000.0	4	5	4.831538128080258	0.4505732687851145	21.08246189951166
20000.0	4	6	4.6946414824225915	0.44105860306152833	21.099696555168524
20000.0	4	7	4.5800883109754835	0.4499707505617824	21.131705231478662
20000.0	4	8	4.551445600707559	0.47736368612020463	21.15587387893235
20000.0	4	9	4.649875732449405	0.5210812677510008	21.14629759607501
20000.0	4	10	4.904954926798444	0.5762139021206053	21.081181543731066
20000.0	4	11	5.338037019937249	0.6350490444612338	20.949462771296812
20000.0	4	12	5.9594177890435045	0.6879471045272999	20.75397519274542
20000.0	4	13	6.7609020502176005	0.7252055773632101	20.5104726869216
20000.0	4	14	7.707300381718792	0.7394597216152753	20.243284682183152
20000.0	4	15	8.732602881974831	0.7277781625344534	19.9793949473039
20000.0	4	16	9.746530701401676	0.6925864650052291	19.74281195276634
20000.0	4	17	10.653146723358786	0.6409434627770896	19.550397009656702
20000.0	4	18	11.37602398101537	0.5824130572193948	19.40964896880108
20000.0	4	19	11.878176628988083	0.5265319491867524	19.318741173346577
20000.0	4	20	12.165293072856407	0.4810946776283136	19.269007827134043
20000.0	4	21	12.269114244255757	0.45182770508242465	19.249597002232015
20000.0	4	22	12.217224847699717	0.4430607753686191	19.253162533735615
20000.0	4	23	11.998709049015204	0.4585064059134936	19.28078478473637
20000.0	4	24	11.533336992949593	0.5011525889441026	19.344825485103936
20000.0	4	25	10.653844035703095	0.5708867182514576	19.471241048952283
20000.0	4	26	9.130635170499616	0.6576288753429793	19.7058676442564
20000.0	4	27	6.825794541067336	0.7289004456109881	20.11860043294627
20000.0	4	28	4.060486885024019	0.724635726207346	20.74929241099696
20000.0	4	29	1.7559028567555053	0.6096897030040859	21.43074017593082

20000.0	5	0	1.5271976426141574	0.6300715360737706	21.31523768146745
20000.0	5	1	2.8551379417741534	0.6393324207711594	21.417697192083814
20000.0	5	2	4.154754359932028	0.6101990518104758	21.185899693943878
20000.0	5	3	5.056075876083397	0.5544677395741251	20.986568586785758
20000.0	5	4	5.416261169433967	0.4972598062698424	20.903969591251897
20000.0	5	5	5.3821915331276395	0.45370514199281775	20.903674794113858
20000.0	5	6	5.177763842439529	0.42923242259934624	20.9487822851581
20000.0	5	7	4.962925602665845	0.42488887366490424	21.013297156620368
20000.0	5	8	4.82444338571856	0.43988757629820996	21.073532058011413
20000.0	5	9	4.806041734130855	0.4719432342412743	21.106128974766968
20000.0	5	10	4.931220173103531	0.5169054205063389	21.09163726092999
20000.0	5	11	5.213264031706885	0.5685716416051724	21.01880218572959
20000.0	5	12	5.656630558282136	0.6191405116570713	20.887110249134327
20000.0	5	13	6.2534442776713	0.6604302839458963	20.7066522585331
20000.0	5	14	6.9785235954583715	0.6856028220805453	20.495357470408724
20000.0	5	15	7.786937601477313	0.6908208358790021	20.27460085577066
20000.0	5	16	8.617736678034136	0.6762082671812397	20.06458257804251
20000.0	5	17	9.404993184185233	0.6457301214734912	19.880586302882573
20000.0	5	18	10.093120185578073	0.6060620411667935	19.730729676051606
20000.0	5	19	10.649696746043547	0.5649880832590412	19.61555751668302
20000.0	5	20	11.06827965599835	0.530071071312647	19.52973049916991
20000.0	5	21	11.356764621976957	0.5080912613825121	19.46580625343173
20000.0	5	22	11.511375598930949	0.5052032285637063	19.4195775431691
20000.0	5	23	11.479536795277332	0.5272431083187048	19.3959222472513
20000.0	5	24	11.120740011422892	0.5790650969972716	19.414322719147375
20000.0	5	25	10.19924464216756	0.6606952197529465	19.514251020850857
20000.0	5	26	8.493334066441578	0.7569937602945946	19.758103939578785
20000.0	5	27	6.077818551784949	0.8226631987517896	20.20985801109519
20000.0	5	28	3.5153984119661073	0.7881083572551126	20.830053282290496
20000.0	5	29	1.5271976426141574	0.6300715360737706	21.31523768146745

20000.0	6	0	1.3121894566195096	0.6490929875677823	21.1605857070215
20000.0	6	1	2.788674969755211	0.6747234096680976	21.288527144910244
20000.0	6	2	4.37313313046172	0.6428936220124037	20.989216371116182
20000.0	6	3	5.5468064815211005	0.571352184629693	20.747734066522764
20000.0	6	4	6.022925314740203	0.49693087222121757	20.667515119384273
20000.0	6	5	5.957071805201112	0.4394916564754719	20.692585177461957
20000.0	6	6	5.651004435758931	0.4040781035949228	20.769193559651402
20000.0	6	7	5.316190199447683	0.39025102252427557	20.866547507343608
20000.0	6	8	5.055624978572212	0.39627596165321854	20.962987081767004
20000.0	6	9	4.911715416548268	0.41979820545559215	21.038865896474665
20000.0	6	10	4.901200279684113	0.4574483981075794	21.07702304952547
20000.0	6	11	5.030463181290989	0.5044601299972845	21.06551966714134
20000.0	6	12	5.299776309039883	0.5547267477046813	20.99998496082917
20000.0	6	13	5.702434214704048	0.6014476400950748	20.884432644278004
20000.0	6	14	6.2221441422224615	0.6382636693173596	20.730100824071915
20000.0	6	15	6.8313333891626	0.6605469151092735	20.552670602352517
20000.0	6	16	7.492573013280817	0.6664094441459145	20.368761074507812
20000.0	6	17	8.163995099932663	0.657090578470012	20.19263574302316
20000.0	6	18	8.80739412725668	0.636629703767774	20.033812893208673
20000.0	6	19	9.39545252480155	0.6110288063294222	19.896059196809976
20000.0	6	20	9.913245533060314	0.5873166800380443	19.778140590160042
20000.0	6	21	10.349424407556588	0.5729083852896346	19.676566561477163
20000.0	6	22	10.67388404587249	0.5753802721252602	19.590263437624536
20000.0	6	23	10.801431055710289	0.6023087924540301	19.526741302407693
20000.0	6	24	10.5515450518838	0.660004043369016	19.509263638894
20000.0	6	25	9.65259715454949	0.748399092282749	19.584433461120458
20000.0	6	26	7.902084627412038	0.8482460689523744	19.823792502323478
20000.0	6	27	5.498724078631532	0.9051244498243074	20.28673292165019
20000.0	6	28	3.1014531305757087	0.843786264915766	20.875589401366636
20000.0	6	29	1.3121894566195096	0.6490929875677823	21.1605857070215

20000.0	7	0	1.2101094574033469	0.6952187366182488	20.885898785377343
20000.0	7	1	2.8916431164709895	0.7125452911572011	21.06287657298506
20000.0	7	2	4.763682354951698	0.6620131048694143	20.725868428063336
20000.0	7	3	6.14790063740159	0.5696482426555947	20.46827451687485
20000.0	7	4	6.667302148868323	0.4797355898558852	20.403731820500163
20000.0	7	5	6.523178886694226	0.41233426944889306	20.456938172582337
20000.0	7	6	6.095264580233712	0.3699617742405825	20.5628730563592
20000.0	7	7	5.634492980589527	0.35012620236917513	20.690058660920528
20000.0	7	8	5.251676201833527	0.35010787027337154	20.82082774816322
20000.0	7	9	4.984817546822991	0.3674913987681543	20.939613637149538
20000.0	7	10	4.843929603034711	0.3996018422007809	21.031082532700612
20000.0	7	11	4.829647700118182	0.44294094811227125	21.082028160834266
20000.0	7	12	4.938871103536065	0.49294639720053907	21.08394457439764
20000.0	7	13	5.165375242742286	0.5441983582917637	21.034821863447995
20000.0	7	14	5.498802710676312	0.591065535813674	20.939367309038058
20000.0	7	15	5.9237993797724275	0.6286277304542974	20.80763959726369
20000.0	7	16	6.420423515503327	0.6536051554323595	20.652635498689268
20000.0	7	17	6.96621843716026	0.6650272405270071	20.487545252033527
20000.0	7	18	7.539313126276578	0.6644788189344086	20.323341732138797
20000.0	7	19	8.120789299375552	0.6559214669137645	20.167249921673335
20000.0	7	20	8.693516611624206	0.6452424087643174	20.022562394267897
20000.0	7	21	9.23380767606809	0.6397561214870884	19.89022145553622
20000.0	7	22	9.69187955499236	0.6477882155958227	19.77248618471231
20000.0	7	23	9.95911242985263	0.6781042174195187	19.678769731270062
20000.0	7	24	9.832706335524655	0.7380627871042735	19.63345658050439
20000.0	7	25	9.031045547149999	0.8276592974274575	19.684528343434497
20000.0	7	26	7.373478470493312	0.9258055566275062	19.90399633209661
20000.0	7	27	5.1064759648659095	0.975244030818493	20.340800238003762
20000.0	7	28	2.8816047571422687	0.9016768461306893	20.847704388380336
20000.0	7	29	1.2101094574033469	0.6952187366182488	20.885898785377343

20000.0	8	0	1.2555485191836246	0.7988355436774016	20.54589389152061
20000.0	8	1	3.2095494018576067	0.7669207807546883	20.743669735062703
20000.0	8	2	5.352707938301831	0.6738035712834367	20.398087171304436
20000.0	8	3	6.852143227826179	0.5540944518916354	20.152816500018083
20000.0	8	4	7.3254673962531225	0.45054041333206263	20.115575599125822
20000.0	8	5	7.059982999777196	0.3769902054556191	20.19769083380049
20000.0	8	6	6.500429584300734	0.331227490455226	20.33003972196899
20000.0	8	7	5.917893478019664	0.30833819878712865	20.484109713425582
20000.0	8	8	5.421376384771124	0.304655168944126	20.647378202976906
20000.0	8	9	5.041873224441902	0.3176887150649157	20.80821216685229
20000.0	8	10	4.783036670088601	0.34530561377371644	20.95242385935436
20000.0	8	11	4.6408643260820615	0.3850280434099913	21.06498457810137
20000.0	8	12	4.609505972771836	0.43361342766019295	21.133301461669497
20000.0	8	13	4.682439835454945	0.48697715706059747	21.149997153829894
20000.0	8	14	4.852420820554299	0.540479736598392	21.114102266877453
20000.0	8	15	5.111417813183105	0.5895122787157776	21.030646853372602
20000.0	8	16	5.45096542441446	0.6302279601979619	20.909104378013428
20000.0	8	17	5.862834170111503	0.660238062430047	20.76122435122593
20000.0	8	18	6.339427410105779	0.6791284221082192	20.598803671022477
20000.0	8	19	6.872816942183139	0.6887271864823079	20.431906625621025
20000.0	8	20	7.450733788460037	0.6931347049368339	20.26798592702502
20000.0	8	21	8.047007261267597	0.6985763819299399	20.112366517931648
20000.0	8	22	8.60323189769991	0.7130957632034992	19.97061485496168
20000.0	8	23	9.000095572635427	0.7458372409483986	19.85328496586607
20000.0	8	24	9.028818729903874	0.8049100063042541	19.783246481749188
20000.0	8	25	8.41193496585185	0.8913414879881961	19.804319604627025
20000.0	8	26	6.973516973168966	0.9861706964358591	19.981329064194803
20000.0	8	27	4.934137852581784	1.03724173973692	20.350501490667792
20000.0	8	28	2.8780828101244578	0.9776800539542603	20.736850702932102
20000.0	8	29	1.2555485191836246	0.7988355436774016	20.54589389152061

20000.0	9	0	1.5260385713599403	0.9737823289996403	20.201308474291263
20000.0	9	1	3.827614320985063	0.8415461095548898	20.33013534644604
20000.0	9	2	6.182156392846391	0.6801147924592232	20.0022005527604
20000.0	9	3	7.654016652531091	0.5281081583504202	19.801215061151744
20000.0	9	4	7.974408412356691	0.4136465504902989	19.803985675813994
20000.0	9	5	7.548400319319649	0.337652848238501	19.91664493644539
20000.0	9	6	6.856387153754269	0.2915658363766473	20.074063918091433
20000.0	9	7	6.164108240185325	0.2680224704750681	20.25379941475435
20000.0	9	8	5.568582596340485	0.262558688393197	20.448806436156783
20000.0	9	9	5.091713733655759	0.27261742662653604	20.65072067333727
20000.0	9	10	4.731419440601458	0.2964415569800783	20.845669608464796
20000.0	9	11	4.480219057971461	0.3322860584744597	21.01638647941878
20000.0	9	12	4.330319932089587	0.37792292435593455	21.14661517319002
20000.0	9	13	4.274710981095494	0.4304271196163147	21.224828487348034
20000.0	9	14	4.30749638849595	0.48625363283947665	21.24589495955733
20000.0	9	15	4.424357404965012	0.5415727331528971	21.211041974513016
20000.0	9	16	4.62317405257792	0.5927688909037439	21.12676377736316
20000.0	9	17	4.904443293807198	0.6369822256361642	21.003109016828883
20000.0	9	18	5.27086376646076	0.6725981955149065	20.85175705672391
20000.0	9	19	5.725144591370907	0.6996486797367187	20.684299654813287
20000.0	9	20	6.264618457931777	0.7201349625179947	20.511072736283786
20000.0	9	21	6.8706011625041565	0.7382811623560935	20.340854504865263
20000.0	9	22	7.490128959113002	0.760632148796452	20.181871156481556
20000.0	9	23	8.009687572476844	0.7956506762387159	20.04478037705661
20000.0	9	24	8.230728650228999	0.8518950425681557	19.948370272099655
20000.0	9	25	7.886611140732294	0.9328472787588032	19.92738921948431
20000.0	9	26	6.781229470604211	1.0262600034131903	20.033805415643762
20000.0	9	27	5.0460687334450425	1.092900948559192	20.293823507746236
20000.0	9	28	3.1589760957345043	1.0791064901522054	20.539202238503286
20000.0	9	29	1.5260385713599403	0.9737823289996403	20.201308474291263

20000.0	10	0	2.1971189362390326	1.1908297086775972	19.79909559829212
20000.0	10	1	4.8882473375923405	0.9179635480088204	19.816321006929225
20000.0	10	2	7.287991994486611	0.6750153241829572	19.548960696765395
20000.0	10	3	8.52395516384943	0.4928858808042132	19.425404385613813
20000.0	10	4	8.576029586369106	0.37237240295146257	19.479270326057595
20000.0	10	5	7.961041709268392	0.2976675690696867	19.623871135708264
20000.0	10	6	7.146129153688303	0.25381332731785783	19.806195028337072
20000.0	10	7	6.363264393013992	0.23148206315233724	20.011901008341265
20000.0	10	8	5.688321178344847	0.22570273054578746	20.238684730174008
20000.0	10	9	5.132909681988309	0.23390473108163543	20.48015293405995
20000.0	10	10	4.69018589788971	0.25457012245404687	20.721824256996424
20000.0	10	11	4.350464829677145	0.2864102298428625	20.94405092530609
20000.0	10	12	4.1050266013260215	0.3278727802203016	21.127715151561993
20000.0	10	13	3.946735566544315	0.37690631325993107	21.25870539252714
20000.0	10	14	3.8703364405269047	0.43096369901957604	21.329590719710577
20000.0	10	15	3.8731024241407574	0.4872035867648687	21.339444268484343
20000.0	10	16	3.9556614738580973	0.5428022050421276	21.292815983773885
20000.0	10	17	4.122584613329763	0.5952729690201641	21.198237289230505
20000.0	10	18	4.382219706454019	0.6427347388775911	21.066549929635556
20000.0	10	19	4.744953170327926	0.6841544535496568	20.909406343306745
20000.0	10	20	5.218465424487382	0.7196642902790101	20.738172642998325
20000.0	10	21	5.797771413837074	0.7510496913457474	20.56329213434861
20000.0	10	22	6.447646076493879	0.782355081550328	20.39419520346286
20000.0	10	23	7.077322104109209	0.8202190247662631	20.240277468645484
20000.0	10	24	7.515882410630469	0.8730470280982027	20.114165754859314
20000.0	10	25	7.517385182732027	0.9475493872384263	20.038002596443626
20000.0	10	26	6.855039277974355	1.0411659946884484	20.046873457605436
20000.0	10	27	5.530463949640552	1.1328452805361242	20.158592029167018
20000.0	10	28	3.866534805725759	1.1873077306503368	20.235921751428368
20000.0	10	29	2.1971189362390326	1.1908297086775972	19.79909559829212

20000.0	11	0	3.6080492904693866	1.35814367917336	19.244816898622563
20000.0	11	1	6.559538396524643	0.9526589838515612	19.232295165450985
20000.0	11	2	8.65229688601678	0.6461930438166489	19.08453925629434
20000.0	11	3	9.390296422349083	0.44814371243691475	19.06180012488351
20000.0	11	4	9.07549620971174	0.32919887175579793	19.169992937545608
20000.0	11	5	8.263505284684562	0.25952741668129486	19.344426687665806
20000.0	11	6	7.346722277596788	0.21994624977502789	19.55033231946185
20000.0	11	7	6.498585674169421	0.2002003126483707	19.78178096859855
20000.0	11	8	5.7676587113628885	0.19522273977741378	20.039351153486024
20000.0	11	9	5.155217843442292	0.20252901285882177	20.316809110803337
20000.0	11	10	4.6509649495177525	0.22075193316486907	20.59821831966926
20000.0	11	11	4.244320192176475	0.24883554704773897	20.86178593945814
20000.0	11	12	3.926643385245503	0.28559439945977955	21.086604803811873
20000.0	11	13	3.69122284380098	0.3295308391392804	21.25754805400839
20000.0	11	14	3.5333267499422374	0.3788644620842825	21.36663117717371
20000.0	11	15	3.4508094760175445	0.43170479849407034	21.412417954812664
20000.0	11	16	3.4449915885087945	0.4862562185195046	21.398798953502382
20000.0	11	17	3.521459619790166	0.540939124067404	21.333467584811306
20000.0	11	18	3.6904814008658744	0.5943754974205029	21.22630447220505
20000.0	11	19	3.9664554562628465	0.6453092092644763	21.08801766261927
20000.0	11	20	4.365100899585277	0.6926610014126018	20.929240052263985
20000.0	11	21	4.896083197255908	0.7359714696531684	20.759923124021608
20000.0	11	22	5.548178965912399	0.7763526903650341	20.588659129871008
20000.0	11	23	6.26585255875544	0.8176654869346288	20.42201749288792
20000.0	11	24	6.923147658906386	0.8670481242728729	20.26524302255795
20000.0	11	25	7.314783859022541	0.9334863474030474	20.126317794593465
20000.0	11	26	7.2038537895636265	1.0233010964766136	20.02082569292793
20000.0	11	27	6.465212981200535	1.133305874319608	19.954584535510627
20000.0	11	28	5.214329186641718	1.2487811044472465	19.820730611580885
20000.0	11	29	3.6080492904693866	1.35814367917336	19.244816898622563

20000.0	12	0	6.216586194544032	1.3507690612544614	18.581335021655242
20000.0	12	1	8.880038602930945	0.8979459122040165	18.67435738368085
20000.0	12	2	10.136402846684156	0.5831561809574854	18.68726351498586
20000.0	12	3	10.142619115450383	0.39414014526275315	18.767529229100145
20000.0	12	4	9.416871675422353	0.2861358005911804	18.92245771809629
20000.0	12	5	8.426494412325487	0.22495694336461505	19.119505593216186
20000.0	12	6	7.437811458680146	0.19116062922128438	19.344214889568075
20000.0	12	7	6.552687879851426	0.1749489821322162	19.597735947853298
20000.0	12	8	5.790802822035421	0.17162124446083507	19.881260588590496
20000.0	12	9	5.144197784753195	0.17890143055839175	20.187055011911728
20000.0	12	10	4.600487739715114	0.19553194705521348	20.49730873192301
20000.0	12	11	4.149235499461511	0.22053796401733863	20.788697009753832
20000.0	12	12	3.7825364978541525	0.2528671103442195	21.039608376252865
20000.0	12	13	3.4944451642001164	0.2912965009025133	21.235086632655044
20000.0	12	14	3.280776094268802	0.33454238979603224	21.367789145397246
20000.0	12	15	3.1395753852171517	0.38147205346180624	21.436965054001202
20000.0	12	16	3.071949788101915	0.4312734087752766	21.44697209688979
20000.0	12	17	3.0830043655517017	0.48344086359137073	21.40557274096112
20000.0	12	18	3.182782733081804	0.5375153907376169	21.322156001242902
20000.0	12	19	3.386886994131495	0.5926637355968565	21.20627991968845
20000.0	12	20	3.7158176435266683	0.6473554566678308	21.066811494292693
20000.0	12	21	4.191044013013507	0.6995239961429252	20.91145087702133
20000.0	12	22	4.824796929451562	0.7475458216775375	20.745962415726286
20000.0	12	23	5.601215026423984	0.7919725296724662	20.572679688897004
20000.0	12	24	6.451568667635701	0.8372168428799232	20.389274387629982
20000.0	12	25	7.236219992917558	0.8918051941157852	20.190372450031628
20000.0	12	26	7.756686666520027	0.9660767447440484	19.972189513348944
20000.0	12	27	7.827803972347832	1.0675425865531796	19.724016950795605
20000.0	12	28	7.3680813236562805	1.1970432322647406	19.355078363412176
20000.0	12	29	6.216586194544032	1.3507690612544614	18.581335021655242

20000.0	13	0	10.05021956647545	1.121442392840618	17.997423272206465
20000.0	13	1	11.475359600445335	0.746492786358805	18.259147849988963
20000.0	13	2	11.453777573260833	0.4888158266026013	18.426592972912808
20000.0	13	3	10.6582823013824	0.3339475485331449	18.59245960748472
20000.0	13	4	9.56089730685648	0.24515130300784282	18.781608014780847
20000.0	13	5	8.436362182406983	0.19508108388916717	18.992816585911665
20000.0	13	6	7.409631977835988	0.16804029687431724	19.229248573892903
20000.0	13	7	6.5144895241149054	0.1559801920972583	19.49703974261245
20000.0	13	8	5.745320175519592	0.15497157036933878	19.796618106292378
20000.0	13	9	5.086992850572333	0.1630590450391613	20.118296315887484
20000.0	13	10	4.5260722042322925	0.1790857962187363	20.442858117503974
20000.0	13	11	4.052641083757288	0.20207421806385661	20.746393322836084
20000.0	13	12	3.6595568575102586	0.23095822210780842	21.00744972280711
20000.0	13	13	3.3415715148964744	0.2645883879345606	21.21182231474921
20000.0	13	14	3.094983301151902	0.30193749878592474	21.35324711920896
20000.0	13	15	2.9179410396198846	0.3423793124527621	21.43212607945385
20000.0	13	16	2.81115091365027	0.3858660378532439	21.453861993325894
20000.0	13	17	2.77885540223741	0.4328408939501543	21.426966741935026
20000.0	13	18	2.8301089103682204	0.48381150056342426	21.361020170460154
20000.0	13	19	2.980220162321476	0.5386633706586031	21.264901377097402
20000.0	13	20	3.2517791908883975	0.5959817523506326	21.14568719763376
20000.0	13	21	3.6738881758138824	0.6528267065284622	21.00813550741074
20000.0	13	22	4.277127753578174	0.7054430157319509	20.854065558550467
20000.0	13	23	5.081446119279102	0.7510573341100479	20.68086685264588
20000.0	13	24	6.077025802625809	0.790117305199882	20.47948698727455
20000.0	13	25	7.205231095355962	0.8275281376274857	20.23423635998637
20000.0	13	26	8.352979916980875	0.8716346164795896	19.926176497130065
20000.0	13	27	9.374860168307713	0.9312251021026365	19.529164594241692
20000.0	13	28	10.106545099183547	1.0130073025213309	18.958263958711473
20000.0	13	29	10.05021956647545	1.121442392840618	17.997423272206465

20000.0	14	0	13.925637597928432	0.7843788651425199	17.6480991315603
20000.0	14	1	13.555040764695686	0.5515582212555104	18.040208138419978
20000.0	14	2	12.283432823700906	0.3824617642474466	18.3185615834026
20000.0	14	3	10.845656294824428	0.27389312723476944	18.54695880716493
20000.0	14	4	9.490832974456335	0.2083739987825221	18.762962276195708
20000.0	14	5	8.29326545178369	0.17063762128403115	18.98574264326485
20000.0	14	6	7.262437219573076	0.15078872978416785	19.229621727451992
20000.0	14	7	6.3810740576906495	0.14326618759936904	19.50346664153512
20000.0	14	8	5.625728945990573	0.14515999434278834	19.807046780604978
20000.0	14	9	4.976761475921038	0.1549077746908284	20.129947170244584
20000.0	14	10	4.420230445742769	0.17145758555409757	20.45310800430162
20000.0	14	11	3.946411146802758	0.19379313633836784	20.75335460995868
20000.0	14	12	3.548378947891365	0.2207582670768506	21.010113672400557
20000.0	14	13	3.2211712649955313	0.25115014654933926	21.21007157375952
20000.0	14	14	2.961404799598668	0.2840109035883077	21.347875907342416
20000.0	14	15	2.7673875502142917	0.31897219617636696	21.424845374788948
20000.0	14	16	2.6396311969955306	0.35645729900547224	21.447270028669024
20000.0	14	17	2.581761895661797	0.39756443474723874	21.424453727213084
20000.0	14	18	2.6019261700802883	0.44355098143724103	21.366506993265176
20000.0	14	19	2.7146707517325477	0.494986694493158	21.28226149458616
20000.0	14	20	2.9430115914163744	0.5508226634877929	21.177755249465623
20000.0	14	21	3.31993484667677	0.6078078286460886	21.055405850452036
20000.0	14	22	3.8877309643148426	0.6607745904862647	20.91343868869663
20000.0	14	23	4.6927455997944865	0.7040846440994258	20.744818822822452
20000.0	14	24	5.773992948899566	0.733831568277925	20.535525047431864
20000.0	14	25	7.148179523711034	0.7496312820603854	20.26376798918824
20000.0	14	26	8.798122688216536	0.7549443383176011	19.902157252853797
20000.0	14	27	10.668854116905985	0.7561830207660513	19.41497533816913
20000.0	14	28	12.61693441685027	0.7622774639607017	18.719696182525833
20000.0	14	29	13.925637597928432	0.7843788651425199	17.6480991315603

20000.0	15	0	16.283022540461655	0.4941654566096174	17.521004954379965
20000.0	15	1	14.54042147602283	0.37873288234301405	17.979389672636273
20000.0	15	2	12.484915961238196	0.28666172845437066	18.32497678983534
20000.0	15	3	10.69022173738714	0.22085276585937	18.600818020764404
20000.0	15	4	9.216180477633582	0.17773167431823186	18.845589316540636
20000.0	15	5	8.00726587087399	0.15208210082728726	19.085603926486414
20000.0	15	6	7.003183732826911	0.13942168109279282	19.33887307528645
20000.0	15	7	6.156694653496706	0.1367032819550531	19.614769607317868
20000.0	15	8	5.434504839944108	0.14208855498997067	19.913211773740183
20000.0	15	9	4.814769161596617	0.1544302601829128	20.22508290226103
20000.0	15	10	4.2831055772391196	0.17278420016468252	20.533595768086844
20000.0	15	11	3.829327078742811	0.19608421748710755	20.817933963928674
20000.0	15	12	3.4460061249106313	0.22304910581102674	21.05927675750012
20000.0	15	13	3.1279529916744444	0.25234376282130944	21.245367237912195
20000.0	15	14	2.8719009340511765	0.2829342943695787	21.37144944001261
20000.0	15	15	2.67642717878671	0.31448301782030963	21.43916376123823
20000.0	15	16	2.5422093015188008	0.34757711538180747	21.454955797582937
20000.0	15	17	2.472752594869973	0.38361037031678363	21.428235182016213
20000.0	15	18	2.475741099814016	0.42423787294612375	21.369261024923684
20000.0	15	19	2.565047596794687	0.47046433341715355	21.287003073134358
20000.0	15	20	2.7632956581509847	0.5215829354867061	21.187343140291837
20000.0	15	21	3.1046642800384596	0.5743422761319679	21.071824524906155
20000.0	15	22	3.637111905654734	0.6228159664746847	20.93682668432537
20000.0	15	23	4.422276057376964	0.6593245135317946	20.772745197285847
20000.0	15	24	5.53062667869245	0.6763418764945972	20.562944083760254
20000.0	15	25	7.0304132410664	0.6689082226514568	20.283321619012366
20000.0	15	26	8.971778353473375	0.637052494417745	19.903443774010704
20000.0	15	27	11.365565308924053	0.5876734332180854	19.382108830339952
20000.0	15	28	14.08840527275567	0.5346744459782592	18.634539292417738
20000.0	15	29	16.283022540461655	0.4941654566096174	17.521004954379965

20000.0	16	0	16.840407045710997	0.30195312318299194	17.500070911330564
20000.0	16	1	14.513019484388055	0.25468253843484745	17.9977051627301
20000.0	16	2	12.167505509082808	0.2128838489258199	18.39151278005308
20000.0	16	3	10.262397890834416	0.17886905645522516	18.71180356678957
20000.0	16	4	8.777086160286117	0.15433410850693924	18.992746815891067
20000.0	16	5	7.602602571092089	0.13957149045972686	19.259188816769345
20000.0	16	6	6.648637371864411	0.1338610938178214	19.527518093714335
20000.0	16	7	5.8547045109359885	0.1362167626097938	19.80599500155919
20000.0	16	8	5.183162728893093	0.14577498273313247	20.095262277789836
20000.0	16	9	4.610933652380302	0.16178555836088468	20.38893859249526
20000.0	16	10	4.1227673734755275	0.1834076800458434	20.674119263728315
20000.0	16	11	3.707373764159218	0.20951972084990655	20.9338212432028
20000.0	16	12	3.356251429090358	0.23869368741203412	21.152059728994114
20000.0	16	13	3.0635431908644795	0.26940106798047325	21.31816327039472
20000.0	16	14	2.8258730626149973	0.3004049282331416	21.427966916939273
20000.0	16	15	2.6421444171700577	0.33118577438324626	21.482982588796055
20000.0	16	16	2.513528869208016	0.3621939578209272	21.489004472655488
20000.0	16	17	2.443910322239931	0.39474968389611015	21.45453059466601
20000.0	16	18	2.441014811827973	0.4305140226112295	21.38901507293953
20000.0	16	19	2.5183164701367513	0.47058915626265874	21.301069542355016
20000.0	16	20	2.6976998749786327	0.5144398986239691	21.196774501195907
20000.0	16	21	3.012794366661689	0.5589489031038068	21.078186615214985
20000.0	16	22	3.512617002934955	0.5979924082342707	20.942049499949015
20000.0	16	23	4.264261024861937	0.6229029774918925	20.77870035892387
20000.0	16	24	5.35168178630806	0.6241342211731348	20.57129897527432
20000.0	16	25	6.866207613416553	0.594473979385007	20.29576865615695
20000.0	16	26	8.886567476088942	0.5336838594670097	19.920671035435156
20000.0	16	27	11.44814977230631	0.45221320381274605	19.398933190532585
20000.0	16	28	14.422886687082071	0.3693040890142363	18.63560241035649
20000.0	16	29	16.840407045710997	0.30195312318299194	17.500070911330564

20000.0	17	0	16.297397103465865	0.18775859331113792	17.490865312376503
20000.0	17	1	13.90095267300099	0.17444459744773982	18.036566588116735
20000.0	17	2	11.549534785562381	0.16132959223116738	18.480715063703464
20000.0	17	3	9.671315372294409	0.1485445114680988	18.849506845452506
20000.0	17	4	8.233725957579495	0.1383083038639269	19.173339409550955
20000.0	17	5	7.118359689108045	0.13298035111531978	19.47277175398141
20000.0	17	6	6.228274382616303	0.13396872940371124	19.76056420002705
20000.0	17	7	5.499452414125456	0.1417698045279017	20.043340027314557
20000.0	17	8	4.89247767895464	0.15633342450364165	20.322615867902513
20000.0	17	9	4.382869079688737	0.17726584605812637	20.595025113327843
20000.0	17	10	3.9538388282988675	0.2038143265019757	20.852008372985672
20000.0	17	11	3.5924979421808994	0.23478570653708597	21.08121638923002
20000.0	17	12	3.288886913139466	0.2685734023585865	21.270481678917424
20000.0	17	13	3.036087257744243	0.30338758661550863	21.411550611808774
20000.0	17	14	2.8302693394826437	0.33766001206301116	21.501327145774955
20000.0	17	15	2.6705077109543853	0.3704816923267038	21.541269730161808
20000.0	17	16	2.558576584582213	0.4018756956174366	21.536204475634623
20000.0	17	17	2.499062762843311	0.4327343009113933	21.49306000403171
20000.0	17	18	2.5001268789495286	0.46434931560842485	21.419625251365105
20000.0	17	19	2.575095655194128	0.497592927875805	21.32336358843565
20000.0	17	20	2.744926993894625	0.5319204461234996	21.210217863707765
20000.0	17	21	3.0415296904790012	0.5644450394316556	21.083224759604917
20000.0	17	22	3.511724744444488	0.5893792245874677	20.940830403071395
20000.0	17	23	4.220764549528704	0.5982143069965877	20.77514658625003
20000.0	17	24	5.252227106782516	0.5812840604775504	20.570766478271544
20000.0	17	25	6.698940580245246	0.5316499129785596	20.304449856421396
20000.0	17	26	8.643188753198622	0.45104601333666045	19.943376986948053
20000.0	17	27	11.129453404292976	0.3536275761968196	19.43252090380256
20000.0	17	28	14.033392343287161	0.26107644322176127	18.660472318873254
20000.0	17	29	16.297397103465865	0.18775859331113792	17.490865312376503

20000.0	18	0	15.324326251096409	0.12208918120420789	17.464434313500558
20000.0	18	1	13.06457066307939	0.12497868035045663	18.07739030202826
20000.0	18	2	10.811458564071959	0.12759169503056642	18.579624400563183
20000.0	18	3	9.01225604614573	0.12856632827588782	18.999818732596406
20000.0	18	4	7.645369855069004	0.12914817996090316	19.367967930332625
20000.0	18	5	6.598806298082595	0.1320018275445043	19.70107834189383
20000.0	18	6	5.778836978218293	0.13955472427759066	20.008559074544227
20000.0	18	7	5.122249637300337	0.15330401649156963	20.295598284396135
20000.0	18	8	4.588836338360059	0.17385442082261235	20.564366252076898
20000.0	18	9	4.152460127733595	0.2011174516629057	20.813882017959838
20000.0	18	10	3.7944475435497687	0.2343937721520286	21.039380255998303
20000.0	18	11	3.5001043301341865	0.2723737844946191	21.233128529744295
20000.0	18	12	3.257772552920451	0.31320808730310157	21.387339516293682
20000.0	18	13	3.059038082485731	0.35475132378345003	21.497032729425825
20000.0	18	14	2.8990289080671565	0.3949639642364084	21.561027157176316
20000.0	18	15	2.7764314519659425	0.4323468107694298	21.581411490832945
20000.0	18	16	2.693265966237845	0.4662311637600168	21.562506774038503
20000.0	18	17	2.6547213582842435	0.4967726113260045	21.509871273628136
20000.0	18	18	2.669458451157196	0.5245866751389657	21.429521557948565
20000.0	18	19	2.750695469456634	0.5500792358890811	21.327358725122522
20000.0	18	20	2.9182144558886947	0.5726159855205388	21.208570808880385
20000.0	18	21	3.201291653884461	0.5897178636273857	21.07658321070594
20000.0	18	22	3.6423206998577706	0.596495118758879	20.931232950971893
20000.0	18	23	4.300054689787424	0.5856913256361151	20.766429916370793
20000.0	18	24	5.249444972406993	0.5491859120305838	20.56823938456319
20000.0	18	25	6.573724521083222	0.4820999026891471	20.31379509889071
20000.0	18	26	8.350448391485022	0.3887929351570216	19.967910881846294
20000.0	18	27	10.636970402153514	0.2854531216026301	19.466931891883064
20000.0	18	28	13.332483917768396	0.19309995788045325	18.68198046294752
20000.0	18	29	15.324326251096409	0.12208918120420789	17.464434313500558

20000.0	19	0	14.256052122569656	0.08459460248504323	17.441567057245546
20000.0	19	1	12.183663786910664	0.09547538606775029	18.131675280483588
20000.0	19	2	10.051685507686763	0.10698864202178722	18.69251625302153
20000.0	19	3	8.345478475323883	0.1171493677901246	19.159615175671178
20000.0	19	4	7.056673761027646	0.12613048081072692	19.56605251938723
20000.0	19	5	6.08233423073415	0.13624700534390766	19.92719479783855
20000.0	19	6	5.334778760296133	0.15035328062169873	20.25008899346259
20000.0	19	7	4.753303843926849	0.17063186441154854	20.538660351294208
20000.0	19	8	4.297696448237633	0.19821929855996476	20.79508947386783
20000.0	19	9	3.9406333576103676	0.23327231477429058	21.019628337817455
20000.0	19	10	3.661966069794175	0.2750765624052956	21.210184204527934
20000.0	19	11	3.4454847199417653	0.32210906801365086	21.363027017842448
20000.0	19	12	3.277833635032538	0.37215533112404997	21.474841960329748
20000.0	19	13	3.1486769883763093	0.4225742161874367	21.544602857008815
20000.0	19	14	3.0512490754197676	0.4706988064943783	21.574051609589088
20000.0	19	15	2.982741707423407	0.5142644750128436	21.567041391655675
20000.0	19	16	2.944305295272504	0.5517173369392626	21.528536218161136
20000.0	19	17	2.940794733892488	0.5822833485213407	21.46377675206928
20000.0	19	18	2.9806653159791336	0.6057520953795604	21.377793332294008
20000.0	19	19	3.076465279077307	0.6220149316783022	21.275212819849
20000.0	19	20	3.2462183003128695	0.6304561566140267	21.16005137238598
20000.0	19	21	3.515766322488517	0.6293125034008483	21.034961061276057
20000.0	19	22	3.921802933823837	0.6151463244998467	20.899482527155975
20000.0	19	23	4.514520743083364	0.582802199870486	20.747490483352646
20000.0	19	24	5.357375073955269	0.5267596374089174	20.564814217172714
20000.0	19	25	6.5216749687643905	0.44493877029115736	20.32749450733505
20000.0	19	26	8.081337006330612	0.34384697867330244	19.99730547810377
20000.0	19	27	10.111442864312707	0.23978811752807525	19.503589632319375
20000.0	19	28	12.543533876211042	0.15122463114024587	18.70455785752736
20000.0	19	29	14.256052122569656	0.08459460248504323	17.441567057245546

20000.0	20	0	13.204457045725263	0.06346823354324278	17.46510460380284
20000.0	20	1	11.315195652559071	0.0788332413369881	18.223681355485088
20000.0	20	2	9.308422650363488	0.09594544735553288	18.83069024086903
20000.0	20	3	7.701587129464734	0.11272405282838341	19.330762976155746
20000.0	20	4	6.495655744748211	0.12854857359013933	19.762266547713487
20000.0	20	5	5.595991970882682	0.14527774377293143	20.14052077850612
20000.0	20	6	4.921579800184638	0.16596139271764906	20.470933439745068
20000.0	20	7	4.415267273459024	0.19330747948415727	20.75591147319822
20000.0	20	8	4.038072489022406	0.2289022962766795	20.996608080428192
20000.0	20	9	3.762816174236088	0.27307366920477993	21.193099683293717
20000.0	20	10	3.56911191677015	0.32497454113885127	21.34462222710511
20000.0	20	11	3.440173031346787	0.3826966877078574	21.450532453470856
20000.0	20	12	3.3614097923708144	0.4434542019349653	21.511755108162028
20000.0	20	13	3.32037889351644	0.5039029236650807	21.531696938199
20000.0	20	14	3.3074746204879473	0.5605724550173522	21.516033228859936
20000.0	20	15	3.3167413938806676	0.6103103128643366	21.471712941673264
20000.0	20	16	3.346326122133945	0.650624586126861	21.405838481314806
20000.0	20	17	3.398443457930321	0.6798466749985189	21.324838020300195
20000.0	20	18	3.4791542550044734	0.6970850359941875	21.23404241210051
20000.0	20	19	3.598491211496633	0.701980546101518	21.13755208473377
20000.0	20	20	3.771394557387749	0.6942957812001687	21.03808100285771
20000.0	20	21	4.019619157597842	0.6733844024520101	20.936304053384216
20000.0	20	22	4.374292480911301	0.6376547107497608	20.829303529444935
20000.0	20	23	4.878048299724386	0.5844110247492869	20.70824380291999
20000.0	20	24	5.584922701445096	0.510952986060743	20.55612169073993
20000.0	20	25	6.557795655849468	0.417765306003141	20.345986123459735
20000.0	20	26	7.8705318457510955	0.31250860616683285	20.0363295074789
20000.0	20	27	9.61369510565787	0.2102176856437925	19.552682469706255
20000.0	20	28	11.747176642918305	0.12611594358379816	18.748829683758988
20000.0	20	29	13.204457045725263	0.06346823354324278	17.46510460380284

20000.0	21	0	12.207341191197347	0.05220607231235995	17.573873449173576
20000.0	21	1	10.475620707469531	0.07077181622518708	18.374184515928125
20000.0	21	2	8.59732486530957	0.09205949370232468	19.00357401690219
20000.0	21	3	7.096506836479808	0.11410093918851358	19.515616322590347
20000.0	21	4	5.978271355299192	0.13576447634746405	19.954185927567142
20000.0	21	5	5.155482749567693	0.15857261770895514	20.335280466523024
20000.0	21	6	4.55394556226047	0.18575973069824525	20.66294802405977
20000.0	21	7	4.120973776029101	0.22051674227660212	20.937528775500002
20000.0	21	8	3.8203493559927777	0.26482959116430616	21.15796258955464
20000.0	21	9	3.6268881423632737	0.3191034327612283	21.322716043096573
20000.0	21	10	3.5218246354351943	0.3821849432514396	21.431001352528877
20000.0	21	11	3.4894134145666147	0.4515243216073748	21.484264442012392
20000.0	21	12	3.514975533572891	0.5234606790535189	21.487281314342752
20000.0	21	13	3.584332616929059	0.5936590166426616	21.44821053359052
20000.0	21	14	3.6843157366493617	0.657645401829944	21.377564082492274
20000.0	21	15	3.8038036969002746	0.7113317690689134	21.286662296492448
20000.0	21	16	3.9346724827597876	0.7514407606559054	21.186200246968326
20000.0	21	17	4.072316642942489	0.7757847367315055	21.08523814276338
20000.0	21	18	4.215930814751048	0.7833666355910949	20.990607990936102
20000.0	21	19	4.369120691946551	0.7742578037189184	20.906558388578187
20000.0	21	20	4.541336143399092	0.7492181477478179	20.83439009646952
20000.0	21	21	4.750121534764904	0.7090915393917144	20.77178409596364
20000.0	21	22	5.023528472812411	0.654148293241825	20.711561905380155
20000.0	21	23	5.401511277528042	0.5838099370164195	20.63995801066087
20000.0	21	24	5.9352809111182205	0.49753547672653914	20.535016788440704
20000.0	21	25	6.686121741465272	0.39742284700980895	20.365371467074496
20000.0	21	26	7.730788742736585	0.29122386140181405	20.086388879053928
20000.0	21	27	9.167404989047153	0.1920293504602543	19.623314202373546
20000.0	21	28	10.97439120331068	0.11200161604896175	18.83532837465432
20000.0	21	29	12.207341191197347	0.05220607231235995	17.573873449173576

20000.0	22	0	11.327526950159434	0.04745096385043242	17.77874423645146
20000.0	22	1	9.705308531263755	0.06889007057864067	18.58637108537615
20000.0	22	2	7.944280848497225	0.09382448134082616	19.211251011404507
20000.0	22	3	6.546281405468711	0.12039311502101412	19.713279175342755
20000.0	22	4	5.514862512598209	0.14713968472724556	20.14034377181859
20000.0	22	5	4.76817039471959	0.17544548921073658	20.509291901657114
20000.0	22	6	4.237483893319804	0.2088398914619986	20.82309543447741
20000.0	22	7	3.8745508902802293	0.25102710421888813	21.079686819126778
20000.0	22	8	3.647034983702913	0.30435846286042584	21.274865562188374
20000.0	22	9	3.5335598098929735	0.369203930831846	21.404283288678908
20000.0	22	10	3.519111490214942	0.4438880227929641	21.465926227878736
20000.0	22	11	3.5911584732957493	0.524898262282441	21.46238058526482
20000.0	22	12	3.736836938629132	0.6073152849171475	21.401825715315155
20000.0	22	13	3.9414007102922346	0.6854540061678752	21.297340607723843
20000.0	22	14	4.187941225441671	0.7536150556683536	21.164967564941033
20000.0	22	15	4.458077833132274	0.8068069529180186	21.02141208360404
20000.0	22	16	4.733108795377159	0.8413472155024011	20.882077763211996
20000.0	22	17	4.995347767538462	0.8552874582673001	20.759658671758878
20000.0	22	18	5.2299593086443785	0.8485683807550062	20.66315713365497
20000.0	22	19	5.427886301475024	0.8227711078336091	20.597132571191718
20000.0	22	20	5.5898817189283045	0.7804228910531856	20.561083437535277
20000.0	22	21	5.730542834573439	0.7240330025457117	20.548881858907247
20000.0	22	22	5.880599310597185	0.6552328981555489	20.54809661166623
20000.0	22	23	6.086209098270389	0.5745196728278315	20.539125990009246
20000.0	22	24	6.405696364707316	0.48218019802275314	20.494421133619205
20000.0	22	25	6.907118600900303	0.38061580046848087	20.3779312670922
20000.0	22	26	7.672785229318066	0.27679190601838893	20.14234462892609
20000.0	22	27	8.80093676720658	0.1817797972547814	19.71529261096827
20000.0	22	28	10.279612516231856	0.10537243891706308	18.969587450040315
20000.0	22	29	11.327526950159434	0.04745096385043242	17.77874423645146

20000.0	23	0	10.719602527973198	0.0479693063602713	18.04026264225071
20000.0	23	1	9.112984264901177	0.07208583110545765	18.832202527466965
20000.0	23	2	7.408959716543975	0.10033298997251865	19.436597139933713
20000.0	23	3	6.078648453437284	0.1308264028377718	19.915219040098247
20000.0	23	4	5.116296783509096	0.16187701578659502	20.317734063785096
20000.0	23	5	4.4370905808429075	0.1949260232191504	20.662384048854758
20000.0	23	6	3.9718650402749316	0.23395122212597005	20.95227899976773
20000.0	23	7	3.6740797837812145	0.28321870389450093	21.18358534028614
20000.0	23	8	3.5149785722523856	0.34540479225363796	21.34881528442024
20000.0	23	9	3.478136590090888	0.4207237989402299	21.44011478202211
20000.0	23	10	3.554257976015325	0.5067589746206695	21.45332750951348
20000.0	23	11	3.736452272280935	0.5987054926958385	21.391337148660437
20000.0	23	12	4.016178614799181	0.689978644866192	21.26521988136873
20000.0	23	13	4.3800895294227375	0.7731523828970888	21.09293537550647
20000.0	23	14	4.808058739367799	0.8410702861328218	20.896432797830684
20000.0	23	15	5.272519680656178	0.8879327180824332	20.698426398879413
20000.0	23	16	5.739116098368709	0.910217147502596	20.519681183147544
20000.0	23	17	6.169063886084762	0.9072773840760039	20.37696899531719
20000.0	23	18	6.5242360116902365	0.8813606380145614	20.281489200593914
20000.0	23	19	6.775469265519114	0.8368111645127502	20.23766094234461
20000.0	23	20	6.912304375631149	0.7785921245857426	20.242443400001694
20000.0	23	21	6.950105247154247	0.7107110317132211	20.285276727065597
20000.0	23	22	6.930984167622518	0.6352344247204815	20.348359254501492
20000.0	23	23	6.918355939410523	0.5523364500828579	20.40677150370889
20000.0	23	24	6.988715638182803	0.46160283253444045	20.42825184926234
20000.0	23	25	7.226266361574283	0.3644592692682562	20.372711405865093
20000.0	23	26	7.724513677919159	0.2664755812942241	20.190218075445582
20000.0	23	27	8.581589462280782	0.17697706646022104	19.81143108148761
20000.0	23	28	9.789443256979123	0.10426639260003143	19.127212810592578
20000.0	23	29	10.719602527973198	0.0479693063602713	18.04026264225071

20000.0	24	0	10.649048403113627	0.05434991985277249	18.255535832564945
20000.0	24	1	8.886870884123537	0.08029476081232614	19.041949266082632
20000.0	24	2	7.091947046509403	0.11102702717087623	19.637439156473842
20000.0	24	3	5.7379857549079265	0.1444830543848059	20.10009981838259
20000.0	24	4	4.79786301431919	0.17879115628952005	20.478591884721183
20000.0	24	5	4.164373277785526	0.21561358580285156	20.794247004701823
20000.0	24	6	3.753921487469908	0.2594769553834311	21.053678501093675
20000.0	24	7	3.514366002773746	0.3151972958029313	21.25395937908617
20000.0	24	8	3.4178241669106533	0.3856991754565428	21.3855910546345
20000.0	24	9	3.4527154075562927	0.4709324046767127	21.437343120164435
20000.0	24	10	3.6168060181086417	0.5675752028266267	21.4023901011913
20000.0	24	11	3.9110995000333904	0.6692734729242299	21.283173039581836
20000.0	24	12	4.3341183647335395	0.7674285198414716	21.093037080126372
20000.0	24	13	4.876444200639836	0.8525066931569121	20.854484408351226
20000.0	24	14	5.51590761310083	0.915662609895113	20.595348678742937
20000.0	24	15	6.214145785259332	0.9504013473995148	20.344554900187696
20000.0	24	16	6.9156712774388165	0.9540070994228007	20.12847257624996
20000.0	24	17	7.551629721353522	0.9283257690253663	19.967985469629244
20000.0	24	18	8.05086492247071	0.8793229901675168	19.876101548774358
20000.0	24	19	8.35795180304074	0.8151693252036329	19.856300319400482
20000.0	24	20	8.4517647376131	0.7435318319900722	19.90214159697462
20000.0	24	21	8.355123804169127	0.6693775232231061	19.998263511544828
20000.0	24	22	8.13107437084095	0.594179973600084	20.122022870473224
20000.0	24	23	7.870126963502215	0.516593225351453	20.244527329156504
20000.0	24	24	7.677186494074779	0.43433917580227455	20.330175419776975
20000.0	24	25	7.664491328272221	0.3469654192290287	20.334932100569056
20000.0	24	26	7.949538341277688	0.25830220739817195	20.204348601687233
20000.0	24	27	8.639280727028295	0.17623840384812356	19.86992932447489
20000.0	24	28	9.720414094963148	0.10824533186466034	19.241623220451544
20000.0	24	29	10.649048403113627	0.05434991985277249	18.255535832564945

20000.0	25	0	11.27694500079968	0.0691602062267046	18.30261651440746
20000.0	25	1	9.186545114647545	0.09453222908196149	19.125388940136922
20000.0	25	2	7.090454675955105	0.12557875846590663	19.752705563425867
20000.0	25	3	5.5702671505122066	0.16006983294460742	20.233802354702746
20000.0	25	4	4.575821760383783	0.1960898445426361	20.608719345899573
20000.0	25	5	3.951870840152458	0.2355722563482782	20.902419473285224
20000.0	25	6	3.5794512750074676	0.2834801680986567	21.13066149566219
20000.0	25	7	3.388935886569497	0.34498894094588917	21.29691973226284
20000.0	25	8	3.347982155539979	0.42312074568194963	21.392953239354917
20000.0	25	9	3.4482254916555215	0.5174877806023814	21.4053476327182
20000.0	25	10	3.694885647416489	0.6238147172190003	21.324516643092483
20000.0	25	11	4.0985291672015	0.73409038304799	21.15178153812831
20000.0	25	12	4.667290760578282	0.8374830861568171	20.901946964919063
20000.0	25	13	5.398476372002429	0.92204796706194	20.601375332143977
20000.0	25	14	6.269658969343665	0.9770009455453268	20.28335962624743
20000.0	25	15	7.230628177930685	0.9952039424052467	19.98288330301416
20000.0	25	16	8.199377636356477	0.9753489100364198	19.73191687514598
20000.0	25	17	9.067919412866921	0.922912183840468	19.55534973488311
20000.0	25	18	9.723440692271563	0.8487826146422108	19.46756310442575
20000.0	25	19	10.081564494450323	0.7655485449202347	19.470378951147403
20000.0	25	20	10.115605026403632	0.6832909728805917	19.55335668627274
20000.0	25	21	9.864922718711881	0.6071302975897147	19.696349858284204
20000.0	25	22	9.421557108348317	0.5371524545213824	19.872710869032183
20000.0	25	23	8.90976594971234	0.469924381277238	20.05076951071844
20000.0	25	24	8.472635941564608	0.4009101752433886	20.191769986792348
20000.0	25	25	8.266867376400619	0.3275370387422855	20.245168684342556
20000.0	25	26	8.452216878131509	0.2518658463880557	20.147085110449094
20000.0	25	27	9.146251097867918	0.18035793363394137	19.827856406380462
20000.0	25	28	10.282190642431164	0.11935125501403969	19.221909621525768
20000.0	25	29	11.27694500079968	0.0691602062267046	18.30261651440746

20000.0	26	0	11.650282551255549	0.0971292509058957	18.260482587788747
20000.0	26	1	9.627835480783425	0.1170731403957742	19.09930870716114
20000.0	26	2	7.2994262518739985	0.1439256204651978	19.760118363355595
20000.0	26	3	5.557767110295423	0.17585611552280186	20.290391504043637
20000.0	26	4	4.447981455387944	0.2113611141836913	20.693119789469442
20000.0	26	5	3.7963306917219186	0.25243743577180694	20.982274436900347
20000.0	26	6	3.442764232974504	0.30392055990353223	21.184820340700362
20000.0	26	7	3.2907884842920954	0.37083819012231645	21.31732737817919
20000.0	26	8	3.2977622638151827	0.45605804623600543	21.377731711753093
20000.0	26	9	3.455934727079418	0.5588420747050754	21.352584918328816
20000.0	26	10	3.7774428763112944	0.6740645747302307	21.229804987898817
20000.0	26	11	4.283306054374977	0.7921331387962101	21.008936552354037
20000.0	26	12	4.993349230143224	0.8999183026642389	20.705267368068125
20000.0	26	13	5.9144749776015155	0.9828218183542948	20.3480623439252
20000.0	26	14	7.0264877609066385	1.0278092796068021	19.975354318758402
20000.0	26	15	8.267248272600561	1.0270111355279439	19.627817963378146
20000.0	26	16	9.523457910750576	0.981000962086347	19.342942007865293
20000.0	26	17	10.63928121162392	0.8999074889036339	19.14957019438424
20000.0	26	18	11.45312349851143	0.8004723022613992	19.063210743738765
20000.0	26	19	11.852578898673086	0.6997728423071133	19.083683470081926
20000.0	26	20	11.814340803458892	0.60951355013765	19.19650738723975
20000.0	26	21	11.404434634053448	0.5340470664585601	19.377310269322976
20000.0	26	22	10.750073539869044	0.47163733411428205	19.596362236942348
20000.0	26	23	10.01427284116052	0.41689917655860054	19.819461517116583
20000.0	26	24	9.389390045330522	0.3635392034541252	20.002409525261132
20000.0	26	25	9.093390986100845	0.3075439323507916	20.08244813555076
20000.0	26	26	9.325819149678278	0.24974942931970673	19.98308061465865
20000.0	26	27	10.12485908085122	0.19462180210565916	19.64893335641186
20000.0	26	28	11.145219644355558	0.14445079712352685	19.073507527295707
20000.0	26	29	11.650282551255549	0.0971292509058957	18.260482587788747

20000.0	27	0	8.815039618738705	0.13770461061155834	18.722296340915946
20000.0	27	1	8.47280422342514	0.14772327691758733	19.34567238230546
20000.0	27	2	7.011300557794842	0.16485382087142048	19.808522375818967
20000.0	27	3	5.491320362422801	0.18944100547484888	20.30320726696891
20000.0	27	4	4.359008509503855	0.22190881440177493	20.73142290313422
20000.0	27	5	3.680307334772666	0.2639399914825484	21.029054277506987
20000.0	27	6	3.3345435797290466	0.3191625878554807	21.213513850290756
20000.0	27	7	3.212181404665931	0.39163482183629067	21.31509161860323
20000.0	27	8	3.25977185984787	0.4837567560527979	21.34194396666584
20000.0	27	9	3.4683124239643517	0.5945105984567898	21.28277634343095
20000.0	27	10	3.8559193735579016	0.7181626454904878	21.12330415828072
20000.0	27	11	4.454307997072785	0.8437637179783692	20.86062259402682
20000.0	27	12	5.296547276964199	0.9559379362670317	20.509492478382008
20000.0	27	13	6.401959656950511	1.0372227271202943	20.101058064781686
20000.0	27	14	7.755723584404869	1.0719406740663768	19.677286431111877
20000.0	27	15	9.284764124700757	1.0512642994344552	19.284112223644936
20000.0	27	16	10.840445975715852	0.9780380745776647	18.964445249963394
20000.0	27	17	12.210616039186794	0.8680171984295924	18.751070921205162
20000.0	27	18	13.178845626639644	0.7445006673086834	18.66052331558052
20000.0	27	19	13.608156376387637	0.6286767305812915	18.690661284572393
20000.0	27	20	13.489492236031762	0.5327379301281095	18.823584696539513
20000.0	27	21	12.925370993539216	0.4593622610618864	19.031919254676872
20000.0	27	22	12.08348469737571	0.4048624473501209	19.28390174928261
20000.0	27	23	11.171275269610561	0.3625428068057239	19.542062351934504
20000.0	27	24	10.440532492738145	0.3256332400615707	19.752615241827343
20000.0	27	25	10.165821824509404	0.2904915106900164	19.836361530414305
20000.0	27	26	10.473644241774059	0.25847446469573043	19.720730723057763
20000.0	27	27	10.909346783517046	0.23103896668776783	19.440705298271496
20000.0	27	28	10.456427805371959	0.19647772472211333	19.146411820472398
20000.0	27	29	8.815039618738705	0.13770461061155834	18.722296340915946

20000.0	28	0	2.120344594630511	0.13943115358204355	18.17463148097671
20000.0	28	1	4.5626748485481246	0.16172475577074819	20.389404950541188
20000.0	28	2	5.329774024294239	0.17822159562368226	20.25643656958283
20000.0	28	3	4.991229939109643	0.1963668978911241	20.38768584681941
20000.0	28	4	4.197577071177225	0.22545952741206338	20.741805133755822
20000.0	28	5	3.5699617073623715	0.26895070061290094	21.032698245090575
20000.0	28	6	3.2399763166375584	0.32879544026203184	21.200897206040587
20000.0	28	7	3.1431069991986322	0.4074391868254591	21.275350583653697
20000.0	28	8	3.2257644968010917	0.5066180194619688	21.273718798201216
20000.0	28	9	3.478350368547245	0.6251940137558912	21.187254801560485
20000.0	28	10	3.9243114532440564	0.7571263087502912	20.998912011069578
20000.0	28	11	4.6059986575737835	0.8903736288354169	20.702404943659825
20000.0	28	12	5.5708465271000405	1.0073955092598914	20.31108603643139
20000.0	28	13	6.85311634781432	1.0876677532718089	19.857211545817744
20000.0	28	14	8.446512319421817	1.1124726054239884	19.386073971563015
20000.0	28	15	10.268214869373628	1.0718139336137502	18.948497895278894
20000.0	28	16	12.130177421658509	0.9712658982948695	18.592635362620598
20000.0	28	17	13.75548081307117	0.8331792411796595	18.35503516454609
20000.0	28	18	14.868205172667459	0.6878216613008792	18.253085114948476
20000.0	28	19	15.312705975598178	0.5596843411228268	18.28298287240026
20000.0	28	20	15.105925917318796	0.46016447541367644	18.424652030593137
20000.0	28	21	14.395605855917607	0.3895295497169075	18.649649665076947
20000.0	28	22	13.394481916034088	0.34224269876891755	18.925638578850325
20000.0	28	23	12.359310298759128	0.3111505410816163	19.211157807473427
20000.0	28	24	11.601197058369952	0.29067303653446347	19.43989214024167
20000.0	28	25	11.389156811448084	0.28028555037690567	19.52211468367376
20000.0	28	26	11.436706058920931	0.28548318302758674	19.44609426671111
20000.0	28	27	10.137795577051802	0.3035256376894557	19.494245673280467
20000.0	28	28	6.355993309539821	0.2794275191570162	19.923007973993354
20000.0	28	29	2.120344594630511	0.13943115358204355	18.17463148097671

20000.0	29	0	0.010116128453415665	2.9566505459583336E-6	0.31551997703018214
20000.0	29	1	0.9226264685456659	0.10531351223972932	19.80693054910335
20000.0	29	2	3.04318819760199	0.16509610712174608	21.13403848226377
20000.0	29	3	4.0508695329284645	0.19228013162197485	20.591102642668385
20000.0	29	4	3.9030896588440127	0.22234196249177396	20.718882292057337
20000.0	29	5	3.429785057644645	0.26900749480682046	20.963109493132123
20000.0	29	6	3.134080124338609	0.33453923140019226	21.107044632256063
20000.0	29	7	3.0629490290982564	0.4199690783298666	21.157055661679138
20000.0	29	8	3.1783337263362252	0.5264309085485749	21.136278443579602
20000.0	29	9	3.4722157403555896	0.6528397152340792	21.035882099944686
20000.0	29	10	3.9728967660534327	0.7930620339704262	20.832956342973304
20000.0	29	11	4.733084894168373	0.9341282698924843	20.515629294352372
20000.0	29	12	5.815308477874494	1.0563649706021045	20.094923142628755
20000.0	29	13	7.270581099372571	1.1360405343795923	19.60399029584234
20000.0	29	14	9.10309379180568	1.1511693419808728	19.09138814400625
20000.0	29	15	11.21976201147827	1.0906014544188167	18.612704920404077
20000.0	29	16	13.387236335690744	0.9631959663937897	18.221061187993545
20000.0	29	17	15.25486775981069	0.7986161653778859	17.956342144739565
20000.0	29	18	16.48486181614447	0.6340099511891131	17.836515566425557
20000.0	29	19	16.912673426333953	0.496135334422527	17.856620082348364
20000.0	29	20	16.595765414716613	0.39458059976367554	17.996007606029877
20000.0	29	21	15.737294158725327	0.3268618915819907	18.227433957817247
20000.0	29	22	14.599892292354998	0.2858425954498324	18.51986737632897
20000.0	29	23	13.490285539699462	0.26459232663582033	18.828268115431438
20000.0	29	24	12.764037750683164	0.25996921747488133	19.074215554353554
20000.0	29	25	12.582767566776301	0.27691501405915997	19.171098164481027
20000.0	29	26	11.857992464668651	0.32925985762858295	19.231428410320532
20000.0	29	27	7.691872518755543	0.408020576037912	19.836486683792806
20000.0	29	28	1.5088377980149215	0.35511479154153763	19.210002273888996
20000.0	29	29	0.010116128453415665	2.9566505459583336E-6	0.31551997703018214

