2000.0	0	0	1.3072776893816171	2.0295407353607473	1.9656985784460121
2000.0	0	1	1.3072776892251963	2.0295407345089376	1.9656985781896328
2000.0	0	2	1.307277689051868	2.029540733546231	1.9656985780709535
2000.0	0	3	1.307277689159601	2.029540734042603	1.9656985778500298
2000.0	0	4	1.3072776892239686	2.029540734413742	1.9656985777315155
2000.0	0	5	1.307277688898332	2.0295407329464115	1.9656985778076546
2000.0	0	6	1.307277688373766	2.0295407303883315	1.9656985776126106
2000.0	0	7	1.3072776880928632	2.029540728855101	1.9656985772129552
2000.0	0	8	1.307277688329722	2.029540729785665	1.965698576985852
2000.0	0	9	1.3072776889733468	2.0295407326352244	1.9656985767433361
2000.0	0	10	1.3072776895219598	2.029540735011042	1.9656985764506398
2000.0	0	11	1.3072776896504403	2.029540735725667	1.9656985769734314
2000.0	0	12	1.3072776895793825	2.0295407358757878	1.9656985778720677
2000.0	0	13	1.3072776893035607	2.0295407349521355	1.9656985783817948
2000.0	0	14	1.3072776888510182	2.0295407328787354	1.9656985783865535
2000.0	0	15	1.3072776885352353	2.0295407312254445	1.965698577959882
2000.0	0	16	1.3072776885356105	2.0295407310130704	1.9656985773341416
2000.0	0	17	1.3072776886234254	2.0295407313169997	1.9656985768934199
2000.0	0	18	1.3072776884903918	2.029540730812186	1.9656985771081141
2000.0	0	19	1.307277688203634	2.029540729568163	1.9656985773184088
2000.0	0	20	1.3072776880357677	2.029540728838016	1.965698577357281
2000.0	0	21	1.3072776880557482	2.029540728948583	1.9656985773174742
2000.0	0	22	1.3072776881629338	2.029540729372668	1.965698577300948
2000.0	0	23	1.307277688407911	2.029540730495153	1.9656985772220903
2000.0	0	24	1.307277688537474	2.0295407309862266	1.9656985770618713
2000.0	0	25	1.3072776885114694	2.029540730787463	1.96569857689497
2000.0	0	26	1.3072776883407513	2.029540729984479	1.9656985769141826
2000.0	0	27	1.3072776882141606	2.029540729402226	1.9656985770807445
2000.0	0	28	1.3072776884796165	2.029540730796717	1.9656985776911684
2000.0	0	29	1.3072776893215399	2.0295407350662655	1.9656985785495087

2000.0	1	0	1.3072776890893212	2.0295407335686266	1.9656985777274711
2000.0	1	1	1.30727768895718	2.029540732920652	1.9656985775915345
2000.0	1	2	1.3072776888440867	2.029540732399412	1.9656985776429245
2000.0	1	3	1.3072776889115219	2.029540732818466	1.9656985777201712
2000.0	1	4	1.3072776889491236	2.029540733099787	1.9656985777725675
2000.0	1	5	1.307277688736631	2.0295407321435297	1.965698577727232
2000.0	1	6	1.3072776883744628	2.0295407303577586	1.9656985775028906
2000.0	1	7	1.3072776881882078	2.0295407293439363	1.9656985771343476
2000.0	1	8	1.3072776882759816	2.029540729618965	1.965698576911662
2000.0	1	9	1.307277688530462	2.0295407306658095	1.9656985768328226
2000.0	1	10	1.3072776887753736	2.029540731728205	1.965698576782676
2000.0	1	11	1.3072776888298518	2.0295407320537273	1.9656985771199824
2000.0	1	12	1.3072776888048652	2.029540732185421	1.9656985775758746
2000.0	1	13	1.307277688690924	2.0295407318267813	1.965698577719397
2000.0	1	14	1.3072776884894706	2.029540730873424	1.965698577610613
2000.0	1	15	1.3072776884074035	2.0295407303769752	1.9656985773889917
2000.0	1	16	1.3072776885808013	2.029540731052772	1.9656985770200586
2000.0	1	17	1.3072776888019206	2.0295407319576944	1.9656985766617399
2000.0	1	18	1.3072776888216295	2.0295407320530128	1.965698576656635
2000.0	1	19	1.3072776886322368	2.0295407312400506	1.9656985768519193
2000.0	1	20	1.307277688442513	2.0295407304894475	1.965698577063604
2000.0	1	21	1.3072776883173463	2.0295407299834984	1.9656985772511435
2000.0	1	22	1.3072776883458985	2.029540730069308	1.9656985772588873
2000.0	1	23	1.3072776886217516	2.0295407312978835	1.9656985770422617
2000.0	1	24	1.3072776888687236	2.0295407323670385	1.965698576811437
2000.0	1	25	1.3072776889078899	2.0295407325839814	1.9656985768529889
2000.0	1	26	1.3072776886816533	2.0295407315133365	1.9656985769451782
2000.0	1	27	1.3072776884063004	2.0295407301106136	1.9656985769328281
2000.0	1	28	1.3072776884729345	2.0295407304365836	1.9656985772071258
2000.0	1	29	1.3072776890494333	2.0295407333674205	1.965698577773302

2000.0	2	0	1.3072776890033513	2.029540732997164	1.9656985770604678
2000.0	2	1	1.3072776888938404	2.029540732575154	1.9656985772997355
2000.0	2	2	1.3072776888051632	2.0295407322247154	1.9656985774839355
2000.0	2	3	1.307277688809461	2.029540732301995	1.965698577582139
2000.0	2	4	1.3072776888082611	2.0295407323671406	1.9656985776516995
2000.0	2	5	1.3072776886592559	2.0295407316899903	1.9656985776001328
2000.0	2	6	1.3072776884048014	2.0295407304222137	1.9656985774350262
2000.0	2	7	1.307277688284694	2.0295407297962544	1.9656985771481463
2000.0	2	8	1.3072776882764252	2.0295407296906878	1.9656985769402269
2000.0	2	9	1.307277688280341	2.0295407295855608	1.965698576850212
2000.0	2	10	1.3072776883257915	2.029540729757757	1.96569857687188
2000.0	2	11	1.3072776883790664	2.029540730079027	1.965698577058696
2000.0	2	12	1.3072776884095518	2.0295407303221333	1.9656985772288624
2000.0	2	13	1.3072776883703316	2.029540730134927	1.9656985771495148
2000.0	2	14	1.307277688308044	2.029540729762476	1.9656985769565658
2000.0	2	15	1.3072776883727868	2.0295407300256865	1.9656985769469173
2000.0	2	16	1.307277688634079	2.0295407311956404	1.9656985768603723
2000.0	2	17	1.3072776889202777	2.029540732394084	1.9656985766037
2000.0	2	18	1.3072776890530022	2.0295407329291946	1.9656985764036141
2000.0	2	19	1.3072776889710864	2.0295407325870656	1.9656985764925787
2000.0	2	20	1.3072776888061908	2.0295407320129524	1.9656985767772965
2000.0	2	21	1.307277688593351	2.0295407311715006	1.9656985771559357
2000.0	2	22	1.3072776885418353	2.0295407309324336	1.9656985772464746
2000.0	2	23	1.3072776887812654	2.0295407319708265	1.9656985769994675
2000.0	2	24	1.307277689044916	2.029540733112742	1.965698576766305
2000.0	2	25	1.3072776891151565	2.0295407335065527	1.9656985769425621
2000.0	2	26	1.3072776889381517	2.0295407326685906	1.9656985769870028
2000.0	2	27	1.3072776886609931	2.029540731217717	1.96569857678425
2000.0	2	28	1.307277688621061	2.029540731001108	1.9656985767994244
2000.0	2	29	1.3072776889763889	2.029540732852378	1.9656985770673432

2000.0	3	0	1.3072776887724837	2.0295407317937397	1.965698576814617
2000.0	3	1	1.307277688802014	2.029540732114648	1.9656985772265836
2000.0	3	2	1.3072776888099955	2.029540732229738	1.9656985774043905
2000.0	3	3	1.3072776888305104	2.0295407323381576	1.9656985774072633
2000.0	3	4	1.3072776888454232	2.0295407324802666	1.9656985774590083
2000.0	3	5	1.3072776887486448	2.0295407320551186	1.9656985774643465
2000.0	3	6	1.3072776885631634	2.029540731127475	1.965698577365458
2000.0	3	7	1.3072776884513972	2.029540730575175	1.965698577156309
2000.0	3	8	1.307277688351056	2.0295407300674646	1.9656985769684399
2000.0	3	9	1.307277688226337	2.0295407293800127	1.965698576786245
2000.0	3	10	1.307277688177996	2.0295407291152148	1.9656985767831168
2000.0	3	11	1.307277688270572	2.029540729633471	1.9656985769058004
2000.0	3	12	1.307277688357596	2.029540730084261	1.9656985769842954
2000.0	3	13	1.307277688329669	2.029540729853273	1.9656985768541086
2000.0	3	14	1.307277688296891	2.029540729575459	1.9656985766542054
2000.0	3	15	1.3072776884151927	2.0295407301356816	1.965698576737707
2000.0	3	16	1.3072776886781046	2.029540731329077	1.965698576781775
2000.0	3	17	1.3072776889596736	2.029540732478439	1.9656985765516435
2000.0	3	18	1.3072776891228266	2.0295407330916744	1.9656985762490609
2000.0	3	19	1.3072776890955682	2.0295407329441137	1.9656985761798929
2000.0	3	20	1.3072776889614917	2.0295407325424275	1.965698576489563
2000.0	3	21	1.3072776887217832	2.029540731657451	1.9656985770206188
2000.0	3	22	1.3072776886165518	2.029540731245464	1.9656985772422804
2000.0	3	23	1.3072776888011377	2.02954073207524	1.965698577079807
2000.0	3	24	1.3072776890238427	2.0295407330314923	1.9656985769214215
2000.0	3	25	1.3072776891122861	2.0295407334702436	1.9656985770712931
2000.0	3	26	1.3072776890543907	2.029540733190817	1.965698576983016
2000.0	3	27	1.3072776888488027	2.0295407320857963	1.9656985766641875
2000.0	3	28	1.3072776886968855	2.0295407313246625	1.9656985766181236
2000.0	3	29	1.3072776887519977	2.0295407316767196	1.9656985768065902

2000.0	4	0	1.3072776885486967	2.029540730785433	1.9656985768251884
2000.0	4	1	1.307277688737673	2.029540731820771	1.9656985771558855
2000.0	4	2	1.3072776888467599	2.029540732382861	1.9656985772851892
2000.0	4	3	1.30727768888979	2.029540732584281	1.9656985772850326
2000.0	4	4	1.3072776889050644	2.0295407327021624	1.965698577317119
2000.0	4	5	1.3072776888519781	2.029540732454179	1.9656985772618474
2000.0	4	6	1.3072776887435855	2.0295407319081034	1.965698577147626
2000.0	4	7	1.3072776886243536	2.0295407313256466	1.9656985770063504
2000.0	4	8	1.307277688422422	2.029540730330802	1.9656985769415136
2000.0	4	9	1.3072776882192363	2.029540729295896	1.9656985767843125
2000.0	4	10	1.3072776881360484	2.0295407288849856	1.965698576774221
2000.0	4	11	1.3072776882745338	2.0295407296454147	1.96569857686604
2000.0	4	12	1.3072776884342	2.0295407304535065	1.9656985768827246
2000.0	4	13	1.3072776884241963	2.029540730311176	1.9656985767921553
2000.0	4	14	1.307277688373295	2.0295407299420445	1.965698576678843
2000.0	4	15	1.307277688487147	2.0295407304750523	1.9656985767759438
2000.0	4	16	1.3072776887291062	2.029540731542796	1.96569857681123
2000.0	4	17	1.307277688989317	2.029540732577991	1.9656985765167923
2000.0	4	18	1.3072776891097342	2.0295407329608808	1.965698576179072
2000.0	4	19	1.3072776890561235	2.0295407326241417	1.965698575957068
2000.0	4	20	1.3072776889243436	2.0295407322153953	1.9656985762052783
2000.0	4	21	1.307277688694523	2.029540731419722	1.9656985767957205
2000.0	4	22	1.307277688567959	2.0295407309865285	1.9656985772094175
2000.0	4	23	1.3072776887135344	2.0295407317340968	1.9656985772434072
2000.0	4	24	1.3072776888940862	2.029540732532476	1.9656985771720055
2000.0	4	25	1.3072776889907467	2.0295407329494806	1.9656985771644395
2000.0	4	26	1.307277689024325	2.0295407331084894	1.9656985770139328
2000.0	4	27	1.3072776888812103	2.0295407323539774	1.9656985767802848
2000.0	4	28	1.3072776886687576	2.0295407313168994	1.9656985767574722
2000.0	4	29	1.3072776885341195	2.029540730712056	1.9656985768344868

2000.0	5	0	1.307277688440287	2.0295407304026063	1.9656985769981397
2000.0	5	1	1.3072776887127082	2.0295407316909513	1.9656985771217783
2000.0	5	2	1.3072776888506672	2.029540732292263	1.9656985770881938
2000.0	5	3	1.3072776888545046	2.029540732276845	1.9656985770706583
2000.0	5	4	1.307277688821039	2.0295407321300907	1.9656985770857536
2000.0	5	5	1.3072776887826774	2.0295407319221908	1.9656985770037514
2000.0	5	6	1.3072776887591964	2.0295407318076046	1.9656985769238962
2000.0	5	7	1.3072776887029223	2.029540731556173	1.9656985768373763
2000.0	5	8	1.3072776885175048	2.0295407306915787	1.9656985768861777
2000.0	5	9	1.3072776883250692	2.029540729778671	1.9656985768033244
2000.0	5	10	1.307277688214243	2.0295407292553733	1.9656985768063469
2000.0	5	11	1.3072776883095425	2.029540729771397	1.9656985768204724
2000.0	5	12	1.307277688460993	2.029540730514072	1.965698576721046
2000.0	5	13	1.3072776884584751	2.0295407304234416	1.9656985766362538
2000.0	5	14	1.3072776884084623	2.0295407300749524	1.965698576618397
2000.0	5	15	1.3072776885399682	2.0295407307029727	1.9656985767562394
2000.0	5	16	1.3072776888042512	2.0295407318877787	1.9656985767698334
2000.0	5	17	1.3072776890418458	2.0295407328323414	1.9656985764499846
2000.0	5	18	1.3072776890639617	2.029540732769919	1.9656985761691232
2000.0	5	19	1.3072776889082127	2.029540731925559	1.965698575922986
2000.0	5	20	1.307277688742964	2.029540731303494	1.9656985760686272
2000.0	5	21	1.3072776885605573	2.0295407307133235	1.9656985765646813
2000.0	5	22	1.307277688479812	2.0295407305531836	1.9656985770689042
2000.0	5	23	1.307277688611464	2.0295407313075904	1.9656985772588613
2000.0	5	24	1.3072776887377473	2.029540731875312	1.9656985772472169
2000.0	5	25	1.3072776887882807	2.029540732029429	1.9656985771525166
2000.0	5	26	1.307277688827803	2.0295407322387637	1.965698577067302
2000.0	5	27	1.3072776887200235	2.0295407317353424	1.965698577078692
2000.0	5	28	1.3072776885532094	2.0295407309496514	1.9656985770887356
2000.0	5	29	1.3072776884217552	2.029540730312713	1.96569857702777

2000.0	6	0	1.3072776884401895	2.029540730448896	1.9656985769332702
2000.0	6	1	1.3072776887663498	2.0295407318461622	1.9656985768746216
2000.0	6	2	1.307277688886202	2.02954073227148	1.9656985767117652
2000.0	6	3	1.3072776888072013	2.0295407318429484	1.9656985766727393
2000.0	6	4	1.307277688706526	2.029540731380973	1.96569857665412
2000.0	6	5	1.3072776886741038	2.029540731206316	1.9656985765775825
2000.0	6	6	1.3072776887212791	2.0295407314367204	1.965698576568265
2000.0	6	7	1.3072776887595527	2.0295407316560015	1.9656985765676283
2000.0	6	8	1.3072776886690722	2.0295407313334155	1.9656985767886177
2000.0	6	9	1.3072776885293769	2.029540730762363	1.965698576852416
2000.0	6	10	1.307277688376257	2.029540730049996	1.9656985768898427
2000.0	6	11	1.3072776883376818	2.029540729849012	1.9656985768226747
2000.0	6	12	1.3072776883677524	2.029540729934814	1.9656985766265533
2000.0	6	13	1.3072776883397574	2.029540729703812	1.9656985764706567
2000.0	6	14	1.3072776883391168	2.0295407296207975	1.9656985764435424
2000.0	6	15	1.3072776885247879	2.0295407305434603	1.9656985766202633
2000.0	6	16	1.307277688841061	2.029540732045143	1.9656985766400514
2000.0	6	17	1.3072776890560915	2.0295407329564163	1.9656985763883161
2000.0	6	18	1.3072776889666187	2.0295407324456374	1.9656985763031327
2000.0	6	19	1.3072776886951196	2.0295407310933915	1.9656985762055927
2000.0	6	20	1.3072776884961426	2.02954073025625	1.9656985762576342
2000.0	6	21	1.307277688380136	2.0295407298877324	1.9656985765340305
2000.0	6	22	1.3072776883873762	2.029540730119482	1.9656985769374955
2000.0	6	23	1.3072776885282607	2.029540730919316	1.9656985771723108
2000.0	6	24	1.3072776886116584	2.029540731323343	1.9656985772656443
2000.0	6	25	1.3072776885969752	2.029540731191611	1.9656985772292337
2000.0	6	26	1.3072776885914974	2.029540731196089	1.9656985771905713
2000.0	6	27	1.307277688512856	2.0295407308478453	1.9656985772701512
2000.0	6	28	1.3072776884515163	2.0295407305597406	1.9656985771988014
2000.0	6	29	1.3072776884135107	2.0295407303135753	1.9656985769874347

2000.0	7	0	1.307277688377903	2.029540730065864	1.965698576684499
2000.0	7	1	1.3072776888339235	2.0295407319748238	1.965698576386411
2000.0	7	2	1.3072776889565674	2.0295407323671357	1.9656985762285377
2000.0	7	3	1.307277688779466	2.0295407314970255	1.9656985763153294
2000.0	7	4	1.307277688580042	2.0295407306112407	1.9656985764233834
2000.0	7	5	1.3072776885542214	2.0295407305484523	1.9656985764643822
2000.0	7	6	1.307277688681387	2.029540731194312	1.9656985765210586
2000.0	7	7	1.3072776888248423	2.0295407319362613	1.9656985765730288
2000.0	7	8	1.3072776888284268	2.029540732090892	1.9656985768513298
2000.0	7	9	1.30727768873105	2.0295407317404215	1.9656985769872062
2000.0	7	10	1.3072776885717603	2.0295407310114264	1.9656985770109399
2000.0	7	11	1.3072776884436523	2.029540730359882	1.9656985768878397
2000.0	7	12	1.3072776883589041	2.0295407298539674	1.9656985766693202
2000.0	7	13	1.3072776882924655	2.0295407294016607	1.965698576485846
2000.0	7	14	1.307277688332831	2.029540729532407	1.9656985764374943
2000.0	7	15	1.307277688513888	2.0295407304441837	1.9656985766408837
2000.0	7	16	1.3072776887882156	2.0295407318006955	1.9656985766735213
2000.0	7	17	1.3072776889344753	2.0295407324754975	1.965698576480818
2000.0	7	18	1.3072776887742035	2.02954073172825	1.9656985765457649
2000.0	7	19	1.3072776884635535	2.02954073026135	1.9656985766192792
2000.0	7	20	1.3072776882744472	2.029540729432568	1.9656985766519197
2000.0	7	21	1.307277688234077	2.0295407293242	1.9656985767474575
2000.0	7	22	1.3072776883255042	2.029540729853772	1.9656985769553712
2000.0	7	23	1.307277688499719	2.0295407307433795	1.9656985770857318
2000.0	7	24	1.3072776885818365	2.0295407311587375	1.9656985771847646
2000.0	7	25	1.3072776885208435	2.029540730860636	1.9656985772358957
2000.0	7	26	1.3072776884541195	2.0295407305831383	1.9656985772517634
2000.0	7	27	1.3072776883949238	2.0295407303070543	1.9656985772502293
2000.0	7	28	1.307277688394495	2.029540730267262	1.9656985770293283
2000.0	7	29	1.3072776883580546	2.029540729964445	1.9656985767336481

2000.0	8	0	1.307277688233377	2.029540729233901	1.9656985765384136
2000.0	8	1	1.30727768885238	2.0295407318391585	1.965698575907277
2000.0	8	2	1.3072776890473525	2.0295407325646995	1.9656985757180037
2000.0	8	3	1.3072776888283062	2.0295407315172307	1.9656985758985037
2000.0	8	4	1.3072776885381876	2.0295407302424326	1.9656985761702603
2000.0	8	5	1.30727768850035	2.02954073022464	1.965698576393965
2000.0	8	6	1.3072776886870145	2.02954073124031	1.9656985765350867
2000.0	8	7	1.3072776888882158	2.02954073228884	1.9656985766311692
2000.0	8	8	1.3072776889293138	2.0295407325958554	1.9656985768620552
2000.0	8	9	1.307277688850253	2.029540732311072	1.9656985769983004
2000.0	8	10	1.3072776887279243	2.0295407317858127	1.96569857701519
2000.0	8	11	1.3072776885970958	2.029540731147859	1.9656985769486952
2000.0	8	12	1.307277688499551	2.0295407305853006	1.9656985767902615
2000.0	8	13	1.3072776884720123	2.029540730298317	1.9656985766032409
2000.0	8	14	1.3072776885610553	2.029540730652993	1.9656985765059427
2000.0	8	15	1.3072776886779351	2.0295407312735936	1.9656985767257218
2000.0	8	16	1.307277688757458	2.029540731711703	1.9656985768194728
2000.0	8	17	1.307277688717381	2.029540731534974	1.9656985767156647
2000.0	8	18	1.307277688515292	2.029540730669005	1.965698576834005
2000.0	8	19	1.3072776882774972	2.0295407296251327	1.9656985769393214
2000.0	8	20	1.3072776881695551	2.029540729159794	1.9656985769319895
2000.0	8	21	1.3072776882093826	2.0295407293508902	1.9656985769104234
2000.0	8	22	1.3072776883633328	2.0295407300682893	1.9656985769579347
2000.0	8	23	1.3072776885787332	2.0295407310683795	1.9656985769198272
2000.0	8	24	1.307277688675648	2.0295407315253624	1.9656985769127142
2000.0	8	25	1.307277688572042	2.029540731029515	1.9656985769781383
2000.0	8	26	1.3072776884351391	2.02954073041366	1.9656985770705682
2000.0	8	27	1.3072776883762114	2.029540730139307	1.9656985770364803
2000.0	8	28	1.3072776883692345	2.029540730047388	1.9656985767736512
2000.0	8	29	1.307277688239842	2.0295407292725898	1.965698576541346

2000.0	9	0	1.3072776882906585	2.0295407295671084	1.9656985766260688
2000.0	9	1	1.3072776888754716	2.029540731903652	1.9656985758579923
2000.0	9	2	1.3072776891161206	2.0295407327966686	1.9656985754959797
2000.0	9	3	1.3072776889282025	2.0295407318386225	1.9656985755308836
2000.0	9	4	1.307277688608508	2.029540730405319	1.9656985758493075
2000.0	9	5	1.3072776885306276	2.0295407302311252	1.9656985761897716
2000.0	9	6	1.3072776886774597	2.029540731101168	1.9656985764103263
2000.0	9	7	1.3072776888258157	2.0295407319147882	1.9656985765501986
2000.0	9	8	1.3072776888301838	2.0295407320287464	1.9656985767221922
2000.0	9	9	1.3072776887399638	2.0295407316894303	1.9656985768731927
2000.0	9	10	1.3072776886555204	2.029540731372564	1.965698576922474
2000.0	9	11	1.3072776885790078	2.0295407310260147	1.9656985769445865
2000.0	9	12	1.3072776885717907	2.0295407309072706	1.9656985768584978
2000.0	9	13	1.3072776886949482	2.0295407313340585	1.9656985766157937
2000.0	9	14	1.3072776888782853	2.0295407321182886	1.9656985764303287
2000.0	9	15	1.3072776889496607	2.029540732590645	1.9656985766874562
2000.0	9	16	1.3072776888140978	2.029540732076334	1.9656985769457873
2000.0	9	17	1.307277688564613	2.029540730950986	1.9656985769893844
2000.0	9	18	1.3072776883141526	2.02954072986103	1.965698577070056
2000.0	9	19	1.3072776881530017	2.0295407291763192	1.9656985770845328
2000.0	9	20	1.3072776881198223	2.029540729021408	1.9656985770258415
2000.0	9	21	1.3072776882193164	2.029540729457684	1.965698576971684
2000.0	9	22	1.3072776884101915	2.0295407303191073	1.9656985769722024
2000.0	9	23	1.3072776886415667	2.029540731370602	1.9656985768438604
2000.0	9	24	1.3072776887357207	2.029540731776778	1.965698576730723
2000.0	9	25	1.3072776886071202	2.0295407311125198	1.9656985767211759
2000.0	9	26	1.3072776884448782	2.0295407303442152	1.9656985768059
2000.0	9	27	1.3072776884120154	2.029540730209062	1.9656985767704005
2000.0	9	28	1.307277688429617	2.0295407302781503	1.965698576609971
2000.0	9	29	1.3072776883208044	2.0295407297293604	1.9656985765822637

2000.0	10	0	1.3072776884159782	2.0295407302873953	1.965698576808784
2000.0	10	1	1.3072776888225954	2.0295407317344174	1.965698576111518
2000.0	10	2	1.3072776890484874	2.0295407324863195	1.9656985755731973
2000.0	10	3	1.3072776889629312	2.02954073194676	1.9656985754011194
2000.0	10	4	1.3072776887432096	2.0295407309721765	1.9656985756845238
2000.0	10	5	1.30727768867862	2.029540730845507	1.9656985760213417
2000.0	10	6	1.3072776887365942	2.0295407312999227	1.9656985762651251
2000.0	10	7	1.3072776887591322	2.0295407315359566	1.9656985764179893
2000.0	10	8	1.3072776886706095	2.0295407311890745	1.9656985765122732
2000.0	10	9	1.3072776885399595	2.02954073064699	1.9656985766225072
2000.0	10	10	1.307277688461006	2.0295407303574953	1.9656985767000845
2000.0	10	11	1.307277688436992	2.0295407302753325	1.9656985767758497
2000.0	10	12	1.3072776885440844	2.0295407307209152	1.9656985767619433
2000.0	10	13	1.3072776888405695	2.0295407320083445	1.9656985765060229
2000.0	10	14	1.3072776891067575	2.029540733166004	1.9656985763037205
2000.0	10	15	1.3072776891244353	2.0295407333848905	1.9656985766132873
2000.0	10	16	1.30727768882963	2.0295407321631473	1.9656985770399207
2000.0	10	17	1.307277688466482	2.0295407305567768	1.965698577168989
2000.0	10	18	1.3072776882094812	2.029540729427964	1.965698577170647
2000.0	10	19	1.3072776880988588	2.02954072894556	1.9656985771226865
2000.0	10	20	1.3072776881106738	2.0295407289865364	1.9656985770895061
2000.0	10	21	1.3072776882354304	2.029540729570405	1.9656985771026585
2000.0	10	22	1.3072776884033448	2.029540730335177	1.9656985771400357
2000.0	10	23	1.3072776885602624	2.029540731030236	1.9656985770748165
2000.0	10	24	1.3072776886116175	2.0295407312345746	1.9656985769843502
2000.0	10	25	1.3072776885077206	2.029540730674114	1.965698576862706
2000.0	10	26	1.3072776883882413	2.029540730053433	1.9656985767551747
2000.0	10	27	1.3072776883939594	2.029540730069397	1.965698576621909
2000.0	10	28	1.3072776884549842	2.0295407303751425	1.965698576558608
2000.0	10	29	1.307277688448608	2.029540730458089	1.9656985767615776

2000.0	11	0	1.3072776883978467	2.0295407302188018	1.965698576903675
2000.0	11	1	1.3072776886672541	2.0295407311174207	1.9656985764533492
2000.0	11	2	1.3072776888670476	2.0295407317679057	1.9656985759828178
2000.0	11	3	1.30727768889949	2.0295407317436895	1.9656985756911662
2000.0	11	4	1.3072776888592448	2.029540731570148	1.9656985757705372
2000.0	11	5	1.3072776888815323	2.029540731802978	1.9656985758755554
2000.0	11	6	1.3072776888432696	2.0295407317758114	1.965698576107569
2000.0	11	7	1.307277688710156	2.0295407313180736	1.9656985764096022
2000.0	11	8	1.3072776885284876	2.0295407305670192	1.9656985765400221
2000.0	11	9	1.307277688362137	2.029540729849464	1.9656985766002735
2000.0	11	10	1.3072776882757187	2.0295407295139514	1.9656985766839272
2000.0	11	11	1.3072776882611858	2.029540729460828	1.9656985767819328
2000.0	11	12	1.3072776884120512	2.0295407301141855	1.9656985767738362
2000.0	11	13	1.3072776887787518	2.0295407317554996	1.9656985765600212
2000.0	11	14	1.3072776891028717	2.029540733179547	1.9656985763795607
2000.0	11	15	1.3072776891348294	2.0295407334037567	1.9656985766036883
2000.0	11	16	1.307277688812494	2.0295407320267573	1.9656985770111055
2000.0	11	17	1.3072776884513406	2.029540730438847	1.9656985771214264
2000.0	11	18	1.307277688235774	2.0295407294989434	1.9656985771026387
2000.0	11	19	1.3072776881805572	2.029540729283984	1.9656985770788238
2000.0	11	20	1.3072776882368504	2.029540729582851	1.9656985771164586
2000.0	11	21	1.3072776883600952	2.0295407302147694	1.96569857723991
2000.0	11	22	1.3072776884849062	2.0295407308160116	1.9656985773085514
2000.0	11	23	1.3072776885344601	2.0295407310030456	1.9656985773175144
2000.0	11	24	1.3072776885156874	2.0295407308609548	1.9656985772430977
2000.0	11	25	1.3072776884193134	2.0295407303246615	1.9656985770745121
2000.0	11	26	1.3072776883226218	2.029540729785162	1.9656985768792656
2000.0	11	27	1.30727768830966	2.029540729687995	1.9656985767342756
2000.0	11	28	1.3072776883685926	2.029540729987868	1.9656985766857453
2000.0	11	29	1.307277688419111	2.0295407303289075	1.9656985768709014

2000.0	12	0	1.3072776883579922	2.029540730028229	1.965698577014915
2000.0	12	1	1.3072776885821316	2.0295407308652385	1.9656985767579795
2000.0	12	2	1.3072776887531472	2.0295407314335425	1.9656985764149908
2000.0	12	3	1.3072776888408906	2.0295407316458673	1.9656985760968702
2000.0	12	4	1.307277688909868	2.0295407319130137	1.965698575966906
2000.0	12	5	1.3072776889694426	2.0295407322272627	1.9656985758081398
2000.0	12	6	1.3072776888387077	2.0295407317121748	1.9656985759760097
2000.0	12	7	1.3072776885999156	2.029540730787841	1.9656985763837027
2000.0	12	8	1.3072776883848647	2.0295407299324926	1.9656985766080393
2000.0	12	9	1.307277688229636	2.0295407292837093	1.965698576701886
2000.0	12	10	1.307277688172192	2.029540729096815	1.965698576778536
2000.0	12	11	1.3072776881590826	2.0295407290519454	1.9656985768811268
2000.0	12	12	1.307277688265333	2.02954072949128	1.9656985769043698
2000.0	12	13	1.307277688569179	2.0295407308433875	1.9656985768600086
2000.0	12	14	1.3072776889371662	2.029540732525901	1.9656985767879043
2000.0	12	15	1.307277689088366	2.029540733270693	1.9656985768099766
2000.0	12	16	1.3072776888516062	2.029540732188573	1.9656985769801683
2000.0	12	17	1.3072776885524475	2.029540730820446	1.9656985769638398
2000.0	12	18	1.307277688400566	2.029540730168849	1.9656985769299467
2000.0	12	19	1.3072776883870867	2.0295407301751123	1.9656985769794626
2000.0	12	20	1.30727768844904	2.0295407305244666	1.9656985770718176
2000.0	12	21	1.3072776885308173	2.029540730965234	1.9656985772504147
2000.0	12	22	1.3072776886131134	2.0295407313804033	1.9656985772968776
2000.0	12	23	1.3072776886051287	2.029540731300019	1.9656985773305946
2000.0	12	24	1.3072776885680333	2.0295407310752513	1.9656985772355915
2000.0	12	25	1.3072776884903399	2.0295407306671667	1.9656985771061106
2000.0	12	26	1.3072776884019506	2.0295407302372266	1.9656985770026068
2000.0	12	27	1.3072776883119743	2.0295407297718344	1.9656985769118223
2000.0	12	28	1.3072776882938644	2.029540729663723	1.9656985768489206
2000.0	12	29	1.3072776883579824	2.0295407300169614	1.9656985769829842

2000.0	13	0	1.3072776885004993	2.0295407306777813	1.9656985771308522
2000.0	13	1	1.3072776886665973	2.0295407313705285	1.9656985770168434
2000.0	13	2	1.3072776887820983	2.0295407317343286	1.9656985767296202
2000.0	13	3	1.3072776888530995	2.029540731898234	1.9656985764408508
2000.0	13	4	1.3072776889197615	2.029540732166685	1.965698576277613
2000.0	13	5	1.3072776889235325	2.029540732170969	1.9656985760396934
2000.0	13	6	1.3072776887130488	2.0295407311957647	1.9656985760819232
2000.0	13	7	1.3072776884575945	2.02954073013802	1.9656985763607366
2000.0	13	8	1.3072776883006352	2.0295407295545314	1.965698576544614
2000.0	13	9	1.3072776882184232	2.0295407292634886	1.965698576691887
2000.0	13	10	1.3072776882166188	2.02954072933913	1.9656985767913397
2000.0	13	11	1.3072776882199426	2.0295407293738545	1.965698576887892
2000.0	13	12	1.3072776882611805	2.0295407294981738	1.9656985769096658
2000.0	13	13	1.307277688455744	2.0295407303414303	1.965698576946642
2000.0	13	14	1.3072776888207311	2.02954073206016	1.9656985769386557
2000.0	13	15	1.307277689076085	2.02954073325948	1.965698576798194
2000.0	13	16	1.3072776889388633	2.029540732536131	1.9656985767882482
2000.0	13	17	1.3072776887025457	2.0295407313963363	1.9656985767468869
2000.0	13	18	1.3072776886049708	2.0295407310018723	1.9656985767235324
2000.0	13	19	1.307277688610709	2.029540731133311	1.9656985768405932
2000.0	13	20	1.3072776886559896	2.0295407314087885	1.965698576946889
2000.0	13	21	1.3072776886962076	2.029540731613224	1.9656985770600264
2000.0	13	22	1.3072776887446862	2.0295407318119008	1.9656985770125674
2000.0	13	23	1.3072776887437891	2.029540731742654	1.9656985770083306
2000.0	13	24	1.3072776887386395	2.0295407316614065	1.9656985768717496
2000.0	13	25	1.3072776886748596	2.029540731357319	1.9656985768420892
2000.0	13	26	1.3072776885877233	2.029540731044057	1.9656985769519923
2000.0	13	27	1.3072776884303512	2.0295407302974238	1.965698577003167
2000.0	13	28	1.3072776883434547	2.0295407298357526	1.9656985770177458
2000.0	13	29	1.30727768847706	2.029540730538533	1.9656985771305986

2000.0	14	0	1.3072776888713735	2.029540732268801	1.9656985769658082
2000.0	14	1	1.3072776888809243	2.0295407323071935	1.9656985770040438
2000.0	14	2	1.3072776888875666	2.029540732242491	1.965698576781758
2000.0	14	3	1.3072776888750977	2.029540732101943	1.9656985765592914
2000.0	14	4	1.3072776888292124	2.0295407318990333	1.965698576509417
2000.0	14	5	1.3072776887165154	2.0295407313490506	1.965698576358341
2000.0	14	6	1.3072776884776058	2.029540730175589	1.9656985762930337
2000.0	14	7	1.3072776882880552	2.0295407293480054	1.9656985763677786
2000.0	14	8	1.3072776882434527	2.0295407292531706	1.965698576446698
2000.0	14	9	1.3072776882708064	2.029540729483622	1.9656985765956847
2000.0	14	10	1.307277688340292	2.029540729893065	1.9656985767089017
2000.0	14	11	1.3072776883920556	2.0295407301751394	1.9656985767762245
2000.0	14	12	1.3072776884014055	2.029540730159355	1.9656985767690496
2000.0	14	13	1.3072776884715636	2.0295407304044835	1.9656985768017259
2000.0	14	14	1.3072776887319513	2.029540731613194	1.965698576801884
2000.0	14	15	1.307277688993599	2.029540732791393	1.9656985765813924
2000.0	14	16	1.3072776889508022	2.0295407324634454	1.965698576475224
2000.0	14	17	1.3072776887928235	2.029540731683036	1.9656985764633237
2000.0	14	18	1.307277688722975	2.029540731427115	1.9656985764849577
2000.0	14	19	1.3072776886982205	2.0295407314077614	1.9656985766414294
2000.0	14	20	1.3072776887152575	2.0295407315437775	1.9656985767248036
2000.0	14	21	1.3072776887523347	2.0295407317386847	1.9656985767943926
2000.0	14	22	1.3072776888115911	2.0295407319554606	1.96569857672704
2000.0	14	23	1.3072776888915942	2.0295407322368404	1.9656985766127466
2000.0	14	24	1.307277688959521	2.0295407324534147	1.9656985764033736
2000.0	14	25	1.3072776889139235	2.029540732215838	1.9656985765033836
2000.0	14	26	1.3072776888549957	2.0295407320895165	1.9656985767958561
2000.0	14	27	1.307277688719246	2.029540731502021	1.9656985769724649
2000.0	14	28	1.3072776886440831	2.0295407311140767	1.965698577030777
2000.0	14	29	1.307277688841378	2.029540732107174	1.965698577001095

2000.0	15	0	1.3072776892600517	2.029540733852709	1.96569857651639
2000.0	15	1	1.3072776891050852	2.029540733183153	1.965698576708243
2000.0	15	2	1.3072776889909892	2.029540732668981	1.9656985766588375
2000.0	15	3	1.3072776888641393	2.0295407321284937	1.96569857666303
2000.0	15	4	1.3072776886713176	2.0295407312689053	1.9656985767811728
2000.0	15	5	1.3072776884877866	2.0295407303886996	1.9656985767001178
2000.0	15	6	1.3072776883144255	2.0295407295180343	1.9656985765306558
2000.0	15	7	1.3072776882211747	2.029540729103914	1.9656985764813402
2000.0	15	8	1.3072776882527577	2.029540729315811	1.9656985764713564
2000.0	15	9	1.3072776883301676	2.0295407297218873	1.965698576538223
2000.0	15	10	1.307277688412721	2.0295407301317643	1.9656985766319575
2000.0	15	11	1.3072776884840838	2.0295407304955626	1.96569857668687
2000.0	15	12	1.3072776884901378	2.029540730509204	1.965698576686517
2000.0	15	13	1.3072776884603021	2.029540730295296	1.9656985767193422
2000.0	15	14	1.3072776885690165	2.0295407307411857	1.9656985767132606
2000.0	15	15	1.3072776887782318	2.0295407316381104	1.965698576500374
2000.0	15	16	1.3072776888377846	2.029540731820206	1.9656985763425485
2000.0	15	17	1.3072776887654152	2.029540731438282	1.9656985762956698
2000.0	15	18	1.3072776886996413	2.0295407311774003	1.9656985762807682
2000.0	15	19	1.30727768861425	2.029540730827187	1.9656985763563017
2000.0	15	20	1.3072776885871797	2.029540730736338	1.9656985763723533
2000.0	15	21	1.3072776886210216	2.0295407309414166	1.9656985765048907
2000.0	15	22	1.3072776887127044	2.029540731322989	1.965698576546713
2000.0	15	23	1.3072776889057185	2.029540732141316	1.9656985763883315
2000.0	15	24	1.30727768910067	2.029540732952673	1.965698576142748
2000.0	15	25	1.3072776891677758	2.0295407332441426	1.965698576267291
2000.0	15	26	1.3072776892260058	2.029540733665427	1.9656985765462522
2000.0	15	27	1.3072776891919407	2.029540733578912	1.9656985767038313
2000.0	15	28	1.3072776891352718	2.029540733300755	1.9656985767545785
2000.0	15	29	1.3072776892386457	2.02954073375513	1.965698576562238

2000.0	16	0	1.3072776893290516	2.0295407339735423	1.9656985763188837
2000.0	16	1	1.3072776891527833	2.02954073323881	1.9656985764713806
2000.0	16	2	1.3072776889995383	2.0295407326245143	1.9656985765708352
2000.0	16	3	1.3072776888227342	2.0295407319644987	1.9656985768350153
2000.0	16	4	1.3072776885928012	2.0295407309711817	1.9656985770467958
2000.0	16	5	1.3072776884575295	2.0295407303664854	1.965698576958126
2000.0	16	6	1.3072776883894694	2.029540730023603	1.9656985767196615
2000.0	16	7	1.3072776883261812	2.0295407297063472	1.9656985766548392
2000.0	16	8	1.3072776883348882	2.0295407297255537	1.9656985765820327
2000.0	16	9	1.3072776884034223	2.02954072998991	1.9656985765004005
2000.0	16	10	1.307277688484816	2.029540730305592	1.9656985764868693
2000.0	16	11	1.3072776885615223	2.029540730655414	1.965698576515662
2000.0	16	12	1.3072776885741888	2.029540730756093	1.9656985765400696
2000.0	16	13	1.307277688500924	2.029540730426409	1.965698576632946
2000.0	16	14	1.3072776885117756	2.029540730409642	1.9656985766173707
2000.0	16	15	1.3072776886741166	2.0295407310585216	1.9656985763837698
2000.0	16	16	1.307277688795378	2.029540731565858	1.965698576212009
2000.0	16	17	1.3072776887736426	2.0295407314570273	1.965698576197819
2000.0	16	18	1.3072776886888162	2.029540731120329	1.9656985762235755
2000.0	16	19	1.3072776885184858	2.029540730328663	1.9656985762846921
2000.0	16	20	1.3072776884314203	2.02954072993189	1.965698576275985
2000.0	16	21	1.3072776884676194	2.029540730153427	1.9656985764291406
2000.0	16	22	1.3072776886021422	2.02954073076239	1.9656985765009605
2000.0	16	23	1.3072776888412516	2.029540731779585	1.965698576309356
2000.0	16	24	1.307277689088405	2.0295407327896404	1.9656985760362344
2000.0	16	25	1.3072776892600253	2.0295407335625573	1.96569857610694
2000.0	16	26	1.3072776894346851	2.0295407344976004	1.9656985762902701
2000.0	16	27	1.307277689485872	2.0295407347743146	1.965698576348771
2000.0	16	28	1.3072776893994955	2.0295407343645007	1.9656985764302604
2000.0	16	29	1.3072776893056979	2.0295407338547955	1.9656985763443233

2000.0	17	0	1.3072776891917772	2.0295407331538446	1.965698576060955
2000.0	17	1	1.3072776891005877	2.029540732867781	1.9656985762904977
2000.0	17	2	1.307277689012968	2.029540732650837	1.9656985765638901
2000.0	17	3	1.3072776888956246	2.0295407323560304	1.9656985769817812
2000.0	17	4	1.3072776887303577	2.029540731709687	1.965698577195085
2000.0	17	5	1.3072776886442967	2.029540731362758	1.9656985771442812
2000.0	17	6	1.3072776886149762	2.029540731217855	1.9656985769517745
2000.0	17	7	1.307277688530279	2.0295407307875992	1.96569857695237
2000.0	17	8	1.3072776884838349	2.0295407304978488	1.9656985768918112
2000.0	17	9	1.307277688558333	2.029540730720454	1.9656985766560418
2000.0	17	10	1.3072776886927655	2.029540731200406	1.9656985763974657
2000.0	17	11	1.307277688801179	2.029540731636417	1.965698576266726
2000.0	17	12	1.3072776887747002	2.029540731534804	1.9656985763096073
2000.0	17	13	1.3072776886281534	2.02954073090634	1.9656985765490163
2000.0	17	14	1.3072776885868225	2.0295407306756825	1.9656985765689738
2000.0	17	15	1.3072776887305404	2.0295407312389964	1.965698576258607
2000.0	17	16	1.3072776888350228	2.0295407316481424	1.9656985760362753
2000.0	17	17	1.307277688793024	2.0295407314683214	1.9656985760805763
2000.0	17	18	1.3072776886955269	2.029540731159386	1.9656985762462165
2000.0	17	19	1.3072776884919248	2.029540730248464	1.9656985763845096
2000.0	17	20	1.3072776883811392	2.0295407297465204	1.9656985764106962
2000.0	17	21	1.3072776884536055	2.029540730176905	1.9656985765405002
2000.0	17	22	1.3072776886099475	2.0295407309172706	1.9656985765931292
2000.0	17	23	1.3072776887901094	2.0295407316158736	1.965698576420705
2000.0	17	24	1.3072776889897744	2.029540732380926	1.9656985761785832
2000.0	17	25	1.307277689160214	2.0295407331122797	1.9656985761992167
2000.0	17	26	1.307277689351375	2.0295407340392106	1.9656985762639838
2000.0	17	27	1.3072776894522982	2.0295407345022642	1.9656985761777073
2000.0	17	28	1.3072776893683056	2.029540734092797	1.9656985761772257
2000.0	17	29	1.3072776891617204	2.0295407329869275	1.9656985760571015

2000.0	18	0	1.3072776890842115	2.0295407326888584	1.9656985759920218
2000.0	18	1	1.3072776890975313	2.0295407328891564	1.9656985762519086
2000.0	18	2	1.307277689091639	2.0295407330461996	1.9656985765719457
2000.0	18	3	1.307277689054483	2.0295407331254	1.9656985770043864
2000.0	18	4	1.3072776889481372	2.02954073275298	1.965698577212158
2000.0	18	5	1.3072776888548534	2.0295407323938486	1.9656985773456008
2000.0	18	6	1.3072776888304614	2.029540732334819	1.9656985773137132
2000.0	18	7	1.3072776887530053	2.0295407319645697	1.9656985773236662
2000.0	18	8	1.307277688679173	2.0295407315161818	1.9656985772240172
2000.0	18	9	1.3072776887604718	2.0295407317218657	1.9656985768434907
2000.0	18	10	1.3072776889444842	2.0295407323679844	1.9656985763660757
2000.0	18	11	1.3072776890977535	2.029540732985314	1.9656985760728158
2000.0	18	12	1.3072776890452853	2.029540732756448	1.965698576165268
2000.0	18	13	1.3072776888469566	2.0295407318686265	1.9656985764782378
2000.0	18	14	1.3072776887982156	2.0295407316057417	1.9656985764560342
2000.0	18	15	1.3072776889197786	2.0295407320388335	1.9656985760226535
2000.0	18	16	1.3072776889471203	2.029540732059423	1.9656985757743752
2000.0	18	17	1.3072776888378304	2.029540731606292	1.9656985759280174
2000.0	18	18	1.3072776887284399	2.029540731330639	1.9656985762671364
2000.0	18	19	1.3072776885507902	2.0295407306014037	1.9656985765116701
2000.0	18	20	1.307277688450292	2.029540730159705	1.9656985766202937
2000.0	18	21	1.3072776885292556	2.0295407306293893	1.9656985767285742
2000.0	18	22	1.3072776886492394	2.029540731205368	1.9656985767216686
2000.0	18	23	1.3072776887342974	2.0295407314389395	1.965698576520417
2000.0	18	24	1.3072776888664255	2.029540731899642	1.965698576285929
2000.0	18	25	1.307277688980283	2.0295407323207426	1.9656985762714068
2000.0	18	26	1.3072776891146052	2.029540732911157	1.965698576252376
2000.0	18	27	1.3072776892187377	2.029540733400352	1.9656985761474823
2000.0	18	28	1.3072776891808449	2.029540733247492	1.9656985761939338
2000.0	18	29	1.3072776890437203	2.029540732476538	1.9656985760164805

2000.0	19	0	1.3072776889879685	2.029540732566734	1.9656985764702857
2000.0	19	1	1.307277689067785	2.029540732954192	1.9656985765583848
2000.0	19	2	1.3072776891259554	2.0295407333121216	1.9656985767335176
2000.0	19	3	1.3072776891576035	2.0295407336379783	1.965698577046526
2000.0	19	4	1.3072776891056688	2.0295407334777074	1.9656985771632394
2000.0	19	5	1.30727768900767	2.0295407330922854	1.9656985773657691
2000.0	19	6	1.3072776889847002	2.029540733070217	1.9656985774341735
2000.0	19	7	1.3072776889375273	2.0295407328547674	1.965698577419881
2000.0	19	8	1.3072776888447504	2.0295407323047336	1.9656985773312254
2000.0	19	9	1.3072776888706727	2.0295407322420482	1.9656985769831345
2000.0	19	10	1.3072776890145787	2.029540732693087	1.9656985764824704
2000.0	19	11	1.3072776891430258	2.0295407331631306	1.965698576131284
2000.0	19	12	1.3072776891036086	2.0295407330093425	1.965698576236521
2000.0	19	13	1.3072776889560733	2.02954073234774	1.9656985764640331
2000.0	19	14	1.30727768896413	2.0295407323799717	1.9656985763858354
2000.0	19	15	1.307277689066678	2.0295407327392594	1.9656985759663677
2000.0	19	16	1.307277689008197	2.029540732382968	1.9656985758412873
2000.0	19	17	1.3072776888260125	2.0295407316027996	1.9656985760841441
2000.0	19	18	1.3072776887087434	2.02954073124858	1.9656985763697767
2000.0	19	19	1.3072776886199313	2.029540730924054	1.965698576505602
2000.0	19	20	1.3072776885916408	2.0295407308336193	1.965698576587456
2000.0	19	21	1.3072776886415847	2.0295407311602114	1.9656985766830977
2000.0	19	22	1.3072776886530648	2.029540731238748	1.965698576730843
2000.0	19	23	1.3072776886315076	2.029540731001891	1.965698576603059
2000.0	19	24	1.3072776887327078	2.029540731349025	1.9656985763820467
2000.0	19	25	1.3072776888503639	2.029540731795688	1.9656985762754517
2000.0	19	26	1.3072776889129678	2.029540732008521	1.96569857620253
2000.0	19	27	1.307277688940449	2.0295407321440972	1.965698576186361
2000.0	19	28	1.3072776889250322	2.029540732189333	1.9656985764361445
2000.0	19	29	1.3072776889262723	2.0295407322353793	1.9656985765251072

2000.0	20	0	1.3072776888380628	2.029540732167665	1.9656985771812887
2000.0	20	1	1.3072776889395603	2.0295407325265336	1.9656985769619082
2000.0	20	2	1.3072776890267532	2.0295407329009842	1.9656985768537523
2000.0	20	3	1.3072776890999673	2.029540733347857	1.9656985769647703
2000.0	20	4	1.307277689093493	2.029540733364365	1.9656985769559918
2000.0	20	5	1.3072776890093998	2.029540732999875	1.9656985770792335
2000.0	20	6	1.3072776889973488	2.0295407329862845	1.9656985771577817
2000.0	20	7	1.3072776890175979	2.02954073308748	1.9656985771547493
2000.0	20	8	1.3072776889595863	2.0295407327284707	1.96569857711117
2000.0	20	9	1.3072776889128355	2.029540732358587	1.9656985769018347
2000.0	20	10	1.3072776889529005	2.0295407323915926	1.9656985765659698
2000.0	20	11	1.3072776889991857	2.029540732503361	1.9656985763091575
2000.0	20	12	1.3072776889696316	2.0295407324079053	1.965698576388824
2000.0	20	13	1.3072776889072906	2.0295407321676233	1.9656985765070496
2000.0	20	14	1.3072776889502598	2.0295407324094836	1.965698576491393
2000.0	20	15	1.3072776890300872	2.029540732714726	1.9656985761957153
2000.0	20	16	1.3072776889399758	2.0295407322369776	1.9656985761587247
2000.0	20	17	1.3072776887518995	2.029540731423077	1.9656985763808121
2000.0	20	18	1.307277688653974	2.0295407310690443	1.9656985765126689
2000.0	20	19	1.3072776886669897	2.029540731172121	1.9656985764553396
2000.0	20	20	1.3072776887222062	2.029540731465881	1.9656985764007655
2000.0	20	21	1.3072776887118789	2.029540731457674	1.965698576438966
2000.0	20	22	1.3072776885923587	2.0295407309124154	1.9656985765944117
2000.0	20	23	1.307277688490484	2.0295407303324797	1.9656985766057884
2000.0	20	24	1.3072776886137099	2.0295407308351665	1.9656985764502881
2000.0	20	25	1.3072776887999809	2.02954073167392	1.9656985763084422
2000.0	20	26	1.3072776888221311	2.02954073173703	1.965698576337461
2000.0	20	27	1.3072776887492472	2.0295407314150937	1.965698576470861
2000.0	20	28	1.3072776887082809	2.0295407313724803	1.9656985768535484
2000.0	20	29	1.3072776887685498	2.029540731783884	1.9656985772224096

2000.0	21	0	1.30727768891223	2.029540732605665	1.9656985775322202
2000.0	21	1	1.307277688903437	2.0295407323981216	1.9656985771633588
2000.0	21	2	1.30727768890269	2.029540732306592	1.96569857687042
2000.0	21	3	1.3072776888902353	2.0295407322639654	1.9656985768083053
2000.0	21	4	1.307277688846138	2.0295407320436487	1.965698576690872
2000.0	21	5	1.3072776887752717	2.0295407316961813	1.9656985767555724
2000.0	21	6	1.3072776888268742	2.0295407319688783	1.9656985769039028
2000.0	21	7	1.3072776889988222	2.0295407328526247	1.9656985769931314
2000.0	21	8	1.3072776890661073	2.0295407331640805	1.9656985769792372
2000.0	21	9	1.3072776889929516	2.029540732714894	1.9656985768555981
2000.0	21	10	1.3072776889280537	2.029540732328308	1.9656985766898474
2000.0	21	11	1.3072776888802102	2.0295407320644547	1.965698576584184
2000.0	21	12	1.307277688816534	2.0295407318205263	1.9656985766676272
2000.0	21	13	1.307277688773943	2.029540731712782	1.965698576763578
2000.0	21	14	1.3072776887630206	2.029540731700752	1.9656985768641093
2000.0	21	15	1.3072776888032516	2.029540731855404	1.9656985767188304
2000.0	21	16	1.3072776887649817	2.0295407316663705	1.9656985766836121
2000.0	21	17	1.3072776886374693	2.0295407311348437	1.965698576837971
2000.0	21	18	1.3072776885568371	2.02954073082486	1.9656985769398412
2000.0	21	19	1.3072776885969417	2.029540731030786	1.9656985768164548
2000.0	21	20	1.3072776886547637	2.02954073126696	1.9656985765886772
2000.0	21	21	1.3072776885809156	2.029540730830604	1.9656985764282062
2000.0	21	22	1.3072776884235875	2.0295407300490598	1.9656985764936221
2000.0	21	23	1.307277688354573	2.029540729640946	1.9656985765197252
2000.0	21	24	1.307277688540991	2.0295407304776996	1.9656985764034853
2000.0	21	25	1.307277688778032	2.0295407315945324	1.965698576308651
2000.0	21	26	1.3072776887996023	2.0295407317270957	1.965698576509016
2000.0	21	27	1.3072776887036555	2.0295407313487095	1.965698576805055
2000.0	21	28	1.3072776887015427	2.029540731474954	1.9656985771799667
2000.0	21	29	1.307277688856513	2.029540732295822	1.9656985775436715

2000.0	22	0	1.3072776893211782	2.0295407343449128	1.9656985772060018
2000.0	22	1	1.307277689104164	2.0295407332399495	1.9656985769706448
2000.0	22	2	1.3072776889182465	2.0295407323339836	1.9656985767797086
2000.0	22	3	1.307277688734914	2.0295407314815748	1.9656985767538462
2000.0	22	4	1.3072776886176964	2.029540730938247	1.965698576693975
2000.0	22	5	1.3072776885880348	2.029540730780043	1.9656985767663862
2000.0	22	6	1.3072776887486517	2.029540731553384	1.9656985769167714
2000.0	22	7	1.307277689062177	2.02954073313626	1.9656985770376751
2000.0	22	8	1.3072776892230071	2.029540733955412	1.9656985771185147
2000.0	22	9	1.307277689134105	2.029540733477168	1.9656985770886153
2000.0	22	10	1.3072776889920161	2.0295407327324426	1.9656985769459088
2000.0	22	11	1.3072776888775606	2.0295407321539014	1.965698576787446
2000.0	22	12	1.3072776887518782	2.0295407315816774	1.9656985767730042
2000.0	22	13	1.3072776886659265	2.0295407312843015	1.9656985768618462
2000.0	22	14	1.3072776885963284	2.029540731002579	1.9656985770156457
2000.0	22	15	1.3072776886192758	2.029540731093733	1.9656985769697748
2000.0	22	16	1.3072776886662882	2.0295407313524603	1.9656985769285482
2000.0	22	17	1.3072776886005577	2.029540731118429	1.9656985770461366
2000.0	22	18	1.3072776884999624	2.0295407307232898	1.9656985771858873
2000.0	22	19	1.3072776884650854	2.029540730562127	1.965698577091468
2000.0	22	20	1.3072776884496133	2.029540730386023	1.9656985767840771
2000.0	22	21	1.3072776883580324	2.029540729771031	1.9656985764754966
2000.0	22	22	1.307277688283896	2.029540729331469	1.9656985764248138
2000.0	22	23	1.3072776883469202	2.0295407295530827	1.9656985764193002
2000.0	22	24	1.307277688582741	2.0295407305984696	1.9656985763203316
2000.0	22	25	1.307277688813218	2.0295407316495027	1.9656985762608044
2000.0	22	26	1.3072776888574134	2.029540731909331	1.9656985764595283
2000.0	22	27	1.307277688808112	2.029540731789251	1.965698576810859
2000.0	22	28	1.307277688922134	2.029540732426698	1.965698577088339
2000.0	22	29	1.307277689284036	2.0295407341411487	1.9656985772017592

2000.0	23	0	1.3072776897074925	2.0295407357914415	1.9656985766200905
2000.0	23	1	1.3072776893408977	2.02954073415371	1.965698576642542
2000.0	23	2	1.3072776890339204	2.0295407328214865	1.9656985766230788
2000.0	23	3	1.3072776887267106	2.0295407314305196	1.9656985766986996
2000.0	23	4	1.307277688560399	2.029540730679739	1.9656985767668151
2000.0	23	5	1.3072776886194237	2.0295407309536966	1.9656985768142454
2000.0	23	6	1.3072776888908895	2.0295407322196537	1.9656985768481445
2000.0	23	7	1.307277689243039	2.029540733941386	1.9656985769041482
2000.0	23	8	1.3072776893895213	2.029540734716938	1.9656985770722528
2000.0	23	9	1.3072776892720077	2.029540734159352	1.9656985771453728
2000.0	23	10	1.3072776891123523	2.0295407333614466	1.9656985770011888
2000.0	23	11	1.3072776889891047	2.029540732746606	1.9656985767708013
2000.0	23	12	1.3072776888037245	2.0295407318154086	1.96569857662837
2000.0	23	13	1.3072776886413722	2.0295407310955493	1.9656985766759116
2000.0	23	14	1.3072776885581652	2.0295407307683435	1.9656985768378135
2000.0	23	15	1.3072776886120572	2.0295407310547815	1.9656985768769972
2000.0	23	16	1.3072776887256712	2.029540731690415	1.9656985768955728
2000.0	23	17	1.3072776886723394	2.0295407315123137	1.9656985770050273
2000.0	23	18	1.3072776885144648	2.0295407308348143	1.9656985771458289
2000.0	23	19	1.3072776883680903	2.0295407301206407	1.9656985771173043
2000.0	23	20	1.3072776882845043	2.029540729616434	1.9656985769019695
2000.0	23	21	1.3072776882465762	2.0295407292510834	1.9656985766107415
2000.0	23	22	1.3072776883278991	2.029540729500937	1.9656985764756518
2000.0	23	23	1.307277688560559	2.029540730497845	1.965698576352799
2000.0	23	24	1.3072776888217141	2.0295407315952594	1.9656985761968355
2000.0	23	25	1.3072776890199833	2.0295407324687083	1.9656985761078496
2000.0	23	26	1.3072776890565765	2.029540732678629	1.9656985761696155
2000.0	23	27	1.3072776889976505	2.029540732501123	1.9656985765043484
2000.0	23	28	1.3072776891477085	2.029540733228014	1.9656985767502944
2000.0	23	29	1.3072776896770635	2.0295407356300315	1.9656985766341504

2000.0	24	0	1.3072776898684766	2.0295407363928826	1.9656985764121737
2000.0	24	1	1.307277689433776	2.029540734548321	1.9656985766027237
2000.0	24	2	1.3072776890878546	2.0295407330808253	1.9656985766016977
2000.0	24	3	1.3072776887594582	2.0295407315731087	1.9656985766458128
2000.0	24	4	1.3072776886152333	2.029540730897191	1.965698576692051
2000.0	24	5	1.3072776887702242	2.02954073160255	1.9656985765709236
2000.0	24	6	1.307277689082415	2.0295407330023307	1.965698576396162
2000.0	24	7	1.3072776893523586	2.029540734276888	1.965698576404299
2000.0	24	8	1.3072776893999818	2.029540734629003	1.9656985767381743
2000.0	24	9	1.3072776892397706	2.0295407339496716	1.9656985769800497
2000.0	24	10	1.3072776890852515	2.0295407332157476	1.9656985768710773
2000.0	24	11	1.3072776889928097	2.0295407327728014	1.9656985766333286
2000.0	24	12	1.307277688816352	2.029540731853699	1.9656985764372386
2000.0	24	13	1.3072776886286375	2.029540730917282	1.9656985764242931
2000.0	24	14	1.3072776885816753	2.029540730757552	1.9656985765697463
2000.0	24	15	1.3072776886798212	2.0295407313125913	1.96569857672248
2000.0	24	16	1.30727768879834	2.029540732034392	1.9656985769214814
2000.0	24	17	1.3072776887172242	2.0295407317373693	1.965698577077999
2000.0	24	18	1.3072776885327504	2.0295407308960343	1.9656985770868196
2000.0	24	19	1.3072776883722306	2.0295407300967705	1.9656985769948891
2000.0	24	20	1.3072776883163366	2.0295407297633057	1.965698576901446
2000.0	24	21	1.3072776883851949	2.029540729928039	1.9656985767048627
2000.0	24	22	1.3072776886245447	2.0295407308800897	1.965698576487484
2000.0	24	23	1.3072776889767177	2.029540732370869	1.9656985761771462
2000.0	24	24	1.3072776892067424	2.0295407332343687	1.9656985759125483
2000.0	24	25	1.307277689315681	2.0295407336780844	1.9656985758250163
2000.0	24	26	1.307277689259814	2.0295407334572024	1.9656985758798295
2000.0	24	27	1.307277689103536	2.029540732819422	1.9656985762537222
2000.0	24	28	1.3072776892170754	2.0295407333761166	1.9656985765850183
2000.0	24	29	1.3072776898388994	2.0295407362501385	1.9656985764768178

2000.0	25	0	1.3072776897282963	2.029540735750842	1.9656985764546722
2000.0	25	1	1.3072776892798617	2.0295407338746494	1.9656985767220585
2000.0	25	2	1.3072776889675668	2.029540732580222	1.9656985767531354
2000.0	25	3	1.3072776887333848	2.0295407315272582	1.9656985767561082
2000.0	25	4	1.3072776886578994	2.0295407311242997	1.9656985766714496
2000.0	25	5	1.307277688815093	2.02954073174737	1.965698576351999
2000.0	25	6	1.307277689043096	2.0295407326887878	1.9656985760849532
2000.0	25	7	1.3072776891791986	2.029540733358015	1.9656985762038106
2000.0	25	8	1.307277689150893	2.029540733461642	1.9656985767474577
2000.0	25	9	1.3072776889889484	2.0295407328584396	1.9656985771155335
2000.0	25	10	1.3072776888385542	2.0295407321439796	1.9656985770440687
2000.0	25	11	1.3072776887598212	2.0295407317190604	1.9656985767973525
2000.0	25	12	1.3072776886637603	2.0295407311608664	1.9656985765473385
2000.0	25	13	1.307277688575153	2.0295407306411684	1.9656985764245716
2000.0	25	14	1.3072776886208304	2.0295407308800923	1.9656985764476684
2000.0	25	15	1.3072776887623727	2.0295407316578853	1.9656985765847084
2000.0	25	16	1.3072776888515814	2.0295407322701244	1.965698576877591
2000.0	25	17	1.3072776887228985	2.0295407317640657	1.965698577144992
2000.0	25	18	1.3072776885307877	2.0295407308762945	1.965698577129231
2000.0	25	19	1.3072776884267938	2.0295407303575215	1.9656985769718407
2000.0	25	20	1.307277688456228	2.0295407304624127	1.9656985769323414
2000.0	25	21	1.3072776886304767	2.029540731128549	1.965698576755015
2000.0	25	22	1.3072776889645368	2.029540732489661	1.9656985764526698
2000.0	25	23	1.3072776893402973	2.029540734037374	1.96569857604865
2000.0	25	24	1.3072776894968048	2.0295407345137457	1.9656985757449201
2000.0	25	25	1.3072776894955584	2.0295407344132768	1.9656985756072967
2000.0	25	26	1.3072776893315687	2.0295407336953706	1.9656985756782497
2000.0	25	27	1.3072776890648756	2.0295407325523738	1.9656985761047092
2000.0	25	28	1.3072776891104474	2.0295407328339286	1.9656985765144632
2000.0	25	29	1.3072776897048626	2.029540735648809	1.9656985765424466

2000.0	26	0	1.307277689389016	2.0295407341943426	1.9656985763101695
2000.0	26	1	1.3072776889824824	2.0295407325110864	1.965698576733795
2000.0	26	2	1.307277688745036	2.029540731584212	1.9656985769305684
2000.0	26	3	1.3072776886463267	2.0295407312077263	1.965698576948863
2000.0	26	4	1.3072776886334547	2.0295407310930322	1.9656985767977946
2000.0	26	5	1.3072776887181194	2.0295407313349028	1.9656985764409818
2000.0	26	6	1.3072776888210214	2.0295407317075735	1.9656985762178352
2000.0	26	7	1.307277688847085	2.029540731905386	1.9656985764301547
2000.0	26	8	1.3072776887961195	2.0295407319397727	1.9656985770069377
2000.0	26	9	1.3072776886972985	2.029540731660991	1.9656985773501388
2000.0	26	10	1.3072776885904887	2.0295407311338094	1.9656985772956723
2000.0	26	11	1.3072776885350852	2.0295407307731264	1.9656985770813578
2000.0	26	12	1.307277688539272	2.029540730678808	1.9656985768323936
2000.0	26	13	1.3072776885955577	2.0295407308611573	1.9656985766521842
2000.0	26	14	1.3072776887061446	2.029540731396704	1.9656985766249024
2000.0	26	15	1.3072776888250475	2.029540732072679	1.965698576781326
2000.0	26	16	1.3072776888606747	2.029540732402499	1.9656985770405564
2000.0	26	17	1.3072776887217108	2.0295407318451533	1.9656985772791018
2000.0	26	18	1.307277688527455	2.029540730963655	1.9656985773456166
2000.0	26	19	1.307277688446171	2.0295407305855573	1.9656985772472793
2000.0	26	20	1.3072776885108122	2.0295407308414375	1.9656985771693076
2000.0	26	21	1.307277688717695	2.029540731620142	1.9656985769066049
2000.0	26	22	1.3072776890430802	2.029540732898024	1.9656985765675217
2000.0	26	23	1.3072776893668898	2.0295407342042973	1.9656985762149324
2000.0	26	24	1.3072776894579032	2.0295407344001193	1.9656985759529522
2000.0	26	25	1.3072776893983382	2.029540734015175	1.965698575739439
2000.0	26	26	1.307277689200158	2.029540733148117	1.9656985757422123
2000.0	26	27	1.3072776888900197	2.0295407317876593	1.965698576103136
2000.0	26	28	1.3072776888852968	2.029540731834315	1.965698576407764
2000.0	26	29	1.3072776893836608	2.0295407342031213	1.9656985763867258

2000.0	27	0	1.3072776889915627	2.0295407326113364	1.9656985768621087
2000.0	27	1	1.3072776887823416	2.0295407317894942	1.965698577063873
2000.0	27	2	1.3072776886739794	2.0295407314108846	1.9656985771754927
2000.0	27	3	1.307277688676547	2.02954073147418	1.9656985771278679
2000.0	27	4	1.3072776886646182	2.029540731334545	1.9656985769689062
2000.0	27	5	1.3072776886334725	2.029540731041453	1.9656985766768384
2000.0	27	6	1.3072776886183834	2.0295407309432907	1.9656985765264359
2000.0	27	7	1.3072776885820174	2.0295407308886007	1.9656985767343738
2000.0	27	8	1.307277688545366	2.0295407309222218	1.9656985772177706
2000.0	27	9	1.3072776885480355	2.029540731051946	1.9656985775063902
2000.0	27	10	1.3072776885454807	2.029540730983429	1.9656985774746514
2000.0	27	11	1.3072776885465918	2.0295407309051328	1.9656985773926214
2000.0	27	12	1.3072776886301656	2.0295407312660014	1.9656985772726903
2000.0	27	13	1.3072776887553959	2.029540731854196	1.9656985770967597
2000.0	27	14	1.3072776888069626	2.0295407321019434	1.9656985770315738
2000.0	27	15	1.3072776887969955	2.029540732117952	1.965698577171168
2000.0	27	16	1.3072776887677806	2.029540732066666	1.9656985773333093
2000.0	27	17	1.3072776886806898	2.0295407317331904	1.9656985774042692
2000.0	27	18	1.3072776885098942	2.0295407309869304	1.9656985774962068
2000.0	27	19	1.307277688388139	2.029540730428162	1.9656985774952835
2000.0	27	20	1.3072776884166608	2.029540730488924	1.9656985773609184
2000.0	27	21	1.307277688599155	2.0295407311423244	1.9656985770286766
2000.0	27	22	1.3072776888749638	2.029540732197862	1.9656985766796835
2000.0	27	23	1.3072776891243696	2.029540733163099	1.965698576380332
2000.0	27	24	1.3072776891710887	2.0295407331804354	1.9656985761520405
2000.0	27	25	1.3072776890946975	2.0295407327325554	1.965698575930864
2000.0	27	26	1.307277688902599	2.0295407318776233	1.9656985758540384
2000.0	27	27	1.307277688618385	2.0295407306568354	1.965698576176944
2000.0	27	28	1.307277688588775	2.029540730636129	1.9656985766008885
2000.0	27	29	1.307277688987947	2.0295407326300015	1.9656985769268127

2000.0	28	0	1.307277688931024	2.029540732804005	1.965698577770912
2000.0	28	1	1.3072776888736704	2.029540732586177	1.9656985776718643
2000.0	28	2	1.3072776888140942	2.0295407323070638	1.9656985776107427
2000.0	28	3	1.3072776888671827	2.0295407325392736	1.9656985774728277
2000.0	28	4	1.307277688862755	2.029540732451279	1.9656985773161573
2000.0	28	5	1.3072776887144077	2.029540731706048	1.9656985771579365
2000.0	28	6	1.3072776885253627	2.029540730831798	1.9656985770125
2000.0	28	7	1.3072776884018302	2.029540730270934	1.9656985769895652
2000.0	28	8	1.3072776884362851	2.0295407304482587	1.9656985772071571
2000.0	28	9	1.3072776886489792	2.029540731406856	1.965698577339451
2000.0	28	10	1.3072776888568678	2.0295407322728254	1.9656985772698403
2000.0	28	11	1.3072776889392879	2.0295407326792736	1.9656985774472198
2000.0	28	12	1.307277689014324	2.029540733218175	1.9656985777044265
2000.0	28	13	1.3072776890309452	2.0295407334523503	1.9656985777484326
2000.0	28	14	1.3072776888822895	2.029540732763028	1.9656985776662572
2000.0	28	15	1.3072776887028088	2.029540731869406	1.9656985776156195
2000.0	28	16	1.3072776886489486	2.029540731576593	1.9656985775057503
2000.0	28	17	1.3072776886426298	2.0295407315634826	1.9656985773486217
2000.0	28	18	1.3072776884970707	2.0295407309476032	1.9656985774271376
2000.0	28	19	1.3072776883096624	2.0295407300990136	1.965698577473886
2000.0	28	20	1.307277688266351	2.0295407298490336	1.965698577321426
2000.0	28	21	1.307277688385449	2.02954073025514	1.9656985770115756
2000.0	28	22	1.3072776885885182	2.0295407310202687	1.965698576714991
2000.0	28	23	1.307277688796083	2.029540731828299	1.9656985764789476
2000.0	28	24	1.3072776888395052	2.029540731861177	1.9656985763116692
2000.0	28	25	1.3072776887637148	2.0295407314346505	1.9656985761740455
2000.0	28	26	1.3072776885775848	2.029540730587978	1.9656985761299548
2000.0	28	27	1.3072776883622366	2.0295407296982346	1.9656985764364905
2000.0	28	28	1.3072776884105184	2.02954073010283	1.9656985770637414
2000.0	28	29	1.3072776889034214	2.0295407326842296	1.9656985778448188

2000.0	29	0	1.3072776892988243	2.0295407349464445	1.9656985785683059
2000.0	29	1	1.3072776891887377	2.029540734342045	1.9656985782505134
2000.0	29	2	1.3072776890354454	2.0295407334796893	1.96569857809598
2000.0	29	3	1.3072776891320301	2.029540733898817	1.9656985778780338
2000.0	29	4	1.3072776891857478	2.0295407341937426	1.9656985777515603
2000.0	29	5	1.3072776888790498	2.029540732835361	1.9656985778140383
2000.0	29	6	1.3072776883854185	2.029540730457769	1.9656985776063562
2000.0	29	7	1.3072776881214598	2.02954072902304	1.9656985772006417
2000.0	29	8	1.3072776883488189	2.0295407298964614	1.9656985769797493
2000.0	29	9	1.3072776889708044	2.0295407326237025	1.96569857676022
2000.0	29	10	1.3072776895076517	2.0295407349410426	1.9656985765010198
2000.0	29	11	1.3072776896448373	2.0295407357119775	1.965698577023709
2000.0	29	12	1.3072776895863427	2.029540735919808	1.965698577886803
2000.0	29	13	1.3072776893254747	2.0295407350672447	1.9656985783614844
2000.0	29	14	1.3072776888877373	2.0295407330718804	1.9656985783392968
2000.0	29	15	1.3072776885757542	2.0295407314498926	1.9656985779270706
2000.0	29	16	1.3072776885603148	2.02954073116746	1.9656985773623292
2000.0	29	17	1.3072776886229216	2.0295407313437197	1.96569857697821
2000.0	29	18	1.307277688471733	2.029540730727216	1.9656985771827822
2000.0	29	19	1.3072776881886838	2.0295407294939913	1.9656985773554427
2000.0	29	20	1.3072776880367278	2.029540728849513	1.9656985773590312
2000.0	29	21	1.3072776880629424	2.0295407289935614	1.9656985773147146
2000.0	29	22	1.307277688164784	2.029540729390093	1.965698577305416
2000.0	29	23	1.307277688394169	2.029540730426401	1.9656985772507771
2000.0	29	24	1.3072776885152944	2.0295407308763234	1.9656985771101598
2000.0	29	25	1.3072776884912143	2.0295407306951136	1.9656985769481217
2000.0	29	26	1.3072776883216823	2.029540729896609	1.9656985769459667
2000.0	29	27	1.307277688183861	2.029540729250612	1.9656985771068787
2000.0	29	28	1.307277688423332	2.029540730503818	1.96569857774254
2000.0	29	29	1.3072776892377742	2.0295407346434553	1.965698578666524

