22000.0	0	0	1.0808281262649383E-13	1.0060770169238602	24.827236616759084
22000.0	0	1	0.8291756205238421	1.2770532115868372	19.225149854631777
22000.0	0	2	15.39252565647178	0.698304419936455	16.393719704403615
22000.0	0	3	20.49524653629127	0.33150992383649175	16.254990940794762
22000.0	0	4	18.95223475704253	0.17370881572825989	16.223939644395156
22000.0	0	5	16.78095227921367	0.10334468984605777	16.23183566537933
22000.0	0	6	14.639170920978943	0.0705172172884686	16.370851742328906
22000.0	0	7	12.578596967098578	0.05536139858237984	16.676091606912507
22000.0	0	8	10.63530355746899	0.04964624867409866	17.14036146378124
22000.0	0	9	8.852945680383936	0.049974439826455906	17.722201730861407
22000.0	0	10	7.2828336178676985	0.05509396871207712	18.36391223317537
22000.0	0	11	5.966734459775862	0.06482092509521746	19.013532578555143
22000.0	0	12	4.920376742717899	0.07961303564931013	19.6350230404797
22000.0	0	13	4.134355996536165	0.10030587833895435	20.204920537783128
22000.0	0	14	3.5862528981764905	0.1276717382601467	20.703825875418786
22000.0	0	15	3.252368419040698	0.16163570185569748	21.1102102629931
22000.0	0	16	3.114182395774595	0.200352752671583	21.400380548625993
22000.0	0	17	3.159239467421518	0.23979593808242158	21.55508715812266
22000.0	0	18	3.377070933080293	0.2745742525832381	21.569192401837512
22000.0	0	19	3.751958295118425	0.29998156009484056	21.457711255371333
22000.0	0	20	4.257627425774963	0.3141573937009889	21.253377134791382
22000.0	0	21	4.860244916654194	0.318919166885448	20.997815996594824
22000.0	0	22	5.52906202243039	0.3189055470501258	20.73105719387592
22000.0	0	23	6.245468960645388	0.320103024548791	20.481914737216083
22000.0	0	24	7.009132776359698	0.3293245281316673	20.26218689311314
22000.0	0	25	7.860200004157313	0.3563259761701688	20.05851433938697
22000.0	0	26	8.782236725922944	0.42246507492082946	19.804179843353644
22000.0	0	27	7.77696716858464	0.5831690355137878	19.522752884554674
22000.0	0	28	0.6474909271395386	0.892809431954249	21.37447516150194
22000.0	0	29	1.0808281262649383E-13	1.0060770169238602	24.827236616759084

22000.0	1	0	0.2512231011499424	1.5114197608635185	22.16840863389881
22000.0	1	1	7.5933722039844405	1.1003568104354773	18.628008760418293
22000.0	1	2	16.63599617152582	0.5984295402931598	17.815882710055604
22000.0	1	3	17.63769065778925	0.32541367121863396	17.718658744498217
22000.0	1	4	16.296129194795743	0.19478743122623599	17.75625697497331
22000.0	1	5	14.560772688673119	0.1318265394792908	17.880771803985795
22000.0	1	6	12.75155201095379	0.10143263084160611	18.088017564209146
22000.0	1	7	10.958372875290365	0.08775410860054494	18.371223732288467
22000.0	1	8	9.248993268687165	0.08353288434334075	18.716981775749716
22000.0	1	9	7.692359083165508	0.08539384191156806	19.104292158008665
22000.0	1	10	6.344826251869291	0.09183303038422756	19.510487812662216
22000.0	1	11	5.235936069789137	0.10243074793541672	19.917999326153602
22000.0	1	12	4.367958306687302	0.11757014733552977	20.315566567902096
22000.0	1	13	3.725404176676497	0.1382210570649675	20.693739952739172
22000.0	1	14	3.286499645613734	0.1654748377062496	21.0388586858628
22000.0	1	15	3.0319221263612226	0.19969522877408652	21.330021967246868
22000.0	1	16	2.9493707201245303	0.23948712123975954	21.541718982507344
22000.0	1	17	3.0338406981123724	0.281092394208599	21.651802572103737
22000.0	1	18	3.2836053687653823	0.3189420135127442	21.650875433092402
22000.0	1	19	3.6927287735067127	0.34754142586488984	21.547125376106568
22000.0	1	20	4.243949218514703	0.3638318062138026	21.363179538850268
22000.0	1	21	4.908455821350545	0.36861845379027	21.12758457214912
22000.0	1	22	5.655068791918075	0.36636148461153506	20.866658051561718
22000.0	1	23	6.461426495777473	0.3640276929275863	20.600178960415438
22000.0	1	24	7.316595882209937	0.37056214038140406	20.341060177102644
22000.0	1	25	8.21657143675607	0.39874496250467106	20.09540562107992
22000.0	1	26	9.124947986145065	0.47231928218380875	19.85208299184024
22000.0	1	27	9.315810613518273	0.6444882602962498	19.58746402880565
22000.0	1	28	5.010162267683661	1.0134458728783864	19.698277143470754
22000.0	1	29	0.2512231011499424	1.5114197608635185	22.16840863389881

22000.0	2	0	4.147194247187306	1.679890501348896	19.506897273893138
22000.0	2	1	11.099585505452461	1.0224616473382566	18.87026283242717
22000.0	2	2	14.460896848026852	0.5780316627101014	18.638258032796152
22000.0	2	3	14.367913173537207	0.34472384294194497	18.642853817841793
22000.0	2	4	13.092111250711438	0.22866098987451935	18.76899696167609
22000.0	2	5	11.546653266722721	0.1709246073854708	18.95918435462892
22000.0	2	6	10.023846413791633	0.14258444817935537	19.186982693966634
22000.0	2	7	8.606661953331209	0.1299082257829864	19.441281312274103
22000.0	2	8	7.319890504672143	0.12623998450049145	19.71341395703624
22000.0	2	9	6.180468481672407	0.12824254969531643	19.993183180811513
22000.0	2	10	5.203522360163164	0.13430488229317744	20.271327111453495
22000.0	2	11	4.397430961122032	0.14396090150008758	20.542621728748014
22000.0	2	12	3.7616562896429517	0.15769719425476914	20.80564486590354
22000.0	2	13	3.288918717381826	0.17674615475348193	21.058686087422387
22000.0	2	14	2.9695944509095336	0.20258807956392716	21.294293798544295
22000.0	2	15	2.7962416488125648	0.23605740814643042	21.49628778594455
22000.0	2	16	2.7667655847391113	0.27623672486030276	21.642098803838785
22000.0	2	17	2.8851092609762197	0.31968088703862874	21.710256432519085
22000.0	2	18	3.158515718968344	0.3606856087310347	21.689232861767522
22000.0	2	19	3.591132927123892	0.3929471250104386	21.582221268722765
22000.0	2	20	4.176372365678423	0.41205824674075836	21.40477761067443
22000.0	2	21	4.893978846173477	0.41754324632683987	21.177331351570096
22000.0	2	22	5.7166007355168675	0.41340873081289276	20.91786166607443
22000.0	2	23	6.621292119243726	0.407442805561358	20.638787146938764
22000.0	2	24	7.591424618960112	0.41070370199545564	20.34870002984026
22000.0	2	25	8.594726380175365	0.43914227406955114	20.057241056443434
22000.0	2	26	9.525375498289181	0.5196678864582217	19.778363494258553
22000.0	2	27	9.988177651974485	0.7033025930643493	19.526008268286194
22000.0	2	28	8.534625769743151	1.0771739936390823	19.351379722667563
22000.0	2	29	4.147194247187306	1.679890501348896	19.506897273893138

22000.0	3	0	7.141599528282931	1.7732285942765071	18.75124146104969
22000.0	3	1	11.68231351112418	1.0411285652287308	18.845480730221183
22000.0	3	2	13.036495439344064	0.5984955332331253	18.958825982733572
22000.0	3	3	12.300682439957068	0.37428458235887185	19.148184629661987
22000.0	3	4	10.879775538809943	0.2651411421304524	19.384946404768495
22000.0	3	5	9.403930595303946	0.2121338782240584	19.63336103964275
22000.0	3	6	8.073061618377873	0.18686389759853528	19.879072048980213
22000.0	3	7	6.91675536693137	0.1759232446545121	20.119921581245695
22000.0	3	8	5.918726670985491	0.17278572600724382	20.354357346039098
22000.0	3	9	5.062188548430976	0.17416901519662065	20.57833398599135
22000.0	3	10	4.338413990632065	0.17855375618981587	20.78775988478066
22000.0	3	11	3.7434010290013497	0.18567338746538936	20.98149563918829
22000.0	3	12	3.2738555456926917	0.19633766939420214	21.161730613693464
22000.0	3	13	2.92582545348166	0.21219804006447063	21.330942345137373
22000.0	3	14	2.6957873085101713	0.2352167511454582	21.486973126695815
22000.0	3	15	2.5829310266868335	0.2667616230464638	21.61947575082714
22000.0	3	16	2.5913586358771594	0.3064732916574512	21.71084233148766
22000.0	3	17	2.731014445680318	0.3513481661931297	21.74215534797043
22000.0	3	18	3.016111559384673	0.3956968179819264	21.70114313913307
22000.0	3	19	3.4600785408072654	0.43247287611831353	21.58729767128868
22000.0	3	20	4.067874134458397	0.4557705558345753	21.410926479051057
22000.0	3	21	4.8302582363967055	0.4634361809305956	21.186994581203713
22000.0	3	22	5.726379793953129	0.4585345872100177	20.928008701946794
22000.0	3	23	6.734576455546529	0.4493115262194172	20.64035405006226
22000.0	3	24	7.837995350980762	0.44875292216702023	20.32597100896337
22000.0	3	25	9.002071166914893	0.4758881506818762	19.988581755706836
22000.0	3	26	10.098734013700021	0.5613200294783665	19.64117045234368
22000.0	3	27	10.741299495342519	0.7582604297930106	19.306787283759842
22000.0	3	28	10.029957065836502	1.1482568119984728	19.006930483310704
22000.0	3	29	7.141599528282931	1.7732285942765071	18.75124146104969

22000.0	4	0	8.875024424165431	1.8773518628514023	18.069739565991256
22000.0	4	1	12.38627610169615	1.0880793208631314	18.59511409743597
22000.0	4	2	12.57240299377432	0.6285801221078335	19.01102601983344
22000.0	4	3	11.217218103506003	0.4020723380945501	19.387989745077746
22000.0	4	4	9.582678689209446	0.2956181034368582	19.7378208917362
22000.0	4	5	8.102452743705728	0.24672089430843547	20.05128309479406
22000.0	4	6	6.866435406776514	0.2252501069310518	20.328465087578728
22000.0	4	7	5.851794714984275	0.21691482110568847	20.57561887491245
22000.0	4	8	5.014168302338149	0.2147912377605538	20.79705152969119
22000.0	4	9	4.318440976862553	0.21551594137644337	20.993220768165315
22000.0	4	10	3.7433709503000294	0.21772753954908844	21.163348956018336
22000.0	4	11	3.2773336065178915	0.2215050657084821	21.30855979292822
22000.0	4	12	2.913493627835891	0.22812757546748902	21.432938484646453
22000.0	4	13	2.6473658758862535	0.23977030609964228	21.54162872722657
22000.0	4	14	2.4767767613368648	0.25893987281402064	21.636749380271382
22000.0	4	15	2.403187237868254	0.2875922434384435	21.713566619012642
22000.0	4	16	2.433354736723768	0.32602745295280755	21.759908847690745
22000.0	4	17	2.5804445457805336	0.3718749308562149	21.760135372932712
22000.0	4	18	2.8635077681283962	0.4197267104096786	21.701843782741843
22000.0	4	19	3.3039907542953317	0.46201593934859586	21.581341003849136
22000.0	4	20	3.9187027820302176	0.49131656407037905	21.404447060560848
22000.0	4	21	4.711768693854927	0.5034062746278813	21.182069009067654
22000.0	4	22	5.67213737259219	0.4997677338681606	20.923259949307845
22000.0	4	23	6.781494230285628	0.48851116057324834	20.63012780633403
22000.0	4	24	8.024499115840088	0.4841670004102572	20.298053028534206
22000.0	4	25	9.375827469206115	0.5085302463191482	19.921794004166056
22000.0	4	26	10.726157008527347	0.5956231275262724	19.503933172452832
22000.0	4	27	11.698683578660523	0.8024266475006706	19.05643078980295
22000.0	4	28	11.396001548945891	1.214245051103307	18.584639567945327
22000.0	4	29	8.875024424165431	1.8773518628514023	18.069739565991256

22000.0	5	0	10.504032279535071	1.9494697769451788	17.429611748254214
22000.0	5	1	13.406594158613226	1.1232470314280771	18.276471076860318
22000.0	5	2	12.642332830036365	0.6521994875640392	18.927660352586425
22000.0	5	3	10.743177455122485	0.4225126811708779	19.457032929784518
22000.0	5	4	8.89943634412714	0.3169289503871306	19.906010308277214
22000.0	5	5	7.374725178735816	0.27104094004095486	20.284612493515176
22000.0	5	6	6.167510657226373	0.2530316512886188	20.602293943659433
22000.0	5	7	5.215618514612188	0.2473696830404328	20.87031975657152
22000.0	5	8	4.456642927073995	0.2464149363334562	21.096571951957355
22000.0	5	9	3.8450595033221675	0.24654357086911116	21.284390672446378
22000.0	5	10	3.3523300482545175	0.2464947723155417	21.43512990090843
22000.0	5	11	2.961454254225186	0.2467040435238154	21.551315784444302
22000.0	5	12	2.661861163652107	0.24894480677562916	21.63824378337298
22000.0	5	13	2.4467936686618126	0.2559228893425247	21.703070840862797
22000.0	5	14	2.3129955977990497	0.27067739178476435	21.751598481761103
22000.0	5	15	2.2616904359955026	0.29575307080792235	21.784373676755013
22000.0	5	16	2.3000081935617533	0.3321773530396201	21.79472507866089
22000.0	5	17	2.4422818210992636	0.37840730454723676	21.77062061886367
22000.0	5	18	2.7104573131654544	0.42965533187006855	21.69983310231267
22000.0	5	19	3.1322895558760964	0.47822210773259916	21.57558438181183
22000.0	5	20	3.735761098303222	0.5153625427936717	21.399263918663735
22000.0	5	21	4.539932901195003	0.5345506281484698	21.17823953983229
22000.0	5	22	5.54728130457239	0.5350048792828204	20.919517498716854
22000.0	5	23	6.74605456110452	0.5238791122021484	20.622925210819393
22000.0	5	24	8.122811426036288	0.5166016147617362	20.278777275732764
22000.0	5	25	9.662720623006816	0.5371920650939344	19.872841227790087
22000.0	5	26	11.290355985490672	0.6222469610731863	19.39529583499972
22000.0	5	27	12.674173025291841	0.8313749832916886	18.84190795185498
22000.0	5	28	12.85977442867563	1.2547580953426198	18.196437967370482
22000.0	5	29	10.504032279535071	1.9494697769451788	17.429611748254214

22000.0	6	0	12.365108519439731	1.934316800876356	16.875730382178936
22000.0	6	1	14.62418048807149	1.1187663185833954	17.959723172215117
22000.0	6	2	12.98351142672906	0.6581970227877483	18.78138934726992
22000.0	6	3	10.614833280019292	0.4323635000271019	19.42240428778625
22000.0	6	4	8.586253108758807	0.3287690184484922	19.948072563396913
22000.0	6	5	7.004623295679165	0.28522439244189846	20.382289081162636
22000.0	6	6	5.793517267711383	0.2697602663976448	20.740261176024244
22000.0	6	7	4.861690863746545	0.2660569168552712	21.03560680642502
22000.0	6	8	4.135362503040592	0.26581853471239697	21.277573404814962
22000.0	6	9	3.5633120573393904	0.2651110014281601	21.470511814205835
22000.0	6	10	3.112843890765007	0.26271122555241117	21.616433990438964
22000.0	6	11	2.7632540749700194	0.2593517154578857	21.718268503938567
22000.0	6	12	2.500655514776994	0.2572326795067533	21.78194107206037
22000.0	6	13	2.315505337736515	0.25950572885199974	21.816261994156836
22000.0	6	14	2.2023720266777556	0.2696475899053217	21.830398078742366
22000.0	6	15	2.160897479048939	0.29071462343800747	21.82991585899107
22000.0	6	16	2.197197693840921	0.324453373943931	21.81358349008888
22000.0	6	17	2.325340936328005	0.3702815208453342	21.77315217083068
22000.0	6	18	2.5684937664032663	0.4243667414936038	21.69676938150138
22000.0	6	19	2.9586898545202365	0.47937911377125525	21.574485027429457
22000.0	6	20	3.5332649724483787	0.5257049427617604	21.40282470399169
22000.0	6	21	4.326205639469238	0.5545607848841889	21.185300167081472
22000.0	6	22	5.356623180709835	0.5623292844902296	20.92744227284218
22000.0	6	23	6.623853782843791	0.5542067943904481	20.628568095102658
22000.0	6	24	8.11823011387376	0.5454995730938337	20.276163324695755
22000.0	6	25	9.834445918033499	0.5614770478811597	19.84844249357713
22000.0	6	26	11.736322753612457	0.6397421994531786	19.323211011701503
22000.0	6	27	13.568607477538476	0.8391497222453863	18.678973512487076
22000.0	6	28	14.377816924126718	1.248929299417604	17.876287309983624
22000.0	6	29	12.365108519439731	1.934316800876356	16.875730382178936

22000.0	7	0	14.675929327906076	1.7792588464632937	16.437815816244385
22000.0	7	1	15.952331414066508	1.0517620204156153	17.68682412800841
22000.0	7	2	13.423432641222224	0.6375531966087226	18.623780240094376
22000.0	7	3	10.645707751953475	0.4291018824847868	19.338890404211373
22000.0	7	4	8.466169792639814	0.33159049723325895	19.916196381399658
22000.0	7	5	6.835682612102017	0.2908275950092404	20.390470585037548
22000.0	7	6	5.61287521463168	0.27713419064409556	20.780996920301778
22000.0	7	7	4.684130024086927	0.274401124384716	21.102253625941778
22000.0	7	8	3.9687880314381863	0.27406361031301146	21.36326698582928
22000.0	7	9	3.4131819782242103	0.2720041811285447	21.567833471742492
22000.0	7	10	2.9827725126845106	0.2670470741572859	21.717297924798206
22000.0	7	11	2.6546375727180234	0.2601663376763643	21.814080631816825
22000.0	7	12	2.4123186267213454	0.25388710081494603	21.86424985863272
22000.0	7	13	2.2436101080492885	0.25167084845193105	21.87802658382883
22000.0	7	14	2.140566174660379	0.2572781236703741	21.867724662100557
22000.0	7	15	2.1006328976992825	0.2741296881654135	21.843672439324116
22000.0	7	16	2.1281683864276855	0.30459406395945376	21.80990916305222
22000.0	7	17	2.236087867954215	0.3490790039635053	21.762010022360254
22000.0	7	18	2.4474965783578373	0.40496163501678656	21.688619587403014
22000.0	7	19	2.796690571015335	0.4658027000865898	21.576452460944193
22000.0	7	20	3.3277375469968615	0.5217634735135033	21.416454178429788
22000.0	7	21	4.087740759427628	0.562182447418014	21.207296560346474
22000.0	7	22	5.113815142074203	0.5802982405696324	20.95269488958289
22000.0	7	23	6.421220359680352	0.5782915927017366	20.652625203393917
22000.0	7	24	8.008245471890449	0.5699155808008352	20.29425885432781
22000.0	7	25	9.879037572785982	0.5801095289536229	19.850801199146765
22000.0	7	26	12.038487417574075	0.6450732383489801	19.289049754105356
22000.0	7	27	14.33659780909522	0.8176929971457294	18.570959410427417
22000.0	7	28	15.930462920552399	1.1753111988523077	17.636178582293518
22000.0	7	29	14.675929327906076	1.7792588464632937	16.437815816244385

22000.0	8	0	17.37615643748741	1.4760353078296378	16.172165859518948
22000.0	8	1	17.177534037254162	0.9175552716344038	17.5033152795173
22000.0	8	2	13.789620996996655	0.5874795034976888	18.499337561234874
22000.0	8	3	10.69127907194278	0.4121181758944898	19.25236043573109
22000.0	8	4	8.411401900327878	0.3264369566419202	19.85593576356837
22000.0	8	5	6.755775567958548	0.289851401059089	20.352071744498385
22000.0	8	6	5.529942524256846	0.2775846770898353	20.762839196848233
22000.0	8	7	4.60403557375076	0.27494265093083464	21.102663612769646
22000.0	8	8	3.8940698083224423	0.27364560841278057	21.379357468436865
22000.0	8	9	3.3463720767566882	0.2696387984000545	21.59516507032377
22000.0	8	10	2.9263432353807373	0.2618761168027219	21.749935566759017
22000.0	8	11	2.6101112256258383	0.25155128849396974	21.84504551113824
22000.0	8	12	2.3794567288142234	0.24141841077621665	21.886455487584065
22000.0	8	13	2.2199112619333072	0.23510195635020636	21.885683483837095
22000.0	8	14	2.1210743624246184	0.23646892520487459	21.85802795593983
22000.0	8	15	2.078024991299935	0.24911571609414285	21.818306239951593
22000.0	8	16	2.0930658608875947	0.2758634169676695	21.775566102220292
22000.0	8	17	2.1775229350018406	0.31802811535132886	21.72911107716718
22000.0	8	18	2.3536179344577306	0.37431960758367616	21.668107411708476
22000.0	8	19	2.6562366503656407	0.43962975662379705	21.575745423054848
22000.0	8	20	3.133358021210178	0.5046157613269231	21.436602937246384
22000.0	8	21	3.8420322299888667	0.55740691045964	21.24317179247576
22000.0	8	22	4.836411564824734	0.588156033864989	20.996276946001924
22000.0	8	23	6.151151439522087	0.5951065772687507	20.6969732474351
22000.0	8	24	7.797718908411118	0.5887572295813797	20.334570090209507
22000.0	8	25	9.789837333542579	0.5916598360626549	19.88084475514758
22000.0	8	26	12.167762812402977	0.6359157547220765	19.294940517787513
22000.0	8	27	14.897206846223876	0.7634804277794536	18.526119583905825
22000.0	8	28	17.361097108254835	1.0293815157189181	17.50099819873562
22000.0	8	29	17.37615643748741	1.4760353078296378	16.172165859518948

22000.0	9	0	19.80322969798163	1.1014831117832684	16.1413570212882
22000.0	9	1	17.91460063746778	0.7436788060130884	17.453846837120494
22000.0	9	2	13.901088302232099	0.5162159596450343	18.446230610388593
22000.0	9	3	10.63964428702154	0.38445899509259474	19.199789489807145
22000.0	9	4	8.333891761117357	0.3155301901155832	19.80418531911667
22000.0	9	5	6.688911104416954	0.2847182399781321	20.30317995335139
22000.0	9	6	5.478471288669133	0.27384052322857755	20.719725914310292
22000.0	9	7	4.5647690800137175	0.2706256124155655	21.06725149863056
22000.0	9	8	3.8641403909415084	0.2676258083929924	21.351625871231906
22000.0	9	9	3.3249449737153762	0.26113067096573656	21.572968781417583
22000.0	9	10	2.9139002918435613	0.25034403909050235	21.72928352133466
22000.0	9	11	2.6071873308820086	0.2366872960955973	21.820790428108698
22000.0	9	12	2.385540983421191	0.22306880323630196	21.853393998833333
22000.0	9	13	2.23267926960713	0.2131438444839236	21.83997892304738
22000.0	9	14	2.1359589934489067	0.2107158199020471	21.79877157551232
22000.0	9	15	2.0881348726347886	0.2193599481587888	21.748853913418728
22000.0	9	16	2.0894124132209098	0.242140724643906	21.70399184921883
22000.0	9	17	2.149404902067466	0.28111020990891233	21.667013145890593
22000.0	9	18	2.289043499844272	0.33628943140965223	21.62751486318059
22000.0	9	19	2.5426418713544874	0.404187837404585	21.56496851488167
22000.0	9	20	2.9595990846764835	0.4766269378014496	21.45690566791532
22000.0	9	21	3.603148192264593	0.5413688142763444	21.288299006152652
22000.0	9	22	4.541333193081661	0.5859267741529068	21.055617002340917
22000.0	9	23	5.828891628762756	0.6040400741522792	20.760716388149234
22000.0	9	24	7.49445478673859	0.6013174097124993	20.39716309112129
22000.0	9	25	9.55979500134181	0.5958718165368121	19.939696836511796
22000.0	9	26	12.082796745537223	0.6139161105002934	19.345348822890415
22000.0	9	27	15.115639577613802	0.6851487582129567	18.557906151025588
22000.0	9	28	18.30387855229111	0.8410301037755675	17.502987107762824
22000.0	9	29	19.80322969798163	1.1014831117832684	16.1413570212882

22000.0	10	0	20.995735402760697	0.7699821817190572	16.360529648800387
22000.0	10	1	17.834431675174176	0.5765935935793856	17.560463697880976
22000.0	10	2	13.636290355506258	0.44079288996395577	18.48957144468759
22000.0	10	3	10.423724193244723	0.3527674637729997	19.207428097888723
22000.0	10	4	8.183244384321219	0.3024156562391967	19.78808579601518
22000.0	10	5	6.591039804438199	0.2782977154717441	20.27142819503511
22000.0	10	6	5.418301714046645	0.26878975979227304	20.678979614477097
22000.0	10	7	4.530011287557987	0.26450044719753785	21.02204740108877
22000.0	10	8	3.8469509361489487	0.25920025338151487	21.303858465247078
22000.0	10	9	3.3213987393807574	0.2497665089366033	21.522012345626685
22000.0	10	10	2.9224746766832865	0.23577525397847676	21.672574004424334
22000.0	10	11	2.6271636244203496	0.21890077997214974	21.75476078857526
22000.0	10	12	2.415705371491124	0.20215599032431333	21.77469599003467
22000.0	10	13	2.270376108944044	0.18912420749692854	21.746879410885004
22000.0	10	14	2.176492290600468	0.18340468934160148	21.69257132794695
22000.0	10	15	2.1245675702553237	0.18837536062888718	21.63504478570491
22000.0	10	16	2.112750998381223	0.20713002768994063	21.592580123835532
22000.0	10	17	2.1489659094474622	0.24222887751273203	21.57129309064297
22000.0	10	18	2.2527249490773404	0.2948552976045428	21.561021312788792
22000.0	10	19	2.4571014053583378	0.36323702349005393	21.53733031182098
22000.0	10	20	2.811038410739391	0.440872156557987	21.470263102886896
22000.0	10	21	3.380319362741704	0.5160290149130025	21.33624333498451
22000.0	10	22	4.242282168227747	0.5743611503790861	21.125900785726984
22000.0	10	23	5.469176427830548	0.6050701147671185	20.841068453279632
22000.0	10	24	7.107802873891268	0.6077215345392329	20.481048191703643
22000.0	10	25	9.184533773045013	0.5945087106436638	20.028075408190855
22000.0	10	26	11.749024970595606	0.5856678501612418	19.443821956504827
22000.0	10	27	14.876548236997639	0.6021104413881265	18.67484105797011
22000.0	10	28	18.399467639323937	0.6609450463723925	17.655959832575334
22000.0	10	29	20.995735402760697	0.7699821817190572	16.360529648800387

22000.0	11	0	20.58077968216487	0.5393901099224161	16.780652153038474
22000.0	11	1	16.937944691508697	0.4486197468630099	17.811205022168295
22000.0	11	2	13.001163940304235	0.37736126835964545	18.635213987146905
22000.0	11	3	10.034369756846065	0.3247601373091456	19.288295985305314
22000.0	11	4	7.944926092458073	0.2913020976423892	19.824264214526163
22000.0	11	5	6.445271970611587	0.27365491103192924	20.275748589556724
22000.0	11	6	5.331149526325076	0.26527299117949554	20.66100309488649
22000.0	11	7	4.480920818456965	0.2594732737581389	20.988181782753976
22000.0	11	8	3.8239158818846577	0.25138775171315264	21.25721457428785
22000.0	11	9	3.3180619621086582	0.2386368361443931	21.462828126492333
22000.0	11	10	2.93576765427001	0.22126583388681634	21.59909834012673
22000.0	11	11	2.655389697926728	0.20123311448402859	21.66442840440695
22000.0	11	12	2.457079039342994	0.18163150408555556	21.665474557035758
22000.0	11	13	2.3219363364207726	0.16590693595719447	21.61867795098991
22000.0	11	14	2.2333662670690413	0.15735701534755356	21.54859681784818
22000.0	11	15	2.179672208808006	0.15902653078444637	21.482857524843475
22000.0	11	16	2.1569474816569096	0.17384771752361902	21.444278811516217
22000.0	11	17	2.171435017224477	0.2046424547150756	21.44213239440622
22000.0	11	18	2.241195505469034	0.25351549979947147	21.46628623116311
22000.0	11	19	2.3977393509218548	0.3203341385664481	21.488252137672756
22000.0	11	20	2.6883365699709425	0.4005709334576363	21.470447215866056
22000.0	11	21	3.1783087925856224	0.4837787717085635	21.3802246421238
22000.0	11	22	3.9491962314515265	0.5547569772671698	21.20118105382111
22000.0	11	23	5.085551093365232	0.5987452264202313	20.933908819071966
22000.0	11	24	6.650085119888282	0.6089020709657326	20.583926415818407
22000.0	11	25	8.670506664800461	0.5908216664804419	20.144588338088568
22000.0	11	26	11.166863539625863	0.5597985466624475	19.588433301489935
22000.0	11	27	14.176192533206773	0.533159540349257	18.87121641156969
22000.0	11	28	17.602069536542974	0.5243349379717571	17.94085167253258
22000.0	11	29	20.58077968216487	0.5393901099224161	16.780652153038474

22000.0	12	0	18.988926575812037	0.4029053796528351	17.323682799270152
22000.0	12	1	15.51716643036886	0.3666963758270603	18.169934737463645
22000.0	12	2	12.111373692463777	0.3343923181477981	18.870224967317096
22000.0	12	3	9.511791470591017	0.30639844968551616	19.44111094100882
22000.0	12	4	7.632289814630337	0.2860439080565568	19.918144637590707
22000.0	12	5	6.254369610824092	0.2736356340423149	20.32613277650285
22000.0	12	6	5.214394650679049	0.26582073800906425	20.6792029879027
22000.0	12	7	4.411540860384343	0.2580567666862586	20.981725513554622
22000.0	12	8	3.786855733903148	0.24675988948013422	21.229878097936595
22000.0	12	9	3.305296826969228	0.23034502457962652	21.415221254984314
22000.0	12	10	2.943270136139169	0.20938347885576475	21.52972136804138
22000.0	12	11	2.6809627309761144	0.18614650338327213	21.570994851369502
22000.0	12	12	2.4987678697638502	0.16380526737706988	21.546362228968437
22000.0	12	13	2.3768228639161517	0.14564223426727177	21.474418971747024
22000.0	12	14	2.296708155260184	0.1346036417746637	21.383329465744755
22000.0	12	15	2.2445070293957414	0.13331451462366198	21.305472928754796
22000.0	12	16	2.2141899746290328	0.14439537283386716	21.268585216324194
22000.0	12	17	2.210216279591809	0.1706953784346307	21.28526842640769
22000.0	12	18	2.249074413901528	0.2149486789417027	21.345370962509314
22000.0	12	19	2.360518963996524	0.2784362423930764	21.416331153046283
22000.0	12	20	2.5894614687600375	0.35867400420856993	21.453129188017197
22000.0	12	21	2.9985932704690885	0.4470891401152823	21.414100441145884
22000.0	12	22	3.6689660846646768	0.5287169388975633	21.275087689771883
22000.0	12	23	4.690915696386162	0.58595620426762	21.033994049792586
22000.0	12	24	6.138469770791736	0.6060558386016661	20.70176812537827
22000.0	12	25	8.03990268883022	0.5879732152214778	20.28460162565631
22000.0	12	26	10.379605258397888	0.5429026725457738	19.770189903094604
22000.0	12	27	13.127598630070576	0.48791375353308947	19.12735469159006
22000.0	12	28	16.182184139700695	0.43845451312955624	18.316136632447122
22000.0	12	29	18.988926575812037	0.4029053796528351	17.323682799270152

22000.0	13	0	16.893062749750378	0.33410196715291035	17.91628577809813
22000.0	13	1	13.91222012753249	0.32466211157617775	18.59144386776257
22000.0	13	2	11.112704423479686	0.31373207061454345	19.168349403029207
22000.0	13	3	8.917128515587633	0.3009811199335418	19.65185041802258
22000.0	13	4	7.272471719052422	0.2894513029943832	20.06415391010043
22000.0	13	5	6.0312172142670795	0.28048834667307937	20.423344410131794
22000.0	13	6	5.073852024184188	0.27241390306169877	20.7393769351943
22000.0	13	7	4.323336658550281	0.26216994079198613	21.012701147926737
22000.0	13	8	3.7340952428777276	0.2472463292145477	21.2356465696646
22000.0	13	9	3.2789656056506233	0.22681529250351026	21.39648575081048
22000.0	13	10	2.9388598709806084	0.20198786736064184	21.484887872823073
22000.0	13	11	2.696180558091986	0.17536964867818125	21.4974409500325
22000.0	13	12	2.531877934903653	0.15022754807804123	21.441885580859037
22000.0	13	13	2.4253511724209167	0.12969044812840036	21.33882149471162
22000.0	13	14	2.3564757918563917	0.11634845308084547	21.220111086028833
22000.0	13	15	2.3091487844406706	0.11236907736152399	21.123342935428248
22000.0	13	16	2.2751695638505876	0.11995891689313003	21.081912245746476
22000.0	13	17	2.257030566527485	0.14179354374474434	21.11245389906926
22000.0	13	18	2.269349247861441	0.18093256168824778	21.205213614265073
22000.0	13	19	2.3398458237486808	0.23974350924391577	21.323865841192195
22000.0	13	20	2.510687642242393	0.3176441180873742	21.416488528296757
22000.0	13	21	2.8406021971074016	0.40827796148400586	21.432976209609805
22000.0	13	22	3.4064981150786777	0.49793269700106246	21.341240822195896
22000.0	13	23	4.298124604795332	0.5676391215624665	21.135021019960778
22000.0	13	24	5.595151227031613	0.5999665708308543	20.82867159467355
22000.0	13	25	7.328136706294792	0.5876412278732629	20.440542538056754
22000.0	13	26	9.455658313583928	0.5377395114985023	19.9752036722591
22000.0	13	27	11.886707653588527	0.46761787068742666	19.41661327003006
22000.0	13	28	14.488773555749548	0.39596628604391326	18.735062920733846
22000.0	13	29	16.893062749750378	0.33410196715291035	17.91628577809813

22000.0	14	0	14.775157265339718	0.31158158074820674	18.500000896812075
22000.0	14	1	12.35411778417602	0.3144030540143672	19.030802938349634
22000.0	14	2	10.116863270762568	0.3141042278386274	19.496886491204986
22000.0	14	3	8.30407630538675	0.309640129164886	19.898001608483163
22000.0	14	4	6.891924559697093	0.30304944203583695	20.247981518454253
22000.0	14	5	5.789744374655317	0.29558178818244524	20.559685552686982
22000.0	14	6	4.91716883532491	0.2862696865619365	20.83924375839321
22000.0	14	7	4.2201652031209935	0.2729766986954265	21.083516869025264
22000.0	14	8	3.6667273552486197	0.25400843012774144	21.28136931014833
22000.0	14	9	3.2378656055501818	0.2291972786779265	21.41795716914215
22000.0	14	10	2.9192950116636505	0.2001701237981281	21.480474158426293
22000.0	14	11	2.695956112771743	0.16987807392005558	21.46399110257067
22000.0	14	12	2.5496847707998445	0.14171417552600307	21.375987018112312
22000.0	14	13	2.4594184256610836	0.11869228652379298	21.238356767985568
22000.0	14	14	2.4035114331218432	0.10307892084905454	21.086180167950964
22000.0	14	15	2.3637971374569307	0.0965892150134254	20.962333863387656
22000.0	14	16	2.3299892975378707	0.10096161668385221	20.906684236946187
22000.0	14	17	2.3025322302347386	0.11854408072623104	20.94118038336337
22000.0	14	18	2.293805933665859	0.15243920808931094	21.057696438264156
22000.0	14	19	2.329035655427216	0.20572344023113692	21.217130673601304
22000.0	14	20	2.44729624280486	0.2794053160000014	21.361645120635202
22000.0	14	21	2.702652861030437	0.3694134276639421	21.43370582835165
22000.0	14	22	3.1655240722825586	0.4640766024413874	21.393648389525396
22000.0	14	23	3.919966657390825	0.5446120490647549	21.22981410644629
22000.0	14	24	5.045574130044027	0.59063764040731	20.957120189345403
22000.0	14	25	6.577173185409468	0.5894907609338739	20.60316201699129
22000.0	14	26	8.46530052130261	0.5435463410277763	20.18838684452563
22000.0	14	27	10.584151370060606	0.46910896247801137	19.712629932461923
22000.0	14	28	12.774984976044548	0.3870994908869835	19.155821008839776
22000.0	14	29	14.775157265339718	0.31158158074820674	18.500000896812075

22000.0	15	0	12.852813816311079	0.3220563171563747	19.031819981379375
22000.0	15	1	10.942300444055412	0.32928043444325916	19.449567606499997
22000.0	15	2	9.179927923075729	0.33299046019509826	19.824128350994616
22000.0	15	3	7.703575427159355	0.3318257232517565	20.154872347633308
22000.0	15	4	6.506887525540551	0.32694561167884567	20.451015865615382
22000.0	15	5	5.538604090527256	0.31913691839667496	20.721458771430086
22000.0	15	6	4.749176704780336	0.3076051920507425	20.969125752645496
22000.0	15	7	4.104699298064551	0.29071290065586436	21.188127923498705
22000.0	15	8	3.5858980174733945	0.2673284749056011	21.36472430344904
22000.0	15	9	3.181784612616989	0.23781417182481682	21.481413672288408
22000.0	15	10	2.882984515925057	0.20425856406288612	21.52282636685285
22000.0	15	11	2.677255597406434	0.1699558253439202	21.481948441610065
22000.0	15	12	2.5476963975073548	0.13846018304239857	21.365056511714663
22000.0	15	13	2.473154952061125	0.11272778626873294	21.194135152517646
22000.0	15	14	2.4307249992328774	0.09476190592053613	21.006227417347286
22000.0	15	15	2.4003317318059163	0.08586559540580142	20.848665416159985
22000.0	15	16	2.369786799005018	0.08729967956360817	20.76798430993815
22000.0	15	17	2.3376618301113345	0.10098463858834056	20.792877328812573
22000.0	15	18	2.3139687029504783	0.12983170871863742	20.918960764113788
22000.0	15	19	2.3209548271056963	0.17724791352706168	21.106386756994002
22000.0	15	20	2.3941413755590046	0.24540881142447368	21.293094530652375
22000.0	15	21	2.5825594279889255	0.332332804328403	21.41556852049931
22000.0	15	22	2.9489972761121024	0.4288320237246951	21.42742586582564
22000.0	15	23	3.568531554188601	0.5176629945522137	21.31091375597541
22000.0	15	24	4.515709601667214	0.5774241915905431	21.078562828775894
22000.0	15	25	5.82957771069773	0.5914202040387999	20.762823330346986
22000.0	15	26	7.46856302259545	0.5569079899727878	20.39651806750764
22000.0	15	27	9.30272111529724	0.48715502143526684	19.99440981342175
22000.0	15	28	11.16472316251364	0.40340372570864796	19.546492706665678
22000.0	15	29	12.852813816311079	0.3220563171563747	19.031819981379375

22000.0	16	0	11.162765439394756	0.3565076100106524	19.485817123483915
22000.0	16	1	9.68397027394538	0.363312527602334	19.821709178970476
22000.0	16	2	8.310917077249005	0.36667506817209605	20.126453857137083
22000.0	16	3	7.122784619741922	0.36524819026251054	20.401951785454674
22000.0	16	4	6.1209011245030585	0.35957875061882316	20.655230642456686
22000.0	16	5	5.278984132050066	0.34992204016210293	20.892386667334744
22000.0	16	6	4.5701633043481165	0.33537075337651034	21.114225338396565
22000.0	16	7	3.977099744575787	0.314488391520611	21.313360104716665
22000.0	16	8	3.491816206798397	0.28648415220051726	21.474489723711265
22000.0	16	9	3.1108110079464733	0.25210712776683375	21.57802667179559
22000.0	16	10	2.82957749593257	0.21382961107931134	21.606104260916638
22000.0	16	11	2.6389430964905065	0.17526799843969285	21.5492354210142
22000.0	16	12	2.523721624570283	0.14016665022935118	21.411672358487046
22000.0	16	13	2.463214458242214	0.11148829547919518	21.214196022978754
22000.0	16	14	2.433695334348426	0.09105131715193053	20.994043002784466
22000.0	16	15	2.413372841960057	0.07981511165026253	20.801085457771325
22000.0	16	16	2.388259445611314	0.07859431012047216	20.68737046747706
22000.0	16	17	2.355347497216777	0.08883922456544402	20.68892214848433
22000.0	16	18	2.322575805371485	0.11310221373654768	20.807454931690486
22000.0	16	19	2.3090715562551702	0.15478616395561123	21.005415579491153
22000.0	16	20	2.3463489312076766	0.21676286867357905	21.219188017099246
22000.0	16	21	2.4781196638605807	0.29872932466306706	21.381323458855398
22000.0	16	22	2.759250472714372	0.39402243048276564	21.440126843264906
22000.0	16	23	3.25436020798068	0.48785572086418677	21.37185108620636
22000.0	16	24	4.029350773283799	0.5596080600905936	21.184382997998746
22000.0	16	25	5.1248554223711436	0.5903563742064517	20.910329977885954
22000.0	16	26	6.515055875608333	0.5726076919084705	20.58962982458709
22000.0	16	27	8.089291605688821	0.5150176693458306	20.24887577972233
22000.0	16	28	9.692569308777628	0.4370146843245292	19.88812344952962
22000.0	16	29	11.162765439394756	0.3565076100106524	19.485817123483915

22000.0	17	0	9.663259983359621	0.4059822373581731	19.85482813282864
22000.0	17	1	8.546569409332935	0.4092786584880803	20.137180074662524
22000.0	17	2	7.495456693001277	0.4095110360864137	20.39217407549746
22000.0	17	3	6.555431234533992	0.4055276130827253	20.626338916239682
22000.0	17	4	5.729891895165723	0.39744791904330934	20.84638752144793
22000.0	17	5	5.007692953618423	0.3850099906305946	21.057060862211937
22000.0	17	6	4.37803404305923	0.3670507514801138	21.258445297962705
22000.0	17	7	3.8365814699704224	0.3421417127039202	21.442814071310874
22000.0	17	8	3.384895810225527	0.30965710351828296	21.594130984007478
22000.0	17	9	3.02620923813946	0.27059432092981067	21.691279287004562
22000.0	17	10	2.7607096589144424	0.22771435589965539	21.714196290160967
22000.0	17	11	2.5824819067327462	0.1849120621172968	21.650918437764368
22000.0	17	12	2.4785232738674607	0.14613328709739246	21.50330216786245
22000.0	17	13	2.4292937706969404	0.11440588872033701	21.290050186125505
22000.0	17	14	2.4110066321796984	0.09144988401695149	21.04696444894054
22000.0	17	15	2.4006117531489704	0.07797140698999522	20.823984932640904
22000.0	17	16	2.38236527442184	0.07440742910654403	20.67604197601291
22000.0	17	17	2.35176663755546	0.08175172477331943	20.64524848328492
22000.0	17	18	2.315143208969949	0.10210633704635133	20.740687145380935
22000.0	17	19	2.288876251434989	0.13861162316071307	20.93030173213342
22000.0	17	20	2.30035404788249	0.19438326534467507	21.15243507819802
22000.0	17	21	2.38777782748361	0.27025042821362877	21.338546523472058
22000.0	17	22	2.5982635906116758	0.3617445301645264	21.4337209937658
22000.0	17	23	2.9858893584381927	0.4568909478201776	21.40929459186795
22000.0	17	24	3.6060147947541243	0.5371931525931692	21.267576177764283
22000.0	17	25	4.496924446757859	0.583448071137282	21.037586026586837
22000.0	17	26	5.647718040237869	0.5847256888698293	20.760697468690235
22000.0	17	27	6.977187029247904	0.5446295996403808	20.470404515048784
22000.0	17	28	8.358697131648496	0.4790277611589536	20.17511011874753
22000.0	17	29	9.663259983359621	0.4059822373581731	19.85482813282864

22000.0	18	0	8.314957056039507	0.45913178955046635	20.146804577526204
22000.0	18	1	7.505044589279272	0.4575674206185783	20.399095878526197
22000.0	18	2	6.724008930463866	0.4535530597213883	20.61943529052517
22000.0	18	3	5.999159730392403	0.4461634097378386	20.82190545349071
22000.0	18	4	5.333722221210977	0.4351743326658385	21.01502697802331
22000.0	18	5	4.7254174994768725	0.4198513061993731	21.203675367919807
22000.0	18	6	4.174303959745165	0.39873583084065	21.38823692871323
22000.0	18	7	3.6856780195024395	0.37031221896650657	21.5612689427595
22000.0	18	8	3.2687279568754515	0.33400360464179885	21.70653151431088
22000.0	18	9	2.93248678507133	0.2909379460067768	21.80198004296871
22000.0	18	10	2.681503184454529	0.24406174813471998	21.825943474784474
22000.0	18	11	2.5131555515757067	0.1974802509099703	21.764403900649626
22000.0	18	12	2.4169618038310503	0.15532548413224684	21.61698270743808
22000.0	18	13	2.375228863313021	0.12073161686437768	21.4000854601067
22000.0	18	14	2.3651183027073457	0.09540517159259813	21.147151856779157
22000.0	18	15	2.3632698805552477	0.07990476706759359	20.906057970544595
22000.0	18	16	2.352540765003766	0.07439030040313924	20.731300098637426
22000.0	18	17	2.3268203368488263	0.079463690803906	20.66791967628013
22000.0	18	18	2.2909835371076395	0.09675946487445274	20.73139534589404
22000.0	18	19	2.259230822777843	0.1289885283344212	20.897085716009236
22000.0	18	20	2.2551853123508	0.17912824634028046	21.108804353362107
22000.0	18	21	2.3116346487723423	0.24855431382536394	21.300386724209645
22000.0	18	22	2.4683635846465113	0.3343963746490878	21.416525914272814
22000.0	18	23	2.7696530221468096	0.42729847676499233	21.425718156505315
22000.0	18	24	3.2600014098984595	0.5115693557367983	21.325338932115443
22000.0	18	25	3.9719185511650723	0.5693751215514112	21.138947795977263
22000.0	18	26	4.903509202267579	0.5882455513522171	20.90479740134018
22000.0	18	27	6.00071072347755	0.5676002022525697	20.65780390093846
22000.0	18	28	7.170436520496457	0.5189967083220101	20.411143463506434
22000.0	18	29	8.314957056039507	0.45913178955046635	20.146804577526204

22000.0	19	0	7.123164822033711	0.5027475118178534	20.374862176680672
22000.0	19	1	6.569427144188321	0.49704084812427496	20.614649890922674
22000.0	19	2	6.012370921529069	0.4895502716388747	20.80957483842627
22000.0	19	3	5.471266456063624	0.47949022328661917	20.985640529058614
22000.0	19	4	4.9484089440934715	0.46633466038334204	21.155209945284014
22000.0	19	5	4.446149019350336	0.4489679415177008	21.324155418904976
22000.0	19	6	3.9712166729665404	0.42569163480077626	21.493494517656874
22000.0	19	7	3.535457097128243	0.3949020584554716	21.656283244539587
22000.0	19	8	3.15373615759147	0.35602224628363993	21.796510045940853
22000.0	19	9	2.839795742578299	0.3102255692772286	21.89191350849507
22000.0	19	10	2.602022843871437	0.26054157501033526	21.920044577990183
22000.0	19	11	2.4409187740641825	0.21119574070328542	21.865585107329622
22000.0	19	12	2.3486182902262858	0.16645989973615577	21.726491325174738
22000.0	19	13	2.3097266067925335	0.12958989211096789	21.51719455787346
22000.0	19	14	2.3033047205052624	0.10235264925945792	21.268609400230854
22000.0	19	15	2.3069702698902756	0.08527184665466428	21.025294362276
22000.0	19	16	2.303134493555408	0.07835429490114965	20.83838108441904
22000.0	19	17	2.284201835239128	0.08191453562655149	20.75176572249146
22000.0	19	18	2.2534105794260793	0.0971629873811418	20.784150837056856
22000.0	19	19	2.2230413480611895	0.12629972477450888	20.917929603796782
22000.0	19	20	2.213499003857982	0.1718772246062425	21.10466569497046
22000.0	19	21	2.2525945822039404	0.23527812132406717	21.283919744206223
22000.0	19	22	2.3733856264598314	0.3145174359875197	21.403225174282547
22000.0	19	23	2.6114351136666474	0.40226732247101893	21.431030028473238
22000.0	19	24	3.001113727816769	0.4856536683411643	21.36174499656007
22000.0	19	25	3.567258376838197	0.5492213987225596	21.213662547423613
22000.0	19	26	4.310469488515882	0.580805824796429	21.019529989361775
22000.0	19	27	5.195019969268289	0.5773618741229739	20.81125921942766
22000.0	19	28	6.156260740820532	0.5465865029777052	20.60235130497721
22000.0	19	29	7.123164822033711	0.5027475118178534	20.374862176680672

22000.0	20	0	6.131586150580403	0.5255603705761298	20.547723048681245
22000.0	20	1	5.781771000667928	0.5182515041635913	20.786173690112783
22000.0	20	2	5.402947494315564	0.5096159433822497	20.960682156271574
22000.0	20	3	5.012226233803214	0.49886324889178346	21.1130925961845
22000.0	20	4	4.610421350687566	0.48522519700494526	21.26075973820193
22000.0	20	5	4.201553215102998	0.4673597334195864	21.410772989992658
22000.0	20	6	3.7958135973741496	0.44346937514439044	21.56475863162662
22000.0	20	7	3.408998613026178	0.41194432381356033	21.716371202684677
22000.0	20	8	3.0598439886570583	0.3722206851438492	21.850256714966484
22000.0	20	9	2.7656815959191707	0.3254652327630981	21.944703880451765
22000.0	20	10	2.5381149709282265	0.27469131832763893	21.97744273499508
22000.0	20	11	2.3804500284335535	0.22413383158324818	21.932808003406162
22000.0	20	12	2.287318808458297	0.17812510371500465	21.80790303425197
22000.0	20	13	2.245772053028303	0.14002644385247	21.615792223506077
22000.0	20	14	2.2373969856840077	0.11171922795417641	21.385131231338857
22000.0	20	15	2.2419782684445297	0.09380035837147624	21.156634527520907
22000.0	20	16	2.242795176086396	0.0862569571320755	20.976036457210963
22000.0	20	17	2.231444104563783	0.0892416384450472	20.88237857334071
22000.0	20	18	2.2094527231698233	0.10361958626002368	20.893492208108707
22000.0	20	19	2.1870875950276556	0.13105841714042823	20.99644911999576
22000.0	20	20	2.18185881875941	0.17348974828980887	21.150948877437706
22000.0	20	21	2.217124006658888	0.2318632926402075	21.30458856395716
22000.0	20	22	2.3198837856749037	0.3043981783183609	21.410661095237295
22000.0	20	23	2.518039098079944	0.3850380416246372	21.440437832485546
22000.0	20	24	2.83694173001152	0.46326818644411616	21.387916815406435
22000.0	20	25	3.2932607450475215	0.5263207254943525	21.26774721329059
22000.0	20	26	3.8855518837693572	0.5636211874002809	21.10696061115452
22000.0	20	27	4.587488865414293	0.5714587571530031	20.93201508960566
22000.0	20	28	5.353525785701258	0.5549075807017537	20.752723696023015
22000.0	20	29	6.131586150580403	0.5255603705761298	20.547723048681245

22000.0	21	0	5.386845266437111	0.5229699685411615	20.668488192416657
22000.0	21	1	5.191645254653654	0.5173588348371375	20.908654816202418
22000.0	21	2	4.949111347694723	0.5104483940123138	21.06463034311282
22000.0	21	3	4.676040003067795	0.501281095319363	21.19454185987327
22000.0	21	4	4.371161999971886	0.4889558428669364	21.320829094478768
22000.0	21	5	4.038339591217886	0.47213627674594466	21.45176746183637
22000.0	21	6	3.6891598575189666	0.44915002099509455	21.589468210846913
22000.0	21	7	3.3416041508890233	0.41853455588478355	21.728200406502076
22000.0	21	8	3.017003627704965	0.37979986805604443	21.853598340945258
22000.0	21	9	2.7354797122835315	0.3340731024146324	21.945182733814764
22000.0	21	10	2.511393769646315	0.28424426842591044	21.981800265302304
22000.0	21	11	2.350579383640567	0.2344186786241114	21.94845975846848
22000.0	21	12	2.249980514667914	0.18887133675919437	21.8423374522045
22000.0	21	13	2.199047439311277	0.1510147784276351	21.67581491874046
22000.0	21	14	2.182163424270701	0.12286949260604153	21.47558541102177
22000.0	21	15	2.18203775749166	0.10519565387127329	21.278179395607737
22000.0	21	16	2.183959876607859	0.09808440144628112	21.122555285967046
22000.0	21	17	2.179718989921891	0.10164665186313215	21.040205998275333
22000.0	21	18	2.169503483591356	0.1164821673646569	21.04457334260325
22000.0	21	19	2.1615004821468364	0.14372501015332917	21.12449070665263
22000.0	21	20	2.1703728510983233	0.18455326987308057	21.246784227890384
22000.0	21	21	2.215347814262587	0.23916385071008484	21.368033214690033
22000.0	21	22	2.3178760662248243	0.30544525753858875	21.449283748456086
22000.0	21	23	2.498937117175896	0.377926820335353	21.466897819626443
22000.0	21	24	2.7757397209737023	0.44783622713388166	21.416699737425446
22000.0	21	25	3.156918960447859	0.5049106713062462	21.31161131133471
22000.0	21	26	3.636650505363427	0.5407474311370412	21.173905577458925
22000.0	21	27	4.192102112845953	0.552255585137315	21.023829946568576
22000.0	21	28	4.789023242435979	0.5432173638956589	20.864733706214142
22000.0	21	29	5.386845266437111	0.5229699685411615	20.668488192416657

22000.0	22	0	4.9122327873320994	0.49879938881648417	20.739998922547308
22000.0	22	1	4.8364631255811	0.4978397390604297	20.97296483670925
22000.0	22	2	4.7009812294675015	0.4949217471213709	21.107443214344556
22000.0	22	3	4.520365431776114	0.4887360014068826	21.21339829321018
22000.0	22	4	4.290469535670176	0.47848644296381015	21.317518079820605
22000.0	22	5	4.014233930427964	0.46324201696468825	21.428998545897485
22000.0	22	6	3.7039861450948774	0.44181383862317086	21.55003947626335
22000.0	22	7	3.3794640057059855	0.4131171921114906	21.67522284432744
22000.0	22	8	3.064410069010159	0.3768204380838047	21.791184670120913
22000.0	22	9	2.7817360084891667	0.3339624896668786	21.879086701399384
22000.0	22	10	2.5486263077891897	0.2871636852060664	21.919654433495186
22000.0	22	11	2.3734592823982674	0.2402109238348748	21.899541954184677
22000.0	22	12	2.255430427046445	0.19715291179064814	21.816947352051972
22000.0	22	13	2.1863170647755794	0.16135297780222344	21.684206552074507
22000.0	22	14	2.153323770505891	0.13495703509279353	21.526106818573243
22000.0	22	15	2.142337037820559	0.11894650738134771	21.374356811759448
22000.0	22	16	2.1412541755620214	0.11360899740809359	21.259892208093863
22000.0	22	17	2.142902888675285	0.11909823292119533	21.20491574725714
22000.0	22	18	2.146810804052559	0.1357908191106375	21.216350679332795
22000.0	22	19	2.159322164412687	0.16426566381150506	21.282724353357505
22000.0	22	20	2.192269238288662	0.20484798673625798	21.376781596122264
22000.0	22	21	2.260837865215927	0.2567886292629933	21.464164881053932
22000.0	22	22	2.381099006245205	0.31733726585258526	21.51470293161481
22000.0	22	23	2.567306977593433	0.38118164511332714	21.511219672309323
22000.0	22	24	2.8287430772978333	0.44081016317997895	21.452751970969214
22000.0	22	25	3.165990116310895	0.4881122310710929	21.351772767210864
22000.0	22	26	3.567820167325914	0.5168976532724334	21.22666996072287
22000.0	22	27	4.012049924546191	0.525280391117386	21.091352254769006
22000.0	22	28	4.471437821983699	0.5166680338986503	20.941214082219123
22000.0	22	29	4.9122327873320994	0.49879938881648417	20.739998922547308

22000.0	23	0	4.708661018371438	0.46281693120657846	20.76637218812569
22000.0	23	1	4.743750819708894	0.4687506064692484	20.968716742875575
22000.0	23	2	4.7088733596544134	0.4707226282742937	21.07045976323274
22000.0	23	3	4.610619022402811	0.46691837414773213	21.146432075391058
22000.0	23	4	4.440482856188378	0.4573184994452276	21.22595896859128
22000.0	23	5	4.200992783933206	0.44220471466827516	21.318211041192384
22000.0	23	6	3.9066636279459113	0.4214440484619869	21.42435199379901
22000.0	23	7	3.5806914217760903	0.3946028571534904	21.538307296646185
22000.0	23	8	3.2508144075700134	0.3615390600806605	21.64716002174278
22000.0	23	9	2.94402406597816	0.32306703866874564	21.733674082754103
22000.0	23	10	2.68122895203597	0.28130385891991366	21.78092304951757
22000.0	23	11	2.4738489972269546	0.2394560241323318	21.77804749020133
22000.0	23	12	2.3235062759060807	0.20111944893755962	21.725166898284193
22000.0	23	13	2.224276157756264	0.1694620547885456	21.63505911677599
22000.0	23	14	2.166018581638571	0.14670150262779416	21.530264639860537
22000.0	23	15	2.1375789830485905	0.1340567186203156	21.436515532342515
22000.0	23	16	2.129439063665344	0.13205265508592232	21.375325966274655
22000.0	23	17	2.1358625777254012	0.14090482194710183	21.35856654728143
22000.0	23	18	2.156348617534905	0.1607378236194699	21.385977168987065
22000.0	23	19	2.1958390711410747	0.19150627628689199	21.445189299559694
22000.0	23	20	2.2634666934220413	0.23260812255715552	21.514404860663667
22000.0	23	21	2.370336565125225	0.2823028769127901	21.568318774684194
22000.0	23	22	2.5269317098417585	0.33718173818313907	21.586001536227986
22000.0	23	23	2.7403201533460804	0.3920391851395067	21.557353329419488
22000.0	23	24	3.0112376879342806	0.44046483449523377	21.485158157979026
22000.0	23	25	3.3316618484081872	0.4762259835963748	21.381875061850515
22000.0	23	26	3.684447156151247	0.49508792635764304	21.26226937233306
22000.0	23	27	4.047173398849923	0.4963486028054337	21.133683271324138
22000.0	23	28	4.398188449578092	0.4833708151154122	20.982895619445532
22000.0	23	29	4.708661018371438	0.46281693120657846	20.76637218812569

22000.0	24	0	4.776313357871463	0.42706114352605734	20.74683270045742
22000.0	24	1	4.954729466669565	0.4413330211282859	20.88262031283829
22000.0	24	2	5.04800567099688	0.4467728746965395	20.930058204363203
22000.0	24	3	5.043424263682375	0.44145613186509	20.964614259754608
22000.0	24	4	4.925214344945246	0.4279643601324798	21.016156004186822
22000.0	24	5	4.698834938817194	0.4092366461728117	21.09144069726731
22000.0	24	6	4.386699008073491	0.3868267186263963	21.18820336796178
22000.0	24	7	4.020876450601387	0.36101139028521917	21.297846214331145
22000.0	24	8	3.6373036683243942	0.3316218743208314	21.406706743029677
22000.0	24	9	3.269964900106009	0.2989304320568436	21.49865262809531
22000.0	24	10	2.945285079731959	0.26421405114257407	21.55928056955054
22000.0	24	11	2.6786412654850587	0.22978849319451883	21.58089796087989
22000.0	24	12	2.474384103868709	0.19854853905195438	21.56629440614201
22000.0	24	13	2.328757802542751	0.17330341853908818	21.528862884145365
22000.0	24	14	2.233784512079535	0.15626231263052584	21.48803817993525
22000.0	24	15	2.180548236529496	0.1488524798371791	21.461946599845515
22000.0	24	16	2.16154045530054	0.15180752581059775	21.46126003890704
22000.0	24	17	2.172385531283622	0.16533356598184745	21.487146155748956
22000.0	24	18	2.2129011916912056	0.18918504585992546	21.532738453961326
22000.0	24	19	2.2870010763609807	0.22257837822526327	21.585553071182552
22000.0	24	20	2.4012529599607704	0.26396517446579093	21.62976416756469
22000.0	24	21	2.5624985595838123	0.31076494616392947	21.6494207023479
22000.0	24	22	2.7750301422501003	0.3592251961618865	21.633035998374446
22000.0	24	23	3.037659996678072	0.4046030273061214	21.577634079693784
22000.0	24	24	3.3413272808662753	0.44179182569508224	21.489644704248132
22000.0	24	25	3.668529433468931	0.4663390974236036	21.381452730470908
22000.0	24	26	3.996029031850125	0.47559431401764407	21.264309317027095
22000.0	24	27	4.301540587733246	0.46961345158821477	21.13899815396849
22000.0	24	28	4.569722381265311	0.4515140385956851	20.983265071382053
22000.0	24	29	4.776313357871463	0.42706114352605734	20.74683270045742

22000.0	25	0	5.152615769689433	0.40552009474248646	20.66051321011944
22000.0	25	1	5.574284674816983	0.4271724491822906	20.690453225129094
22000.0	25	2	5.869902698137457	0.42963432757959646	20.655710052950667
22000.0	25	3	5.992627301226694	0.4138026804802916	20.635034329278906
22000.0	25	4	5.916845202998578	0.38870790631962604	20.656966049173615
22000.0	25	5	5.661867794307999	0.36146414931395165	20.72146652894025
22000.0	25	6	5.272916756675411	0.3351188783893789	20.819053402460337
22000.0	25	7	4.802587370854448	0.30993157939876503	20.93619602901159
22000.0	25	8	4.30239564469405	0.285040197327292	21.05709245161611
22000.0	25	9	3.817573297679639	0.25970553208061	21.166058484839137
22000.0	25	10	3.38227036315494	0.23404969325753983	21.251223622670473
22000.0	25	11	3.0167175330661915	0.20927371322524416	21.30853288926456
22000.0	25	12	2.7280311157693404	0.18740435171417422	21.343817969672113
22000.0	25	13	2.5140019394832542	0.17077222605327846	21.370645512462023
22000.0	25	14	2.3676538627627464	0.16149309049032845	21.403844133608114
22000.0	25	15	2.2809326159088785	0.16112213692495905	21.45206873906757
22000.0	25	16	2.247251464051084	0.17048390041246583	21.514131817466733
22000.0	25	17	2.2630948439187755	0.18959761497956823	21.580990577229752
22000.0	25	18	2.328553379139032	0.2176458512793861	21.640752399374893
22000.0	25	19	2.4465701868931187	0.2529877234528313	21.682532124914527
22000.0	25	20	2.6210117855649404	0.2932288584927103	21.697667521914745
22000.0	25	21	2.8539308385915647	0.33534772981788835	21.680085187651216
22000.0	25	22	3.142432956187052	0.37588769588369414	21.627676941767728
22000.0	25	23	3.475800037782308	0.4112457030150574	21.544086124860726
22000.0	25	24	3.834156292540162	0.4380751007474401	21.43877742860368
22000.0	25	25	4.190323618951774	0.4537692078803233	21.32390529642331
22000.0	25	26	4.515962810913623	0.4569600382359382	21.20791014414683
22000.0	25	27	4.791925321957584	0.4479876541175747	21.08575890990706
22000.0	25	28	5.0130859137707855	0.42930820708650336	20.923996932380412
22000.0	25	29	5.152615769689433	0.40552009474248646	20.66051321011944

22000.0	26	0	5.862909827727144	0.42154578515919794	20.427750451624
22000.0	26	1	6.86428698334003	0.4417914233827576	20.32989900284946
22000.0	26	2	7.514215063105477	0.4231973974141986	20.20037139122397
22000.0	26	3	7.7930027963429005	0.3808924083793686	20.120308725928147
22000.0	26	4	7.712032192839321	0.3352606923212749	20.11740564697791
22000.0	26	5	7.335399636644119	0.29632694340848337	20.181709333550508
22000.0	26	6	6.759092628713452	0.26597583818621323	20.293566012819014
22000.0	26	7	6.073630788266108	0.24254812120280558	20.4331283077165
22000.0	26	8	5.354787529916372	0.223567142652178	20.5818138469358
22000.0	26	9	4.663387912274704	0.20699138013435406	20.72396468994054
22000.0	26	10	4.043463019533514	0.19178286729885283	20.85006383070119
22000.0	26	11	3.5207291332754873	0.1780921928388784	20.95962268973199
22000.0	26	12	3.1043989771626896	0.16711197390888555	21.060961282464294
22000.0	26	13	2.7920143409348626	0.16067045322840556	21.166257158748817
22000.0	26	14	2.575110675669702	0.16070688863553245	21.28349733874499
22000.0	26	15	2.4440495065804924	0.16875497491341854	21.4101730526339
22000.0	26	16	2.391373259375365	0.1855031046064945	21.533162110435462
22000.0	26	17	2.4133812376628136	0.21049808318254182	21.634772218606702
22000.0	26	18	2.5098454443578095	0.24209770008823334	21.700424927172385
22000.0	26	19	2.682216725712993	0.27774311819082953	21.723000719656405
22000.0	26	20	2.9308825299540784	0.3144734249617457	21.702410264657168
22000.0	26	21	3.251970720425781	0.3494659578596825	21.64290868992585
22000.0	26	22	3.6342593485657684	0.3803998441990381	21.551338009333826
22000.0	26	23	4.057130770868145	0.405584561007508	21.436973276090693
22000.0	26	24	4.490963843302775	0.42393142975662645	21.31135182538843
22000.0	26	25	4.901639020827662	0.43490012313788495	21.18626306403772
22000.0	26	26	5.261771039758551	0.438565707275871	21.06822944091642
22000.0	26	27	5.567583675372743	0.43595281886085396	20.945007658929345
22000.0	26	28	5.813652909187344	0.42942978608508797	20.760446494410655
22000.0	26	29	5.862909827727144	0.42154578515919794	20.427750451624

22000.0	27	0	5.533108913398358	0.5276043828653146	20.05100826350475
22000.0	27	1	8.992857478375058	0.5218391789364378	19.661718502638976
22000.0	27	2	10.675600065292988	0.43679461708205064	19.459894766209445
22000.0	27	3	11.059117448062318	0.34289397531957516	19.351183815206614
22000.0	27	4	10.78611113883856	0.26970483286612884	19.337834300848083
22000.0	27	5	10.089637787724913	0.219916171424416	19.41121435487578
22000.0	27	6	9.135832129031897	0.18810830575658363	19.54825235393027
22000.0	27	7	8.057762955008675	0.1683220992034211	19.725975815308914
22000.0	27	8	6.958408775878298	0.15600175350267512	19.924000979050568
22000.0	27	9	5.919052795224719	0.14809101890238574	20.125860445905456
22000.0	27	10	4.998515908384042	0.14287164160767712	20.322514534287247
22000.0	27	11	4.230103365249587	0.13986252866615287	20.514594694087478
22000.0	27	12	3.6234496190125274	0.13967586337331345	20.709806889597704
22000.0	27	13	3.17136927749311	0.1437053470979416	20.91543388500249
22000.0	27	14	2.8585794138493026	0.15361582878721405	21.12991423687169
22000.0	27	15	2.669358825997195	0.1706847478814903	21.338979103508226
22000.0	27	16	2.5923034367874913	0.1951267290673019	21.519221977752785
22000.0	27	17	2.6215734731938403	0.2256480994290983	21.64714451329584
22000.0	27	18	2.755221201794162	0.25952893211559896	21.7083383296539
22000.0	27	19	2.9917888350649013	0.2933407459620548	21.70166052759454
22000.0	27	20	3.3263792271752775	0.324010345975898	21.636888970093885
22000.0	27	21	3.7473381147261122	0.3496775350529734	21.52892660677705
22000.0	27	22	4.234533122598403	0.36995495623618196	21.393098963973017
22000.0	27	23	4.759701562177108	0.38563662794861037	21.243424470656933
22000.0	27	24	5.289163619012756	0.3982281490308592	21.092598387500626
22000.0	27	25	5.792041129115882	0.40972993163108373	20.95117989699298
22000.0	27	26	6.262858840502323	0.42309234300502063	20.820596129374678
22000.0	27	27	6.716198564358093	0.4437183021784019	20.668467560252243
22000.0	27	28	6.831281712684609	0.47967153374704075	20.409484206464924
22000.0	27	29	5.533108913398358	0.5276043828653146	20.05100826350475

22000.0	28	0	0.5243664590419269	0.7917465640840463	21.75789837600348
22000.0	28	1	8.065379303336162	0.768540899841434	18.79405835549148
22000.0	28	2	15.498096094211858	0.5060770593309265	18.221941164471204
22000.0	28	3	16.325811159849618	0.31638490280358134	18.143162202627245
22000.0	28	4	15.431158494766613	0.20885873092084453	18.133052526944052
22000.0	28	5	14.089555380137122	0.15034106899112465	18.203466445518846
22000.0	28	6	12.519477871226448	0.11904421992696382	18.360890690210343
22000.0	28	7	10.843382873946203	0.10294078422103405	18.594389152625947
22000.0	28	8	9.17509780660828	0.09563852592133751	18.88537929388748
22000.0	28	9	7.620700374422123	0.09375421775057147	19.211476891912543
22000.0	28	10	6.263188907590894	0.09559885180480439	19.553646930572068
22000.0	28	11	5.147791379971437	0.10063733131810285	19.901750636099813
22000.0	28	12	4.281505291603862	0.10925998640153346	20.252668072239864
22000.0	28	13	3.6452263177083477	0.12253325551396653	20.602463143313777
22000.0	28	14	3.2096439243373216	0.14172640292524802	20.938783101403725
22000.0	28	15	2.947666533937373	0.1675654722323272	21.238752610378864
22000.0	28	16	2.8404500968671194	0.19939522164078635	21.4738199352598
22000.0	28	17	2.877568254472295	0.23469736272706013	21.61935369156627
22000.0	28	18	3.053246041588132	0.2694728352561966	21.66425799403677
22000.0	28	19	3.360645782177988	0.29957289900254497	21.615201446882498
22000.0	28	20	3.786558069408868	0.32233356368788324	21.492977801974934
22000.0	28	21	4.309281979795655	0.33753609721065503	21.324139244649626
22000.0	28	22	4.900861394003995	0.34723512492144526	21.13353784957567
22000.0	28	23	5.53168794326079	0.3548888907420839	20.940566042599524
22000.0	28	24	6.176127461308489	0.3646948271849023	20.758345684922737
22000.0	28	25	6.828749535694735	0.3820535440050378	20.591538082306034
22000.0	28	26	7.52813962428221	0.41653971286736574	20.420322975828412
22000.0	28	27	7.988220104376218	0.4895550987587943	20.18200779830601
22000.0	28	28	5.421915022808755	0.6340206452548264	20.091333669277535
22000.0	28	29	0.5243664590419269	0.7917465640840463	21.75789837600348

22000.0	29	0	1.0808281262649383E-13	1.0060770169238602	24.827236616759084
22000.0	29	1	0.8291756205238421	1.2770532115868372	19.225149854631777
22000.0	29	2	15.39252565647178	0.698304419936455	16.393719704403615
22000.0	29	3	20.49524653629127	0.33150992383649175	16.254990940794762
22000.0	29	4	18.95223475704253	0.17370881572825989	16.223939644395156
22000.0	29	5	16.78095227921367	0.10334468984605777	16.23183566537933
22000.0	29	6	14.639170920978943	0.0705172172884686	16.370851742328906
22000.0	29	7	12.578596967098578	0.05536139858237984	16.676091606912507
22000.0	29	8	10.63530355746899	0.04964624867409866	17.14036146378124
22000.0	29	9	8.852945680383936	0.049974439826455906	17.722201730861407
22000.0	29	10	7.2828336178676985	0.05509396871207712	18.36391223317537
22000.0	29	11	5.966734459775862	0.06482092509521746	19.013532578555143
22000.0	29	12	4.920376742717899	0.07961303564931013	19.6350230404797
22000.0	29	13	4.134355996536165	0.10030587833895435	20.204920537783128
22000.0	29	14	3.5862528981764905	0.1276717382601467	20.703825875418786
22000.0	29	15	3.252368419040698	0.16163570185569748	21.1102102629931
22000.0	29	16	3.114182395774595	0.200352752671583	21.400380548625993
22000.0	29	17	3.159239467421518	0.23979593808242158	21.55508715812266
22000.0	29	18	3.377070933080293	0.2745742525832381	21.569192401837512
22000.0	29	19	3.751958295118425	0.29998156009484056	21.457711255371333
22000.0	29	20	4.257627425774963	0.3141573937009889	21.253377134791382
22000.0	29	21	4.860244916654194	0.318919166885448	20.997815996594824
22000.0	29	22	5.52906202243039	0.3189055470501258	20.73105719387592
22000.0	29	23	6.245468960645388	0.320103024548791	20.481914737216083
22000.0	29	24	7.009132776359698	0.3293245281316673	20.26218689311314
22000.0	29	25	7.860200004157313	0.3563259761701688	20.05851433938697
22000.0	29	26	8.782236725922944	0.42246507492082946	19.804179843353644
22000.0	29	27	7.77696716858464	0.5831690355137878	19.522752884554674
22000.0	29	28	0.6474909271395386	0.892809431954249	21.37447516150194
22000.0	29	29	1.0808281262649383E-13	1.0060770169238602	24.827236616759084

