24000.0	0	0	4.7849061965951546E-8	8.069215559039532E-7	4.6547262087063155
24000.0	0	1	0.1640342517163969	0.1797529235668578	23.548026754781958
24000.0	0	2	1.8637471167953337	0.29316471016317946	21.46608923725158
24000.0	0	3	2.272011692969095	0.3881398641796124	21.4145589976888
24000.0	0	4	2.0669763260834464	0.49332211806204734	21.46404133930324
24000.0	0	5	1.9460013936909593	0.6165399376942235	21.35385102679174
24000.0	0	6	1.9969151470349455	0.7629779739545431	21.130028419132266
24000.0	0	7	2.2712590034726317	0.9277865388444909	20.818952264625068
24000.0	0	8	2.871948314534638	1.084599289186258	20.428488097612004
24000.0	0	9	3.9371215540484874	1.1856560597773846	19.98967925221839
24000.0	0	10	5.533233281682812	1.1857909673907367	19.579054137717844
24000.0	0	11	7.44448194515649	1.0808146047333766	19.297793313222154
24000.0	0	12	9.106892672626397	0.9179505653461362	19.214625173841704
24000.0	0	13	9.970124503052123	0.7571343306290969	19.329526666282092
24000.0	0	14	9.90614116437603	0.6313966133756429	19.589457948498936
24000.0	0	15	9.165447417410766	0.5444896322643447	19.9246830689899
24000.0	0	16	8.09725269815896	0.4861856415817671	20.272637205020352
24000.0	0	17	6.978664048571849	0.44368284410916375	20.586293197824467
24000.0	0	18	5.981476437131712	0.4068512918630552	20.834793676168857
24000.0	0	19	5.191567071007435	0.3702780254600403	21.001951748064638
24000.0	0	20	4.636492872410164	0.33333225129364885	21.08471233799128
24000.0	0	21	4.311789833279145	0.2985810633700075	21.09084362858712
24000.0	0	22	4.20288311388688	0.26941986860209377	21.035676741056225
24000.0	0	23	4.300070901270887	0.24808945734077853	20.93810136657996
24000.0	0	24	4.611961489884275	0.23477616970286438	20.811881338081278
24000.0	0	25	5.184650577683145	0.22799308202152552	20.64141603845751
24000.0	0	26	5.951215332713165	0.2264187447839694	20.363882222050535
24000.0	0	27	5.061162987512234	0.22864175203335585	20.17376296137192
24000.0	0	28	0.37711654694920554	0.19232522087780046	22.251821659630085
24000.0	0	29	4.7849061965951546E-8	8.069215559039532E-7	4.6547262087063155

24000.0	1	0	0.9683730872882887	0.27713537021093504	18.9195047101812
24000.0	1	1	6.3930512929411085	0.2694023526107848	19.429953229607648
24000.0	1	2	6.004162199054371	0.33020943793079666	20.232981244173853
24000.0	1	3	4.276864335254208	0.43799466477014387	20.856141320307607
24000.0	1	4	3.3547011352877885	0.5578321125349652	21.154581166159787
24000.0	1	5	2.9925335141790175	0.6751248375422414	21.22054377678124
24000.0	1	6	2.996588480459591	0.7893314471952011	21.1277847061709
24000.0	1	7	3.32281340327372	0.897698662958249	20.910865899276544
24000.0	1	8	4.001090432232083	0.9843413402979323	20.603516773122646
24000.0	1	9	5.060314970217914	1.02307456990146	20.260675874645486
24000.0	1	10	6.420892657774602	0.9943503683928092	19.95745964274171
24000.0	1	11	7.801722151752151	0.9041520454422161	19.766530636440418
24000.0	1	12	8.79729385749244	0.7837370051841173	19.727003983454463
24000.0	1	13	9.133695979591113	0.6675550015605397	19.831382681729455
24000.0	1	14	8.82401213389959	0.5743330635183799	20.039122823195804
24000.0	1	15	8.079062061654382	0.5062336353619078	20.29922144966452
24000.0	1	16	7.143347373872525	0.45678601037477695	20.565664256553813
24000.0	1	17	6.2054022445196715	0.4175921442454171	20.80372777022484
24000.0	1	18	5.381809979312553	0.3820189359045582	20.990968391029043
24000.0	1	19	4.7307648286727035	0.34683056458608097	21.116192611538203
24000.0	1	20	4.271760041120492	0.31226828025212006	21.17780864445984
24000.0	1	21	4.005151078956578	0.28087155161368876	21.18105177407829
24000.0	1	22	3.929481507615127	0.25564724423510177	21.133322139286943
24000.0	1	23	4.056208922673019	0.23825320952191179	21.038430185118404
24000.0	1	24	4.428501044814101	0.22767874317896605	20.890226169642066
24000.0	1	25	5.166295234464072	0.22024124285762348	20.658142743391288
24000.0	1	26	6.541613675610062	0.21262992784941429	20.25455204165629
24000.0	1	27	8.611183940161647	0.20931508122779127	19.55781243625565
24000.0	1	28	7.519321413570591	0.2291882291819372	18.803649333989817
24000.0	1	29	0.9683730872882887	0.27713537021093504	18.9195047101812

24000.0	2	0	14.882543845802939	0.16624882706966956	16.13667122787342
24000.0	2	1	14.192730252675155	0.19580810706358012	18.469560767165955
24000.0	2	2	8.931178784085924	0.29146038730610985	19.806031994681003
24000.0	2	3	5.989809328612157	0.428402738080207	20.523338288334525
24000.0	2	4	4.62139530310532	0.5673345959177865	20.892983004519067
24000.0	2	5	4.067772004476923	0.6845675509486991	21.041358032032203
24000.0	2	6	4.017931996398772	0.7753239233857351	21.021317472759335
24000.0	2	7	4.354752883303187	0.8401795870344329	20.873120483276978
24000.0	2	8	5.0207417628631505	0.8746482917036172	20.64922613081119
24000.0	2	9	5.935433869475667	0.8708248942294599	20.41200725972686
24000.0	2	10	6.935029027954322	0.8264547886661656	20.221596711798714
24000.0	2	11	7.774654046003945	0.7513991374455177	20.12147150794427
24000.0	2	12	8.22650833065342	0.6643186048797747	20.12771666434186
24000.0	2	13	8.199731005864471	0.5825753415166434	20.22876624598747
24000.0	2	14	7.763706767281078	0.5151524649633358	20.395294115738047
24000.0	2	15	7.073706014027024	0.4627308507036746	20.59262312261335
24000.0	2	16	6.2876965730564365	0.42136464636284904	20.78954254466433
24000.0	2	17	5.525074372914338	0.3859990719752692	20.962540113306073
24000.0	2	18	4.860445994829975	0.3527616493166766	21.09687517443897
24000.0	2	19	4.332360155213532	0.32008681497456465	21.185933172236805
24000.0	2	20	3.9561120878910754	0.2887833325003897	21.229369286503168
24000.0	2	21	3.73730586822305	0.2612203278628101	21.229508450957947
24000.0	2	22	3.6852788850633282	0.23992831654533106	21.185699669152644
24000.0	2	23	3.8269867846365617	0.2258434924206586	21.088404001388085
24000.0	2	24	4.226502867368612	0.21657895598445295	20.91597835650549
24000.0	2	25	5.028960713918741	0.20616410014367337	20.631351930552785
24000.0	2	26	6.573465982082073	0.1886688411759818	20.163516960631238
24000.0	2	27	9.557016640316967	0.16580691374816428	19.370355399659235
24000.0	2	28	14.221424209298032	0.15222685553315884	18.05399146649055
24000.0	2	29	14.882543845802939	0.16624882706966956	16.13667122787342

24000.0	3	0	17.766834788852577	0.07923520773715162	16.01309396341935
24000.0	3	1	14.529791011012803	0.1340981749949331	18.402964831002002
24000.0	3	2	9.70012455171585	0.23993568119083333	19.69839953770995
24000.0	3	3	6.927352678571972	0.3847986307852212	20.378814400421255
24000.0	3	4	5.522738311706445	0.530548546675905	20.75412843707984
24000.0	3	5	4.916787969837585	0.645886827571321	20.929214139782626
24000.0	3	6	4.844606790980016	0.720487333368581	20.944408234035933
24000.0	3	7	5.158885437528169	0.7571117696002493	20.845013642046858
24000.0	3	8	5.735583073841589	0.7605164485829554	20.690099467813713
24000.0	3	9	6.428485520474956	0.7349289820077474	20.537478153897798
24000.0	3	10	7.063395606191831	0.6866601307988572	20.430217975658508
24000.0	3	11	7.47601970144549	0.6252709426301014	20.391032035021297
24000.0	3	12	7.569456036252219	0.5613110202326117	20.422846338990478
24000.0	3	13	7.34374585988554	0.5028134773187951	20.513460711774794
24000.0	3	14	6.8750907454346795	0.45341467391338075	20.642257490270776
24000.0	3	15	6.269065282322184	0.41284354211647045	20.78663965147931
24000.0	3	16	5.6227884510689465	0.3786312536207333	20.92669608364303
24000.0	3	17	5.008484203514856	0.3478545738714991	21.047803220667767
24000.0	3	18	4.472408561332007	0.3184159832085567	21.141461895603133
24000.0	3	19	4.040558861473188	0.2897279347014414	21.204641732896402
24000.0	3	20	3.7267118995258524	0.26277331042098373	21.237483819934585
24000.0	3	21	3.5415423492562015	0.2395825431900114	21.23891724560155
24000.0	3	22	3.502842365844213	0.22213199695217495	21.200619587567793
24000.0	3	23	3.647766610796536	0.21058771113065938	21.102056520129455
24000.0	3	24	4.050386127868553	0.2013606574416878	20.910738062200842
24000.0	3	25	4.8555744005789325	0.18709067692178977	20.58730190100168
24000.0	3	26	6.359569921898239	0.1613387505569662	20.081880087380657
24000.0	3	27	9.158369819570241	0.1263290870093528	19.29847344693352
24000.0	3	28	13.884084054087134	0.09492410165094639	18.028135773856608
24000.0	3	29	17.766834788852577	0.07923520773715162	16.01309396341935

24000.0	4	0	16.187439846270312	0.037773664696467715	15.932032001116495
24000.0	4	1	13.750858018339075	0.09492936123449904	18.34297914248037
24000.0	4	2	9.723325906724023	0.1948861222923789	19.65004070450169
24000.0	4	3	7.275017993097968	0.3326075391577285	20.33616427541689
24000.0	4	4	5.97924972098334	0.47304411110653727	20.717585725074745
24000.0	4	5	5.407574453987042	0.5814982614958849	20.901441748452623
24000.0	4	6	5.336755157537429	0.6438152590950977	20.93400265061541
24000.0	4	7	5.606857381773784	0.6638143359520755	20.866119958440024
24000.0	4	8	6.061148798176605	0.6517814591271369	20.756438191046705
24000.0	4	9	6.538141353860646	0.6180743776350527	20.65460749546562
24000.0	4	10	6.89521370650748	0.5719368702559163	20.590981675274854
24000.0	4	11	7.040796416633968	0.5213195004353558	20.576905749063982
24000.0	4	12	6.949997728677077	0.472276507730614	20.609983098846794
24000.0	4	13	6.654598572061276	0.4284147977381658	20.679708569479285
24000.0	4	14	6.217269672647218	0.3909050298940646	20.771958524051044
24000.0	4	15	5.706191007489128	0.35907227740938796	20.872353520550146
24000.0	4	16	5.179659432268777	0.33127092673868547	20.968722011618585
24000.0	4	17	4.680956704841301	0.3057480529839834	21.052681900455443
24000.0	4	18	4.239446795169546	0.2813212367656258	21.12014165439951
24000.0	4	19	3.8744256544024434	0.2577801163359779	21.1703528226641
24000.0	4	20	3.600220965604152	0.23596493746094566	21.20300781134074
24000.0	4	21	3.4323876888974403	0.21745745452882656	21.213182030527694
24000.0	4	22	3.3954800357817754	0.2036744383270449	21.1853599901749
24000.0	4	23	3.533414337647688	0.19412216629370432	21.090094037076486
24000.0	4	24	3.924747924189085	0.18445542653565433	20.88759389197168
24000.0	4	25	4.709838280236425	0.16697722652592858	20.537503999398112
24000.0	4	26	6.150203161800312	0.13626066065436612	20.001049507576074
24000.0	4	27	8.735693474254095	0.09651080037422781	19.20733767025293
24000.0	4	28	12.938197187434824	0.06072811543483902	17.958689868145864
24000.0	4	29	16.187439846270312	0.037773664696467715	15.932032001116495

24000.0	5	0	15.343920178987654	0.018222327956887288	15.650988382338253
24000.0	5	1	13.377958739150198	0.07004461872997297	18.211611167719838
24000.0	5	2	9.59956395117155	0.15919129814130514	19.606119432543014
24000.0	5	3	7.29981390107202	0.2839165470931591	20.33486476225413
24000.0	5	4	6.099470003087533	0.41256161603384733	20.73326400450812
24000.0	5	5	5.57873719144202	0.5105902863120575	20.923699561265504
24000.0	5	6	5.514124314471299	0.5626065325858639	20.964356590273756
24000.0	5	7	5.736990929944178	0.5729282222329537	20.911292480219934
24000.0	5	8	6.084158484288135	0.5542297345359011	20.82128245685118
24000.0	5	9	6.4076491361267935	0.5190246369271987	20.73760729646041
24000.0	5	10	6.602813219899981	0.47685579220110696	20.683599617480855
24000.0	5	11	6.623600095456929	0.43414251498698697	20.666136029770833
24000.0	5	12	6.4747127033704475	0.3946603711929375	20.682245319256953
24000.0	5	13	6.190970914030074	0.3601108676184621	20.724266507990773
24000.0	5	14	5.8174861047192765	0.3306900797219417	20.782907926145374
24000.0	5	15	5.397112552197749	0.3056367373298269	20.849143620908873
24000.0	5	16	4.965154243027459	0.2837443569684847	20.915677402035154
24000.0	5	17	4.548746403721573	0.2638134305092642	20.978018446522203
24000.0	5	18	4.168515047296431	0.2450155345011419	21.034702576425982
24000.0	5	19	3.841254281742134	0.22714544577832962	21.085950028630805
24000.0	5	20	3.5833370635722863	0.2107292824661451	21.13012180734022
24000.0	5	21	3.415122678183332	0.19686343049446575	21.158121822006187
24000.0	5	22	3.3669596181420824	0.18645038617381868	21.14775499206006
24000.0	5	23	3.487810440656987	0.17852224525586263	21.06220345098459
24000.0	5	24	3.8587141910312024	0.1684531108493875	20.856573156470255
24000.0	5	25	4.617629664404256	0.14894431243405348	20.490162662992212
24000.0	5	26	6.015686272531223	0.11606740915003062	19.928683122664143
24000.0	5	27	8.524907324863824	0.0757648759723881	19.1060303502421
24000.0	5	28	12.584582705148229	0.040953473707298224	17.809639285872834
24000.0	5	29	15.343920178987654	0.018222327956887288	15.650988382338253

24000.0	6	0	15.00533733618037	0.009381933977671229	15.295988056479949
24000.0	6	1	13.259434430186243	0.054377402977156916	18.061658195345306
24000.0	6	2	9.446142190627684	0.13231366440990258	19.563146719070897
24000.0	6	3	7.174958435359877	0.2427813538859814	20.34292844426541
24000.0	6	4	6.0321998502418825	0.3572628932380582	20.762406114605643
24000.0	6	5	5.554639477176778	0.443385707242719	20.957972486487684
24000.0	6	6	5.49928551406737	0.486323150569838	20.997976136489093
24000.0	6	7	5.691579219603547	0.4906126532236629	20.94325236522311
24000.0	6	8	5.9746486800661165	0.4693850652896494	20.850067091719886
24000.0	6	9	6.221051274773509	0.4352767295396918	20.758708208902828
24000.0	6	10	6.353996104879242	0.3971949497257246	20.690072226737847
24000.0	6	11	6.349088248328114	0.360415969995038	20.650720632718333
24000.0	6	12	6.217628439284852	0.32756766168358825	20.639493966204267
24000.0	6	13	5.986730125174169	0.29954802183799895	20.651874257211638
24000.0	6	14	5.686105781793327	0.2761995938977079	20.682151417604974
24000.0	6	15	5.34237591710924	0.25678258938424753	20.72467319394416
24000.0	6	16	4.977974802538988	0.24031660143397918	20.77495648186339
24000.0	6	17	4.611987542271208	0.22583901960387134	20.83059002011467
24000.0	6	18	4.2616161609493055	0.21260889018931295	20.891272257343147
24000.0	6	19	3.944010284105487	0.20027662677946514	20.9570969411082
24000.0	6	20	3.6786691163711502	0.18900819614521355	21.024459123301828
24000.0	6	21	3.4907711091944975	0.17941985790405507	21.080088374553487
24000.0	6	22	3.4159245705056804	0.1719437174596779	21.095814118700474
24000.0	6	23	3.5072906326130378	0.16530265771401623	21.028603476978596
24000.0	6	24	3.847641986618263	0.15496429407591747	20.829430959598856
24000.0	6	25	4.574214447206674	0.13443498475083732	20.457105676939108
24000.0	6	26	5.940128285324745	0.10121332197159418	19.878988048239435
24000.0	6	27	8.440918952961399	0.062275271543851096	19.02536677030946
24000.0	6	28	12.553304736380376	0.030013729312896704	17.653005807951693
24000.0	6	29	15.00533733618037	0.009381933977671229	15.295988056479949

24000.0	7	0	14.606011665211728	0.005747881262163917	14.980871622137926
24000.0	7	1	13.07532574168456	0.04490539248791279	17.941510119790912
24000.0	7	2	9.223795762555799	0.11304921230524081	19.533950479528865
24000.0	7	3	6.973710981552178	0.20997784085129922	20.354465055699887
24000.0	7	4	5.884612710629739	0.3100725940417262	20.788493527743707
24000.0	7	5	5.455144439888714	0.3841535767423603	20.981248240068446
24000.0	7	6	5.425056317507882	0.4189690332074819	21.008464190281508
24000.0	7	7	5.618049135334018	0.41913323679857595	20.935792862882373
24000.0	7	8	5.887377713991838	0.3972489224083098	20.82075997305342
24000.0	7	9	6.123149707975799	0.36520027197977845	20.703321553308992
24000.0	7	10	6.26476582909778	0.3310157358319105	20.604670897392438
24000.0	7	11	6.294791689074967	0.2991244704495325	20.5330743519163
24000.0	7	12	6.220800284903115	0.27149779063743923	20.490086791599097
24000.0	7	13	6.059338971482484	0.2486362806992231	20.47417012945156
24000.0	7	14	5.827788824597463	0.23023270896003364	20.482287367309077
24000.0	7	15	5.542347581447496	0.21558553187092644	20.51087943211158
24000.0	7	16	5.218639578370281	0.2038509107715943	20.55691555720908
24000.0	7	17	4.872747011686208	0.19419642612825883	20.618791888363912
24000.0	7	18	4.522053303467836	0.1859067008290034	20.69627674291483
24000.0	7	19	4.186205001864771	0.1784863634996098	20.788540562514076
24000.0	7	20	3.8887235756953693	0.1717699779682953	20.88972557113777
24000.0	7	21	3.6596417330269198	0.16590989255927238	20.982822144906763
24000.0	7	22	3.5393756105494014	0.1608789629446642	21.03474856571357
24000.0	7	23	3.584524274637653	0.15518598577878853	20.997309831145145
24000.0	7	24	3.87859915550707	0.14463247950933034	20.817452040128792
24000.0	7	25	4.557189262001465	0.12372117285901126	20.45220096682491
24000.0	7	26	5.874693768813719	0.09112091636586551	19.86841580438349
24000.0	7	27	8.346106968636494	0.05416893222653421	18.990334313343546
24000.0	7	28	12.472398898427633	0.024423061173512194	17.541463491738252
24000.0	7	29	14.606011665211728	0.005747881262163917	14.980871622137926

24000.0	8	0	13.870889985265196	0.004644376854732952	14.819713199090844
24000.0	8	1	12.557517932941447	0.039882083372254476	17.900608362698165
24000.0	8	2	8.851648436279099	0.10036649245615564	19.542259793760977
24000.0	8	3	6.711193239869049	0.18535392901933093	20.38041712391141
24000.0	8	4	5.7152131061155025	0.27192746137723595	20.81186127891637
24000.0	8	5	5.361853389984956	0.3345977187857528	20.98571707663181
24000.0	8	6	5.387978925450335	0.3621970616878626	20.98388523952505
24000.0	8	7	5.620909588352738	0.3593758847709835	20.87725038102507
24000.0	8	8	5.924552206955924	0.3377883760030114	20.72558464814326
24000.0	8	9	6.202024171837342	0.3082400237570538	20.56963946521215
24000.0	8	10	6.4009104789401015	0.2778426185818155	20.431867758446245
24000.0	8	11	6.503146499992535	0.25032603587294233	20.32279257635828
24000.0	8	12	6.508319195865831	0.22718150065054518	20.246768418346377
24000.0	8	13	6.421862639187465	0.208634997902034	20.204951438632676
24000.0	8	14	6.250840501537665	0.1942854848456773	20.19644030213373
24000.0	8	15	6.004320969790193	0.1834792352114355	20.219063075747023
24000.0	8	16	5.694829523035737	0.17550405691819063	20.270424564628016
24000.0	8	17	5.339023991678692	0.16966912631476452	20.348860096782744
24000.0	8	18	4.957460278082624	0.165330411834634	20.453390755383467
24000.0	8	19	4.574311990643819	0.16192025459269255	20.581707848043415
24000.0	8	20	4.218048207172686	0.1590091720600977	20.72572981361303
24000.0	8	21	3.923544652666352	0.15630788533681136	20.865569806547466
24000.0	8	22	3.7354013271647317	0.15331151411428076	20.964725118455178
24000.0	8	23	3.712580199616155	0.1483290724436708	20.971055421920457
24000.0	8	24	3.9375335130436064	0.1375971391406556	20.82719654907907
24000.0	8	25	4.540414724025028	0.11666311603793904	20.486180329301412
24000.0	8	26	5.765834842998014	0.0850985965910429	19.911708098199863
24000.0	8	27	8.112061542611642	0.050097172369258425	19.022496992437674
24000.0	8	28	12.046173713605068	0.022201974937994307	17.520664774190724
24000.0	8	29	13.870889985265196	0.004644376854732952	14.819713199090844

24000.0	9	0	12.792814676967836	0.004950966639850634	14.93348256618222
24000.0	9	1	11.57855305324158	0.038451196774335894	17.987299895374846
24000.0	9	2	8.282580544726487	0.09361940934877233	19.61258755603536
24000.0	9	3	6.3919982890416795	0.1686779211414633	20.435617858808463
24000.0	9	4	5.555994896604634	0.24320735926430498	20.838991955453274
24000.0	9	5	5.323028586149575	0.2955356793837615	20.97141167517673
24000.0	9	6	5.445896491677211	0.3167948809390955	20.92140750036953
24000.0	9	7	5.761079804469442	0.311731202093713	20.765525706432886
24000.0	9	8	6.143159998130332	0.29096158296822866	20.565612046966006
24000.0	9	9	6.505137612921324	0.2641327754025028	20.36283695688937
24000.0	9	10	6.798322443407134	0.2374393508361126	20.180554333173706
24000.0	9	11	7.000161749274812	0.21395453589600757	20.03122988582576
24000.0	9	12	7.099986417849117	0.19473029438596892	19.921772066993856
24000.0	9	13	7.091416716009983	0.17974522002612697	19.855872457113993
24000.0	9	14	6.971771927885157	0.16852616001977444	19.83462986412475
24000.0	9	15	6.744673879959617	0.16049441516951912	19.85701457420137
24000.0	9	16	6.4222081751614715	0.15511081670518842	19.92080964839048
24000.0	9	17	6.024875582709328	0.151888518561668	20.023630115334882
24000.0	9	18	5.579613684135674	0.1503415815940909	20.16304263077404
24000.0	9	19	5.117536626311525	0.14993350089526356	20.334809174784777
24000.0	9	20	4.673213304807612	0.15006448175828657	20.528830626981524
24000.0	9	21	4.286263431082333	0.15004940589951574	20.723482296237865
24000.0	9	22	4.004511490580696	0.14888466627304833	20.88069763193084
24000.0	9	23	3.8878092799222705	0.14462285268791109	20.94599231495569
24000.0	9	24	4.015205548769424	0.13388712133412262	20.85760195103609
24000.0	9	25	4.506021982488242	0.11318398441609645	20.5621014956099
24000.0	9	26	5.578805758809507	0.08275704826488829	20.0170599973327
24000.0	9	27	7.665723975651172	0.049354734089278665	19.1388081922833
24000.0	9	28	11.14036689072857	0.022438045732600536	17.6351511263434
24000.0	9	29	12.792814676967836	0.004950966639850634	14.93348256618222

24000.0	10	0	11.431445499042313	0.006371319431623567	15.373393500309884
24000.0	10	1	10.216763509800774	0.04035670285960895	18.223433504254043
24000.0	10	2	7.550325545955232	0.09255510158467647	19.758500024493298
24000.0	10	3	6.038662541027159	0.15989834601999212	20.52825602662246
24000.0	10	4	5.431936591903646	0.22418176590551464	20.872881374882517
24000.0	10	5	5.368469823043035	0.267388311972868	20.93803845355325
24000.0	10	6	5.631963106152162	0.2830183068848723	20.820305082261218
24000.0	10	7	6.0719954717962805	0.27610115109791267	20.60172217010069
24000.0	10	8	6.573920530284075	0.25634644390534855	20.3448197178536
24000.0	10	9	7.059077177139725	0.23227898613198517	20.089703824177075
24000.0	10	10	7.480095268882265	0.20916430791814777	19.85952468063054
24000.0	10	11	7.8073468111070214	0.1893929365636925	19.66802573956253
24000.0	10	12	8.017575831904793	0.17355352656289408	19.524426233798245
24000.0	10	13	8.090833612897246	0.16136719144965217	19.435060783676125
24000.0	10	14	8.013964702136608	0.15230275887156836	19.40328441155377
24000.0	10	15	7.785924767349462	0.1458985874905434	19.429312560148166
24000.0	10	16	7.420824836347045	0.14185347541987453	19.510830956461515
24000.0	10	17	6.946733960873954	0.13996503326925222	19.644088577809082
24000.0	10	18	6.400981713631125	0.1400000702571055	19.824429937729104
24000.0	10	19	5.824799715506874	0.14156385318907294	20.045191892224658
24000.0	10	20	5.260418217087837	0.14400322405796542	20.29445801200849
24000.0	10	21	4.752001323219232	0.14632706975170748	20.55005001602553
24000.0	10	22	4.349162632884452	0.147045775256459	20.774393944066627
24000.0	10	23	4.110757469770335	0.1438564910763813	20.91278458870403
24000.0	10	24	4.11014345424914	0.1335702350478478	20.89977157226975
24000.0	10	25	4.451093258609704	0.11340733836407717	20.673650861724436
24000.0	10	26	5.312520307803508	0.08406543918497317	20.183009852830775
24000.0	10	27	7.024742367622501	0.05174147893035573	19.345581178290445
24000.0	10	28	9.840348164918177	0.02488026724398117	17.905789714373054
24000.0	10	29	11.431445499042313	0.006371319431623567	15.373393500309884

24000.0	11	0	9.826421642284739	0.009011126765214324	16.048437283876456
24000.0	11	1	8.706010488991176	0.04575604919727754	18.585930480960783
24000.0	11	2	6.756484824581151	0.09733580564147294	19.976194457432577
24000.0	11	3	5.693465796941334	0.1592457789193688	20.654384164949885
24000.0	11	4	5.368931033667605	0.21508931397528344	20.907595945092336
24000.0	11	5	5.5204845196337535	0.25020508351471255	20.880063341864176
24000.0	11	6	5.967358218640535	0.2605627512194724	20.677653913923127
24000.0	11	7	6.573227543600503	0.25181578714206326	20.386375813936567
24000.0	11	8	7.234468057799249	0.23302576571299857	20.066936906146342
24000.0	11	9	7.880340646135501	0.2116660982865952	19.75632342558812
24000.0	11	10	8.463157689861491	0.19202465198431337	19.476178104519644
24000.0	11	11	8.943478318650659	0.17572373443014264	19.240876560680203
24000.0	11	12	9.28216416354065	0.16280989541447344	19.061890674864877
24000.0	11	13	9.442674597982538	0.15269924794730855	18.948633865803505
24000.0	11	14	9.399664490538267	0.14480646843661252	18.90736116901184
24000.0	11	15	9.147881617232512	0.13884659368744226	18.9399131913673
24000.0	11	16	8.706329023647426	0.1348497466027221	19.043631610178583
24000.0	11	17	8.115287381283864	0.13299502145469774	19.212573081849715
24000.0	11	18	7.427584339604307	0.13339345468754382	19.43886760497556
24000.0	11	19	6.698683946697259	0.13589353834347184	19.71276535486209
24000.0	11	20	5.980551601085649	0.13991658430796083	20.020588508944257
24000.0	11	21	5.321609857164828	0.1443035801176738	20.34061744458956
24000.0	11	22	4.771215250193501	0.14715626854724395	20.637780237902067
24000.0	11	23	4.384756459388587	0.14572643294960702	20.859744836727476
24000.0	11	24	4.227998388483436	0.13670176161559772	20.939334767271287
24000.0	11	25	4.387072406323264	0.1175935507176931	20.80628088062927
24000.0	11	26	4.996807249455199	0.08927067759312503	20.397778961495263
24000.0	11	27	6.280903356369838	0.057403121285914495	19.633330729761788
24000.0	11	28	8.380460924021936	0.02964168053449617	18.30802334017807
24000.0	11	29	9.826421642284739	0.009011126765214324	16.048437283876456

24000.0	12	0	8.121833711514771	0.013062321420491432	16.79348468809146
24000.0	12	1	7.285649213032631	0.05510808773206768	19.02444813047067
24000.0	12	2	6.011927376594614	0.10856211965664736	20.24580116645451
24000.0	12	3	5.403852401102309	0.16723509814481846	20.797222978184813
24000.0	12	4	5.3933719970735385	0.2160687306824896	20.927958139178088
24000.0	12	5	5.7983529441186805	0.24359308203966465	20.78675206300818
24000.0	12	6	6.467100222367574	0.24856501470832382	20.488409454003058
24000.0	12	7	7.275844193285746	0.2377312646534066	20.119524067720207
24000.0	12	8	8.132864107396795	0.21977727108937517	19.735735739337102
24000.0	12	9	8.97568178937302	0.20115257059941702	19.368860696349664
24000.0	12	10	9.754530640082969	0.18506156231634446	19.03793464781573
24000.0	12	11	10.416517523778985	0.1722082081583827	18.757524357369057
24000.0	12	12	10.902097810027488	0.16194624240655772	18.541557325136303
24000.0	12	13	11.154150586073996	0.15327995936433297	18.403372454588542
24000.0	12	14	11.133186579782663	0.14556091569915378	18.35324907719575
24000.0	12	15	10.830688572287093	0.13878333186012096	18.39529299655681
24000.0	12	16	10.274246757008212	0.13346519063390686	18.526081230091297
24000.0	12	17	9.521856673175634	0.1303011434901173	18.736191045001924
24000.0	12	18	8.647745180658642	0.12983253815687634	19.01313964262887
24000.0	12	19	7.726389420321899	0.13222287265693758	19.34322884911067
24000.0	12	20	6.8219712605396134	0.13707724019423653	19.710944474687317
24000.0	12	21	5.9868491399796655	0.14323270748433362	20.09578541283989
24000.0	12	22	5.267458370886256	0.14853521030377062	20.46688955318014
24000.0	12	23	4.712378561076787	0.14977432718887793	20.777040115559373
24000.0	12	24	4.377948578088182	0.14318086099291402	20.96051485310246
24000.0	12	25	4.333533325276889	0.12598421501435939	20.940292278691523
24000.0	12	26	4.675168922380784	0.09878040327972999	20.64073417305009
24000.0	12	27	5.540606989706495	0.06671989244619346	19.978229687929183
24000.0	12	28	6.988988466721789	0.037004698098790145	18.787603026638813
24000.0	12	29	8.121833711514771	0.013062321420491432	16.79348468809146

24000.0	13	0	6.533145346343025	0.01854913733167723	17.49523502818647
24000.0	13	1	6.0905561449111145	0.06908302168130266	19.490503510875104
24000.0	13	2	5.390350924116379	0.12719109812992846	20.536194612874745
24000.0	13	3	5.2085359557546695	0.18450255533849705	20.93024774736389
24000.0	13	4	5.5289266800516375	0.22699374664146987	20.913673500694514
24000.0	13	5	6.2177387296014475	0.24667269132714245	20.646334116095424
24000.0	13	6	7.139225701639646	0.24571702597987632	20.248839255742556
24000.0	13	7	8.180211285087083	0.23245374985045908	19.803418770117833
24000.0	13	8	9.263048441835323	0.2153495713582012	19.357397481214832
24000.0	13	9	10.334063969693908	0.19976589666422429	18.93589183889736
24000.0	13	10	11.338728019680637	0.18766134249654104	18.554634204678617
24000.0	13	11	12.205748275967771	0.17860161414841916	18.22819413512497
24000.0	13	12	12.849782682840667	0.1709932049609241	17.973511002466058
24000.0	13	13	13.189614828199291	0.16322822079955063	17.80932059568583
24000.0	13	14	13.171594623326145	0.154578346293164	17.751702877855756
24000.0	13	15	12.786885860450345	0.14551441133526538	17.807780321950663
24000.0	13	16	12.075902687834082	0.13732178713524976	17.97229866290423
24000.0	13	17	11.119163711061622	0.1314116727585539	18.230172221103434
24000.0	13	18	10.017473988252892	0.1288313706420351	18.562404236930146
24000.0	13	19	8.868872591053458	0.1300739546385934	18.950487346986478
24000.0	13	20	7.752319349758288	0.1349781420830958	19.377137482022565
24000.0	13	21	6.723881510199799	0.14252233274567394	19.823712918206734
24000.0	13	22	5.824130761067086	0.1505047191344919	20.264795992759883
24000.0	13	23	5.090593584032434	0.15535706097362886	20.66063551394054
24000.0	13	24	4.567644441215693	0.15261885297796182	20.950729548990797
24000.0	13	25	4.310341011572522	0.13861321619227904	21.055134565327243
24000.0	13	26	4.386946975909003	0.11299888385337017	20.885821622831724
24000.0	13	27	4.878429789513051	0.08019963781094537	20.348581626185794
24000.0	13	28	5.793048869894399	0.04729620159839371	19.293142798982007
24000.0	13	29	6.533145346343025	0.01854913733167723	17.49523502818647

24000.0	14	0	5.192993158339274	0.02527891655702097	18.11728529136802
24000.0	14	1	5.149800637393455	0.08846256004222522	19.945172204387465
24000.0	14	2	4.92128052073245	0.15428287775638713	20.810009799046437
24000.0	14	3	5.131871364589854	0.21148524331450858	21.023339077177777
24000.0	14	4	5.7928992174115805	0.2472786990580236	20.845945805162224
24000.0	14	5	6.786652641395112	0.2581083409130756	20.451602314937947
24000.0	14	6	7.979478579733555	0.25045089714006546	19.960638699514092
24000.0	14	7	9.269104857305308	0.23454719453108297	19.44554770199268
24000.0	14	8	10.5953886666852	0.21860658415412293	18.942979358019155
24000.0	14	9	11.91299569981071	0.20675838733953808	18.470673065858012
24000.0	14	10	13.157984204091443	0.19953039855750276	18.040829771075572
24000.0	14	11	14.23422761038525	0.19506266041460343	17.668178671806164
24000.0	14	12	15.02602298210461	0.19041608397593382	17.37382529069494
24000.0	14	13	15.429402732730862	0.18303360969115687	17.18423023056249
24000.0	14	14	15.383633950058805	0.1720972968556151	17.123493354516054
24000.0	14	15	14.886032535742483	0.15892228549531118	17.20179170039947
24000.0	14	16	13.991222149632522	0.14603362085992377	17.409436012994348
24000.0	14	17	12.801788582865669	0.13584324404396797	17.722369153638514
24000.0	14	18	11.446958608226545	0.12994592379790573	18.11315736867161
24000.0	14	19	10.051746460999922	0.1290882526069006	18.558319621847172
24000.0	14	20	8.712280886823212	0.13329640349853508	19.03953422461185
24000.0	14	21	7.488410521856917	0.1417696222146908	19.540792032889513
24000.0	14	22	6.412347815797776	0.1524748841311055	20.042802656551483
24000.0	14	23	5.5060757956481075	0.16171421476984676	20.514669360429043
24000.0	14	24	4.798234192908114	0.1643038195722122	20.904410270171237
24000.0	14	25	4.331411990911139	0.15514152431614003	21.134178850963174
24000.0	14	26	4.158147799901173	0.1321082780772044	21.106637714549972
24000.0	14	27	4.328993079204142	0.09831687184471534	20.71120565982719
24000.0	14	28	4.825208544587481	0.060819966315644666	19.787802291457474
24000.0	14	29	5.192993158339274	0.02527891655702097	18.11728529136802

24000.0	15	0	4.1249414379117715	0.033032236189803714	18.66071480137476
24000.0	15	1	4.436700707944603	0.11399779675731313	20.35636624290776
24000.0	15	2	4.604373522745121	0.19061990704008386	21.030922266641465
24000.0	15	3	5.183528053367076	0.24806841161478577	21.050987998977366
24000.0	15	4	6.191908354047269	0.27577630158613586	20.713996595587552
24000.0	15	5	7.499301036687578	0.2762446718039295	20.20410654463736
24000.0	15	6	8.964343483274961	0.26113117978668876	19.633411367564165
24000.0	15	7	10.499820842967553	0.24261509294752903	19.060328261222104
24000.0	15	8	12.066383759817922	0.22842093354612197	18.51000198560379
24000.0	15	9	13.623726459167344	0.22129102895028874	17.993123727230728
24000.0	15	10	15.090870071836935	0.22017144927900045	17.518777772639858
24000.0	15	11	16.3398927410624	0.2214416743312555	17.102714558165417
24000.0	15	12	17.226069252025095	0.22025815823057415	16.772221610896235
24000.0	15	13	17.63772288691937	0.21262802484989274	16.564158694989214
24000.0	15	14	17.526812345809677	0.19768682329025405	16.51163680804149
24000.0	15	15	16.90259148730481	0.17821218267258204	16.625293833964854
24000.0	15	16	15.823454874886407	0.15865545069745393	16.886330958373303
24000.0	15	17	14.403632183204973	0.14273960670685354	17.258467326358627
24000.0	15	18	12.799203427673074	0.13254916499710026	17.70556657006027
24000.0	15	19	11.164888578513914	0.12888973614924368	18.20080067040303
24000.0	15	20	9.615837271361972	0.13182749575000724	18.726601614827025
24000.0	15	21	8.215749852184722	0.14077821379831248	19.270544331669964
24000.0	15	22	6.987012000859229	0.15405437934645988	19.81950789353609
24000.0	15	23	5.932577600309698	0.1681315470297887	20.351492221364968
24000.0	15	24	5.0607739833558245	0.1773055144282355	20.824866773795936
24000.0	15	25	4.4011231537404685	0.17479455686309692	21.16876738083488
24000.0	15	26	4.000108451988259	0.15585236931725566	21.282157876049837
24000.0	15	27	3.898741235465109	0.12129735441390453	21.037044274504563
24000.0	15	28	4.0681835796446135	0.07781223164676893	20.246182421816428
24000.0	15	29	4.1249414379117715	0.033032236189803714	18.66071480137476

24000.0	16	0	3.2968056601197437	0.041820537770075314	19.137055368259194
24000.0	16	1	3.907925166017647	0.14621730950542366	20.700431601960204
24000.0	16	2	4.4233677526641975	0.23633920228820354	21.172823472802797
24000.0	16	3	5.358901808553284	0.2933901156501158	21.00009461236042
24000.0	16	4	6.716853991162275	0.3108811819853955	20.519304865989042
24000.0	16	5	8.329941500360132	0.29934999948136193	19.915637831473592
24000.0	16	6	10.045887501227782	0.27620883474122865	19.285007581931158
24000.0	16	7	11.799690765467625	0.25523339897028596	18.66947135411126
24000.0	16	8	13.573715287858581	0.24332503151390233	18.0835242886105
24000.0	16	9	15.32561426206487	0.24174003349276424	17.532265958824127
24000.0	16	10	16.94819102166466	0.24776917950925476	17.023172856620082
24000.0	16	11	18.279736137748685	0.25570913173498044	16.575035996980404
24000.0	16	12	19.16322358511128	0.25819915821629663	16.22365652549937
24000.0	16	13	19.513019248999136	0.24933159241614136	16.016857804763173
24000.0	16	14	19.316362556333285	0.22843644127745383	15.993121429978567
24000.0	16	15	18.583308225648075	0.2006089550373002	16.15689927608364
24000.0	16	16	17.35049049493021	0.17291282989354945	16.47549884177716
24000.0	16	17	15.732110262719717	0.1504850182806597	16.90049433637472
24000.0	16	18	13.91252553442366	0.1356512129247285	17.390467595782802
24000.0	16	19	12.078029360271774	0.12899353315414697	17.919015001025052
24000.0	16	20	10.361502597906336	0.13043476571178791	18.47176674881297
24000.0	16	21	8.828718813403876	0.13955807828418312	19.04064251459941
24000.0	16	22	7.491465966432952	0.15513995268699596	19.618012713190183
24000.0	16	23	6.332284915421802	0.17413410753752956	20.189474137448848
24000.0	16	24	5.335208460757275	0.19069595318116114	20.723657116673234
24000.0	16	25	4.51317799771291	0.19645933799104548	21.16017891100111
24000.0	16	26	3.9117400775539712	0.18342899620633565	21.401294202889428
24000.0	16	27	3.578359686322244	0.14891615055816013	21.306005628329288
24000.0	16	28	3.4875452764932833	0.09838108894345175	20.65196433565861
24000.0	16	29	3.2968056601197437	0.041820537770075314	19.137055368259194

24000.0	17	0	2.6623323694582024	0.052047113160911894	19.561211590763957
24000.0	17	1	3.51976947241938	0.18524409195206204	20.965903297454442
24000.0	17	2	4.352944823504639	0.29075072074869984	21.22661748174098
24000.0	17	3	5.638374147148728	0.34594479922502147	20.87435764354024
24000.0	17	4	7.338671100477896	0.3508679295622529	20.276618732025554
24000.0	17	5	9.229965431425338	0.3259342975590951	19.60745559932881
24000.0	17	6	11.152319922642034	0.2943496246653928	18.940570320803534
24000.0	17	7	13.0703526771901	0.27084498841098714	18.301608438706744
24000.0	17	8	14.985909656915416	0.2611253789487434	17.696652175402082
24000.0	17	9	16.84685863334002	0.26490374088163077	17.127832366454918
24000.0	17	10	18.516711326484756	0.2778051859098423	16.603868389971616
24000.0	17	11	19.813809184615103	0.29187159529417267	16.149301799483354
24000.0	17	12	20.60326147029534	0.2969554251288798	15.808793380004166
24000.0	17	13	20.855213887504224	0.28529900129262686	15.636001702282519
24000.0	17	14	20.583089667816086	0.25708534571283714	15.66492507483309
24000.0	17	15	19.76488485760714	0.22039355692179535	15.885901618483526
24000.0	17	16	18.40299811440312	0.18490351672104485	16.252081806482334
24000.0	17	17	16.62178395986809	0.15671405808870428	16.70873598568595
24000.0	17	18	14.64031065258407	0.13798460013324498	17.215777678236957
24000.0	17	19	12.67075959770954	0.1288672326212562	17.751559266111084
24000.0	17	20	10.85440404426519	0.12906431940224602	18.306828761158332
24000.0	17	21	9.25341285998735	0.13831695136342106	18.878025680655178
24000.0	17	22	7.868200534234079	0.15594317576012226	19.461837349681133
24000.0	17	23	6.6619924078198025	0.17961654011706296	20.04935907857418
24000.0	17	24	5.5927661224893646	0.20378943163809013	20.617814638078016
24000.0	17	25	4.651577529225646	0.21891908439196087	21.118799055113286
24000.0	17	26	3.882538884017986	0.2135663623957737	21.464545649528446
24000.0	17	27	3.3507220521637393	0.18041165300239248	21.509552608099426
24000.0	17	28	3.0466752969562996	0.12244409537339611	20.997636381739326
24000.0	17	29	2.6623323694582024	0.052047113160911894	19.561211590763957

24000.0	18	0	2.1789576115372666	0.0645449056250525	19.94953080828988
24000.0	18	1	3.2326837938808057	0.2306980808050439	21.154617973448637
24000.0	18	2	4.36069029242525	0.3524227800721565	21.201665658506325
24000.0	18	3	5.9860668180939	0.40397391778853187	20.693806082632143
24000.0	18	4	8.007154744720356	0.3943772513203515	20.011939712953257
24000.0	18	5	10.131053972253325	0.3551023962347168	19.308010709441476
24000.0	18	6	12.197082052863106	0.3146321752090689	18.630528690338743
24000.0	18	7	14.204517573154444	0.2878773841193378	17.990319118303084
24000.0	18	8	16.171812768812583	0.27897325764037734	17.38795654847512
24000.0	18	9	18.035965846905356	0.28598925419734855	16.825866393549177
24000.0	18	10	19.64376899663683	0.3029077100763343	16.317252226985502
24000.0	18	11	20.824113846817088	0.3197587791814562	15.893721740966054
24000.0	18	12	21.490594468633105	0.3243543838951476	15.604618923246385
24000.0	18	13	21.65265687838226	0.3083360987267574	15.498705435275562
24000.0	18	14	21.302824648917106	0.2735928895584129	15.594300921050403
24000.0	18	15	20.37506565942852	0.23067291860974742	15.864650662573757
24000.0	18	16	18.872788582443103	0.19053016713323928	16.255081049272707
24000.0	18	17	16.959267946093608	0.1592516096954794	16.713515052657957
24000.0	18	18	14.883619966879529	0.13854405891902416	17.207178455408506
24000.0	18	19	12.863299185167032	0.1282042091463239	17.721630799351193
24000.0	18	20	11.031046209150427	0.12784744654023178	18.253298745750826
24000.0	18	21	9.437806241639256	0.1374556618539316	18.80285833299436
24000.0	18	22	8.072534113280549	0.15694463551074375	19.370258004043787
24000.0	18	23	6.882652975900825	0.18484765280021626	19.950100990052317
24000.0	18	24	5.801557871955079	0.21628271953488784	20.525897051273045
24000.0	18	25	4.793511317122728	0.24111202248378763	21.06091728064859
24000.0	18	26	3.895547342883895	0.24475299222100294	21.48232406768575
24000.0	18	27	3.195618092402508	0.21456616078993554	21.65016901165721
24000.0	18	28	2.712711817919551	0.14971567218959161	21.283412011436194
24000.0	18	29	2.1789576115372666	0.0645449056250525	19.94953080828988

24000.0	19	0	1.8131426302222096	0.0805058566651402	20.31604260652617
24000.0	19	1	3.0128271497220687	0.2816670288082615	21.27941006115744
24000.0	19	2	4.407870726780766	0.41942854513361283	21.122222107411062
24000.0	19	3	6.34992508931049	0.46595293975400076	20.49017780420947
24000.0	19	4	8.65402789514532	0.44089134192808754	19.758081106657784
24000.0	19	5	10.954053742670993	0.3869235158388303	19.04900182093522
24000.0	19	6	13.09437662838711	0.3369445704195147	18.38640224876832
24000.0	19	7	15.110055904272574	0.30536856336828416	17.768524984548215
24000.0	19	8	17.035979241824936	0.2944601307224368	17.192990090429177
24000.0	19	9	18.80761113296819	0.3005262490467595	16.665141352272485
24000.0	19	10	20.278882630735424	0.31608195113835075	16.2043485057409
24000.0	19	11	21.31291924661127	0.330086828862014	15.847361971237127
24000.0	19	12	21.85927695025395	0.3302856702955258	15.640583667422229
24000.0	19	13	21.91460244019121	0.3097166454055922	15.617672263965773
24000.0	19	14	21.426160780982986	0.2720262529609123	15.776392664249762
24000.0	19	15	20.328169871222478	0.22817562940029396	16.077306206154148
24000.0	19	16	18.679753397188	0.1882869207098012	16.46672523711573
24000.0	19	17	16.690013827484165	0.15756141600732784	16.90150734947019
24000.0	19	18	14.610474234537017	0.13729683830415862	17.358154916514355
24000.0	19	19	12.635972822944659	0.12725233885719933	17.82915512263516
24000.0	19	20	10.875665824975174	0.12722091322953413	18.316055628679166
24000.0	19	21	9.364977172397008	0.13755508919012627	18.82346986722779
24000.0	19	22	8.083575701251911	0.15879197209125948	19.354167244781802
24000.0	19	23	6.968630247284981	0.19034790930275566	19.90507074940516
24000.0	19	24	5.933653597500439	0.22822342757375363	20.463969715234857
24000.0	19	25	4.913822511500554	0.26227222860262556	21.004412868626904
24000.0	19	26	3.930501805954992	0.2754838385641013	21.4709930865863
24000.0	19	27	3.092996562916382	0.24988550760678152	21.738325680238624
24000.0	19	28	2.4592265629790173	0.179737332541052	21.51456611676961
24000.0	19	29	1.8131426302222096	0.0805058566651402	20.31604260652617

24000.0	20	0	1.5409217661976546	0.10122114317616135	20.667260718204837
24000.0	20	1	2.8336229133966	0.3365945948999576	21.35975767793147
24000.0	20	2	4.451609557786801	0.48948773498433223	21.021075302650985
24000.0	20	3	6.664482657589641	0.5308827971318858	20.300173819396292
24000.0	20	4	9.198614337195902	0.49103044412320973	19.548767474609903
24000.0	20	5	11.618348215307922	0.4227885520664718	18.859785263348027
24000.0	20	6	13.772238135172696	0.36258571251911254	18.23427540063678
24000.0	20	7	15.726328468778576	0.32404265225992723	17.65991880895123
24000.0	20	8	17.533706053940456	0.30752599890240273	17.132724519817298
24000.0	20	9	19.141583957258668	0.30767973331993126	16.661803878675528
24000.0	20	10	20.42831227183203	0.316090025464113	16.27182018217444
24000.0	20	11	21.289306531129476	0.322102036606891	16.00044147566873
24000.0	20	12	21.67679606346272	0.3155227217441496	15.884642490269908
24000.0	20	13	21.55125250801614	0.2919564124089907	15.939391259952348
24000.0	20	14	20.84947414189813	0.2557028691584148	16.145332844706125
24000.0	20	15	19.563867651105475	0.2159204868447705	16.458037680683276
24000.0	20	16	17.82313556882513	0.1804458276941015	16.830303277270133
24000.0	20	17	15.852317499884974	0.15324374771491223	17.228709085198197
24000.0	20	18	13.871695994483565	0.13539196689933536	17.637247452202452
24000.0	20	19	12.035226374652277	0.12689779348139188	18.05350503560465
24000.0	20	20	10.42295730792245	0.1279386050427449	18.48322377689077
24000.0	20	21	9.055704397523218	0.13931964394047974	18.934807438607205
24000.0	20	22	7.907935713240958	0.1621642797507319	19.413953196283583
24000.0	20	23	6.912905582814827	0.1966870598171551	19.919587828317173
24000.0	20	24	5.971115575693196	0.23981707488314583	20.44251393425815
24000.0	20	25	4.990225812051157	0.28186738122965865	20.964725970077243
24000.0	20	26	3.967569874189335	0.3043604771719413	21.44826854262042
24000.0	20	27	3.0258227123848846	0.28471726612106296	21.788385428830612
24000.0	20	28	2.267700804362679	0.21183519213437876	21.698157476378807
24000.0	20	29	1.5409217661976546	0.10122114317616135	20.667260718204837

24000.0	21	0	1.3467495645949616	0.12745872812306	20.999016980559798
24000.0	21	1	2.6773671742990928	0.3928944652945337	21.417102105131125
24000.0	21	2	4.449635579038786	0.5597150433177047	20.932931176595503
24000.0	21	3	6.856675026892181	0.5980935299795341	20.1591587046975
24000.0	21	4	9.552837786389368	0.5464934399587342	19.41332826360467
24000.0	21	5	12.044849235500488	0.4656296275552587	18.76225149558443
24000.0	21	6	14.173863076644793	0.39482612273162787	18.189080401057915
24000.0	21	7	16.02284492332398	0.3472309882498606	17.672551998721964
24000.0	21	8	17.661884189504526	0.3217801647868108	17.207102758607885
24000.0	21	9	19.05814378299484	0.3119723845113945	16.80470858429503
24000.0	21	10	20.117639383180038	0.3093021335482854	16.492865239807973
24000.0	21	11	20.754714693066113	0.304728404768177	16.306383245979173
24000.0	21	12	20.91206183896475	0.2910764110314267	16.270726754553205
24000.0	21	13	20.539101612045478	0.26625006387936473	16.385328667827658
24000.0	21	14	19.611276605815195	0.2339735348772261	16.620974963536653
24000.0	21	15	18.194012014450145	0.20062366843802465	16.933895280472324
24000.0	21	16	16.45489286013688	0.17143891253383337	17.283888438889406
24000.0	21	17	14.598979808610055	0.14915875331506023	17.644428607925086
24000.0	21	18	12.798361826555231	0.13471711414039525	18.004002485013444
24000.0	21	19	11.16357500322891	0.12844396180613477	18.363430306173125
24000.0	21	20	9.747994798530318	0.1309473022808659	18.73179693791281
24000.0	21	21	8.561090144135623	0.14347093649424775	19.12113391893851
24000.0	21	22	7.575859550684501	0.16762573814942444	19.540321544570048
24000.0	21	23	6.7269629660608	0.20426163991159638	19.99049722317664
24000.0	21	24	5.909283772429916	0.25114474042213425	20.46488411201746
24000.0	21	25	5.0082439742581135	0.29934987399473467	20.95199937373885
24000.0	21	26	3.9917197266472826	0.329962978217479	21.429241659663653
24000.0	21	27	2.982989225038102	0.31716274679314754	21.814732602856996
24000.0	21	28	2.128244591479796	0.24484664129974054	21.840497231630955
24000.0	21	29	1.3467495645949616	0.12745872812306	20.999016980559798

24000.0	22	0	1.2219263005607468	0.1583974734959939	21.29881527136105
24000.0	22	1	2.535928362649005	0.4462483491534956	21.471583341483708
24000.0	22	2	4.3673874115252085	0.6258389274294849	20.889542259933968
24000.0	22	3	6.85518968623612	0.6663222101511024	20.097422891494716
24000.0	22	4	9.624768357461585	0.6093780350803885	19.374363834462475
24000.0	22	5	12.150154880025061	0.5197160356706766	18.769233154656362
24000.0	22	6	14.244902008108866	0.4390575995531194	18.25359094666354
24000.0	22	7	15.982952387983161	0.3810573226939009	17.799098039480345
24000.0	22	8	17.442293815453144	0.3442544836252867	17.398091287900808
24000.0	22	9	18.61048394330321	0.32190105495641563	17.063722444924064
24000.0	22	10	19.418353977166607	0.30625122005612004	16.823882700831177
24000.0	22	11	19.79463500788886	0.29042776233257234	16.708827007797325
24000.0	22	12	19.686260071978243	0.27003153914742867	16.73422586411617
24000.0	22	13	19.06604797274361	0.24438535643718945	16.889722693318276
24000.0	22	14	17.965089337729367	0.2160804954755334	17.142283051352653
24000.0	22	15	16.49836348711958	0.18887532598009094	17.450749641233845
24000.0	22	16	14.837126869561448	0.16575380329052503	17.779724353740054
24000.0	22	17	13.150282386219297	0.14834091264229693	18.106271714609857
24000.0	22	18	11.563732769379538	0.1373532635041472	18.421013822858804
24000.0	22	19	10.151800076929565	0.1333341727389517	18.726686522687935
24000.0	22	20	8.946583128933554	0.13723133664738227	19.034959166930687
24000.0	22	21	7.949062224451204	0.15063234296174968	19.361144012420354
24000.0	22	22	7.132704680294841	0.1754943921694282	19.7174467270192
24000.0	22	23	6.436846489858201	0.21310194203757232	20.107641186407687
24000.0	22	24	5.757318987989625	0.2618843268156643	20.527248573130123
24000.0	22	25	4.965070597486055	0.3138296233849475	20.96945403326711
24000.0	22	26	3.9971050201005824	0.35055588105222585	21.423415620938147
24000.0	22	27	2.961917589821319	0.34478090773833026	21.828777690976626
24000.0	22	28	2.03943752468277	0.2765739048062377	21.946374752573316
24000.0	22	29	1.2219263005607468	0.1583974734959939	21.29881527136105

24000.0	23	0	1.1638874480754866	0.19041865861258214	21.552939923481663
24000.0	23	1	2.410365081353756	0.48988315146485073	21.540849718964616
24000.0	23	2	4.186229957502172	0.6810719240012517	20.917026906073385
24000.0	23	3	6.604790565982816	0.7319408184653189	20.13907262075368
24000.0	23	4	9.32561755130621	0.6804476133483054	19.448715366889147
24000.0	23	5	11.836736709893843	0.5895179297811953	18.887184931901853
24000.0	23	6	13.909185846635973	0.5021882045977457	18.42264058854511
24000.0	23	7	15.573050914900524	0.43391610630197586	18.022943727473432
24000.0	23	8	16.89360867813503	0.38435310226834507	17.678406072850287
24000.0	23	9	17.870424952925198	0.34770244569091746	17.40192936880458
24000.0	23	10	18.45447134117955	0.31779516971078314	17.220187683510453
24000.0	23	11	18.5916088275299	0.2900901079283458	17.158860588682458
24000.0	23	12	18.249376337556168	0.26238773693543277	17.226777561725964
24000.0	23	13	17.438744652439947	0.23474131444063545	17.408514136597706
24000.0	23	14	16.23647190178838	0.20860172781593078	17.67032788885612
24000.0	23	15	14.780111363009809	0.18566388214240326	17.9733360635549
24000.0	23	16	13.227779164663069	0.1671174633892765	18.284539807565178
24000.0	23	17	11.714342707040267	0.15355889754101257	18.582302086512975
24000.0	23	18	10.330539598847203	0.14533733385517703	18.85794802515143
24000.0	23	19	9.12444502191725	0.1430139231702635	19.115191303913804
24000.0	23	20	8.11251998388794	0.14771717569690446	19.3674802035035
24000.0	23	21	7.289303204300787	0.1612462070001207	19.63283242761359
24000.0	23	22	6.6292312926194095	0.1857525779176624	19.926762654383907
24000.0	23	23	6.077805283306691	0.2227526063094207	20.25622803240514
24000.0	23	24	5.536971520829462	0.27113467609388037	20.61934918437865
24000.0	23	25	4.871766543828864	0.32384110913918823	21.012505079039467
24000.0	23	26	3.9902443462877186	0.36384292579113026	21.432533919255274
24000.0	23	27	2.9701695871406453	0.36430434400446876	21.83685778007788
24000.0	23	28	2.0078211681569145	0.30320745403179544	22.019811992498564
24000.0	23	29	1.1638874480754866	0.19041865861258214	21.552939923481663

24000.0	24	0	1.1789007247619587	0.21659005504098347	21.747839448631428
24000.0	24	1	2.3125433147364287	0.5145244215868877	21.636847176328686
24000.0	24	2	3.912483929051659	0.7152695020228252	21.03272334585701
24000.0	24	3	6.087412047003541	0.786548583154825	20.300833531982587
24000.0	24	4	8.591454653848446	0.7558018468757501	19.64926293746081
24000.0	24	5	10.995454146933675	0.6766728991343076	19.12112444436796
24000.0	24	6	13.0437610745681	0.5905111791715154	18.690521902616542
24000.0	24	7	14.69611403181176	0.5151361806292631	18.32709103456719
24000.0	24	8	15.974238188008089	0.4529012132131409	18.020997491019834
24000.0	24	9	16.867208703002426	0.4004522461252096	17.78462013497294
24000.0	24	10	17.33127478690657	0.3542802971428633	17.64278461209098
24000.0	24	11	17.324372444030757	0.3126284306063236	17.617229166879014
24000.0	24	12	16.837549908736296	0.27534700573519866	17.712279678459293
24000.0	24	13	15.917958803355935	0.24301008412966182	17.910016966343992
24000.0	24	14	14.674839779714308	0.2161292957779728	18.176865372306835
24000.0	24	15	13.25583743491007	0.19479194237886982	18.475152138376753
24000.0	24	16	11.805976533502118	0.1786905894391271	18.772548436528545
24000.0	24	17	10.436535799289224	0.16738760445511822	19.047343440262658
24000.0	24	18	9.215682084615262	0.16067422651636748	19.290609439770943
24000.0	24	19	8.17477193476598	0.158910671503384	19.50614226293906
24000.0	24	20	7.319878979268899	0.16323667494197233	19.708179173739918
24000.0	24	21	6.640893474136962	0.17553686174788313	19.916602136273493
24000.0	24	22	6.113235421742778	0.19802708731551033	20.150006989039984
24000.0	24	23	5.689065195346893	0.2322814087685034	20.419134818689823
24000.0	24	24	5.2801072904363	0.2774527622792822	20.725539216238612
24000.0	24	25	4.753219815388876	0.3274073346409815	21.068327893597754
24000.0	24	26	3.991445093353597	0.36707577809396646	21.44886125324281
24000.0	24	27	3.027486423786514	0.37177461005645085	21.83782506027064
24000.0	24	28	2.0505377892703507	0.319294761951904	22.062216268243276
24000.0	24	29	1.1789007247619587	0.21659005504098347	21.747839448631428

24000.0	25	0	1.2870705206500017	0.2279502546301485	21.847956821645536
24000.0	25	1	2.271780705169309	0.5100430939515284	21.74887614264418
24000.0	25	2	3.58777480027578	0.7156101903485008	21.234452807823295
24000.0	25	3	5.348420982850374	0.8150965822276891	20.585786143360977
24000.0	25	4	7.431807928679028	0.8220168442733681	19.983363574096106
24000.0	25	5	9.55543671380219	0.7736641014508263	19.478693669189806
24000.0	25	6	11.498086190214623	0.703968317704778	19.059958152663672
24000.0	25	7	13.166130012991706	0.6309909832908185	18.70572965284171
24000.0	25	8	14.518038871881604	0.5601022917001586	18.410380688034042
24000.0	25	9	15.497298255285164	0.4916968914203365	18.187763803360276
24000.0	25	10	16.028169794837382	0.4265007011695278	18.061991369544195
24000.0	25	11	16.050908827523756	0.3668980731441934	18.052256456787195
24000.0	25	12	15.561744330315815	0.31564152907744725	18.159986916315457
24000.0	25	13	14.633389675600114	0.27429277720584594	18.365624379614523
24000.0	25	14	13.402523831195762	0.24275735461378073	18.63527336155243
24000.0	25	15	12.029913960810958	0.21974862784128982	18.931122999468133
24000.0	25	16	10.658302933609136	0.2035025196640245	19.22013564832155
24000.0	25	17	9.38919027631249	0.19238909895166123	19.47944189244047
24000.0	25	18	8.280417563597924	0.1853879313786148	19.69889564928385
24000.0	25	19	7.355299430093831	0.18242735592910422	19.881277071580442
24000.0	25	20	6.614464479165309	0.1845094145155218	20.040337635237073
24000.0	25	21	6.045058960556974	0.19352187444153482	20.19662387404575
24000.0	25	22	5.623580523041404	0.2116713247211386	20.37118798058438
24000.0	25	23	5.308882145399636	0.24047508321120578	20.578978343221966
24000.0	25	24	5.0247331012043315	0.2791985958464033	20.826347718174105
24000.0	25	25	4.646188153509942	0.32255575837828876	21.11621162857227
24000.0	25	26	4.037471889922375	0.3577705445970584	21.453072701140343
24000.0	25	27	3.175451341881545	0.3635269279558171	21.815852826835044
24000.0	25	28	2.208242335657773	0.3190010850114844	22.05718707263955
24000.0	25	29	1.2870705206500017	0.2279502546301485	21.847956821645536

24000.0	26	0	1.4714402419742294	0.21713756197147444	21.779996361285008
24000.0	26	1	2.3188005814801627	0.4698127842974201	21.812835322897925
24000.0	26	2	3.2869391142307656	0.6705383166185658	21.47517114355204
24000.0	26	3	4.509116878722377	0.7974807788001778	20.965746762935467
24000.0	26	4	5.9883472660200985	0.8527246791766153	20.441266585426845
24000.0	26	5	7.603830598627086	0.8549063692377333	19.966030064284013
24000.0	26	6	9.23707856674934	0.8245384179367933	19.546651534009985
24000.0	26	7	10.816701702468318	0.7741084269910333	19.175730665661643
24000.0	26	8	12.27516255153778	0.7083815474369559	18.857071092422704
24000.0	26	9	13.500554759023215	0.6302364939072372	18.611118405625867
24000.0	26	10	14.337316877618807	0.5455341419377664	18.466402892731224
24000.0	26	11	14.642835611912338	0.46318609568596053	18.444074883668026
24000.0	26	12	14.363114410761114	0.3914577428278716	18.54530289470696
24000.0	26	13	13.568137456800068	0.3347343769437523	18.749070656956782
24000.0	26	14	12.420506755678465	0.29318042439337244	19.019571827366125
24000.0	26	15	11.108672912806812	0.26431059314448657	19.316756026966747
24000.0	26	16	9.792540394922055	0.24469993473433152	19.60506562885464
24000.0	26	17	8.581330525489745	0.23115745431048004	19.85903230049132
24000.0	26	18	7.535689450633942	0.22147529000715366	20.06596504304429
24000.0	26	19	6.679569366588428	0.21488117001889112	20.226195022430407
24000.0	26	20	6.013079757237804	0.2121206229885575	20.351399230353845
24000.0	26	21	5.522709474962024	0.21507655092610578	20.461191286892483
24000.0	26	22	5.186341099612406	0.22596649269286087	20.577868884300134
24000.0	26	23	4.969417663256841	0.2462322846446003	20.720408835992743
24000.0	26	24	4.809540562100453	0.2751747265446341	20.901261907772312
24000.0	26	25	4.597558680211718	0.3082585037240235	21.128884816335525
24000.0	26	26	4.191883906577454	0.33506613315630096	21.409337399394158
24000.0	26	27	3.503497051713461	0.3382898968803873	21.721988926525366
24000.0	26	28	2.5577948495750125	0.2992815319425799	21.93967568605682
24000.0	26	29	1.4714402419742294	0.21713756197147444	21.779996361285008

24000.0	27	0	1.2493172262978747	0.18163768617312068	21.732548367134225
24000.0	27	1	2.2933795395806897	0.3966023794715373	21.76747700172425
24000.0	27	2	3.051075857043804	0.5772143781629668	21.64343397776366
24000.0	27	3	3.7191741509899487	0.7170248394160352	21.350498769671393
24000.0	27	4	4.517137392980102	0.8145644820822489	20.963706202241482
24000.0	27	5	5.467061332422043	0.8749931078527152	20.55610756547904
24000.0	27	6	6.55882433089499	0.9052518777856465	20.153773956688866
24000.0	27	7	7.8065046156006295	0.9071550957054372	19.761700867331705
24000.0	27	8	9.206063973162982	0.87695311275841	19.393404329161843
24000.0	27	9	10.665564628857759	0.811916576628472	19.081417477028744
24000.0	27	10	11.967629884234858	0.7182867003181983	18.86920157247294
24000.0	27	11	12.825586502814655	0.6124080027606409	18.79136201366894
24000.0	27	12	13.032061187714973	0.5129692678930989	18.856171137134485
24000.0	27	13	12.577410808697	0.43212239528343055	19.042511915242432
24000.0	27	14	11.629174072066425	0.37298262156339257	19.310075529868378
24000.0	27	15	10.420131800114202	0.3325331618136616	19.612999202261665
24000.0	27	16	9.154312373924876	0.30534758543477697	19.910217346269903
24000.0	27	17	7.971712303494771	0.28603866067326883	20.171426010227073
24000.0	27	18	6.951714717498199	0.2706347297062453	20.379545887892586
24000.0	27	19	6.128601055299934	0.25730851892985557	20.53070876316212
24000.0	27	20	5.50705919509363	0.24645100615335813	20.632744135285446
24000.0	27	21	5.075045167448785	0.24002295907503482	20.702519192695615
24000.0	27	22	4.812350130449001	0.240393975564819	20.7618286137708
24000.0	27	23	4.691378546094612	0.24903848282092925	20.832401818241745
24000.0	27	24	4.667211937973841	0.26533046290066375	20.932305131750685
24000.0	27	25	4.661669299182006	0.2854512969144466	21.074004136594127
24000.0	27	26	4.555647616897153	0.30135822853017835	21.257439093081768
24000.0	27	27	4.156381213446115	0.3001462977749881	21.45686032760508
24000.0	27	28	3.0513726864595396	0.26454463461608235	21.632428321438862
24000.0	27	29	1.2493172262978747	0.18163768617312068	21.732548367134225

24000.0	28	0	0.1147340528006324	0.11430285182215409	23.66381645883905
24000.0	28	1	1.387775894348111	0.3002795416254701	22.01180707153672
24000.0	28	2	2.6982131900043966	0.44609247711992106	21.631204778975277
24000.0	28	3	3.0249056588865635	0.5733227254173242	21.564483268703032
24000.0	28	4	3.216787999047732	0.6882786630447781	21.386955936036326
24000.0	28	5	3.5295781762974405	0.7924729704158019	21.11022180426129
24000.0	28	6	4.01653206024321	0.8872343825994964	20.776842697062534
24000.0	28	7	4.747400825832883	0.9668182877836862	20.398868842246237
24000.0	28	8	5.808693384486315	1.014340387550295	19.99034154186342
24000.0	28	9	7.231348478886945	1.0081678181100728	19.592275299999176
24000.0	28	10	8.878758686025776	0.9385684867777827	19.27129479593938
24000.0	28	11	10.388135597494593	0.8210985977247198	19.092578077525147
24000.0	28	12	11.320097670290433	0.689550561926067	19.086572380610384
24000.0	28	13	11.446439431844043	0.5738706115713671	19.237499611460112
24000.0	28	14	10.860044793070402	0.48689816378695955	19.498187452725393
24000.0	28	15	9.833016274182201	0.4272139793432005	19.81223933942155
24000.0	28	16	8.639883087793661	0.38709657058464164	20.12911505817045
24000.0	28	17	7.478501577872258	0.3580149466016305	20.410937895005972
24000.0	28	18	6.465755486008398	0.3333931400544686	20.634244333157028
24000.0	28	19	5.656894512439887	0.3098683876657691	20.789306479210158
24000.0	28	20	5.06609649867552	0.28737549133016477	20.878617117207785
24000.0	28	21	4.684568530707301	0.26810649495362004	20.914758489622525
24000.0	28	22	4.49470802624157	0.25482666231241524	20.917110009682485
24000.0	28	23	4.477334053949411	0.2492712667895288	20.907556780036938
24000.0	28	24	4.612036723926586	0.2510793646557435	20.905424513196913
24000.0	28	25	4.876464543121849	0.25735961198360124	20.917087211186402
24000.0	28	26	5.2064316799830435	0.2629094668076384	20.919378570524554
24000.0	28	27	5.057853872119762	0.26004745530447954	20.92323443889905
24000.0	28	28	2.486288692802159	0.22764266561002328	21.43979181281532
24000.0	28	29	0.1147340528006324	0.11430285182215409	23.66381645883905

24000.0	29	0	4.7849061965951546E-8	8.069215559039532E-7	4.6547262087063155
24000.0	29	1	0.1640342517163969	0.1797529235668578	23.548026754781958
24000.0	29	2	1.8637471167953337	0.29316471016317946	21.46608923725158
24000.0	29	3	2.272011692969095	0.3881398641796124	21.4145589976888
24000.0	29	4	2.0669763260834464	0.49332211806204734	21.46404133930324
24000.0	29	5	1.9460013936909593	0.6165399376942235	21.35385102679174
24000.0	29	6	1.9969151470349455	0.7629779739545431	21.130028419132266
24000.0	29	7	2.2712590034726317	0.9277865388444909	20.818952264625068
24000.0	29	8	2.871948314534638	1.084599289186258	20.428488097612004
24000.0	29	9	3.9371215540484874	1.1856560597773846	19.98967925221839
24000.0	29	10	5.533233281682812	1.1857909673907367	19.579054137717844
24000.0	29	11	7.44448194515649	1.0808146047333766	19.297793313222154
24000.0	29	12	9.106892672626397	0.9179505653461362	19.214625173841704
24000.0	29	13	9.970124503052123	0.7571343306290969	19.329526666282092
24000.0	29	14	9.90614116437603	0.6313966133756429	19.589457948498936
24000.0	29	15	9.165447417410766	0.5444896322643447	19.9246830689899
24000.0	29	16	8.09725269815896	0.4861856415817671	20.272637205020352
24000.0	29	17	6.978664048571849	0.44368284410916375	20.586293197824467
24000.0	29	18	5.981476437131712	0.4068512918630552	20.834793676168857
24000.0	29	19	5.191567071007435	0.3702780254600403	21.001951748064638
24000.0	29	20	4.636492872410164	0.33333225129364885	21.08471233799128
24000.0	29	21	4.311789833279145	0.2985810633700075	21.09084362858712
24000.0	29	22	4.20288311388688	0.26941986860209377	21.035676741056225
24000.0	29	23	4.300070901270887	0.24808945734077853	20.93810136657996
24000.0	29	24	4.611961489884275	0.23477616970286438	20.811881338081278
24000.0	29	25	5.184650577683145	0.22799308202152552	20.64141603845751
24000.0	29	26	5.951215332713165	0.2264187447839694	20.363882222050535
24000.0	29	27	5.061162987512234	0.22864175203335585	20.17376296137192
24000.0	29	28	0.37711654694920554	0.19232522087780046	22.251821659630085
24000.0	29	29	4.7849061965951546E-8	8.069215559039532E-7	4.6547262087063155

