26000.0	0	0	0.06657977191823047	4.573789986069306E-6	0.20493858355633238
26000.0	0	1	0.7921472348364004	0.5907198551894536	18.206598540657627
26000.0	0	2	1.7016612044528965	1.1136285916178739	21.402867576263276
26000.0	0	3	3.520278904887183	1.3701812846377293	19.978979021681056
26000.0	0	4	5.501950862286414	1.4481518901384232	18.91049851637801
26000.0	0	5	6.806437379058739	1.462158318549434	18.264864395436373
26000.0	0	6	8.0869676904206	1.4072899923319788	17.802975672043743
26000.0	0	7	9.882064436040428	1.2406689140424005	17.487367272430273
26000.0	0	8	11.97507889148105	0.9773207461006364	17.37350122309335
26000.0	0	9	13.511104640918543	0.6997186226376442	17.4893719437955
26000.0	0	10	13.804005466946826	0.4780889026226178	17.78948301245776
26000.0	0	11	12.96043180276622	0.32593739704293934	18.185063957877997
26000.0	0	12	11.559826984530057	0.2260586105349448	18.58389788904241
26000.0	0	13	10.127073346124263	0.15896835237834006	18.901594439480636
26000.0	0	14	8.946624808541939	0.11189556334082748	19.073812458606977
26000.0	0	15	8.099262890367761	0.07816897243890265	19.078679482449203
26000.0	0	16	7.540223625360246	0.05451288413010078	18.942752980320925
26000.0	0	17	7.16673630553079	0.038929107700751496	18.72981463365675
26000.0	0	18	6.870929401094359	0.029780645401479316	18.52284614909589
26000.0	0	19	6.576752969105042	0.025740442619367053	18.402554778343603
26000.0	0	20	6.257215023824384	0.026007221507064	18.42560887939101
26000.0	0	21	5.937152929239968	0.030393405191415666	18.606396410896757
26000.0	0	22	5.693729682039638	0.03913425668921294	18.90435347550883
26000.0	0	23	5.6527123805117325	0.05243365809566588	19.223196739525793
26000.0	0	24	5.9353073477332865	0.07007132599570018	19.44350245687938
26000.0	0	25	6.395610229803116	0.09158034937687583	19.536641903550592
26000.0	0	26	6.157053878394674	0.11515150684156926	19.802989104371814
26000.0	0	27	4.66076191995137	0.12682663366508437	20.716708695616465
26000.0	0	28	2.005591064204792	0.0910906123217005	18.367927451961307
26000.0	0	29	0.06657977191823047	4.573789986069306E-6	0.20493858355633238

26000.0	1	0	1.0908761643540443	0.4078813986722044	18.820024820689046
26000.0	1	1	2.042183859766517	0.8147118751094758	22.12131258067728
26000.0	1	2	3.5045972736909503	1.097437616649449	21.067984354398323
26000.0	1	3	5.631780547042464	1.2148357335341258	19.97568494471628
26000.0	1	4	7.214597329458092	1.2449019663604983	19.37597524790685
26000.0	1	5	8.20518334223291	1.2355671721349741	19.0295613620347
26000.0	1	6	9.252428781094036	1.1710370182404595	18.78761269840967
26000.0	1	7	10.571033587013497	1.0303373736079473	18.63810966186087
26000.0	1	8	11.839513085298316	0.8308129704901192	18.612126942578207
26000.0	1	9	12.488075444359765	0.6234096949682986	18.715321871590316
26000.0	1	10	12.219220250086027	0.4500503604264138	18.905865219415706
26000.0	1	11	11.235194072265513	0.3213197850513704	19.117123230331746
26000.0	1	12	9.977500736687956	0.22910981825866866	19.28917418518306
26000.0	1	13	8.810593114395108	0.16256779240607688	19.381690249301073
26000.0	1	14	7.908607065469789	0.11413375100089301	19.374513957835617
26000.0	1	15	7.288376634266805	0.07945791983397248	19.27067041389087
26000.0	1	16	6.880691872195421	0.055819024929449394	19.101716033627
26000.0	1	17	6.590313699452173	0.04107188264234547	18.926034778426242
26000.0	1	18	6.335812415780157	0.03343737463186855	18.814261911061873
26000.0	1	19	6.067561971059335	0.03173064627759621	18.82495702225984
26000.0	1	20	5.77019395547881	0.035579707374156104	18.982003060686758
26000.0	1	21	5.466223585248199	0.04538511078504713	19.265070031294997
26000.0	1	22	5.224181400306309	0.061912369982026476	19.613717096340654
26000.0	1	23	5.156444610819566	0.08560269894374561	19.939014124698986
26000.0	1	24	5.385699960280201	0.11624766146415957	20.146989759182834
26000.0	1	25	5.900460085006419	0.15435471776977244	20.202330629724127
26000.0	1	26	6.1466092342240835	0.20433164628583517	20.269739396247854
26000.0	1	27	5.127553509946339	0.2724285531063151	20.798419618930843
26000.0	1	28	3.138607692631207	0.34930597017010356	21.65373397502173
26000.0	1	29	1.0908761643540443	0.4078813986722044	18.820024820689046

26000.0	2	0	2.605253911184712	0.7090201970356061	21.572654151588406
26000.0	2	1	3.951696404250033	0.907644205040902	21.13556854292437
26000.0	2	2	5.743061062211945	1.0287723662586543	20.361491106959775
26000.0	2	3	7.277547418976891	1.077227034446438	19.85636863919204
26000.0	2	4	8.139182875154953	1.087706645471449	19.586883089921997
26000.0	2	5	8.738655162283555	1.0658582933146337	19.42374410990912
26000.0	2	6	9.409612806586049	0.9983606621626282	19.32269662640907
26000.0	2	7	10.132412458688508	0.8802219543069613	19.290674640164053
26000.0	2	8	10.643656074829403	0.727588764660295	19.337586948990758
26000.0	2	9	10.664027312249788	0.5699187130460537	19.449066634680815
26000.0	2	10	10.135781207229938	0.430712184127615	19.58289347700708
26000.0	2	11	9.256633087882232	0.31821058603684155	19.68716263366121
26000.0	2	12	8.31066342744886	0.23067028243912024	19.72316235894204
26000.0	2	13	7.505098836773669	0.1638723691098653	19.67615510869903
26000.0	2	14	6.9193880884623145	0.11429932946997015	19.553100122059828
26000.0	2	15	6.532246325702264	0.07921005672971307	19.378383012109982
26000.0	2	16	6.2707421977873405	0.0560847137716642	19.19421239108005
26000.0	2	17	6.054730226365526	0.04254670071640881	19.058326278290224
26000.0	2	18	5.825964150886467	0.03672402872942986	19.02934774226841
26000.0	2	19	5.556994161445331	0.037659146067147715	19.14300389047067
26000.0	2	20	5.2497894238835485	0.04549175489177644	19.394650560915178
26000.0	2	21	4.937886897789374	0.06128129660502228	19.739914749008754
26000.0	2	22	4.687612737576371	0.08638515829666335	20.109096095009317
26000.0	2	23	4.5894519759351144	0.12152814761937696	20.423095757152645
26000.0	2	24	4.739356030034008	0.1663648153185486	20.608872933649987
26000.0	2	25	5.180583466099327	0.22112810137173272	20.6297707705383
26000.0	2	26	5.700833764920055	0.291347458490025	20.551701256933747
26000.0	2	27	5.564698463345878	0.39164274594386206	20.614039473330884
26000.0	2	28	4.280168256625194	0.5350335103544533	21.069366291601273
26000.0	2	29	2.605253911184712	0.7090201970356061	21.572654151588406

26000.0	3	0	4.554675171282377	0.814444607283289	20.460775518343034
26000.0	3	1	5.905274321781098	0.90330242888616	20.310033391181094
26000.0	3	2	7.072974280784616	0.96163603217441	20.053534661501125
26000.0	3	3	7.820686721591074	0.989753516643805	19.871244612677543
26000.0	3	4	8.272441702787999	0.9908141451110837	19.75861067482499
26000.0	3	5	8.652965277676717	0.9592250128666409	19.69466328935269
26000.0	3	6	9.025396473211972	0.8896567693708722	19.682798499268
26000.0	3	7	9.293864542513452	0.7858249257587295	19.729178831284695
26000.0	3	8	9.305826383431658	0.6611862756483604	19.825033865270328
26000.0	3	9	8.977079217471418	0.5328412061170962	19.941145626664355
26000.0	3	10	8.36730686636484	0.41403903731118297	20.033934321648196
26000.0	3	11	7.64379655529882	0.3113458304686918	20.061146783978685
26000.0	3	12	6.978272749401081	0.2267263755763388	19.99892503837439
26000.0	3	13	6.472019857241346	0.16017867064033856	19.850301431888706
26000.0	3	14	6.141896283090866	0.11070244379667676	19.64202072171993
26000.0	3	15	5.942728378395734	0.07636698334826726	19.416653980182208
26000.0	3	16	5.8011580804868705	0.05457611953898488	19.227516329804587
26000.0	3	17	5.648955503431454	0.042741107576769126	19.13216147115384
26000.0	3	18	5.444033167391252	0.03901728806421312	19.17615016644866
26000.0	3	19	5.174636292679223	0.042787404156444074	19.372368706722387
26000.0	3	20	4.8580790795421995	0.05477782205370924	19.69230822840334
26000.0	3	21	4.539965636989331	0.07674755574405166	20.076225520653374
26000.0	3	22	4.2860655072125615	0.11067225867052483	20.451993436951295
26000.0	3	23	4.168116370340782	0.15758413001751262	20.750165416400105
26000.0	3	24	4.253076781378374	0.2168799678186632	20.914140196757256
26000.0	3	25	4.585450019312249	0.28754927386510987	20.913898176535792
26000.0	3	26	5.115787689589862	0.37220747709713686	20.771393153096927
26000.0	3	27	5.547402480371357	0.4814387712413991	20.586326459447708
26000.0	3	28	5.3800024278926015	0.6296108594761876	20.491706108188126
26000.0	3	29	4.554675171282377	0.814444607283289	20.460775518343034

26000.0	4	0	5.689558543015461	0.8422538121066552	19.94782124083703
26000.0	4	1	6.53553571048561	0.8961782260586275	20.058596847040334
26000.0	4	2	7.1497405117511885	0.9358166368048668	20.018930046112523
26000.0	4	3	7.582393725412597	0.9537538510478664	19.957630355232784
26000.0	4	4	7.90822851903152	0.9443730622036498	19.917929876769076
26000.0	4	5	8.16415403258948	0.9031969585498892	19.917935790191564
26000.0	4	6	8.31343442352478	0.8306832905771209	19.968607078616838
26000.0	4	7	8.280964961248486	0.7335229337339736	20.066380564969283
26000.0	4	8	8.017071017467087	0.6222385454877623	20.189096495762882
26000.0	4	9	7.54721401249588	0.5075780699892048	20.299139836332493
26000.0	4	10	6.972556984774558	0.3981485451482445	20.352996720648633
26000.0	4	11	6.4209281424800775	0.3000046453770618	20.31539017611521
26000.0	4	12	5.9894592034683	0.21715182635692012	20.173249774337446
26000.0	4	13	5.716207965411349	0.1516976225115008	19.94282881021353
26000.0	4	14	5.582208651342624	0.1036597160050984	19.66626128989201
26000.0	4	15	5.528998848060353	0.07117693144692328	19.401507974988153
26000.0	4	16	5.4840265299394435	0.051382286170222814	19.21219909948953
26000.0	4	17	5.387311286766267	0.04153787884626009	19.155560571941812
26000.0	4	18	5.206592150194708	0.039935420930617596	19.26391328594965
26000.0	4	19	4.940072845357772	0.04635909296791904	19.52864794000979
26000.0	4	20	4.617380651150018	0.062119643864471	19.901678354885103
26000.0	4	21	4.295112859832732	0.08962935114910744	20.31343081550041
26000.0	4	22	4.040061852631671	0.1314351354697411	20.692458672005653
26000.0	4	23	3.9115523176529705	0.18888415507958356	20.977505470831105
26000.0	4	24	3.9548746352994453	0.2611838573383281	21.12423124843073
26000.0	4	25	4.198928283658835	0.34605691171396874	21.111713517659854
26000.0	4	26	4.636408015697269	0.4425758190429453	20.950147156172537
26000.0	4	27	5.1712884549183356	0.5543624410380505	20.682981154247624
26000.0	4	28	5.589619242298589	0.6879809167771664	20.357284608995872
26000.0	4	29	5.689558543015461	0.8422538121066552	19.94782124083703

26000.0	5	0	5.745157444067448	0.8733762187761572	19.86498561779293
26000.0	5	1	6.324392116640953	0.912957418325697	20.038885072863536
26000.0	5	2	6.756979493766096	0.9409672123538086	20.060289161011475
26000.0	5	3	7.0987029823569845	0.9479798633224155	20.04845785181216
26000.0	5	4	7.351094098017399	0.9279207446932657	20.057160029048266
26000.0	5	5	7.48654260018191	0.8786684601779055	20.107690122284712
26000.0	5	6	7.4616266955667765	0.8029575392574292	20.204291222493026
26000.0	5	7	7.248153702121957	0.7074081542103752	20.333619687042663
26000.0	5	8	6.864792405540359	0.6002422189671983	20.465787686171744
26000.0	5	9	6.383955787939611	0.4895058455506713	20.560118346968345
26000.0	5	10	5.906537123415031	0.382500337558967	20.575211218700947
26000.0	5	11	5.522412145029801	0.28567304885261774	20.481743154975725
26000.0	5	12	5.282236728097433	0.20407456790256384	20.27446428701316
26000.0	5	13	5.189684196059562	0.14044609347547465	19.97848443162094
26000.0	5	14	5.207125645810132	0.09475535127703219	19.646548558642
26000.0	5	15	5.2691594917839515	0.06473649181372085	19.34875166092939
26000.0	5	16	5.304441993095302	0.04717710877934459	19.158369488080872
26000.0	5	17	5.25832557439432	0.03925893157262211	19.133307683979982
26000.0	5	18	5.103330857927736	0.039459625552932934	19.294371005444862
26000.0	5	19	4.842835456450584	0.04793824876499164	19.614283155748232
26000.0	5	20	4.515910474509775	0.06649076966308012	20.029385892570186
26000.0	5	21	4.189142063950737	0.09804535725884803	20.46380942111358
26000.0	5	22	3.932171696687406	0.1456076152458881	20.84791612351136
26000.0	5	23	3.797905066196592	0.21083871448792102	21.126718016514214
26000.0	5	24	3.8186401765679725	0.29296748906079106	21.26407133161263
26000.0	5	25	4.00936680798767	0.38902194668362405	21.246066486559815
26000.0	5	26	4.364805717868885	0.4957641593425923	21.08209052393233
26000.0	5	27	4.844299458703549	0.6120178298075631	20.79832390343229
26000.0	5	28	5.355585514007194	0.7384502148586682	20.40850307274184
26000.0	5	29	5.745157444067448	0.8733762187761572	19.86498561779293

26000.0	6	0	5.600490050886097	0.905732702729442	19.908654413291504
26000.0	6	1	6.04548982000873	0.9345187729943758	20.07648948967386
26000.0	6	2	6.378474480958308	0.9523338528179826	20.11660186670442
26000.0	6	3	6.627004721070508	0.9500555583102959	20.138104536775206
26000.0	6	4	6.767492309569194	0.9223582298394991	20.187723694807367
26000.0	6	5	6.76778353204295	0.8680163447805807	20.279049436675454
26000.0	6	6	6.607590484194999	0.7898010061942237	20.407586023867147
26000.0	6	7	6.298011229408365	0.6933372419562798	20.552902180038906
26000.0	6	8	5.890821121026133	0.5856257645106532	20.681488797920494
26000.0	6	9	5.466637151898622	0.47416680265306255	20.753012737464502
26000.0	6	10	5.10789500926174	0.3665946206483756	20.729856681221335
26000.0	6	11	4.873740622145846	0.27003368838168645	20.588410483828216
26000.0	6	12	4.787894005440264	0.18987878419240287	20.329067393906236
26000.0	6	13	4.837170901277016	0.12863717609232117	19.98165473928549
26000.0	6	14	4.975013963954208	0.08569626438502802	19.604304597248078
26000.0	6	15	5.132188324015959	0.05823682679517108	19.275198432654747
26000.0	6	16	5.238236675409097	0.04274837671954721	19.076426468726417
26000.0	6	17	5.241819760910073	0.036393841227064905	19.068864133161718
26000.0	6	18	5.116663060279468	0.037823297275031816	19.265696826750755
26000.0	6	19	4.8670561007194975	0.04746653527469001	19.62523953962288
26000.0	6	20	4.538227269781246	0.06743096425160247	20.07197653620287
26000.0	6	21	4.205651475285705	0.10096317494810103	20.52597289568808
26000.0	6	22	3.9437101057371207	0.15137902019841004	20.919587629644493
26000.0	6	23	3.803906350300572	0.22064479024753908	21.20217419711245
26000.0	6	24	3.81281069216338	0.30824651151711085	21.342030254934787
26000.0	6	25	3.9777912787632315	0.411173625807158	21.328401985633157
26000.0	6	26	4.289244186623533	0.5252993848517794	21.1707661259784
26000.0	6	27	4.716865326121685	0.647205675949443	20.890496607841285
26000.0	6	28	5.200007632764051	0.7746959774348726	20.490884943416205
26000.0	6	29	5.600490050886097	0.905732702729442	19.908654413291504

26000.0	7	0	5.613718277568875	0.9172302950931087	19.98136297556208
26000.0	7	1	5.919131840678138	0.9393297518573178	20.137481436444435
26000.0	7	2	6.120370135009643	0.9513368368362427	20.19165876568828
26000.0	7	3	6.229393452967034	0.9447121076473327	20.242309668177803
26000.0	7	4	6.224188943089363	0.9142463195744724	20.32565584810533
26000.0	7	5	6.0889609983088615	0.8583561147442897	20.44677627224463
26000.0	7	6	5.829214056479054	0.7790288336084262	20.594167527263263
26000.0	7	7	5.479201502280845	0.6811426222949988	20.742958169967128
26000.0	7	8	5.098647969874016	0.5715652777067368	20.858551550575406
26000.0	7	9	4.757057246910724	0.4583970415294135	20.90288782444404
26000.0	7	10	4.5142052791332965	0.3501285198982372	20.843150899054244
26000.0	7	11	4.407020529343341	0.25436015410175855	20.66124007787253
26000.0	7	12	4.444771523356252	0.17630714342502268	20.361441141464354
26000.0	7	13	4.607343691510843	0.1178439717343926	19.974744380466287
26000.0	7	14	4.844633023505959	0.07767172560049244	19.559608058229333
26000.0	7	15	5.084874727575237	0.052512104407645734	19.197516691027495
26000.0	7	16	5.257517630231218	0.03868242632436257	18.977765471521916
26000.0	7	17	5.313271291888855	0.03337545233594094	18.967219157034823
26000.0	7	18	5.225186703431018	0.035356944447730666	19.17742551920063
26000.0	7	19	4.994518689477394	0.045179422245819584	19.558000159897016
26000.0	7	20	4.668161746230013	0.06505342708851795	20.024977640057767
26000.0	7	21	4.328626310388128	0.09832566081051666	20.495496782131973
26000.0	7	22	4.056773976241122	0.14846516029355167	20.90356691743177
26000.0	7	23	3.9069149519817525	0.21772298373568755	21.20130677892628
26000.0	7	24	3.9054467008241365	0.3060259349034162	21.358503782079787
26000.0	7	25	4.057992141802497	0.4108055078787048	21.363816698991897
26000.0	7	26	4.353319115844037	0.5280018679111355	21.22440218725529
26000.0	7	27	4.762456416164972	0.6535373691030723	20.958705051808494
26000.0	7	28	5.230054450900617	0.7840869259688515	20.56728036991531
26000.0	7	29	5.613718277568875	0.9172302950931087	19.98136297556208

26000.0	8	0	5.767065062990391	0.8946554306849198	20.0788385184756
26000.0	8	1	5.908505307004754	0.9164812528561136	20.230590136951086
26000.0	8	2	5.9480093894329205	0.9291173067927522	20.299070753074822
26000.0	8	3	5.894737530344071	0.9242036180429752	20.373119081784854
26000.0	8	4	5.7390068110877	0.8959668021449968	20.480156175793287
26000.0	8	5	5.485171859895639	0.841931178675441	20.618801532321267
26000.0	8	6	5.158142852176392	0.7633550719707091	20.772817748047153
26000.0	8	7	4.801363138861597	0.6650184916970796	20.914939820389076
26000.0	8	8	4.46860848678317	0.5544496862518584	21.01108754567824
26000.0	8	9	4.211772490211513	0.44077926578011933	21.026555260633298
26000.0	8	10	4.0704107493395085	0.3332555898615787	20.933691884343194
26000.0	8	11	4.066529096642416	0.23955876220288505	20.719326076439778
26000.0	8	12	4.202340892097438	0.16438848384100935	20.39002716841212
26000.0	8	13	4.456297240512749	0.10890817026673724	19.975145669769
26000.0	8	14	4.778146045134171	0.07127769202938447	19.529127400923187
26000.0	8	15	5.094352014220512	0.0479753980839273	19.131579248465478
26000.0	8	16	5.332665158680025	0.03529860475140483	18.87603012879989
26000.0	8	17	5.4447615923533315	0.030504876065588774	18.837937164077324
26000.0	8	18	5.403037425799442	0.03240202794252777	19.03467755358467
26000.0	8	19	5.202718920504916	0.04151075466089753	19.414558275626042
26000.0	8	20	4.886363077893174	0.05994074258798684	19.88867599617759
26000.0	8	21	4.539956747814416	0.09093062797931208	20.37143006829416
26000.0	8	22	4.251886635010598	0.13795049119622196	20.797555363258212
26000.0	8	23	4.08281639382501	0.2034962958058711	21.12074241220991
26000.0	8	24	4.063161557199972	0.2880415728612472	21.31045420974871
26000.0	8	25	4.2012119287863685	0.3897334151884081	21.352170859730236
26000.0	8	26	4.488098100874678	0.5050622489816777	21.24805028317761
26000.0	8	27	4.897196247784954	0.6300060456087762	21.012088548856223
26000.0	8	28	5.373719138400372	0.7608239687643034	20.643855140038923
26000.0	8	29	5.767065062990391	0.8946554306849198	20.0788385184756

26000.0	9	0	5.931350219229669	0.8381233488266315	20.21855522201488
26000.0	9	1	5.910604526367361	0.8656842248098088	20.367234023810806
26000.0	9	2	5.792697805607821	0.8846965570371492	20.446057694740194
26000.0	9	3	5.589187017202557	0.8865552414507266	20.534132083689244
26000.0	9	4	5.304674956837885	0.8645605124661909	20.65263784326552
26000.0	9	5	4.9610071642585645	0.8152803405220919	20.796124823477317
26000.0	9	6	4.595154694738387	0.7395914007797266	20.94559815720214
26000.0	9	7	4.250996317251657	0.6427317615592923	21.072947877956558
26000.0	9	8	3.9710213164550883	0.5332659749093502	21.145724531790044
26000.0	9	9	3.7899893771652162	0.4213141359138262	21.133140474385964
26000.0	9	10	3.731871604150714	0.3165255467152294	21.012502837610334
26000.0	9	11	3.8091441654614973	0.22629056629223276	20.774565349077434
26000.0	9	12	4.021112384358721	0.15464862391831996	20.426661757508178
26000.0	9	13	4.347901333026679	0.10216472065503605	19.994534951236805
26000.0	9	14	4.7418661359815335	0.06670830233822565	19.525459048681743
26000.0	9	15	5.128947928228331	0.04475690076301149	19.092223151726124
26000.0	9	16	5.433314872401823	0.03273190914892594	18.788016257996528
26000.0	9	17	5.605646945038596	0.027982738263643794	18.69747795171821
26000.0	9	18	5.619155252396638	0.029292997520073853	18.851288927995082
26000.0	9	19	5.462581004667726	0.037021183628840125	19.2056489514905
26000.0	9	20	5.167590359457024	0.05300611030376804	19.67140569203889
26000.0	9	21	4.81740663001627	0.08020024834972216	20.160013967526854
26000.0	9	22	4.5071805277178285	0.12193059579052438	20.60521841723442
26000.0	9	23	4.306647603852172	0.1808675439303996	20.96106930771981
26000.0	9	24	4.253445612567368	0.25805752744377963	21.195895146483632
26000.0	9	25	4.361432391121275	0.35249027154192536	21.290925822489278
26000.0	9	26	4.627001278833444	0.4614273315903159	21.241676871617095
26000.0	9	27	5.028657175832339	0.581189069298378	21.055801239769302
26000.0	9	28	5.514294411097388	0.7078654126544438	20.7319167441173
26000.0	9	29	5.931350219229669	0.8381233488266315	20.21855522201488

26000.0	10	0	5.974059009810716	0.7565681841617015	20.408512582103846
26000.0	10	1	5.828661033951033	0.7932258260387964	20.549368912046916
26000.0	10	2	5.591927377338158	0.8218588777190964	20.63104027726677
26000.0	10	3	5.277891897315688	0.833431034679726	20.721735385528127
26000.0	10	4	4.903787242372798	0.8202245070122465	20.838830160220176
26000.0	10	5	4.505016137779353	0.7779441732833455	20.975053387518155
26000.0	10	6	4.125319248423847	0.7073460743101205	21.110333217886
26000.0	10	7	3.8051165302151615	0.6143590732608557	21.216927276993133
26000.0	10	8	3.5755149572139606	0.5085640540262857	21.264773983264156
26000.0	10	9	3.4576284417123726	0.40076855680253515	21.22713369423219
26000.0	10	10	3.464550131944177	0.30063289543427907	21.085614097523937
26000.0	10	11	3.602943948115587	0.21501698524414534	20.83363534999314
26000.0	10	12	3.8714170867396662	0.14731001558865756	20.47796963220965
26000.0	10	13	4.253504339820274	0.0976794989168614	20.039642907316573
26000.0	10	14	4.706684243408595	0.06396633506132593	19.55708300701879
26000.0	10	15	5.158790475982503	0.04286355487513387	19.092447667175783
26000.0	10	16	5.529310712840979	0.031039007654241876	18.732952585779277
26000.0	10	17	5.764264646845701	0.025962377322198627	18.569654042912585
26000.0	10	18	5.838618607557352	0.02635194932662604	18.651542225587228
26000.0	10	19	5.738009039416407	0.03231760791032855	18.952855841177872
26000.0	10	20	5.479076778081141	0.04530967707813261	19.391378692624016
26000.0	10	21	5.133498139904648	0.06785843509100441	19.876418875961004
26000.0	10	22	4.799021395578496	0.10301264853719222	20.338394811638576
26000.0	10	23	4.555571454335018	0.15350717924586646	20.729882778836068
26000.0	10	24	4.450473107213722	0.22090457490026683	21.017640279333442
26000.0	10	25	4.504910703123964	0.30506296916248493	21.17886684288276
26000.0	10	26	4.721674120057647	0.40414018251396766	21.20229440639713
26000.0	10	27	5.085774245452813	0.5149991569904316	21.08831994256209
26000.0	10	28	5.550929645750587	0.6337411212898327	20.834585408493556
26000.0	10	29	5.974059009810716	0.7565681841617015	20.408512582103846

26000.0	11	0	5.823251623183964	0.6608634632764177	20.63543095834769
26000.0	11	1	5.612802394623795	0.7071316374362431	20.76534364065255
26000.0	11	2	5.313321094267797	0.7460269067554923	20.842948132335582
26000.0	11	3	4.940848258221924	0.7681664428868175	20.925826451046298
26000.0	11	4	4.522429558067722	0.7649244613632576	21.030084131032563
26000.0	11	5	4.103258278407968	0.7312536056944916	21.14886150827784
26000.0	11	6	3.730715179575563	0.6678387300996924	21.262612679507107
26000.0	11	7	3.4411133555084135	0.5811894895096703	21.344984629343543
26000.0	11	8	3.2566185900567346	0.4815958576525251	21.3687319977469
26000.0	11	9	3.1889129915688166	0.3801520124016822	21.310885999654957
26000.0	11	10	3.2441572257241105	0.2862186086913323	21.156388502512755
26000.0	11	11	3.425656630830246	0.20602825227649174	20.90002935222959
26000.0	11	12	3.7323697894912975	0.14242911033632513	20.5469998159005
26000.0	11	13	4.1519876049049795	0.09540864996289194	20.113273464759736
26000.0	11	14	4.649126293961742	0.0630012461547382	19.62826762657277
26000.0	11	15	5.157068704833531	0.04228310070133628	19.141648845083946
26000.0	11	16	5.591888810856181	0.0302667975593852	18.72943621911306
26000.0	11	17	5.890488048172821	0.024578886509567053	18.483023161521352
26000.0	11	18	6.0269687382450785	0.023864501475472005	18.469606696376893
26000.0	11	19	5.9894164394351925	0.02794942608592713	18.68983802813909
26000.0	11	20	5.781598877006829	0.03783719911593867	19.07829158386743
26000.0	11	21	5.455398546283644	0.05554905465401282	19.545913001564728
26000.0	11	22	5.102643710065229	0.08373522239891887	20.018022935134333
26000.0	11	23	4.811346403594824	0.12504785196988397	20.44306773475897
26000.0	11	24	4.639963464859599	0.18142224551210367	20.78534125821737
26000.0	11	25	4.618262555448846	0.25350746993822915	21.018802560900834
26000.0	11	26	4.755384862936945	0.3404173204039296	21.126623396034375
26000.0	11	27	5.042254576008939	0.4397749890173845	21.102526113206068
26000.0	11	28	5.439705365027312	0.5479707904541906	20.94332041069493
26000.0	11	29	5.823251623183964	0.6608634632764177	20.63543095834769

26000.0	12	0	5.49836166878729	0.5592693938300595	20.865283184752276
26000.0	12	1	5.277934888437124	0.6139933390542962	20.988874085930576
26000.0	12	2	4.966234403747989	0.6622192797423174	21.06060707242147
26000.0	12	3	4.582235581814238	0.6944797271023195	21.12969993997692
26000.0	12	4	4.159246089985668	0.7014906792163604	21.21371139034346
26000.0	12	5	3.748263128980179	0.6775615258039459	21.308519946030117
26000.0	12	6	3.3982135882723736	0.6231853951579367	21.396795705834922
26000.0	12	7	3.1420792991951054	0.5451098605294651	21.454528422866876
26000.0	12	8	2.9961456683065344	0.4538840435892069	21.457457021098744
26000.0	12	9	2.96638982110456	0.3605036674433945	21.385796476900268
26000.0	12	10	3.0549620910459914	0.27383884240327505	21.2267201400758
26000.0	12	11	3.263327304847124	0.19951652819120358	20.97523504882478
26000.0	12	12	3.5911216729184336	0.14000119032311611	20.634292765604552
26000.0	12	13	4.030115294764064	0.0952920970567914	20.215056730117645
26000.0	12	14	4.553071679956914	0.06377784252525323	19.738955140130543
26000.0	12	15	5.102455779867138	0.04303031149719777	19.243550167037903
26000.0	12	16	5.595390248005003	0.03048008085495635	18.790637711296604
26000.0	12	17	5.957678052474271	0.023955035678021524	18.46462157019454
26000.0	12	18	6.155575120763596	0.02205043514453455	18.34480177567423
26000.0	12	19	6.181675455046117	0.02431842515530233	18.46090360041204
26000.0	12	20	6.035497820637888	0.0313129339052885	18.774188875612655
26000.0	12	21	5.7472743086245845	0.0445117478853926	19.204992389660394
26000.0	12	22	5.39232562133226	0.06607454052670861	19.674511848069475
26000.0	12	23	5.059878936291159	0.09840711865880393	20.124572636130726
26000.0	12	24	4.818658690048466	0.1436026672600052	20.5153374399981
26000.0	12	25	4.708012850605651	0.20290749412125414	20.81804141394071
26000.0	12	26	4.743456214514519	0.27632930449516835	21.012204094984423
26000.0	12	27	4.920595042670191	0.362401739610158	21.08670799450303
26000.0	12	28	5.206668181065842	0.45811967756090444	21.03764223182715
26000.0	12	29	5.49836166878729	0.5592693938300595	20.865283184752276

26000.0	13	0	5.091040898436881	0.4571074453992246	21.049930408095083
26000.0	13	1	4.890642831430945	0.5186021128350153	21.182087819966362
26000.0	13	2	4.5949705514064965	0.5747002079870669	21.254548611606175
26000.0	13	3	4.228355721533591	0.6161605757387263	21.311200320680996
26000.0	13	4	3.826416822758393	0.6333281818704752	21.373834112076317
26000.0	13	5	3.441464967978855	0.6199571174754611	21.44344034269423
26000.0	13	6	3.1219079256494857	0.5761377598226795	21.506677584693673
26000.0	13	7	2.8981958565611743	0.5084203655935405	21.54281165720949
26000.0	13	8	2.7832335120788776	0.42715306990420987	21.530582498709528
26000.0	13	9	2.7799735368447154	0.34293392123766053	21.452665245842464
26000.0	13	10	2.8884435175056473	0.2640727848216362	21.297418407260885
26000.0	13	11	3.109087801919539	0.19569624966189947	21.059192532252013
26000.0	13	12	3.4421067450380414	0.14005599065741056	20.738403538734914
26000.0	13	13	3.882663357838724	0.09731215575720566	20.34199140052382
26000.0	13	14	4.411415787291751	0.06630409192034716	19.88504037538535
26000.0	13	15	4.982487916618758	0.045157237816766775	19.395141530452406
26000.0	13	16	5.520417708917406	0.031764938943091625	18.91998272306276
26000.0	13	17	5.943603414505704	0.02420091633739677	18.53154101105378
26000.0	13	18	6.203633045400377	0.021054514161843015	18.311443967977546
26000.0	13	19	6.291568130925006	0.02164749855720361	18.31307771231057
26000.0	13	20	6.210533650933356	0.026124231032989068	18.52930322329389
26000.0	13	21	5.9766004123928855	0.035434733707545976	18.89942049823329
26000.0	13	22	5.6424545374073345	0.051200826230839894	19.345892395283748
26000.0	13	23	5.288260949943488	0.07543822971831153	19.803874714731972
26000.0	13	24	4.988236750250911	0.11015669306566878	20.2278750682274
26000.0	13	25	4.791122567188889	0.15691511075827577	20.58629177083142
26000.0	13	26	4.719462133258714	0.2163972230695535	20.856641866318974
26000.0	13	27	4.773279503529672	0.28801506719879	21.02515124742
26000.0	13	28	4.9252459417978605	0.3695651890991443	21.087182608374814
26000.0	13	29	5.091040898436881	0.4571074453992246	21.049930408095083

26000.0	14	0	4.712849691411129	0.35886172354463075	21.13764738530578
26000.0	14	1	4.534461206168196	0.4253129476081596	21.30399869429884
26000.0	14	2	4.25732213581966	0.4877375835833157	21.39312467506474
26000.0	14	3	3.915511533472733	0.5373967814985786	21.44686629703233
26000.0	14	4	3.5434971686392633	0.5644822446900525	21.49411352894516
26000.0	14	5	3.190367625675519	0.5622134042618941	21.54324266829338
26000.0	14	6	2.9017006907225884	0.530023378522498	21.58658528248887
26000.0	14	7	2.7055941646416617	0.47383760403632136	21.60753865665714
26000.0	14	8	2.613036853855473	0.4034157536744795	21.587796872681782
26000.0	14	9	2.6254945682388726	0.32877106381650045	21.51181393307221
26000.0	14	10	2.741869289835637	0.2576849987430521	21.3683096906364
26000.0	14	11	2.9619085258457627	0.19494223239997308	21.150461802848973
26000.0	14	12	3.2860458534891235	0.14275060246696358	20.856190918936463
26000.0	14	13	3.711856197046732	0.10154014655607549	20.488961298873395
26000.0	14	14	4.226620898988182	0.07064324457105055	20.059235906920822
26000.0	14	15	4.796462947186628	0.04874744545293035	19.587481827156985
26000.0	14	16	5.358684559188883	0.03422056566471166	19.109936792489286
26000.0	14	17	5.832886591635057	0.02541427761803517	18.68459878341291
26000.0	14	18	6.156002736825691	0.020961488482094264	18.38642089701564
26000.0	14	19	6.3071492344929325	0.02001312074153167	18.280897064291693
26000.0	14	20	6.291412374713055	0.022369378995621005	18.38873552561651
26000.0	14	21	6.1212713560404115	0.028507659071537673	18.674628484247325
26000.0	14	22	5.830347869685501	0.039518271548940234	19.07096158533392
26000.0	14	23	5.4819113924868885	0.0569391816604066	19.510541312354178
26000.0	14	24	5.147574631740994	0.08249091639833107	19.942711621321674
26000.0	14	25	4.882525456738644	0.11774192439713323	20.33280576933157
26000.0	14	26	4.716652373785574	0.16372863244128513	20.65710866108076
26000.0	14	27	4.655323694182213	0.22051468167122176	20.90069773814765
26000.0	14	28	4.676837614997051	0.28668415293255034	21.05806520334899
26000.0	14	29	4.712849691411129	0.35886172354463075	21.13764738530578

26000.0	15	0	4.448377478451894	0.26961224982070403	21.088427097562384
26000.0	15	1	4.276352485577564	0.3390364503534576	21.32335404312436
26000.0	15	2	4.001737036249019	0.4061557762262956	21.452116885279324
26000.0	15	3	3.6756204695710086	0.4629543326622023	21.51869711405585
26000.0	15	4	3.3290097802455563	0.49957408048228585	21.562282727970228
26000.0	15	5	3.003810286005238	0.5086275996519108	21.600618611398268
26000.0	15	6	2.7404825096875007	0.4886127303825359	21.633039252150848
26000.0	15	7	2.5643751154932586	0.4444532055503831	21.6477115628474
26000.0	15	8	2.485096951262505	0.3850288836364994	21.62919968881458
26000.0	15	9	2.5032555220838706	0.31968072723319196	21.563210691754694
26000.0	15	10	2.616988830746393	0.25576446899138655	21.43831111748519
26000.0	15	11	2.8253719964045123	0.19791268865410203	21.24635050370032
26000.0	15	12	3.1287040377233235	0.1484569225565579	20.983073081560864
26000.0	15	13	3.526017499149735	0.1081837805504183	20.649267116025538
26000.0	15	14	4.009520139150608	0.07692737196756845	20.252242766873803
26000.0	15	15	4.555807800232648	0.05390831111053014	19.807934884757262
26000.0	15	16	5.1170582168859235	0.037945935076033464	19.34470417916593
26000.0	15	17	5.622854114313108	0.0276773118028449	18.908420541091605
26000.0	15	18	6.003556527905763	0.021817348811882447	18.56247327608962
26000.0	15	19	6.221219278388124	0.01940537392723938	18.37219043379096
26000.0	15	20	6.272985145335254	0.01997041546834766	18.375181944609583
26000.0	15	21	6.171037171885568	0.02359438097068488	18.560866597528374
26000.0	15	22	5.939380492314912	0.030889389117270603	18.87925147013278
26000.0	15	23	5.624435117502955	0.04290113881486117	19.26856808277016
26000.0	15	24	5.287993109626623	0.06094011859678773	19.67665117810222
26000.0	15	25	4.985994687188753	0.0863471129960036	20.066505396530808
26000.0	15	26	4.754057430761886	0.1201912294762622	20.41332619926944
26000.0	15	27	4.603679078528721	0.16286796564684783	20.7015325608386
26000.0	15	28	4.519857637844366	0.21356297844033417	20.924467009732002
26000.0	15	29	4.448377478451894	0.26961224982070403	21.088427097562384

26000.0	16	0	4.335359885858031	0.19435888234802853	20.88936232499993
26000.0	16	1	4.150350891458815	0.26471522638903455	21.230914074805614
26000.0	16	2	3.85464299057446	0.33486668034985945	21.423990841841945
26000.0	16	3	3.527385337122622	0.3976940020527774	21.52081891040066
26000.0	16	4	3.1948868294834023	0.4433068826944226	21.574661069697626
26000.0	16	5	2.888654729788964	0.4635745993290473	21.614118942161227
26000.0	16	6	2.6420961923922532	0.4557819793792565	21.646245958604442
26000.0	16	7	2.477212690359337	0.4235331243310361	21.66425341391788
26000.0	16	8	2.402254958379323	0.3746159388795547	21.655435273720897
26000.0	16	9	2.417087979450014	0.3176758127409955	21.606410039334452
26000.0	16	10	2.519115649072538	0.25978238318684793	21.505372634717364
26000.0	16	11	2.7066590148487277	0.2056230960564562	21.34296726814156
26000.0	16	12	2.979615787888105	0.15782943208053005	21.11324717735065
26000.0	16	13	3.337774403613996	0.11763526501794602	20.815094166459527
26000.0	16	14	3.7767248830886775	0.08538035439415664	20.45377569215819
26000.0	16	15	4.281168780581382	0.06077152217435697	20.042546853673752
26000.0	16	16	4.817052928175918	0.04302773082322798	19.604927013663097
26000.0	16	17	5.3286420896391915	0.03104697555742614	19.177875749367555
26000.0	16	18	5.750207767750311	0.023639001596297997	18.812684986309122
26000.0	16	19	6.031395790424483	0.019775035114380963	18.56639218340673
26000.0	16	20	6.153783113740919	0.01877814751643191	18.481127901933025
26000.0	16	21	6.123598430792317	0.020415219345131887	18.56387817877794
26000.0	16	22	5.960842187217028	0.024900655928624334	18.78474971209571
26000.0	16	23	5.700996111697668	0.03283628466972497	19.094656918538575
26000.0	16	24	5.394066037902904	0.045099763004623636	19.44561755237822
26000.0	16	25	5.091257172455166	0.06268244729852429	19.800679545650844
26000.0	16	26	4.830314909480286	0.08646461680169161	20.134421731385153
26000.0	16	27	4.6280799031020345	0.11689201701111626	20.430670487099107
26000.0	16	28	4.476794298983591	0.15351037010766305	20.681406482038703
26000.0	16	29	4.335359885858031	0.19435888234802853	20.88936232499993

26000.0	17	0	4.36697630308163	0.13622656455216894	20.562229792716114
26000.0	17	1	4.157757685525318	0.20588619298248978	21.044655672034576
26000.0	17	2	3.819716023107611	0.2777191908373163	21.321773445057204
26000.0	17	3	3.4753732407516797	0.3456299918667593	21.462373221304812
26000.0	17	4	3.1457804160436758	0.3996837522811111	21.538044266553587
26000.0	17	5	2.8494057119196796	0.4308685835305483	21.589075244435605
26000.0	17	6	2.611171179084164	0.4350169756131403	21.630225149475482
26000.0	17	7	2.4492949646486495	0.4141562689440347	21.659615864661504
26000.0	17	8	2.370616078035777	0.37482149259296066	21.667073163425066
26000.0	17	9	2.374253366661132	0.32496387948457434	21.63994724646996
26000.0	17	10	2.4568610058251275	0.2715121584632152	21.566045955878753
26000.0	17	11	2.6159966907534904	0.2194209725223576	21.435045863441097
26000.0	17	12	2.851097158277484	0.17181617530020207	21.23978151877381
26000.0	17	13	3.162368003459024	0.13049852684240767	20.97785215080652
26000.0	17	14	3.5477153580326344	0.09634330906942269	20.653235388892405
26000.0	17	15	3.9977035355971364	0.06950540484525138	20.27760724417002
26000.0	17	16	4.48925771917361	0.049537899892077346	19.871582970033977
26000.0	17	17	4.981337545051068	0.03554540048976037	19.466074104126356
26000.0	17	18	5.418921718685771	0.026411230389387072	19.10224813614777
26000.0	17	19	5.74890288169542	0.021053428313994774	18.826214900357012
26000.0	17	20	5.938772239957637	0.018633791073665702	18.676145299395795
26000.0	17	21	5.982497001975622	0.018672607300958006	18.667327871503073
26000.0	17	22	5.894161113826295	0.021071102144915976	18.78643171484597
26000.0	17	23	5.702753678911808	0.02606959227204952	18.999827492282265
26000.0	17	24	5.449126372683657	0.034163578788891424	19.268449868238708
26000.0	17	25	5.177757745403079	0.04598360164209864	19.558655604211868
26000.0	17	26	4.925159794519817	0.06212874331989396	19.845785195938113
26000.0	17	27	4.711375532959773	0.08292614313037056	20.113529371225546
26000.0	17	28	4.535071990064079	0.10808265374136046	20.35267897829199
26000.0	17	29	4.36697630308163	0.13622656455216894	20.562229792716114

26000.0	18	0	4.503833221875128	0.0954189855735921	20.160767066277216
26000.0	18	1	4.274818969589853	0.16370865017808378	20.80498409274569
26000.0	18	2	3.8839654123812157	0.23662603924865977	21.17487342746442
26000.0	18	3	3.514463772320314	0.30916459887433306	21.36444601421254
26000.0	18	4	3.1821026231297065	0.37133906163903796	21.467312036853045
26000.0	18	5	2.8903263289257097	0.41317077978552164	21.535491042412016
26000.0	18	6	2.6547186283627626	0.42887913874887285	21.59083361223819
26000.0	18	7	2.489632905736753	0.4187287730056954	21.63596206077942
26000.0	18	8	2.400651865300644	0.38787590957904955	21.66304575061571
26000.0	18	9	2.3863081136096445	0.34357501374927113	21.66011894046568
26000.0	18	10	2.4426738806917574	0.29273713980201993	21.614656731810793
26000.0	18	11	2.5667725761600346	0.24078392356391168	21.51551440465829
26000.0	18	12	2.7578318774831305	0.19154379578052827	21.354544961852508
26000.0	18	13	3.0165490836546054	0.1475430444233099	21.128382520901823
26000.0	18	14	3.3426410173732535	0.11027033042854929	20.840102680806655
26000.0	18	15	3.730889884649752	0.08032638664574439	20.50034252693055
26000.0	18	16	4.166216938151645	0.057543046326023584	20.12782600826884
26000.0	18	17	4.619529419229666	0.04116104744283833	19.74936315982685
26000.0	18	18	5.047988405530996	0.030083841813783273	19.398632275202992
26000.0	18	19	5.403349021841481	0.023156048766527312	19.11206138956352
26000.0	18	20	5.646537747915849	0.019392902392162074	18.92089694661321
26000.0	18	21	5.759276315821231	0.018113459469511133	18.841816551448456
26000.0	18	22	5.7458472604228925	0.018976319731588975	18.8715043544683
26000.0	18	23	5.628438016212794	0.02194596449107446	18.98930256199782
26000.0	18	24	5.441312371618158	0.02721810013806469	19.16617987117372
26000.0	18	25	5.2233318098312544	0.03511750474326992	19.37390843130639
26000.0	18	26	5.008651650467718	0.045967212005717864	19.590082578564612
26000.0	18	27	4.818730588089157	0.05991653840248104	19.79903844012684
26000.0	18	28	4.657092564017727	0.07671240562898014	19.99075185374783
26000.0	18	29	4.503833221875128	0.0954189855735921	20.160767066277216

26000.0	19	0	4.692541563027537	0.06972827452859563	19.761702752630896
26000.0	19	1	4.46283666321053	0.13716423699227917	20.562947326211283
26000.0	19	2	4.0260739570425255	0.21153480707289324	21.01870818912486
26000.0	19	3	3.636298921384424	0.28890682422364056	21.25209404190666
26000.0	19	4	3.304592214988236	0.35924613181668574	21.379413215450285
26000.0	19	5	3.0187083488260944	0.41159401276203034	21.46346334983424
26000.0	19	6	2.784707625239868	0.4385042383432721	21.532289004113274
26000.0	19	7	2.613308506056757	0.4383887113971822	21.592586983992117
26000.0	19	8	2.5092354034472932	0.41494366747750566	21.63880613164385
26000.0	19	9	2.470872232540545	0.3747123397077144	21.65973094464594
26000.0	19	10	2.494222908695197	0.3246664135259465	21.642511171082948
26000.0	19	11	2.576423545620067	0.27084989272700616	21.575062020696027
26000.0	19	12	2.7172078858225346	0.21798499036333108	21.448067773483
26000.0	19	13	2.918322388154972	0.1695026385795245	21.257052432193998
26000.0	19	14	3.1813246072455237	0.12763115639765027	21.004165691414702
26000.0	19	15	3.5042192978714497	0.09346863243414047	20.699153504835834
26000.0	19	16	3.877465347637196	0.06710660640327518	20.35933690676942
26000.0	19	17	4.280419759931542	0.04785926834021769	20.00869071510818
26000.0	19	18	4.680328595565028	0.03457922931792935	19.675841140793125
26000.0	19	19	5.03649963785794	0.02598655178365561	19.390442884186772
26000.0	19	20	5.310219592939214	0.02093201060825161	19.17787010886222
26000.0	19	21	5.47621294731899	0.01855012158727679	19.053366222868668
26000.0	19	22	5.52916649696877	0.018303623855183915	19.017969504234397
26000.0	19	23	5.48309094396793	0.01995015725928543	19.058788016125582
26000.0	19	24	5.36604933072856	0.023464377933048466	19.154100290471327
26000.0	19	25	5.212493607915146	0.028936848402793727	19.280383620019688
26000.0	19	26	5.054534926487546	0.036460301461233496	19.41750874642031
26000.0	19	27	4.914342835527923	0.04600848680965221	19.550460439971545
26000.0	19	28	4.7987202657004255	0.05731052018083646	19.667960459161026
26000.0	19	29	4.692541563027537	0.06972827452859563	19.761702752630896

26000.0	20	0	4.892208612374578	0.055968220059878226	19.450409087867854
26000.0	20	1	4.682882839803041	0.12404204400269273	20.366480703198903
26000.0	20	2	4.2263365016149645	0.20103121106099275	20.883123194713146
26000.0	20	3	3.835983379401549	0.283967065870843	21.145302867565807
26000.0	20	4	3.5187238931311384	0.3627535281761851	21.286652687485443
26000.0	20	5	3.2479656030209645	0.4254988702622923	21.378495568513724
26000.0	20	6	3.020638480951527	0.4631624267356272	21.454183000506035
26000.0	20	7	2.8439855205643862	0.47234891464400447	21.524261613727226
26000.0	20	8	2.7221965502894747	0.45530173301752747	21.585596180748283
26000.0	20	9	2.654095223682401	0.4178506498146858	21.627895356861977
26000.0	20	10	2.6365565535700384	0.3670513486592897	21.637907612046664
26000.0	20	11	2.6681238997244425	0.30963787681889204	21.602179205894668
26000.0	20	12	2.750477451770532	0.25133966575680555	21.509557161250246
26000.0	20	13	2.8876187718716047	0.19663624496680907	21.353777429456148
26000.0	20	14	3.0835038471913987	0.14863770725850384	21.13558075593098
26000.0	20	15	3.3388795591632	0.10904076338405623	20.863646430215745
26000.0	20	16	3.6478765616483795	0.07823203218849824	20.554142205040986
26000.0	20	17	3.9950589435415993	0.055571736224004804	20.22918922350677
26000.0	20	18	4.354285863536356	0.039798528983114714	19.91449909714918
26000.0	20	19	4.691260385120699	0.02944301635211082	19.63613053546559
26000.0	20	20	4.97066413421052	0.023149638411991885	19.416404596225554
26000.0	20	21	5.165763388436114	0.019859516295446633	19.269479157553704
26000.0	20	22	5.2658924517289245	0.01886213018077848	19.19780129183449
26000.0	20	23	5.278566149846307	0.019754246002597148	19.191453456046894
26000.0	20	24	5.22629357658837	0.022346872208649032	19.231567829017518
26000.0	20	25	5.139704309037866	0.026551065608780344	19.296240679215234
26000.0	20	26	5.049060518868653	0.03226789537768771	19.365700496828218
26000.0	20	27	4.976677103071313	0.03930727465395325	19.424145175806906
26000.0	20	28	4.930487306892643	0.047352829082317915	19.457092722786687
26000.0	20	29	4.892208612374578	0.055968220059878226	19.450409087867854

26000.0	21	0	5.099496049693912	0.05125423204377759	19.293282682731963
26000.0	21	1	4.918121658296784	0.12189412746985591	20.246461123719538
26000.0	21	2	4.479433691958108	0.20300189360297757	20.783885065242917
26000.0	21	3	4.118630406737299	0.2923739682447223	21.05293754949261
26000.0	21	4	3.837936581008544	0.37979114929656244	21.192655446545952
26000.0	21	5	3.599282085607097	0.45249588428171644	21.279385639192633
26000.0	21	6	3.3907905461220915	0.5000372115643867	21.351031719282442
26000.0	21	7	3.215495621842213	0.5174313851113224	21.422004251955148
26000.0	21	8	3.076496183540603	0.5056364053190939	21.491905856138256
26000.0	21	9	2.973253235657367	0.469847748296236	21.551659324529325
26000.0	21	10	2.9047575392541582	0.41720268964673357	21.5875301050028
26000.0	21	11	2.873168065484215	0.3550774433220106	21.584091604102404
26000.0	21	12	2.8847135080108615	0.2901708244324029	21.52734014305351
26000.0	21	13	2.9478527954676297	0.22803143375787144	21.40809259160718
26000.0	21	14	3.0701314543219143	0.17273716864135985	21.22475076171492
26000.0	21	15	3.2549324942858164	0.12669589761689565	20.984432716764797
26000.0	21	16	3.4985641008849395	0.09067425853303795	20.70226203803527
26000.0	21	17	3.7879759125899075	0.06410451714053908	20.399429625136417
26000.0	21	18	4.1000448732583195	0.0455838927988776	20.100703287947066
26000.0	21	19	4.403979764057123	0.03340194290785651	19.83148234196012
26000.0	21	20	4.667603573290911	0.02595214642909632	19.614092992401375
26000.0	21	21	4.865759765434258	0.02196277523737717	19.463281660583466
26000.0	21	22	4.987178701055906	0.020558632324261954	19.38205453873185
26000.0	21	23	5.0371681430726625	0.021204041761197154	19.36036829979149
26000.0	21	24	5.035670263326489	0.023580341627969268	19.37827548373697
26000.0	21	25	5.011356337345282	0.0274432577499161	19.412038586137555
26000.0	21	26	4.993508249337144	0.03250695331549171	19.43973880293133
26000.0	21	27	5.004283438078796	0.03840404673700424	19.442911499452702
26000.0	21	28	5.050097865684423	0.04474730809973114	19.40159705477279
26000.0	21	29	5.099496049693912	0.05125423204377759	19.293282682731963

26000.0	22	0	5.360963228469069	0.05354770743832457	19.297130179576147
26000.0	22	1	5.199519561743879	0.12849585348288317	20.20234851271034
26000.0	22	2	4.8092288736430975	0.21504199933421964	20.717900128715943
26000.0	22	3	4.505421874461652	0.3114787356109011	20.970908073061267
26000.0	22	4	4.2846970416545584	0.40731069519295465	21.092160709498643
26000.0	22	5	4.100018309485485	0.4889227398182673	21.15936523123235
26000.0	22	6	3.9297844798313055	0.5446767918761888	21.214451069393956
26000.0	22	7	3.7700179087709977	0.5683771707781349	21.275897636122938
26000.0	22	8	3.6198572113297227	0.5600924064882823	21.34651966667795
26000.0	22	9	3.4778917019669127	0.5246690736615045	21.41889844736095
26000.0	22	10	3.346091453342523	0.46941417307298605	21.478872114442215
26000.0	22	11	3.2334764009412544	0.4022290683301811	21.50850191403046
26000.0	22	12	3.1552226189691646	0.33055173399701737	21.48985235343489
26000.0	22	13	3.1280956009649508	0.2607978569579939	21.409466902073582
26000.0	22	14	3.1653936443741673	0.19793360246618083	21.262155387450377
26000.0	22	15	3.2733791983941325	0.1451177121094712	21.052688348246825
26000.0	22	16	3.449150411868225	0.1035868895653842	20.795110974537078
26000.0	22	17	3.679415080106893	0.07291693477748441	20.510585187107047
26000.0	22	18	3.9406988878604063	0.0515885661982257	20.224804738625547
26000.0	22	19	4.2025250548610344	0.03764030315178375	19.96509442975428
26000.0	22	20	4.434187634822806	0.029196940317916125	19.756386376189784
26000.0	22	21	4.6129490765575625	0.02476932608469218	19.615581592281046
26000.0	22	22	4.730072811127789	0.023331954956019616	19.545983168387963
26000.0	22	23	4.792940955179447	0.02424172933033034	19.53547522605746
26000.0	22	24	4.823308304413487	0.02706850571532279	19.5603811971362
26000.0	22	25	4.851826513036563	0.03140565616806808	19.592762078219895
26000.0	22	26	4.909886637350404	0.036742100541560144	19.60686456850487
26000.0	22	27	5.021039364114181	0.04248020933125559	19.580521431580934
26000.0	22	28	5.188864043787065	0.04812607474644879	19.487676804132157
26000.0	22	29	5.360963228469069	0.05354770743832457	19.297130179576147

26000.0	23	0	5.778087377383343	0.061564019031254934	19.38479268029655
26000.0	23	1	5.621587040663024	0.1420320501298484	20.19244939286122
26000.0	23	2	5.280126981723569	0.23492230766742261	20.660340703984126
26000.0	23	3	5.0375616216939125	0.3387260552365423	20.882207884184293
26000.0	23	4	4.88772995004563	0.44240534290410793	20.97247006075393
26000.0	23	5	4.776101531968858	0.5313228543403807	21.008189817963444
26000.0	23	6	4.668689519221446	0.5927339331334692	21.0353991042481
26000.0	23	7	4.548621823603482	0.6196242294371016	21.077236546771125
26000.0	23	8	4.403809522269883	0.6118086521283816	21.140528266437187
26000.0	23	9	4.226144180992778	0.5744608660956918	21.22024094122645
26000.0	23	10	4.0191226659853605	0.5154923469902654	21.30207076429948
26000.0	23	11	3.8024420107908066	0.44332816885511883	21.36521219379796
26000.0	23	12	3.6071684753012097	0.3657643542866316	21.386855133337182
26000.0	23	13	3.464951466740745	0.2895810532395286	21.34796136271494
26000.0	23	14	3.398708128135887	0.22025534155447896	21.238418460933104
26000.0	23	15	3.4183788765202965	0.16153537321180392	21.059722762919574
26000.0	23	16	3.5203918081835233	0.11513115386424809	20.82470775539144
26000.0	23	17	3.6884550141101524	0.08083259394138831	20.55535870933926
26000.0	23	18	3.8954861414471456	0.057073934275493385	20.28002219446223
26000.0	23	19	4.108396065979408	0.04169214691954774	20.03010872355664
26000.0	23	20	4.296230692530327	0.03258103349957546	19.835001088015595
26000.0	23	21	4.438689042010539	0.028072853497914836	19.714473388307578
26000.0	23	22	4.5312936789835225	0.027035346112757555	19.671405928254835
26000.0	23	23	4.58668300020683	0.028756933062272866	19.68995125491422
26000.0	23	24	4.632839186405978	0.03271053223772358	19.74094244440644
26000.0	23	25	4.707670566473544	0.03829774700623767	19.790787862328244
26000.0	23	26	4.849991009261388	0.044709337955350176	19.808714150338897
26000.0	23	27	5.088512671357931	0.051035294844162506	19.768328606399418
26000.0	23	28	5.424153922029888	0.05663619837562845	19.639015243983234
26000.0	23	29	5.778087377383343	0.061564019031254934	19.38479268029655

26000.0	24	0	6.4694617308352145	0.0746181469429529	19.42891216423601
26000.0	24	1	6.316734500012823	0.16195232216288388	20.143816295256688
26000.0	24	2	5.988914139011086	0.26216021651331345	20.56623417997776
26000.0	24	3	5.770800927690513	0.37369700627731167	20.757313997869645
26000.0	24	4	5.6712315630976065	0.48476528588792384	20.813963743192616
26000.0	24	5	5.634928766368252	0.5793253431930631	20.812386104138458
26000.0	24	6	5.614096002669278	0.6431909816621553	20.803709457029406
26000.0	24	7	5.570264743120637	0.668640203516614	20.81730383675025
26000.0	24	8	5.465970200080559	0.6560409488013751	20.865737544474197
26000.0	24	9	5.271982677566615	0.6122111014729548	20.947710775928286
26000.0	24	10	4.985761556878791	0.5468439326731092	21.049248516282784
26000.0	24	11	4.640581635655308	0.46929641845442993	21.14625364685308
26000.0	24	12	4.293569388261117	0.38729266538806023	21.210081565941255
26000.0	24	13	4.002036657638911	0.30713238740927007	21.214955818440693
26000.0	24	14	3.8052254511486554	0.2340152959165278	21.14473238034496
26000.0	24	15	3.7185798897662017	0.17178525319847118	20.996887401058494
26000.0	24	16	3.736290767612399	0.12242884641526294	20.78302262733412
26000.0	24	17	3.835904675516978	0.085944446165087	20.5268123468154
26000.0	24	18	3.9833502846038096	0.06080093017079816	20.26078809822685
26000.0	24	19	4.14035357288803	0.044740513151679664	20.022058100292433
26000.0	24	20	4.274539121656858	0.03553374225226597	19.84534974672047
26000.0	24	21	4.368231952758324	0.03143496967804378	19.752929196849667
26000.0	24	22	4.422576342597972	0.03129321397750247	19.745810755981584
26000.0	24	23	4.458279271307675	0.03439270584490483	19.80269664590913
26000.0	24	24	4.514182852582504	0.04013237573894391	19.887364906950946
26000.0	24	25	4.641591280163973	0.047691941746037206	19.95885362372302
26000.0	24	26	4.892871600915923	0.055897182401127274	19.97955055845892
26000.0	24	27	5.304531983870003	0.06346912057413452	19.918839010901703
26000.0	24	28	5.8696576602320025	0.06961590224033544	19.746283991095684
26000.0	24	29	6.4694617308352145	0.0746181469429529	19.42891216423601

26000.0	25	0	7.278271013435743	0.09294632586118763	19.382066434413552
26000.0	25	1	7.269193569313703	0.19185421715653095	20.013561698897995
26000.0	25	2	6.973560348941029	0.30224351854477716	20.39457203478204
26000.0	25	3	6.728958905092986	0.42256868671442305	20.562909009345173
26000.0	25	4	6.621829278165382	0.5409173503606539	20.592974684032637
26000.0	25	5	6.634087280182433	0.6396453258255769	20.555420861865326
26000.0	25	6	6.716453351063853	0.7021850432285636	20.506411022169452
26000.0	25	7	6.801394952771273	0.7195570403750913	20.484269340204637
26000.0	25	8	6.803267420838388	0.6935835229540512	20.510803558088018
26000.0	25	9	6.643209097739307	0.6350352262603758	20.59096274906349
26000.0	25	10	6.293864689919931	0.557709301735377	20.711576309550942
26000.0	25	11	5.802306346718338	0.47285406575246297	20.844099593666062
26000.0	25	12	5.26595098090757	0.38761880252289616	20.952495062553275
26000.0	25	13	4.78414152849124	0.30661224634689394	21.003073821426202
26000.0	25	14	4.422919532957208	0.233552606347347	20.972983346932686
26000.0	25	15	4.206476770532907	0.1715278239078034	20.855490767947966
26000.0	25	16	4.125130352210912	0.12235100500065452	20.66140124589571
26000.0	25	17	4.146567695824211	0.08608771414870581	20.4171620635878
26000.0	25	18	4.226089984545694	0.06128864102231441	20.16087199735454
26000.0	25	19	4.318016693237289	0.04573997625119722	19.93631496037659
26000.0	25	20	4.388123219918321	0.0372550455932549	19.783415293117617
26000.0	25	21	4.422251799063131	0.034166274519988944	19.72554487405988
26000.0	25	22	4.429176695599694	0.035430446849396016	19.759936929660107
26000.0	25	23	4.441353415207578	0.04041330649648989	19.858019651331585
26000.0	25	24	4.514000210118017	0.04847970884119635	19.974380604353378
26000.0	25	25	4.717580586695469	0.05859847424780876	20.057914824422323
26000.0	25	26	5.118351841895776	0.06926293044247987	20.063380972158974
26000.0	25	27	5.7423250676983635	0.07891019760539947	19.963136086072442
26000.0	25	28	6.529035964716305	0.08665130855923062	19.743296698689768
26000.0	25	29	7.278271013435743	0.09294632586118763	19.382066434413552

26000.0	26	0	7.184959092143904	0.11638718319493851	19.535147443720412
26000.0	26	1	7.740283767245433	0.24428079976358144	19.948665016916465
26000.0	26	2	7.860397222360782	0.37443481676887497	20.190802193041858
26000.0	26	3	7.725230488289635	0.5055836125249252	20.299512307704514
26000.0	26	4	7.596701842353354	0.6299022531680138	20.298100061672308
26000.0	26	5	7.628629126317859	0.7299359245440321	20.224517406795588
26000.0	26	6	7.83493780312371	0.7854911625605336	20.13003642266783
26000.0	26	7	8.129004969768749	0.7847945437456283	20.063085447123786
26000.0	26	8	8.349216265049847	0.7321471962676571	20.05976068414113
26000.0	26	9	8.320260611371314	0.6460595663476423	20.13501307593771
26000.0	26	10	7.955951837110099	0.5480187393327705	20.276484998499324
26000.0	26	11	7.315551137530232	0.45219673339608885	20.448591850678707
26000.0	26	12	6.557393074255011	0.3641672035370264	20.605258040438844
26000.0	26	13	5.84533046644	0.28525113658602524	20.70348722566034
26000.0	26	14	5.285725840539951	0.21627758760749174	20.71346436826167
26000.0	26	15	4.9155701934952045	0.15857313537260856	20.624732524178434
26000.0	26	16	4.719428158379891	0.11317660332826618	20.448392112210858
26000.0	26	17	4.650945945926113	0.07996019857094966	20.215195272126223
26000.0	26	18	4.651024747660685	0.05754181599226244	19.97021822322442
26000.0	26	19	4.664858673968006	0.04388007702982347	19.764374170455092
26000.0	26	20	4.656901461458715	0.037012474590770006	19.641787652125693
26000.0	26	21	4.618605780291551	0.035522066482810616	19.624953213780252
26000.0	26	22	4.569951737112617	0.038606020704709997	19.705263261755224
26000.0	26	23	4.560442819205088	0.04579706858481713	19.844621088630916
26000.0	26	24	4.667211994698462	0.05648573549521644	19.985154014164863
26000.0	26	25	4.978556067989854	0.06953671843241037	20.063811991085636
26000.0	26	26	5.541635636024947	0.08335898649097905	20.03796038161002
26000.0	26	27	6.259916103274869	0.0963835631544239	19.919297147817332
26000.0	26	28	6.872115887836715	0.10739879103442983	19.759495766707197
26000.0	26	29	7.184959092143904	0.11638718319493851	19.535147443720412

26000.0	27	0	5.504330633372115	0.1317813644521075	20.413160544905267
26000.0	27	1	6.298618625819802	0.3388168718270552	20.430931854674714
26000.0	27	2	7.359193611650506	0.5187109122312836	20.2157372144462
26000.0	27	3	8.005952715750563	0.6647156566353642	20.067698719440013
26000.0	27	4	8.160956044376563	0.7875746211105994	19.954742705326847
26000.0	27	5	8.312408333442239	0.8797053806656554	19.81432306867663
26000.0	27	6	8.723198370829355	0.917252852364003	19.655268691945306
26000.0	27	7	9.360897004458048	0.8827781700765152	19.527243248725114
26000.0	27	8	9.975970103364226	0.7841715791644639	19.483559606413692
26000.0	27	9	10.2333335943114	0.6534139944053481	19.551886643349864
26000.0	27	10	9.937981827121392	0.5240506979335581	19.718686695603086
26000.0	27	11	9.164336943925798	0.41298441278643194	19.937005012380077
26000.0	27	12	8.164028442098632	0.3219588020594844	20.147437499536878
26000.0	27	13	7.193203394270102	0.24709206703504907	20.29615938050932
26000.0	27	14	6.41175333343179	0.1851354709777429	20.346096161591515
26000.0	27	15	5.872048457180512	0.13489419780963316	20.283755884216127
26000.0	27	16	5.550125902565755	0.09612886099000449	20.122170040034035
26000.0	27	17	5.381114665429092	0.06824314631133727	19.898572314200102
26000.0	27	18	5.288018301685797	0.04985509369101001	19.66682068388207
26000.0	27	19	5.206034603810362	0.039172536974974	19.485399235733848
26000.0	27	20	5.100078760144434	0.034594240927229174	19.4015016450593
26000.0	27	21	4.971015276640379	0.03508578169304569	19.434839468361982
26000.0	27	22	4.8556852465675195	0.04017860706990299	19.56869271547129
26000.0	27	23	4.827091332217693	0.049628522374479005	19.751861568079896
26000.0	27	24	4.986118016154929	0.06292098303868786	19.910037141144553
26000.0	27	25	5.413023941214244	0.07902422999701499	19.97402064045319
26000.0	27	26	6.008789489336981	0.09664362113547381	19.944823356960175
26000.0	27	27	6.300905997098393	0.11394718335934322	19.971050171490976
26000.0	27	28	6.0064412924401935	0.12664131274487073	20.22594397132149
26000.0	27	29	5.504330633372115	0.1317813644521075	20.413160544905267

26000.0	28	0	2.313785403192586	0.09883927572428829	18.26283138307665
26000.0	28	1	3.3281285753114584	0.47271588963301414	21.42981100209364
26000.0	28	2	4.63034462316149	0.7758419247749966	20.80844104222449
26000.0	28	3	6.457464327711728	0.953787454679617	20.024212071901527
26000.0	28	4	7.593276017925416	1.0582543542385399	19.569013727341762
26000.0	28	5	8.229494018620466	1.1217854576974096	19.255536284654177
26000.0	28	6	9.037969509050978	1.1222418592641115	18.980389660163652
26000.0	28	7	10.216388492310205	1.0318604900384636	18.765878898388436
26000.0	28	8	11.469433967185301	0.8626310629037638	18.675631689901806
26000.0	28	9	12.228131506684742	0.6676371053282442	18.745536760263704
26000.0	28	10	12.117583271107488	0.49670010837370854	18.95343668591768
26000.0	28	11	11.241498981086515	0.36683685011669015	19.23493077238063
26000.0	28	12	9.994989103487578	0.2722198344212471	19.514593999360486
26000.0	28	13	8.757516567691118	0.20186558593521617	19.725749408930877
26000.0	28	14	7.750810070238347	0.14784505946802004	19.82192270641853
26000.0	28	15	7.041265724310477	0.10620285850300704	19.78646306817004
26000.0	28	16	6.592590768666325	0.07520398906002289	19.636763209822877
26000.0	28	17	6.317738896540682	0.053601739567265515	19.42008915884995
26000.0	28	18	6.120007973814117	0.03992859726899044	19.20215740478167
26000.0	28	19	5.925347120576343	0.03264813161722434	19.050625419114798
26000.0	28	20	5.701812133158722	0.03057129850722479	19.015945904919462
26000.0	28	21	5.463920968091417	0.0330967383927711	19.114261780799374
26000.0	28	22	5.271088824194829	0.040118196239455	19.31796097340135
26000.0	28	23	5.224779740957267	0.051624775880312834	19.556852521820485
26000.0	28	24	5.443080751123386	0.06724423668490273	19.736422727816176
26000.0	28	25	5.93170544257284	0.08622057650645423	19.799402152697812
26000.0	28	26	6.232758070356601	0.10744801378505431	19.86777949673274
26000.0	28	27	5.585962793908072	0.12570856401388175	20.333531150045562
26000.0	28	28	4.318745737293041	0.12540166568112365	21.028669266463552
26000.0	28	29	2.313785403192586	0.09883927572428829	18.26283138307665

26000.0	29	0	0.06657977191823047	4.573789986069306E-6	0.20493858355633238
26000.0	29	1	0.7921472348364004	0.5907198551894536	18.206598540657627
26000.0	29	2	1.7016612044528965	1.1136285916178739	21.402867576263276
26000.0	29	3	3.520278904887183	1.3701812846377293	19.978979021681056
26000.0	29	4	5.501950862286414	1.4481518901384232	18.91049851637801
26000.0	29	5	6.806437379058739	1.462158318549434	18.264864395436373
26000.0	29	6	8.0869676904206	1.4072899923319788	17.802975672043743
26000.0	29	7	9.882064436040428	1.2406689140424005	17.487367272430273
26000.0	29	8	11.97507889148105	0.9773207461006364	17.37350122309335
26000.0	29	9	13.511104640918543	0.6997186226376442	17.4893719437955
26000.0	29	10	13.804005466946826	0.4780889026226178	17.78948301245776
26000.0	29	11	12.96043180276622	0.32593739704293934	18.185063957877997
26000.0	29	12	11.559826984530057	0.2260586105349448	18.58389788904241
26000.0	29	13	10.127073346124263	0.15896835237834006	18.901594439480636
26000.0	29	14	8.946624808541939	0.11189556334082748	19.073812458606977
26000.0	29	15	8.099262890367761	0.07816897243890265	19.078679482449203
26000.0	29	16	7.540223625360246	0.05451288413010078	18.942752980320925
26000.0	29	17	7.16673630553079	0.038929107700751496	18.72981463365675
26000.0	29	18	6.870929401094359	0.029780645401479316	18.52284614909589
26000.0	29	19	6.576752969105042	0.025740442619367053	18.402554778343603
26000.0	29	20	6.257215023824384	0.026007221507064	18.42560887939101
26000.0	29	21	5.937152929239968	0.030393405191415666	18.606396410896757
26000.0	29	22	5.693729682039638	0.03913425668921294	18.90435347550883
26000.0	29	23	5.6527123805117325	0.05243365809566588	19.223196739525793
26000.0	29	24	5.9353073477332865	0.07007132599570018	19.44350245687938
26000.0	29	25	6.395610229803116	0.09158034937687583	19.536641903550592
26000.0	29	26	6.157053878394674	0.11515150684156926	19.802989104371814
26000.0	29	27	4.66076191995137	0.12682663366508437	20.716708695616465
26000.0	29	28	2.005591064204792	0.0910906123217005	18.367927451961307
26000.0	29	29	0.06657977191823047	4.573789986069306E-6	0.20493858355633238

