28000.0	0	0	2.379763454337703E-13	0.03767656106653137	24.518180361575713
28000.0	0	1	0.20902794539063738	0.8827097503591984	22.370206765852238
28000.0	0	2	4.950240875565248	1.1194387887549666	18.73756624965204
28000.0	0	3	9.970439342630218	0.9847326710089064	17.890737876434834
28000.0	0	4	12.703723262876139	0.7634127644961164	17.466449363286376
28000.0	0	5	13.981818041049767	0.5607423355798449	17.319717675652115
28000.0	0	6	13.95479106397858	0.41529300328982777	17.440885712052626
28000.0	0	7	13.019639351855385	0.32653021200098525	17.762683070042794
28000.0	0	8	11.685718965035644	0.28193336295272264	18.20722856781183
28000.0	0	9	10.34027907546609	0.2711930562214518	18.70480221167495
28000.0	0	10	9.209576934893665	0.28896891051851914	19.194864298860196
28000.0	0	11	8.389652179695974	0.3334502331172564	19.62091633525732
28000.0	0	12	7.882025117837967	0.4041699977155686	19.93386836305947
28000.0	0	13	7.615841619813158	0.5003955168237878	20.109433026918513
28000.0	0	14	7.452659083795822	0.6204323285952085	20.159904319896665
28000.0	0	15	7.199941636861823	0.7608015830527999	20.13070344441244
28000.0	0	16	6.6745541167771725	0.9133678399590563	20.08744247857067
28000.0	0	17	5.815230040812153	1.0607678679375432	20.0960530021508
28000.0	0	18	4.748896797839389	1.1761602994923797	20.198320178353317
28000.0	0	19	3.7094399458187133	1.2339465517423112	20.393920572782942
28000.0	0	20	2.878774823852316	1.2253794937414169	20.64387026967693
28000.0	0	21	2.3144828497895853	1.1630113352834277	20.896130235728364
28000.0	0	22	1.987816095850332	1.069810981589909	21.11468182004974
28000.0	0	23	1.8435764030985495	0.9646115781143192	21.2925544966854
28000.0	0	24	1.8313032729823464	0.8550452218741057	21.44457150510532
28000.0	0	25	1.9118293209787944	0.7396872929345073	21.58231937435231
28000.0	0	26	2.002544539383969	0.6149321092050003	21.673801419674998
28000.0	0	27	1.5594399572089432	0.478387588347944	21.80304878928028
28000.0	0	28	0.11873644893614366	0.3057130842985722	24.1875258799822
28000.0	0	29	2.379763454337703E-13	0.03767656106653137	24.518180361575713

28000.0	1	0	0.44222636361824147	1.06086761965826	20.91239975548665
28000.0	1	1	6.078319773785054	0.9788405233847024	18.60384053225506
28000.0	1	2	12.174874695312177	0.8177694656571955	18.043667151591045
28000.0	1	3	14.141526104955378	0.664641720830382	17.760208427878123
28000.0	1	4	14.775729409647724	0.5234015869131882	17.558816246486018
28000.0	1	5	14.588150662228166	0.40633821724827995	17.545582984214317
28000.0	1	6	13.684320629205406	0.32320524523804245	17.738709688650502
28000.0	1	7	12.356983824510566	0.2735522869920822	18.09441548946809
28000.0	1	8	10.926203213139642	0.2528318174736135	18.548764267797015
28000.0	1	9	9.628102464258133	0.2574662778624952	19.034816435876447
28000.0	1	10	8.600277883268598	0.2860569717718689	19.489775977120704
28000.0	1	11	7.8991791119698895	0.33846019358929436	19.85961945233906
28000.0	1	12	7.519375992567888	0.4142555070490752	20.105634459772542
28000.0	1	13	7.4033225017051345	0.5116830170401578	20.213019348425355
28000.0	1	14	7.441291321423483	0.6275236853575611	20.19565189249885
28000.0	1	15	7.47737423505443	0.7572015350589816	20.09317038570099
28000.0	1	16	7.348026686746313	0.8935624232971023	19.96100250521454
28000.0	1	17	6.957752364823335	1.0242060245919549	19.85526547304814
28000.0	1	18	6.34087781600239	1.1307998177559473	19.816031069643557
28000.0	1	19	5.6404122579402465	1.1945863696501886	19.855891714286045
28000.0	1	20	5.015232971003446	1.20583944887186	19.961111706416997
28000.0	1	21	4.564475566700212	1.1687124256181443	20.104781716084158
28000.0	1	22	4.317682986051258	1.097321101792953	20.261867002939933
28000.0	1	23	4.264132338720124	1.0078396431187275	20.41584387156646
28000.0	1	24	4.386662846960609	0.9133345899458959	20.554157451870687
28000.0	1	25	4.697311994502971	0.8240062346079149	20.653789744287835
28000.0	1	26	5.274232995028951	0.7527400911013923	20.65250836708535
28000.0	1	27	6.022296973520295	0.7283473566379544	20.423415371477976
28000.0	1	28	4.671266825116232	0.8176510880445966	20.065603707000374
28000.0	1	29	0.44222636361824147	1.06086761965826	20.91239975548665

28000.0	2	0	12.21534785612681	0.9888992203150321	17.257155212098194
28000.0	2	1	16.288088255656316	0.7304833126929029	17.403674038774575
28000.0	2	2	16.89119002763485	0.5594692428132477	17.463479518989978
28000.0	2	3	16.403107151158974	0.44434102143352106	17.410747515940205
28000.0	2	4	15.623673149118797	0.35811170926527913	17.403878262373308
28000.0	2	5	14.497016391252732	0.2940087711721721	17.540117095026634
28000.0	2	6	13.080749815199997	0.251356659038331	17.833778031115088
28000.0	2	7	11.557024441532663	0.22936159002113332	18.251813220377684
28000.0	2	8	10.114903120663689	0.22717542089098322	18.739375453382454
28000.0	2	9	8.89554037253874	0.24484953310268862	19.234428612499826
28000.0	2	10	7.980983679636929	0.283299651686038	19.677056189055147
28000.0	2	11	7.401783870040719	0.3432903354450399	20.01705293167586
28000.0	2	12	7.148370185936581	0.4240881766695357	20.221390904299742
28000.0	2	13	7.176227171666663	0.5226734472660725	20.280370246311694
28000.0	2	14	7.4032848244659135	0.6340332563830197	20.209702249962785
28000.0	2	15	7.710141512346442	0.751992354319792	20.04672504241874
28000.0	2	16	7.961518892229548	0.8692397973594359	19.841341737508692
28000.0	2	17	8.054673874179963	0.9761049880958981	19.644194745481336
28000.0	2	18	7.967435268699039	1.0599768935395604	19.49535874716342
28000.0	2	19	7.762820490513219	1.1080432746817395	19.417095327049736
28000.0	2	20	7.542754987256357	1.1128445825239013	19.413197127255255
28000.0	2	21	7.392696473972567	1.076285560757888	19.47378561492756
28000.0	2	22	7.358772307266871	1.0087731293004665	19.58073331502415
28000.0	2	23	7.462184745922462	0.9248012211560315	19.70916484744056
28000.0	2	24	7.734571885738543	0.8387868318990114	19.82396475738672
28000.0	2	25	8.265555912487056	0.763614724636924	19.872932261996993
28000.0	2	26	9.273828693554307	0.712214560242978	19.776335634126355
28000.0	2	27	11.14691735408992	0.7032973308200584	19.405228234306456
28000.0	2	28	13.588375258829318	0.7759598000143473	18.57213749250497
28000.0	2	29	12.21534785612681	0.9888992203150321	17.257155212098194

28000.0	3	0	21.39726754586152	0.6835003146562914	16.58534691942828
28000.0	3	1	20.606046005620428	0.5164432037686376	16.83445621947288
28000.0	3	2	19.15473029685934	0.39506726417054344	16.94802168414024
28000.0	3	3	17.630992097029083	0.312979527828629	17.02111353335239
28000.0	3	4	16.0327533027847	0.2574566936245277	17.16293213819527
28000.0	3	5	14.322330883026192	0.22113970141847905	17.42865619572716
28000.0	3	6	12.57373984995464	0.20085841848255895	17.821868375058305
28000.0	3	7	10.910637875752215	0.19567374221034725	18.310417279953977
28000.0	3	8	9.451137335936163	0.2061007836197543	18.842312097837926
28000.0	3	9	8.280805545223393	0.23374150113058464	19.35852772450314
28000.0	3	10	7.44560959226861	0.2805461059408527	19.80233867575378
28000.0	3	11	6.957684940979284	0.34750220012924865	20.127176546517923
28000.0	3	12	6.804287703127501	0.43318935569780476	20.304097234776034
28000.0	3	13	6.951222508007723	0.5330488104328495	20.32724974522116
28000.0	3	14	7.338626449614259	0.6399424586951578	20.214868291839167
28000.0	3	15	7.8767649050103135	0.7455701974492422	20.00469699620156
28000.0	3	16	8.455777645419248	0.8415047169874048	19.745240024258358
28000.0	3	17	8.975334167134964	0.9191859772543455	19.485894350015116
28000.0	3	18	9.378740688488987	0.9699200742376107	19.268656420180175
28000.0	3	19	9.664396047790358	0.9865783738702538	19.12270236134048
28000.0	3	20	9.865673393949837	0.9668199225701077	19.061907316779724
28000.0	3	21	10.02117809280216	0.9152516144416067	19.08430933435069
28000.0	3	22	10.164908596768289	0.8423692847741169	19.17197202418755
28000.0	3	23	10.344900452256681	0.7611178420600158	19.290206246554515
28000.0	3	24	10.657083687788107	0.6837748996198239	19.38629134776556
28000.0	3	25	11.280074305987869	0.6207313125691654	19.389150872167587
28000.0	3	26	12.510883177380821	0.580558854699267	19.211657538400804
28000.0	3	27	14.778750121726397	0.5706559754360979	18.752399367529826
28000.0	3	28	18.308822939495307	0.6006717212303805	17.893613757226984
28000.0	3	29	21.39726754586152	0.6835003146562914	16.58534691942828

28000.0	4	0	24.243899866317467	0.5590712945131885	16.106527711964056
28000.0	4	1	22.545413136636597	0.41973354409643593	16.328584650396536
28000.0	4	2	20.524669914122796	0.31419394952862256	16.480238700066266
28000.0	4	3	18.43951435146313	0.244500543776384	16.648888680610394
28000.0	4	4	16.319405543989213	0.2016099801535676	16.904240040170734
28000.0	4	5	14.217356989550229	0.17753959999372076	17.276645374834334
28000.0	4	6	12.224871471731062	0.1680357628305033	17.75904138824585
28000.0	4	7	10.440428465011687	0.17189742467760655	18.31548610527135
28000.0	4	8	8.945944263014802	0.19003650262398192	18.89360073480051
28000.0	4	9	7.79344190347205	0.22464395904398468	19.43586224154791
28000.0	4	10	7.003973288600069	0.2780483071029135	19.888009311747876
28000.0	4	11	6.575776662596293	0.3510929850323172	20.20642292662698
28000.0	4	12	6.493424862141124	0.4414720154672617	20.365384818169918
28000.0	4	13	6.730544305625102	0.5429293955154713	20.362308874729695
28000.0	4	14	7.244032377759326	0.6460014647727557	20.218318557969287
28000.0	4	15	7.965562095442884	0.7400028545777677	19.973287713760048
28000.0	4	16	8.801915396994405	0.8150732453539332	19.67719632408828
28000.0	4	17	9.651030477078118	0.8633910926637642	19.381091335774844
28000.0	4	18	10.425678603503654	0.8799036100183995	19.129860248930353
28000.0	4	19	11.067802719069713	0.8634125942778985	18.95692679218911
28000.0	4	20	11.547614710062595	0.81769213046016	18.88002079513597
28000.0	4	21	11.860732335422142	0.7511788513523843	18.897657062498592
28000.0	4	22	12.038928742839886	0.6747193228384666	18.986754967426645
28000.0	4	23	12.172602313962132	0.598876578475227	19.10204537741518
28000.0	4	24	12.430431026212306	0.5326353749411576	19.17782628865353
28000.0	4	25	13.06976268389899	0.4836180170152744	19.132966864088008
28000.0	4	26	14.441026634987466	0.4582692235824815	18.879669599634674
28000.0	4	27	16.94693708532048	0.46094378025348204	18.33232603865413
28000.0	4	28	20.702837361555815	0.493963913651022	17.41236320698349
28000.0	4	29	24.243899866317467	0.5590712945131885	16.106527711964056

28000.0	5	0	25.619194787158477	0.5980165892110069	15.620333871757822
28000.0	5	1	23.89899842730646	0.4226103052012495	15.854382563714575
28000.0	5	2	21.613605865210122	0.2961393657458445	16.050599035437035
28000.0	5	3	19.143335014861627	0.2186861319038595	16.296456507796265
28000.0	5	4	16.641473453459234	0.17538514537068445	16.644103694988047
28000.0	5	5	14.232515292440088	0.15408544190650836	17.107357669959672
28000.0	5	6	12.029279821520955	0.14839834080017641	17.668438802601223
28000.0	5	7	10.123436924386574	0.15630420918066013	18.28646161444057
28000.0	5	8	8.576638630392225	0.17860832223109638	18.90828640875002
28000.0	5	9	7.417255864740829	0.2176841394634367	19.477751707384705
28000.0	5	10	6.646753129576963	0.27599459508853846	19.942616364072606
28000.0	5	11	6.25172691712973	0.3541575728659532	20.261380179155083
28000.0	5	12	6.214039426975359	0.44900401708030646	20.41052920490318
28000.0	5	13	6.513086859342523	0.5526209704268532	20.389907951865034
28000.0	5	14	7.118251611155678	0.65322149241291	20.223359575157044
28000.0	5	15	7.975801125918794	0.73772880619895	19.95369991788189
28000.0	5	16	9.000457445463585	0.7949296195447896	19.633970794163297
28000.0	5	17	10.080651941825076	0.8179399355481553	19.31831178465575
28000.0	5	18	11.096301314208928	0.8055079536998643	19.05447414579826
28000.0	5	19	11.93995138351864	0.762168322831182	18.877760653770288
28000.0	5	20	12.536471147839233	0.6970182297717178	18.805543764749135
28000.0	5	21	12.864354380986041	0.6211072914769326	18.83262531193359
28000.0	5	22	12.97812804635418	0.5446150157056057	18.928688457261423
28000.0	5	23	13.021838131252771	0.47552080367211863	19.03894460110376
28000.0	5	24	13.226837891140608	0.42030983084433354	19.088731489405372
28000.0	5	25	13.903075540818493	0.3856075391625865	18.992700205270403
28000.0	5	26	15.43506349665933	0.37898104399423577	18.666872818785613
28000.0	5	27	18.22653883570483	0.40805269460890325	18.03532130793628
28000.0	5	28	22.27477717888956	0.4796118743037895	17.025737309198927
28000.0	5	29	25.619194787158477	0.5980165892110069	15.620333871757822

28000.0	6	0	25.568917948944442	0.8115492250395109	15.210390518079443
28000.0	6	1	24.64866501680877	0.5204406337333229	15.441836041699936
28000.0	6	2	22.499226191937755	0.3292289134108604	15.665583970508932
28000.0	6	3	19.83044253604101	0.2232705641610016	15.971495056683779
28000.0	6	4	17.03493408488822	0.16901127087944662	16.39648693931854
28000.0	6	5	14.356186229958924	0.14420215617333773	16.937671839663984
28000.0	6	6	11.952368480477606	0.1380759348927041	17.56620367250247
28000.0	6	7	9.921178693855891	0.14690775655958105	18.23697440298779
28000.0	6	8	8.310244485611644	0.17097319300014827	18.897176071155783
28000.0	6	9	7.127610296923713	0.21261308468852338	19.49255863393488
28000.0	6	10	6.357243421896211	0.274367915417636	19.972637910769528
28000.0	6	11	5.975093521412731	0.3567202726157826	20.29714781458652
28000.0	6	12	5.960034488714506	0.45583795681794864	20.443602770174916
28000.0	6	13	6.295644319761379	0.5623840681193357	20.413163214370442
28000.0	6	14	6.960929999456557	0.6624349966435605	20.23170597297806
28000.0	6	15	7.91267629177856	0.740640350323668	19.944975316963514
28000.0	6	16	9.068669876560483	0.7845233807839119	19.609596278730965
28000.0	6	17	10.303853379358783	0.788183509338239	19.28325404288243
28000.0	6	18	11.465912146799857	0.7539471837778183	19.016200573055396
28000.0	6	19	12.407668419882292	0.6912579789328206	18.84416982062665
28000.0	6	20	13.028174533195777	0.613132591514204	18.78225957364218
28000.0	6	21	13.31113191060848	0.5319060710115802	18.820335879268548
28000.0	6	22	13.346702728501397	0.45663678299662513	18.921181493815414
28000.0	6	23	13.328114715088718	0.39334276442287414	19.02246309990769
28000.0	6	24	13.529993703360915	0.34733343600523914	19.043702400213345
28000.0	6	25	14.28937963762622	0.32603962781777074	18.89900381091283
28000.0	6	26	16.001653921320425	0.34119208625377917	18.511346978430918
28000.0	6	27	19.051177213926373	0.41037045857199733	17.813878586544448
28000.0	6	28	23.221708558081076	0.5588598243077307	16.728344326367402
28000.0	6	29	25.568917948944442	0.8115492250395109	15.210390518079443

28000.0	7	0	22.648975663494763	1.257245895869291	15.00642312296237
28000.0	7	1	24.07370064322886	0.72519294049804	15.150086873551071
28000.0	7	2	22.921399666549807	0.40895028046130055	15.35321853627658
28000.0	7	3	20.39899472158421	0.2508667362390406	15.694007770659697
28000.0	7	4	17.43130017272029	0.176120911116325	16.179824017870313
28000.0	7	5	14.524998151619124	0.14326309480759816	16.784592560368065
28000.0	7	6	11.936483973366931	0.134021585400606	17.4671833495683
28000.0	7	7	9.785337180674281	0.14187502647546027	18.179465316866054
28000.0	7	8	8.108940367639915	0.16614637726524503	18.870420242556413
28000.0	7	9	6.896431369318151	0.20898141933658898	19.488381650102
28000.0	7	10	6.115589510931155	0.27300266071143997	19.984385269960566
28000.0	7	11	5.732558409500314	0.3587220108408662	20.318523315222183
28000.0	7	12	5.723094815463879	0.4619518629552836	20.468136208635357
28000.0	7	13	6.073846952453962	0.572310235257375	20.43442856201429
28000.0	7	14	6.7718121611378255	0.6740626397169879	20.24422741996497
28000.0	7	15	7.782909197524171	0.7497306874123455	19.945538203294902
28000.0	7	16	9.027705882091158	0.7854652054843244	19.59834542741704
28000.0	7	17	10.369372195529019	0.7759547323881065	19.26384970035114
28000.0	7	18	11.628362176488467	0.7263785959592183	18.994644713223423
28000.0	7	19	12.62711375614981	0.6500428717935266	18.82657098473016
28000.0	7	20	13.250648134905202	0.5628103950569945	18.77233530012901
28000.0	7	21	13.495889780893028	0.47774105138542944	18.817431290546093
28000.0	7	22	13.486788597395645	0.4030260913372131	18.919139271086493
28000.0	7	23	13.453851095580935	0.34356907295962236	19.009606138936306
28000.0	7	24	13.697495289711995	0.30452975747750544	19.004910067818024
28000.0	7	25	14.559949715081762	0.2953661235036355	18.821306246827863
28000.0	7	26	16.407473802684923	0.3347123235767642	18.392251121304636
28000.0	7	27	19.49314666353375	0.45889828183347775	17.665009237745107
28000.0	7	28	23.043122996741484	0.7369210628016856	16.560374340200013
28000.0	7	29	22.648975663494763	1.257245895869291	15.00642312296237

28000.0	8	0	16.298406432563745	1.9255196366444316	15.193390399799595
28000.0	8	1	21.401432967469262	1.0294134123733503	15.061326618029762
28000.0	8	2	22.478993511489065	0.5267414118769803	15.151091920878555
28000.0	8	3	20.6515822598909	0.29441367708406513	15.48693524529943
28000.0	8	4	17.708507119065334	0.19156120673651936	16.011859308430964
28000.0	8	5	14.65041135484227	0.14766250783480542	16.66308529380839
28000.0	8	6	11.914882275478753	0.13378921541841945	17.384305855757848
28000.0	8	7	9.665733331617698	0.13962284947353726	18.12511009528829
28000.0	8	8	7.9353012544297075	0.16318277588282926	18.8374668274866
28000.0	8	9	6.696157621155777	0.2062955815927313	19.47288489024482
28000.0	8	10	5.901967472274857	0.2716852550956114	19.983760138058724
28000.0	8	11	5.510459076445295	0.36007183833348927	20.329788301861168
28000.0	8	12	5.49455299191807	0.4672630174092221	20.48701445909533
28000.0	8	13	5.843280321292776	0.5822992434141615	20.455381903993132
28000.0	8	14	6.550783076288077	0.6880634571625384	20.261346636210963
28000.0	8	15	7.59254282977621	0.7651079805191034	19.954058035687524
28000.0	8	16	8.895059597142339	0.7979035567406899	19.596146758572914
28000.0	8	17	10.315897157258577	0.7809331515707392	19.25208724035997
28000.0	8	18	11.655943437329336	0.7211626971407971	18.976995960274305
28000.0	8	19	12.713687088017164	0.6347952296005168	18.807379784710015
28000.0	8	20	13.362405753659532	0.5400417035893176	18.754511037698567
28000.0	8	21	13.608461150241615	0.4508209081351228	18.800860814942112
28000.0	8	22	13.600384041735564	0.3750642950501204	18.899843945956235
28000.0	8	23	13.594282514866904	0.317283663427274	18.97985192344786
28000.0	8	24	13.903385759469904	0.28305507512137446	18.955369382962644
28000.0	8	25	14.852431357731321	0.28438943523336513	18.74722983539811
28000.0	8	26	16.711394875276422	0.3485631196081503	18.30443875448491
28000.0	8	27	19.38607651997104	0.538744178021328	17.60141270097176
28000.0	8	28	21.031990409901965	0.9967856881462536	16.586899601503255
28000.0	8	29	16.298406432563745	1.9255196366444316	15.193390399799595

28000.0	9	0	9.117820232171269	2.542703324895882	15.920207437808962
28000.0	9	1	16.90171937855007	1.3517899999464515	15.241031015692169
28000.0	9	2	20.980445547786882	0.6570146049050292	15.088534171350286
28000.0	9	3	20.425088636948907	0.34335140770787453	15.368115069812294
28000.0	9	4	17.747952062376676	0.20991399937766825	15.906196156121446
28000.0	9	5	14.645922265258921	0.15419740981447344	16.584730670837732
28000.0	9	6	11.825067415802526	0.13533758031288715	17.32814272284485
28000.0	9	7	9.517062696479961	0.13883481512206255	18.08372980866446
28000.0	9	8	7.756057065550979	0.16127972287816594	18.80706517529697
28000.0	9	9	6.502243423211782	0.20413293417226852	19.453293281551243
28000.0	9	10	5.6985439531591915	0.2702491691883423	19.976232763867582
28000.0	9	11	5.296425709751992	0.3607176025638201	20.334713014693943
28000.0	9	12	5.2667240990699655	0.4716830044024879	20.50255118611259
28000.0	9	13	5.600486939429427	0.5921091274285865	20.477193197176625
28000.0	9	14	6.29846593080909	0.7040017597671332	20.283316132699547
28000.0	9	15	7.3468103058285505	0.7861580269351927	19.969829737719206
28000.0	9	16	8.682724986956712	0.820983382941517	19.6009628472238
28000.0	9	17	10.166830338741034	0.8017239751915942	19.244059856726754
28000.0	9	18	11.589590477525302	0.7358618902541819	18.957140564078735
28000.0	9	19	12.729604187101124	0.6416382072922413	18.778440622260348
28000.0	9	20	13.444265929622322	0.539540619898741	18.71926714363438
28000.0	9	21	13.739065622940211	0.44490434287857167	18.760663140183926
28000.0	9	22	13.775548053479627	0.36614293450295476	18.853733693961463
28000.0	9	23	13.825874783489228	0.3079370167031264	18.924583130882354
28000.0	9	24	14.206147149700998	0.2764916263411877	18.88757695058153
28000.0	9	25	15.198572025643184	0.28620960249921723	18.67037525757597
28000.0	9	26	16.89087381749094	0.37267390348056106	18.243825030790433
28000.0	9	27	18.595287759270278	0.6264059079133645	17.629593067070683
28000.0	9	28	17.226247007648443	1.26170175904206	16.8567141699374
28000.0	9	29	9.117820232171269	2.542703324895882	15.920207437808962

28000.0	10	0	4.2130099762808335	2.75731512546635	17.134724919601076
28000.0	10	1	12.1046026343753	1.5590608078515606	15.68037012955423
28000.0	10	2	18.716174524148194	0.7587567425619959	15.170549532318844
28000.0	10	3	19.702137346041617	0.38361897858608107	15.346514125906964
28000.0	10	4	17.480735757801114	0.2253847416024086	15.871944942214546
28000.0	10	5	14.448119239844052	0.15999089697735824	16.558146795021806
28000.0	10	6	11.618607247584643	0.13702023953466339	17.30731161613181
28000.0	10	7	9.30354549269406	0.13850947866340577	18.064056896232838
28000.0	10	8	7.544555542232932	0.1598569082380635	18.787502749635436
28000.0	10	9	6.294774948546776	0.20222711927698186	19.436666656079005
28000.0	10	10	5.490764886849048	0.26865080038358413	19.967132467427657
28000.0	10	11	5.080503797367437	0.3607129456521865	20.33683503625269
28000.0	10	12	5.033885928827992	0.475188889308682	20.516752343794266
28000.0	10	13	5.3438279441745165	0.6014484176445659	20.500762159440054
28000.0	10	14	6.017109859801962	0.7211758442255743	20.310391056509935
28000.0	10	15	7.051358106624406	0.8117360421713	19.9928106642329
28000.0	10	16	8.399148338477858	0.8531646167950537	19.612561969896937
28000.0	10	17	9.933530556992542	0.8363927111229724	19.239239209506433
28000.0	10	18	11.444868436691081	0.7680135517343405	18.9341131508538
28000.0	10	19	12.695810951390456	0.6674187516059547	18.738371635864585
28000.0	10	20	13.521338464075795	0.5574726361890299	18.66501154282203
28000.0	10	21	13.91289110643955	0.4557020378403168	18.69527394579398
28000.0	10	22	14.032559430412821	0.3718257978654246	18.77935246817245
28000.0	10	23	14.16028376038056	0.3111814818911785	18.84224852204206
28000.0	10	24	14.606891823815845	0.28063719359660433	18.799293950266488
28000.0	10	25	15.58821026000847	0.29633209202792976	18.586681117649036
28000.0	10	26	16.932457401161326	0.3995726498280579	18.202813750842523
28000.0	10	27	17.22755567755939	0.6978946217035016	17.73711597180556
28000.0	10	28	12.79278543256197	1.4298443773883336	17.352578332775106
28000.0	10	29	4.2130099762808335	2.75731512546635	17.134724919601076

28000.0	11	0	1.8269308396832797	2.533034994353138	18.566876910283547
28000.0	11	1	8.371201102506058	1.573250504572716	16.28174303048649
28000.0	11	2	16.298322169159004	0.79741181747145	15.374825969667556
28000.0	11	3	18.621817230622696	0.4027741907778879	15.422717394690308
28000.0	11	4	16.905376245039285	0.2332060603958563	15.914908401587729
28000.0	11	5	14.028057106523125	0.16291999896360598	16.59009616724651
28000.0	11	6	11.267099388248083	0.13774038309521539	17.32914341558114
28000.0	11	7	9.001880480267532	0.1380433962524161	18.07396830042486
28000.0	11	8	7.282412232422386	0.1586220826011131	18.786681396351373
28000.0	11	9	6.059623317777927	0.20052633600851583	19.430070459153324
28000.0	11	10	5.268295656327658	0.26702141775701405	19.961959583621585
28000.0	11	11	4.8559588249443575	0.3602701951248494	20.33982988439783
28000.0	11	12	4.792966437591656	0.47789502805983886	20.531664130288338
28000.0	11	13	5.074107963485423	0.6100889183898134	20.52698069628353
28000.0	11	14	5.711399196367574	0.7387809512305797	20.342926751776908
28000.0	11	15	6.713867695404897	0.8403615044094354	20.02345244438176
28000.0	11	16	8.052704106938867	0.8924100362242698	19.631977499225748
28000.0	11	17	9.621871231835119	0.8826093457049293	19.23945917393853
28000.0	11	18	11.222824549607562	0.8151945163813582	18.91052310988772
28000.0	11	19	12.608287065518617	0.7096338715405379	18.69042989355417
28000.0	11	20	13.58541885016205	0.5911837758079281	18.595528942089185
28000.0	11	21	14.117799322822746	0.4804074083056624	18.608867236119156
28000.0	11	22	14.354618261436396	0.38924433702321654	18.680985000142492
28000.0	11	23	14.575319126140286	0.3242087507072954	18.73668195286469
28000.0	11	24	15.078985007201906	0.2928529249345659	18.692842341953913
28000.0	11	25	15.998630005845374	0.31226174698014125	18.49481707931793
28000.0	11	26	16.86432035967534	0.4257728971629668	18.17140054821324
28000.0	11	27	15.610260152651662	0.741306093567242	17.89161197036254
28000.0	11	28	9.028217874780482	1.4548325846609838	17.977525693583104
28000.0	11	29	1.8269308396832797	2.533034994353138	18.566876910283547

28000.0	12	0	0.8457963324289369	2.076449999007409	19.874739240116902
28000.0	12	1	6.004811639898973	1.4254444701511673	16.91145625801344
28000.0	12	2	14.23405002064435	0.7670565537451949	15.665487083566534
28000.0	12	3	17.379418912740906	0.3964933722712311	15.591859550909058
28000.0	12	4	16.070816180375672	0.23150533893279862	16.0383334357206
28000.0	12	5	13.391360047121374	0.1621643343707687	16.68603733130975
28000.0	12	6	10.764233247298474	0.1371198254322287	17.400035317255202
28000.0	12	7	8.602759012583686	0.13729254411718397	18.120467298708604
28000.0	12	8	6.960502171754726	0.15760425823772567	18.811856680733328
28000.0	12	9	5.789176747733628	0.19921993822518047	19.440380312150978
28000.0	12	10	5.02562249656294	0.2656935869039201	19.966447489206583
28000.0	12	11	4.619770111695331	0.3597954776864819	20.347792351736206
28000.0	12	12	4.543921857984526	0.48011613091009986	20.549726893930846
28000.0	12	13	4.794865695098138	0.6179829805036664	20.55701615679937
28000.0	12	14	5.388866309283052	0.7560929884654698	20.381459863825597
28000.0	12	15	6.345237359167321	0.8704332911272766	20.062453820187667
28000.0	12	16	7.654873782011429	0.9363370799719136	19.660838802378354
28000.0	12	17	9.238834872696646	0.9376288660343164	19.247797842969177
28000.0	12	18	10.920728236110865	0.8747846778152834	18.891035670379388
28000.0	12	19	12.452492861965688	0.7660094315062634	18.640700432426762
28000.0	12	20	13.611882700162633	0.6386566854449561	18.51803884782523
28000.0	12	21	14.322083920941022	0.517089243018041	18.509493256153213
28000.0	12	22	14.704900557046143	0.41647202204059985	18.567120481396163
28000.0	12	23	15.03016424476281	0.34511662724127584	18.61614670729381
28000.0	12	24	15.580993638131329	0.3113772012711391	18.574985560739805
28000.0	12	25	16.40403553882914	0.3327070271784275	18.397266262857997
28000.0	12	26	16.74486779505096	0.4513465188976177	18.1405392316042
28000.0	12	27	14.100909343251208	0.7610940742429468	18.050816439499705
28000.0	12	28	6.445121129211008	1.3700928922668134	18.592170430255017
28000.0	12	29	0.8457963324289369	2.076449999007409	19.874739240116902

28000.0	13	0	0.4613947511840796	1.6123199121391232	20.802707648191323
28000.0	13	1	4.693390197697034	1.210002013055427	17.46621373636962
28000.0	13	2	12.710137470046302	0.6911769246021443	16.009318412829366
28000.0	13	3	16.116743388842885	0.3705291762706814	15.845075225213934
28000.0	13	4	15.044641463531677	0.2219700366411648	16.241879245366125
28000.0	13	5	12.570342907995183	0.15836604207915275	16.84933615765846
28000.0	13	6	10.124303276515919	0.13551438221885898	17.52504001639104
28000.0	13	7	8.110955794245436	0.13655663080828886	18.209317022712682
28000.0	13	8	6.579263949628344	0.1571399481688779	18.869120434340353
28000.0	13	9	5.482574731654449	0.1987339372849106	19.4737306205885
28000.0	13	10	4.762234901278309	0.265206371512465	19.986248082316997
28000.0	13	11	4.3727726974089745	0.35990765790262075	20.365269543594096
28000.0	13	12	4.2897933490886695	0.4824154047269214	20.5740260949795
28000.0	13	13	4.512294367193613	0.6253688220037128	20.5925617188158
28000.0	13	14	5.05973771169236	0.7726550069133074	20.42676660710379
28000.0	13	15	5.959785106275932	0.9004769965627946	20.11048062942249
28000.0	13	16	7.22189001483437	0.9824240532856168	19.70065952460341
28000.0	13	17	8.797126927113496	0.9983047514668526	19.26742501326752
28000.0	13	18	10.540537712951856	0.9437040194476343	18.88086465191354
28000.0	13	19	12.214926663403938	0.8340187370385548	18.596370222259505
28000.0	13	20	13.572442717218628	0.697938244654385	18.441378505194635
28000.0	13	21	14.486735543969317	0.5641220198779967	18.407278265404514
28000.0	13	22	15.03744068230316	0.45199086815767936	18.44878302156888
28000.0	13	23	15.474673476147805	0.3723905357653525	18.49194606035299
28000.0	13	24	16.06433065128894	0.33472189561397014	18.456045845324986
28000.0	13	25	16.778529892354317	0.35660049766182017	18.300453501984563
28000.0	13	26	16.637092772453055	0.47773911101351574	18.10517026512274
28000.0	13	27	12.935908302661684	0.771572767729847	18.176922817831585
28000.0	13	28	4.910781698763412	1.2509399743194374	19.073788098044044
28000.0	13	29	0.4613947511840796	1.6123199121391232	20.802707648191323

28000.0	14	0	0.3158379255101177	1.2930298514195417	21.265750551801858
28000.0	14	1	4.071467302624666	1.0193582650427382	17.89762363690812
28000.0	14	2	11.67514652937443	0.6053532389595814	16.37967050554046
28000.0	14	3	14.89357901511798	0.3366669425359309	16.16803710631328
28000.0	14	4	13.893316865881738	0.20872567623103805	16.51950499164493
28000.0	14	5	11.614117971359414	0.1532322683242648	17.07948016120792
28000.0	14	6	9.377998849837464	0.13383443742438175	17.70666066424295
28000.0	14	7	7.543865047151018	0.136485183242684	18.344306336078105
28000.0	14	8	6.148201077703143	0.15782430993557633	18.96280227714246
28000.0	14	9	5.145415753985212	0.19971020883312857	19.534833167019578
28000.0	14	10	4.482364295291258	0.2663021756082823	20.026260112958227
28000.0	14	11	4.119406512931387	0.3614481328316883	20.396790146239276
28000.0	14	12	4.036398854729723	0.4856343674065388	20.608027849627348
28000.0	14	13	4.234752690424451	0.6328453710053173	20.63562741437336
28000.0	14	14	4.736158353050627	0.7884343594386585	20.479557285941233
28000.0	14	15	5.574287577537781	0.9294004608990253	20.16764895135388
28000.0	14	16	6.774256610026993	1.028302569231462	19.75201437411608
28000.0	14	17	8.316592057466398	1.0612636463846885	19.300425266493434
28000.0	14	18	10.093630688500276	1.0183239923373268	18.884282271033648
28000.0	14	19	11.89116628719139	0.910535889477221	18.564027257646803
28000.0	14	20	13.444912412923022	0.7666719615825182	18.374177858935795
28000.0	14	21	14.575258529464836	0.6197237185764823	18.31250908728203
28000.0	14	22	15.306299752821865	0.4942841540318187	18.337541816675085
28000.0	14	23	15.857915398302078	0.40453914089078236	18.376420081181703
28000.0	14	24	16.480874159923797	0.36127204851603567	18.348068631075744
28000.0	14	25	17.099163614786015	0.3823654823254014	18.21356770034368
28000.0	14	26	16.59220500962149	0.5054088199014631	18.065360451361315
28000.0	14	27	12.21532355866593	0.7866140412506819	18.246597000403757
28000.0	14	28	4.127370900382474	1.1666099868706918	19.35576311101534
28000.0	14	29	0.3158379255101177	1.2930298514195417	21.265750551801858

28000.0	15	0	0.28042672158759746	1.194225490375546	21.318239689307408
28000.0	15	1	3.9149209511692984	0.913117505675175	18.191664708697825
28000.0	15	2	11.010027507124176	0.5398590573594104	16.750809002269506
28000.0	15	3	13.729029232044697	0.3068358650189153	16.53991213371649
28000.0	15	4	12.68033412300294	0.19646207819664607	16.85855509322765
28000.0	15	5	10.58039844729424	0.14888207972088147	17.37062867831993
28000.0	15	6	8.566662810071255	0.13328344969516606	17.943457520670204
28000.0	15	7	6.928533336928267	0.13796299768368364	18.52633379352221
28000.0	15	8	5.68447005201711	0.1604644831867782	19.09490774718969
28000.0	15	9	4.78894956028088	0.20299604154515907	19.626337582205533
28000.0	15	10	4.194323180164198	0.26993378582914507	20.089600778064874
28000.0	15	11	3.86705259835204	0.36549176958561275	20.445477682551378
28000.0	15	12	3.791596933365593	0.4909037877603289	20.65406070954627
28000.0	15	13	3.971847277038094	0.6413995736517767	20.687103244088064
28000.0	15	14	4.43090907942312	0.8039095733675055	20.539230928429884
28000.0	15	15	5.20613532591708	0.9566945476247939	20.232453953988365
28000.0	15	16	6.334431685940879	1.072083038987194	19.813520289747487
28000.0	15	17	7.822309067905967	1.1232578661318977	19.34668213327494
28000.0	15	18	9.600973479215906	1.094669746494815	18.90331879071569
28000.0	15	19	11.489280324079893	0.9917919061210396	18.548176479811467
28000.0	15	20	13.219358636391725	0.8418840896262214	18.323217603085297
28000.0	15	21	14.56121397295455	0.6817070139255054	18.233816543905355
28000.0	15	22	15.473682981197932	0.5416319341327157	18.243472285546837
28000.0	15	23	16.13655127441863	0.43995865685389257	18.28067664275654
28000.0	15	24	16.79051977922054	0.3892127559427972	18.262452537253797
28000.0	15	25	17.348896095819537	0.4077846946687019	18.14648911722353
28000.0	15	26	16.646477877360468	0.5327786900534869	18.025346100242402
28000.0	15	27	11.967338287370113	0.813145253589347	18.25204019537153
28000.0	15	28	3.8840765346436363	1.157143649914253	19.42533842018774
28000.0	15	29	0.28042672158759746	1.194225490375546	21.318239689307408

28000.0	16	0	0.3256492520031993	1.3344695552441985	21.027441539434957
28000.0	16	1	4.152780663118473	0.9155055270424844	18.334770575623423
28000.0	16	2	10.642815622521587	0.5120438502268274	17.094173425599802
28000.0	16	3	12.647859664894465	0.2895251625360569	16.935642198828056
28000.0	16	4	11.469671618320454	0.18910266306137086	17.24125006922427
28000.0	16	5	9.529370178750922	0.14734994954446975	17.711622261357732
28000.0	16	6	7.736432795308574	0.1351673226268922	18.229337098107237
28000.0	16	7	6.297780241449491	0.1420456813151023	18.75270016517663
28000.0	16	8	5.210678852940874	0.1660749232958475	19.264630795545713
28000.0	16	9	4.428840359388634	0.20966813592143338	19.748239379829567
28000.0	16	10	3.9096360636793372	0.2772951706467305	20.17638853066977
28000.0	16	11	3.6252311350625233	0.3733648132902756	20.511047161133618
28000.0	16	12	3.564472686589891	0.4996350054882609	20.710920426495655
28000.0	16	13	3.733554152588441	0.652375196117431	20.74454496830927
28000.0	16	14	4.156277345375488	0.8200531649048407	20.60217851232257
28000.0	16	15	4.871567494454234	0.9825040215170834	20.300615853149527
28000.0	16	16	5.923987578280709	1.1125945775507742	19.88106190178754
28000.0	16	17	7.340727653213422	1.1815809345098283	19.40325430649022
28000.0	16	18	9.08942024322861	1.1688819896567395	18.937089678200536
28000.0	16	19	11.028161319724141	1.0737102614817622	18.550407233747098
28000.0	16	20	12.899385091024454	0.9201515688662345	18.29239542204074
28000.0	16	21	14.431949031675453	0.747565913514331	18.17689427224109
28000.0	16	22	15.515301984386397	0.5922060654055361	18.173551481447372
28000.0	16	23	16.28101352573218	0.4770975671541232	18.21260994418403
28000.0	16	24	16.966195630566837	0.4168327494659646	18.207660612760773
28000.0	16	25	17.51653999818451	0.4305125019390272	18.10747761031479
28000.0	16	26	16.821438842072304	0.556718109062904	17.99130534180234
28000.0	16	27	12.210511493095948	0.8498642200522996	18.195264125125806
28000.0	16	28	4.112577524389951	1.2319483861973024	19.290572055586942
28000.0	16	29	0.3256492520031993	1.3344695552441985	21.027441539434957

28000.0	17	0	0.4863553371645269	1.6875304718438036	20.38371871146713
28000.0	17	1	4.851783541802815	1.0193714754048457	18.301249634992523
28000.0	17	2	10.575171475957395	0.5256443881793881	17.381465593583943
28000.0	17	3	11.692840502700061	0.28885468159679906	17.33026324166914
28000.0	17	4	10.32443565770701	0.18933511147255727	17.647595025154786
28000.0	17	5	8.518949895956466	0.15039712945683015	18.08744881683552
28000.0	17	6	6.9334440955653385	0.14084336671713218	18.55395340341398
28000.0	17	7	5.686425728032344	0.14997702029823257	19.01692847834809
28000.0	17	8	4.7524411330456156	0.17592701333035957	19.46799534832669
28000.0	17	9	4.083839014013599	0.22108975500463332	19.897466233242888
28000.0	17	10	3.6424192854041815	0.2898645100899061	20.283159487205886
28000.0	17	11	3.4053618941403174	0.38665294621813273	20.58900300658796
28000.0	17	12	3.365310597804797	0.5134754515168599	20.773043489649798
28000.0	17	13	3.5302859140760434	0.6673698683471054	20.801574324726083
28000.0	17	14	3.9240082203370616	0.8381915801054836	20.66152173109103
28000.0	17	15	4.585081064949836	1.0075183078714378	20.365142576902098
28000.0	17	16	5.561789640986413	1.1494221103453637	19.948098917317054
28000.0	17	17	6.895961188416642	1.234357217933752	19.46480010987311
28000.0	17	18	8.586328533652008	1.2377457598128727	18.982180660496358
28000.0	17	19	10.532052223918708	1.152515086250424	18.56960669470046
28000.0	17	20	12.498420645378715	0.9981400154890689	18.282692681438125
28000.0	17	21	14.187293429406326	0.8149252408217829	18.144165931870468
28000.0	17	22	15.421129188869699	0.6444827960144653	18.130953379569036
28000.0	17	23	16.277440890833233	0.5148983740060844	18.175747785639444
28000.0	17	24	16.994891356414417	0.4430965402829443	18.187614269804786
28000.0	17	25	17.593053958440137	0.44893579922878146	18.101281653366925
28000.0	17	26	17.117360872602944	0.5737831666635412	17.96930800157243
28000.0	17	27	12.974032968645506	0.8883583947431011	18.083440590830264
28000.0	17	28	4.889023959924639	1.3727649108566748	18.956605277257857
28000.0	17	29	0.4863553371645269	1.6875304718438036	20.38371871146713

28000.0	18	0	0.8958714432049448	2.1758201040798677	19.35682408346241
28000.0	18	1	6.206909315722942	1.185576140007553	18.075749865130447
28000.0	18	2	10.844702100859648	0.5712884948691358	17.592844633679587
28000.0	18	3	10.909708708367239	0.3045365665128541	17.702890288306797
28000.0	18	4	9.301304799613348	0.1985305371555796	18.058167999933456
28000.0	18	5	7.6012524403518755	0.1595010285512898	18.48132273921716
28000.0	18	6	6.2006699915523775	0.15176088488490974	18.90390501787337
28000.0	18	7	5.128585793748515	0.1632519238085017	19.3090827383004
28000.0	18	8	4.336486302752263	0.19160873574245257	19.697689683768594
28000.0	18	9	3.7748693759045664	0.23894401697599027	20.067839732981206
28000.0	18	10	3.409340300771739	0.30939133060835866	20.403464025728677
28000.0	18	11	3.221338200189075	0.4071267159628596	20.67197596641523
28000.0	18	12	3.2065077305533314	0.5341611369223669	20.832273023461905
28000.0	18	13	3.373926188047932	0.6880100207915439	20.849668304181797
28000.0	18	14	3.74626715925622	0.8597145154399588	20.708723792489447
28000.0	18	15	4.3600170605369	1.0326636875808535	20.417779484435005
28000.0	18	16	5.263606360528204	1.1826866773934952	20.00704871431774
28000.0	18	17	6.507517960114538	1.2805566231018515	19.524945046585916
28000.0	18	18	8.114768005639078	1.2990333632326174	19.033969055562256
28000.0	18	19	10.023818188621421	1.2253342773709828	18.60315065020734
28000.0	18	20	12.032790798031373	1.0732888939056917	18.293158052389224
28000.0	18	21	13.83384491575703	0.8821878304529531	18.135510521416325
28000.0	18	22	15.191324408868297	0.6978267720743923	18.11545918061965
28000.0	18	23	16.125060172057015	0.5533422576163454	18.169264575321506
28000.0	18	24	16.875664218585545	0.4682191105794498	18.201221329983625
28000.0	18	25	17.567697794081838	0.4629222115611129	18.128211438256173
28000.0	18	26	17.500306292689967	0.5814086339936594	17.96454348663895
28000.0	18	27	14.267846046757068	0.9148591898977461	17.931130319242843
28000.0	18	28	6.43647406123576	1.53306532654006	18.441289724718533
28000.0	18	29	0.8958714432049448	2.1758201040798677	19.35682408346241

28000.0	19	0	1.9026700382174737	2.657444498935633	18.01711922221103
28000.0	19	1	8.4968482570003	1.3442200072165662	17.689162069758407
28000.0	19	2	11.464750184820556	0.6277827699129911	17.726213668844093
28000.0	19	3	10.328721273240042	0.3319351754910372	18.03979784633415
28000.0	19	4	8.445780499525586	0.21664390549199952	18.456192043597245
28000.0	19	5	6.820688744758846	0.17582167690407088	18.876511527046922
28000.0	19	6	5.5766044969110515	0.16946460501673952	19.263991779166503
28000.0	19	7	4.656618519622755	0.18360665331823675	19.616216541616485
28000.0	19	8	3.989962926713005	0.21496361585909413	19.94297671611307
28000.0	19	9	3.5248612792841567	0.26509603336445375	20.250126331998135
28000.0	19	10	3.2300245035323436	0.33766908214882213	20.528667319882086
28000.0	19	11	3.090369402602961	0.4364243440392389	20.751349668163158
28000.0	19	12	3.1036434176355874	0.5631192339731894	20.879903778684437
28000.0	19	13	3.2789685789765266	0.7154887263616524	20.88018929082074
28000.0	19	14	3.6367470214160638	0.8855689134118798	20.735428132299287
28000.0	19	15	4.209494262636261	1.0585876234027158	20.450684491015103
28000.0	19	16	5.042522531889016	1.2125862568170702	20.050891534445803
28000.0	19	17	6.1894800716077185	1.3197035399289336	19.577893378044298
28000.0	19	18	7.690538684370445	1.351499583987638	19.088264823639026
28000.0	19	19	9.519436836567142	1.2905000957537962	18.648544389092237
28000.0	19	20	11.514475210176707	1.1442964197787762	18.322501567572708
28000.0	19	21	13.377232599714029	0.949059134129741	18.149773812617923
28000.0	19	22	14.828889890621088	0.7529731477107897	18.124844934233558
28000.0	19	23	15.830074366337117	0.5938493011100138	18.18916187133081
28000.0	19	24	16.616136342194014	0.4939799813264135	18.243184972210265
28000.0	19	25	17.428356434780437	0.4741437905066995	18.184372042418854
28000.0	19	26	17.894792962622073	0.578845924083093	17.981380128958023
28000.0	19	27	16.010733354219518	0.9140295825285487	17.764894787660836
28000.0	19	28	9.081403564967209	1.6423269291697165	17.808229811381068
28000.0	19	29	1.9026700382174737	2.657444498935633	18.01711922221103

28000.0	20	0	4.24401096347311	2.9349252823445737	16.577656360852558
28000.0	20	1	11.898202387414855	1.4142607554335678	17.23113436320082
28000.0	20	2	12.372977389363212	0.6684240527708329	17.801647557623046
28000.0	20	3	9.957872186573882	0.3631776296136785	18.33641580658269
28000.0	20	4	7.791710765550607	0.2422064009884631	18.828864622277464
28000.0	20	5	6.2144723710198075	0.2000427664004502	19.25738162151478
28000.0	20	6	5.09604760961358	0.19539289108406097	19.617862719204776
28000.0	20	7	4.3019801918893625	0.21273086932283597	19.92250313700089
28000.0	20	8	3.7412405069544064	0.24767591167166353	20.189430575019095
28000.0	20	9	3.359509161713442	0.3010370236948325	20.43173056733246
28000.0	20	10	3.127842042904777	0.37585007640315365	20.647936432956513
28000.0	20	11	3.033822000617131	0.4752707316201524	20.817680649255934
28000.0	20	12	3.0763442875268243	0.6006383758709568	20.9075039544528
28000.0	20	13	3.263358083017727	0.7497381724711958	20.88550861883401
28000.0	20	14	3.6114477972874077	0.9154762805368903	20.734763700821883
28000.0	20	15	4.147096120697126	1.0849477404522112	20.457804369429656
28000.0	20	16	4.909447299213959	1.2387730047022916	20.074550806394793
28000.0	20	17	5.950533090168583	1.3513697307286123	19.61980558541918
28000.0	20	18	7.3210797884888725	1.3945393763167993	19.142725108214368
28000.0	20	19	9.025062319234115	1.3474021624714163	18.70493213518581
28000.0	20	20	10.946068982260673	1.211128880419575	18.370752086484796
28000.0	20	21	12.815129478900882	1.0166446053850917	18.18660510929206
28000.0	20	22	14.33112669802366	0.8121600749644264	18.15688119898613
28000.0	20	23	15.39691671676663	0.6393787786842993	18.230338755631752
28000.0	20	24	16.226905210696106	0.5237217565100111	18.305909970769484
28000.0	20	25	17.16558534407689	0.4860435088397574	18.26287447005173
28000.0	20	26	18.19627402483622	0.568108175099706	18.022932543197516
28000.0	20	27	17.957063389994794	0.8764739127641344	17.62086953993786
28000.0	20	28	13.022815849822567	1.6312740658556886	17.17165110367113
28000.0	20	29	4.24401096347311	2.9349252823445737	16.577656360852558

28000.0	21	0	8.895322659168533	2.8290093628744684	15.32139595137849
28000.0	21	1	16.115190803385918	1.3472055829311498	16.82081852792287
28000.0	21	2	13.416778703059869	0.6738582425524486	17.855315970844718
28000.0	21	3	9.790542673719152	0.3903123650916701	18.596831880498566
28000.0	21	4	7.366020522093655	0.2727879166446084	19.167463389831816
28000.0	21	5	5.8162555516602845	0.23209948143742998	19.609233507864637
28000.0	21	6	4.793382280893805	0.23030631425735532	19.947647954860283
28000.0	21	7	4.098169823305243	0.25145674000206386	20.208821342620233
28000.0	21	8	3.6223689252218567	0.2902334171888241	20.418537522791446
28000.0	21	9	3.3091653506462126	0.346660383225714	20.59633661788008
28000.0	21	10	3.13129671795165	0.4231041315842435	20.74802661748166
28000.0	21	11	3.0782244612316494	0.5221057906770386	20.86083154881578
28000.0	21	12	3.148982651616524	0.644557278745959	20.907559763249026
28000.0	21	13	3.3489039434019823	0.788256933052687	20.860135915231346
28000.0	21	14	3.688825396107188	0.9469478916856852	20.7027488905473
28000.0	21	15	4.186843517798759	1.1096213657176035	20.436294960317287
28000.0	21	16	4.873081467940492	1.2597176972499988	20.076148970368823
28000.0	21	17	5.7940805952626055	1.3746250264371622	19.64984487822773
28000.0	21	18	7.005639432805669	1.4276610449367766	19.197784141837285
28000.0	21	19	8.536749090198278	1.3959500574963717	18.774102640843946
28000.0	21	20	10.319185149225078	1.2744777545518546	18.44056176416073
28000.0	21	21	12.133021758518701	1.0869647967202414	18.24822663793082
28000.0	21	22	13.68152446068404	0.8787866365758255	18.211600804401122
28000.0	21	23	14.816904488775098	0.6942210759779095	18.289241089980496
28000.0	21	24	15.711052386432414	0.5621848635794293	18.38222853715015
28000.0	21	25	16.773402749932142	0.5037434935745458	18.355838552686453
28000.0	21	26	18.30396255590995	0.5549034806158196	18.08993433369127
28000.0	21	27	19.711984255614396	0.8071196742363824	17.533061031252256
28000.0	21	28	17.864608907779072	1.4776588836864155	16.657225887865255
28000.0	21	29	8.895322659168533	2.8290093628744684	15.32139595137849

28000.0	22	0	15.80225515138715	2.345253081851993	14.46964326568732
28000.0	22	1	20.190177508100117	1.1674581635834391	16.55281340196807
28000.0	22	2	14.405792927632984	0.6442939384292367	17.92371738752286
28000.0	22	3	9.822500770138143	0.4094727829976215	18.829235911342938
28000.0	22	4	7.1972103475079265	0.3059814962078963	19.46506036596754
28000.0	22	5	5.662917713383975	0.27084740670523266	19.91630701792683
28000.0	22	6	4.708583729085768	0.27329265352751325	20.232364386772563
28000.0	22	7	4.085906667431467	0.2983350194228228	20.45192533076859
28000.0	22	8	3.6732254132278555	0.34022255775967014	20.607675466065036
28000.0	22	9	3.41180808809124	0.3984250677365397	20.72448742770226
28000.0	22	10	3.275811902226591	0.4748011337678063	20.8142781209866
28000.0	22	11	3.2559907204848217	0.5714198343387854	20.871354843152332
28000.0	22	12	3.3504960191149125	0.6888526015259269	20.87523268773579
28000.0	22	13	3.560365468077646	0.8250042676078684	20.802699999488773
28000.0	22	14	3.8883707934647407	0.974487279111861	20.640226030517198
28000.0	22	15	4.341604414101076	1.1281645004810448	20.3881411023869
28000.0	22	16	4.938617463554731	1.2723239443928258	20.058149795862114
28000.0	22	17	5.717750324588653	1.3876678823829434	19.670834623921753
28000.0	22	18	6.735969628273665	1.4499838751933045	19.256989128073435
28000.0	22	19	8.042298531693755	1.4358233299257364	18.860820691321067
28000.0	22	20	9.616607855851463	1.33474575461673	18.537936334537413
28000.0	22	21	11.304297899731232	1.1618393222803856	18.340914705813354
28000.0	22	22	12.844093511616904	0.9564889988651413	18.293669470448922
28000.0	22	23	14.054947263232874	0.7634398045042243	18.36698811351847
28000.0	22	24	15.046133915315469	0.6152690466488026	18.468905655498624
28000.0	22	25	16.236897168446145	0.534029857245049	18.45741381817994
28000.0	22	26	18.1496535893326	0.5488936861586603	18.180619163485407
28000.0	22	27	20.889044739803563	0.7271935401478138	17.520671117726163
28000.0	22	28	22.415053059978142	1.2344363273048615	16.34659889876346
28000.0	22	29	15.80225515138715	2.345253081851993	14.46964326568732

28000.0	23	0	22.603705393657048	1.7529130720734547	14.081110879679672
28000.0	23	1	23.04281830755769	0.9622068122340107	16.46030610273
28000.0	23	2	15.210101059049263	0.6001501631350158	18.027845165790463
28000.0	23	3	10.065934428421722	0.42326253688601534	19.037758777541328
28000.0	23	4	7.323538424603733	0.3404270721635992	19.710895702892554
28000.0	23	5	5.802994352843491	0.3137821136948656	20.15744636354065
28000.0	23	6	4.895238623301088	0.3206384712028687	20.445158191553382
28000.0	23	7	4.3198541750972	0.34804862333071823	20.62361313581549
28000.0	23	8	3.946327792104152	0.3906088588523645	20.731070478465437
28000.0	23	9	3.7156096946753006	0.44776624057293674	20.795772721005708
28000.0	23	10	3.6040041329557644	0.5212376430757936	20.833391506172184
28000.0	23	11	3.603618660115782	0.6128939377943678	20.843377627567996
28000.0	23	12	3.7109443200618437	0.7232040988758607	20.81106957005085
28000.0	23	13	3.920964682084935	0.8503260127220313	20.718301061933705
28000.0	23	14	4.225797912728848	0.9897593347747443	20.554713852983163
28000.0	23	15	4.6187319143217	1.13408116798057	20.32141011597249
28000.0	23	16	5.104563625863092	1.2721529209877733	20.027978104749064
28000.0	23	17	5.712034066159221	1.3878659204248083	19.689299214877636
28000.0	23	18	6.497274855371193	1.4599521227853354	19.326640379050296
28000.0	23	19	7.524849374744582	1.4657096088403108	18.972404916410824
28000.0	23	20	8.818452425624965	1.3907017181377503	18.672251555274165
28000.0	23	21	10.297053266769604	1.241069574431332	18.476011449259044
28000.0	23	22	11.765058821649658	1.047315174557989	18.41475728500253
28000.0	23	23	13.039325825302734	0.8515512704509558	18.47306399431354
28000.0	23	24	14.160295618752809	0.6893739949867234	18.571239363338687
28000.0	23	25	15.499945627043717	0.585113242844577	18.56855863072394
28000.0	23	26	17.683047658005215	0.5627091481242714	18.294212986656568
28000.0	23	27	21.281887866208983	0.6665608944589597	17.586087682376426
28000.0	23	28	25.405968803132033	1.0002493686629266	16.252545078339207
28000.0	23	29	22.603705393657048	1.7529130720734547	14.081110879679672

28000.0	24	0	26.58860564953283	1.338959537508049	14.073715736457062
28000.0	24	1	24.239597688244515	0.819590247032807	16.525989184380713
28000.0	24	2	15.796322391055517	0.5702560110374797	18.168545756392533
28000.0	24	3	10.541595596503067	0.439898736029549	19.214092968074485
28000.0	24	4	7.793277440130224	0.3764389810088591	19.88257465404377
28000.0	24	5	6.302030136220379	0.3571584888694121	20.300469787412187
28000.0	24	6	5.4267180755423	0.3654573686077643	20.55052932543313
28000.0	24	7	4.872878266992171	0.3910019041564674	20.690742671202663
28000.0	24	8	4.507727496697192	0.42969350880849627	20.761916512225795
28000.0	24	9	4.276019153179268	0.4816443726133521	20.792021804150124
28000.0	24	10	4.159232113187407	0.5488191980941953	20.796672271872488
28000.0	24	11	4.152479179085419	0.6331134618636444	20.777188466869873
28000.0	24	12	4.250660923235546	0.7350422409880195	20.72265386353385
28000.0	24	13	4.441241341870692	0.8530886671984469	20.619287531436278
28000.0	24	14	4.702985925450272	0.983560196913264	20.460519826666655
28000.0	24	15	5.012259698341629	1.1204261355073375	20.249902939174056
28000.0	24	16	5.357905433284262	1.2545412711524666	19.99733662434697
28000.0	24	17	5.758655356283729	1.3723536990102772	19.71450307635482
28000.0	24	18	6.269834234475069	1.455399566972514	19.414602136911036
28000.0	24	19	6.968159451069412	1.4827402133696075	19.117464715297732
28000.0	24	20	7.912508192574169	1.438037397206872	18.85530999147046
28000.0	24	21	9.090777007593303	1.3199036026832016	18.66998824338307
28000.0	24	22	10.391618996582924	1.1484290316707495	18.595370827747537
28000.0	24	23	11.669831377762767	0.9593746378088321	18.629304652630957
28000.0	24	24	12.916969845738238	0.7891059903073683	18.709016590561156
28000.0	24	25	14.419917067372115	0.6651437015516338	18.70453037626303
28000.0	24	26	16.793768349565152	0.6097816507819079	18.440098369052716
28000.0	24	27	20.827766955805973	0.6530359611480716	17.728734419934003
28000.0	24	28	26.36064054007971	0.8572252659174124	16.34624618652634
28000.0	24	29	26.58860564953283	1.338959537508049	14.073715736457062

28000.0	25	0	26.931892820153923	1.207831618548493	14.347824619441225
28000.0	25	1	23.87974753554365	0.7880324297930015	16.72918712555953
28000.0	25	2	16.113706153733666	0.580188563801681	18.33722925572108
28000.0	25	3	11.229553187173437	0.47083957521628345	19.335125237916703
28000.0	25	4	8.644806994696058	0.41645871100702025	19.941719991811965
28000.0	25	5	7.234749105464603	0.3971183553408823	20.300099882835287
28000.0	25	6	6.390595538432635	0.39935157287216894	20.505145945298885
28000.0	25	7	5.827472925733728	0.41587545273840865	20.617880689139472
28000.0	25	8	5.423634066826148	0.4447276068236517	20.675421780534123
28000.0	25	9	5.138050574888	0.48707429694793414	20.699554251871103
28000.0	25	10	4.965110627547166	0.5451642808423648	20.700752255764563
28000.0	25	11	4.907423321335958	0.6208438085564584	20.678218253259963
28000.0	25	12	4.959791073550461	0.7146092036467808	20.62213144348735
28000.0	25	13	5.101204294660717	0.8251942303140138	20.52193474294182
28000.0	25	14	5.294113685813956	0.9495358831733031	20.37522945545259
28000.0	25	15	5.493817205293726	1.0825896310548224	20.18993569145993
28000.0	25	16	5.6698044353148855	1.216455578576221	19.97948348720432
28000.0	25	17	5.830371702962191	1.3390952663463835	19.75615932983065
28000.0	25	18	6.032115322927941	1.4340092371912116	19.52819328038072
28000.0	25	19	6.363141638614938	1.4824010518099158	19.30369259133102
28000.0	25	20	6.906999423600959	1.4683873007675352	19.098979215034422
28000.0	25	21	7.702270739146922	1.3863758716936296	18.942424552680777
28000.0	25	22	8.716405062761458	1.2472553850414811	18.864325136317326
28000.0	25	23	9.870742977167252	1.0777060025225096	18.872199583909573
28000.0	25	24	11.149571272134366	0.9109694446648529	18.922491713271025
28000.0	25	25	12.7546653854054	0.7768333188123656	18.90496293030858
28000.0	25	26	15.215770607437637	0.6996093152733012	18.65318762093994
28000.0	25	27	19.356529777229923	0.7057179174076099	17.97118372588049
28000.0	25	28	25.3417540793136	0.844019135766324	16.61342557396802
28000.0	25	29	26.931892820153923	1.207831618548493	14.347824619441225

28000.0	26	0	22.712063750323455	1.383878252920748	14.88457932176665
28000.0	26	1	21.772301358623377	0.8894315222950168	17.09127584795183
28000.0	26	2	15.898349499886875	0.6490858392797425	18.53674583232536
28000.0	26	3	11.982488688490585	0.5291354299911133	19.37204925266939
28000.0	26	4	9.858872955305038	0.4656673347138829	19.840481440784714
28000.0	26	5	8.65434323696666	0.43196852374188976	20.105424396602427
28000.0	26	6	7.8606894830571585	0.4164442450326578	20.265474961471778
28000.0	26	7	7.244333848269821	0.41536691884156407	20.3729647091556
28000.0	26	8	6.725803593380241	0.4288605220336069	20.451015617765194
28000.0	26	9	6.301694361821965	0.4585586667845466	20.50761200726308
28000.0	26	10	5.99419130960311	0.5063625316253647	20.54279071164319
28000.0	26	11	5.8208127475270794	0.5736449291206046	20.54999124253753
28000.0	26	12	5.77853313765135	0.6606588813185519	20.51803799598022
28000.0	26	13	5.836779473615675	0.7662466347055102	20.438216114895724
28000.0	26	14	5.937823234189484	0.887795499900479	20.31226384864698
28000.0	26	15	6.009743814330284	1.0209069615087003	20.154194063564024
28000.0	26	16	5.9966180201018435	1.158226579162434	19.984517569023385
28000.0	26	17	5.894595884897951	1.287979213837825	19.820904791067566
28000.0	26	18	5.765762973169867	1.3940984385847137	19.67126766982434
28000.0	26	19	5.713726947235447	1.4592879633278735	19.53470436344427
28000.0	26	20	5.8394954608114364	1.469915160270196	19.410917135960826
28000.0	26	21	6.2074943143370795	1.4206150401653261	19.31023832635017
28000.0	26	22	6.832895994030562	1.317522806318984	19.252302085403738
28000.0	26	23	7.695938879325058	1.1788658707570578	19.2480321365236
28000.0	26	24	8.801959116408229	1.0312667736946255	19.27203927928569
28000.0	26	25	10.293582956918716	0.9035506601979278	19.240734299930317
28000.0	26	26	12.587340131090778	0.8236583507138305	19.01023788730845
28000.0	26	27	16.444955927909447	0.8245945754705495	18.386969015645253
28000.0	26	28	22.056629141559597	0.9695667806082895	17.100661978385542
28000.0	26	29	22.712063750323455	1.383878252920748	14.88457932176665

28000.0	27	0	10.278674836652138	1.8106973506040456	16.034735730215186
28000.0	27	1	16.45873184334375	1.1071353300108788	17.72619568269702
28000.0	27	2	14.584070656767631	0.7834140283568651	18.783491318269693
28000.0	27	3	12.490278611414482	0.6274761830634884	19.290049201916485
28000.0	27	4	11.317571958081487	0.5321290126471037	19.523327091921548
28000.0	27	5	10.556578970281025	0.4643513324194393	19.661357995947608
28000.0	27	6	9.862498390739056	0.4175788278357882	19.7856573432765
28000.0	27	7	9.128256025151973	0.39157476025396254	19.91998795238756
28000.0	27	8	8.382359501957136	0.38657366290245404	20.06041221341216
28000.0	27	9	7.702140902927195	0.40275906777983805	20.193692682629095
28000.0	27	10	7.15930340770979	0.4405390033994582	20.305200538181488
28000.0	27	11	6.794066610898641	0.5003346524998943	20.379815622165513
28000.0	27	12	6.606298840400437	0.5820219233029499	20.40268861018381
28000.0	27	13	6.553223636539399	0.6845007541179944	20.36503541663839
28000.0	27	14	6.55170596965943	0.8055151906869016	20.27192076329733
28000.0	27	15	6.494452527222031	0.941111976658852	20.144561820377344
28000.0	27	16	6.291114202855987	1.0839715119784552	20.01391658268632
28000.0	27	17	5.92208733675381	1.2213522008882671	19.908238022188396
28000.0	27	18	5.461330676047	1.3355720461777223	19.84084407352129
28000.0	27	19	5.038444329313881	1.4090241124381189	19.806135235298328
28000.0	27	20	4.772458718048622	1.4307704533240178	19.78839222961535
28000.0	27	21	4.733465691357794	1.399619264090484	19.77732437198951
28000.0	27	22	4.944584818544978	1.3230666245131097	19.776211985696005
28000.0	27	23	5.404304952174134	1.2152916435009777	19.79299372800224
28000.0	27	24	6.12348819902715	1.0958424286771138	19.817575556136287
28000.0	27	25	7.192794791940454	0.9887791572746277	19.79744870961933
28000.0	27	26	8.89945142334381	0.9240885694780128	19.62104607258052
28000.0	27	27	11.798175062018508	0.9493256028209655	19.102532838627354
28000.0	27	28	15.20533820520856	1.172739704930671	17.964544303411778
28000.0	27	29	10.278674836652138	1.8106973506040456	16.034735730215186

28000.0	28	0	0.28122709107998756	1.610056486339673	20.46290619256002
28000.0	28	1	6.35549173958696	1.2293796254081824	19.089957978104163
28000.0	28	2	11.220263900801712	0.9554268974071148	18.99460707184347
28000.0	28	3	12.290371424136607	0.7757005345228579	18.94258155522732
28000.0	28	4	12.742479076006648	0.6266034562813294	18.846504407154494
28000.0	28	5	12.789693732535822	0.5024012317426637	18.834482997627315
28000.0	28	6	12.293331421015512	0.4118703141662242	18.941898318665164
28000.0	28	7	11.375113426595822	0.3564140424790508	19.143740335703292
28000.0	28	8	10.276176537887089	0.3321903225509148	19.398261601823975
28000.0	28	9	9.215925513675648	0.33525093400946826	19.665510122544415
28000.0	28	10	8.34024803939258	0.36344973455035356	19.91214976024089
28000.0	28	11	7.717129450508972	0.4160796219385961	20.10975015984095
28000.0	28	12	7.346496368747021	0.49275607769016944	20.23436761293491
28000.0	28	13	7.168626328361102	0.5925229725898419	20.273254942509737
28000.0	28	14	7.06950987849433	0.713443387966198	20.233890837444104
28000.0	28	15	6.898523322867573	0.8518781102255951	20.146425413126156
28000.0	28	16	6.520975041840233	1.0002097032790154	20.056016562174126
28000.0	28	17	5.896912778745044	1.1437080402645485	20.006876199054894
28000.0	28	18	5.120588854336685	1.2609155110769752	20.023805827554668
28000.0	28	19	4.363678636828864	1.331344966498132	20.1015764362823
28000.0	28	20	3.7712627714486917	1.3458061348884152	20.211535949439615
28000.0	28	21	3.4092276549736886	1.3095603758062861	20.32222200951349
28000.0	28	22	3.280939275462118	1.2365193316797896	20.417605254805398
28000.0	28	23	3.3650638856806836	1.1418664374116037	20.498812140727786
28000.0	28	24	3.6458304646539386	1.0393346764268012	20.56903717493473
28000.0	28	25	4.146009444940819	0.9437390953394672	20.60914722633799
28000.0	28	26	4.967945689974477	0.8783961564043886	20.545424967268016
28000.0	28	27	6.037790930129571	0.8937552338552119	20.234917411052617
28000.0	28	28	4.728031551841017	1.1069401413516007	19.78187864030616
28000.0	28	29	0.28122709107998756	1.610056486339673	20.46290619256002

28000.0	29	0	2.379763454337703E-13	0.03767656106653137	24.518180361575713
28000.0	29	1	0.20902794539063738	0.8827097503591984	22.370206765852238
28000.0	29	2	4.950240875565248	1.1194387887549666	18.73756624965204
28000.0	29	3	9.970439342630218	0.9847326710089064	17.890737876434834
28000.0	29	4	12.703723262876139	0.7634127644961164	17.466449363286376
28000.0	29	5	13.981818041049767	0.5607423355798449	17.319717675652115
28000.0	29	6	13.95479106397858	0.41529300328982777	17.440885712052626
28000.0	29	7	13.019639351855385	0.32653021200098525	17.762683070042794
28000.0	29	8	11.685718965035644	0.28193336295272264	18.20722856781183
28000.0	29	9	10.34027907546609	0.2711930562214518	18.70480221167495
28000.0	29	10	9.209576934893665	0.28896891051851914	19.194864298860196
28000.0	29	11	8.389652179695974	0.3334502331172564	19.62091633525732
28000.0	29	12	7.882025117837967	0.4041699977155686	19.93386836305947
28000.0	29	13	7.615841619813158	0.5003955168237878	20.109433026918513
28000.0	29	14	7.452659083795822	0.6204323285952085	20.159904319896665
28000.0	29	15	7.199941636861823	0.7608015830527999	20.13070344441244
28000.0	29	16	6.6745541167771725	0.9133678399590563	20.08744247857067
28000.0	29	17	5.815230040812153	1.0607678679375432	20.0960530021508
28000.0	29	18	4.748896797839389	1.1761602994923797	20.198320178353317
28000.0	29	19	3.7094399458187133	1.2339465517423112	20.393920572782942
28000.0	29	20	2.878774823852316	1.2253794937414169	20.64387026967693
28000.0	29	21	2.3144828497895853	1.1630113352834277	20.896130235728364
28000.0	29	22	1.987816095850332	1.069810981589909	21.11468182004974
28000.0	29	23	1.8435764030985495	0.9646115781143192	21.2925544966854
28000.0	29	24	1.8313032729823464	0.8550452218741057	21.44457150510532
28000.0	29	25	1.9118293209787944	0.7396872929345073	21.58231937435231
28000.0	29	26	2.002544539383969	0.6149321092050003	21.673801419674998
28000.0	29	27	1.5594399572089432	0.478387588347944	21.80304878928028
28000.0	29	28	0.11873644893614366	0.3057130842985722	24.1875258799822
28000.0	29	29	2.379763454337703E-13	0.03767656106653137	24.518180361575713

