30000.0	0	0	3.1492313703660624E-7	6.929613576573134E-7	3.166425421554557
30000.0	0	1	0.17916584312188696	0.17001731567548553	23.385751218816903
30000.0	0	2	1.9800057241499853	0.2691573735470922	21.549957422264736
30000.0	0	3	2.387317844402557	0.3395152913013698	21.54282816097239
30000.0	0	4	2.082642005865564	0.40624067870124514	21.6353585110756
30000.0	0	5	1.836028235739779	0.4760567381953853	21.59747375752853
30000.0	0	6	1.7140428629841713	0.5606092659010855	21.50445508777773
30000.0	0	7	1.7213154468081973	0.6749260135700197	21.3894010151145
30000.0	0	8	1.8935763928208988	0.8287830273013272	21.22153099004206
30000.0	0	9	2.3086533832587515	1.015743717761082	20.941959158905917
30000.0	0	10	3.10194033552379	1.2035945510789776	20.511284721341486
30000.0	0	11	4.462304780847936	1.3352459017721043	19.952275311152135
30000.0	0	12	6.5371978459596205	1.3516026390803202	19.357663193772115
30000.0	0	13	9.199943526481638	1.2335946383132839	18.85023933899818
30000.0	0	14	11.88337355046507	1.0262252346332525	18.520857443196427
30000.0	0	15	13.862847988683589	0.8058488077445274	18.391661579078058
30000.0	0	16	14.785431243011585	0.6253407096716662	18.428087537716497
30000.0	0	17	14.788303619664138	0.498942518149205	18.574423076259883
30000.0	0	18	14.219536111766248	0.4196323572072217	18.77905577209003
30000.0	0	19	13.392089437377358	0.37557643931026685	19.003249607407863
30000.0	0	20	12.50826895608317	0.35668450564976756	19.221798850537304
30000.0	0	21	11.675438862892694	0.3556015566452452	19.421198284410924
30000.0	0	22	10.938585911760402	0.36708098627914165	19.59693329950074
30000.0	0	23	10.303879345651042	0.3872747722537179	19.7507660732128
30000.0	0	24	9.765957662287539	0.4131770216614674	19.885869735467722
30000.0	0	25	9.350836276216468	0.44254683262312045	19.98783426789128
30000.0	0	26	8.888613580149748	0.47579228704101667	20.01700901673177
30000.0	0	27	6.156320331015268	0.5102099828838833	20.20981881380007
30000.0	0	28	0.3958925583463709	0.43159584309495497	22.41062343865559
30000.0	0	29	3.1492313703660624E-7	6.929613576573134E-7	3.166425421554557

30000.0	1	0	0.20717629968469828	1.077184282939601	22.48336412101613
30000.0	1	1	2.7926644060952035	0.793287421176048	21.190233127696416
30000.0	1	2	4.457448380882726	0.6240089220635691	21.073722640709803
30000.0	1	3	4.017390822438756	0.5667845947825881	21.302794837854712
30000.0	1	4	3.4481398185564083	0.566478720542013	21.422006555667473
30000.0	1	5	3.074444477566158	0.5961993775706756	21.43648899075012
30000.0	1	6	2.874377036278921	0.6489886070144012	21.397265619085324
30000.0	1	7	2.8435116245493393	0.7263115743801736	21.31246256168042
30000.0	1	8	3.0127070430786467	0.8291411802253319	21.161534742408303
30000.0	1	9	3.44213582275997	0.9498330201307382	20.91808167382453
30000.0	1	10	4.218658727803534	1.06631716719082	20.57234353427972
30000.0	1	11	5.430935022699539	1.143690040350757	20.15011433483522
30000.0	1	12	7.092875353223303	1.1482259825807022	19.71439143594015
30000.0	1	13	9.032654318899121	1.06973465498696	19.34285464069194
30000.0	1	14	10.872143495938134	0.9329552724217595	19.0936685265069
30000.0	1	15	12.210823502414884	0.7815001720841639	18.983793865634894
30000.0	1	16	12.865295819461505	0.6498524242609086	18.99310791536739
30000.0	1	17	12.91219973199153	0.5518152113662056	19.083955802372785
30000.0	1	18	12.556086435832086	0.4866041265112985	19.21837910627411
30000.0	1	19	12.000295716866711	0.44783617953658333	19.366527430876072
30000.0	1	20	11.394204263390177	0.428544800681959	19.508620498746087
30000.0	1	21	10.832371936520506	0.4229352217481381	19.633553331742807
30000.0	1	22	10.369139626170233	0.4268822973264735	19.73604213297699
30000.0	1	23	10.029517681631757	0.4383179045585841	19.81411730378108
30000.0	1	24	9.818236585984929	0.4578956597642066	19.867074729503674
30000.0	1	25	9.742794150621272	0.49041909926715	19.88697363835614
30000.0	1	26	9.74801401469383	0.5492592684014346	19.8448136247646
30000.0	1	27	8.865308383193085	0.6660890779369679	19.7788924275307
30000.0	1	28	3.984276212843377	0.8768257553444332	20.293156611750995
30000.0	1	29	0.20717629968469828	1.077184282939601	22.48336412101613

30000.0	2	0	4.435302028124189	1.5531870040711595	19.191725727591844
30000.0	2	1	7.194978411230499	1.081985123434419	19.845485783220177
30000.0	2	2	6.899894364441784	0.8122289850533938	20.434297383930907
30000.0	2	3	5.869918235859764	0.6879367915512938	20.81524618274
30000.0	2	4	5.074745445153315	0.643903903666646	21.017220395214164
30000.0	2	5	4.543871676248523	0.6446889343911334	21.113127248181996
30000.0	2	6	4.228361425926316	0.6731723722178268	21.141124460944233
30000.0	2	7	4.118023335011137	0.7216740462532951	21.10860453158913
30000.0	2	8	4.226159533688594	0.7854638567792451	21.01011315405149
30000.0	2	9	4.579117623416191	0.8572508964785762	20.84000741665639
30000.0	2	10	5.206798737755564	0.9237136285060464	20.602771990599564
30000.0	2	11	6.1194271770204205	0.9664403373640165	20.320613936757677
30000.0	2	12	7.267995568772793	0.9687200361508899	20.032816163664823
30000.0	2	13	8.511782814217238	0.9253221388793277	19.78433399811746
30000.0	2	14	9.639597077638129	0.8473022201246588	19.609255587733358
30000.0	2	15	10.458731769603185	0.755925856713264	19.519572780396356
30000.0	2	16	10.884625746365218	0.6707757407666153	19.505642525384843
30000.0	2	17	10.954981723893876	0.6026096627568711	19.545308545447206
30000.0	2	18	10.778035225814788	0.5538112280881121	19.614047238213278
30000.0	2	19	10.474571711833399	0.5219729327529111	19.691444603547385
30000.0	2	20	10.146694426200282	0.5029436213056275	19.763441001185704
30000.0	2	21	9.871023501846006	0.49266043795381476	19.821382165600006
30000.0	2	22	9.70274068086654	0.48836826723962706	19.85924766167132
30000.0	2	23	9.679022323017138	0.48983213297517264	19.870930300732386
30000.0	2	24	9.817384071647782	0.5008520588077077	19.84919309850894
30000.0	2	25	10.115745445051473	0.5314775729716683	19.784223308881664
30000.0	2	26	10.535129281376426	0.6025177340293209	19.656202674413326
30000.0	2	27	10.720626128535606	0.7555753623837278	19.440434768562632
30000.0	2	28	9.063231873973331	1.0619575169137425	19.20589901703308
30000.0	2	29	4.435302028124189	1.5531870040711595	19.191725727591844

30000.0	3	0	10.138121401069727	1.5833430258720074	17.95029850486661
30000.0	3	1	10.67640302143555	1.1275067367014948	19.022039602613184
30000.0	3	2	9.294325727438009	0.8442185842163669	19.795443008329148
30000.0	3	3	7.829920277311556	0.6954368387616805	20.29279032060325
30000.0	3	4	6.737055976823569	0.6305916812576771	20.604848762740147
30000.0	3	5	5.980879350886811	0.6153591221243578	20.796295055492124
30000.0	3	6	5.499766856736095	0.6287555698443679	20.90044983766735
30000.0	3	7	5.258798538812062	0.6588343042833821	20.93295425433493
30000.0	3	8	5.2391238269254155	0.6985128002458891	20.901628750154835
30000.0	3	9	5.429384414068396	0.741813894993149	20.812842416411474
30000.0	3	10	5.816441871952566	0.7814528218656542	20.676750597122563
30000.0	3	11	6.371937741053923	0.8087584624494992	20.510619213395252
30000.0	3	12	7.038551432015758	0.816154572538024	20.33810633495886
30000.0	3	13	7.726823815482549	0.8008099071450259	20.18402690729227
30000.0	3	14	8.333158400432312	0.7666217790998061	20.0671066674033
30000.0	3	15	8.774680090797043	0.7224643328915155	19.994841122700404
30000.0	3	16	9.018401171765007	0.677853577529714	19.96320158177135
30000.0	3	17	9.08524306193352	0.6393467163703679	19.960591683316586
30000.0	3	18	9.032081646093566	0.6095070322646823	19.97316548676556
30000.0	3	19	8.92885555088819	0.5877466923673244	19.988886081117244
30000.0	3	20	8.84296028150666	0.5717530685912455	19.999171304879752
30000.0	3	21	8.83312461494899	0.558915033028175	19.998063729418597
30000.0	3	22	8.949487426285861	0.5477784842524988	19.979505540710225
30000.0	3	23	9.234869899315596	0.5396983628242522	19.934067967742426
30000.0	3	24	9.721927836462854	0.5407526968568768	19.847201914687837
30000.0	3	25	10.423056191141892	0.5640685784923894	19.700066385251638
30000.0	3	26	11.306607103075162	0.6333821142381322	19.46968642135797
30000.0	3	27	12.18243954067051	0.7892284653730471	19.12334412819203
30000.0	3	28	12.275451543398058	1.093034903601167	18.619622535532212
30000.0	3	29	10.138121401069727	1.5833430258720074	17.95029850486661

30000.0	4	0	14.05918152450235	1.481766395639281	17.247204791934337
30000.0	4	1	13.555830891432644	1.059427774984457	18.405022748454762
30000.0	4	2	11.463998510264918	0.7863890654365593	19.2698866376034
30000.0	4	3	9.50358483426436	0.6352427167132654	19.86888907279763
30000.0	4	4	8.052225747899836	0.5641216989222284	20.279243305394623
30000.0	4	5	7.047562473957759	0.541376573663945	20.554545702362628
30000.0	4	6	6.38788291505833	0.5459052606420539	20.728722706254413
30000.0	4	7	5.997354994191373	0.5649319989402735	20.82452585299831
30000.0	4	8	5.822763490837981	0.591148664601448	20.857866572827618
30000.0	4	9	5.8241008375258865	0.6199553383334718	20.841176818057253
30000.0	4	10	5.965696550113265	0.647513060782364	20.78648961124261
30000.0	4	11	6.208824014484855	0.6700386954154693	20.707228361266118
30000.0	4	12	6.507782772152864	0.6843075490513247	20.617911377605974
30000.0	4	13	6.811949361949128	0.6887737956042163	20.531995289509304
30000.0	4	14	7.074421366272545	0.6843368875929731	20.459066531314775
30000.0	4	15	7.263749933575694	0.673994162701934	20.402948646142942
30000.0	4	16	7.372334577651376	0.6614755165044298	20.361750926152165
30000.0	4	17	7.417065428860593	0.6497237083671329	20.329744894155162
30000.0	4	18	7.433175303212053	0.6400083395782319	20.300016462567093
30000.0	4	19	7.465705899350308	0.6318394493282395	20.266658071485452
30000.0	4	20	7.562449956174555	0.6234810934433827	20.22562187215057
30000.0	4	21	7.770005070670211	0.6129288026041411	20.173761392062122
30000.0	4	22	8.13293080166847	0.5993581586768943	20.106000902599217
30000.0	4	23	8.694979964118705	0.5850001249609996	20.011360956741672
30000.0	4	24	9.499719226404574	0.5771984421796325	19.869823576976533
30000.0	4	25	10.584590686245898	0.5904136408287011	19.65264020671938
30000.0	4	26	11.955131940877838	0.6484629041667523	19.325908960395857
30000.0	4	27	13.492255712372602	0.7875517517473095	18.849895983649674
30000.0	4	28	14.652814683885378	1.0561706540643532	18.169192822466304
30000.0	4	29	14.05918152450235	1.481766395639281	17.247204791934337

30000.0	5	0	16.976421238236142	1.3359525572813309	16.75189260268817
30000.0	5	1	15.815330888733271	0.9511504463473313	17.969949380762795
30000.0	5	2	13.026428084609138	0.6994460545208114	18.899325363428773
30000.0	5	3	10.575028883151164	0.5556941770833111	19.565325455017234
30000.0	5	4	8.811075752833627	0.48412400052696236	20.039580933425764
30000.0	5	5	7.605567726869471	0.45692278311088275	20.372786379855096
30000.0	5	6	6.801700141200243	0.4548092025267411	20.599994673683995
30000.0	5	7	6.2856552892244535	0.4658475093727104	20.747145156054053
30000.0	5	8	5.978808942593187	0.4833992761392063	20.833627082689905
30000.0	5	9	5.824324380871031	0.5039449251113706	20.874325856189586
30000.0	5	10	5.777541898941529	0.5254058910537562	20.881549789677806
30000.0	5	11	5.80033270545268	0.5462252778011596	20.866119418974613
30000.0	5	12	5.8589811664615405	0.5651427417583368	20.837379858483743
30000.0	5	13	5.925057714910448	0.5813857912608822	20.802505785169725
30000.0	5	14	5.978271509513366	0.5949068645158742	20.765736460014292
30000.0	5	15	6.009701186384396	0.6063588364359942	20.728111190917048
30000.0	5	16	6.023715285399736	0.6167190743303118	20.687975835815102
30000.0	5	17	6.037676927990234	0.62671443239403	20.642142362253047
30000.0	5	18	6.079728560872492	0.6362920124819421	20.587287030072332
30000.0	5	19	6.185693764892477	0.6443224377221219	20.521063821707294
30000.0	5	20	6.396066696879903	0.6486828984154299	20.442400284895424
30000.0	5	21	6.753608537497663	0.6469213554610699	20.350421175582273
30000.0	5	22	7.301896438767536	0.6377012386104071	20.241553443844705
30000.0	5	23	8.08558236426741	0.6229497503418743	20.10501664534523
30000.0	5	24	9.153200856272615	0.6101281704327625	19.91838649593063
30000.0	5	25	10.55982603498414	0.6138325106285145	19.64649581701822
30000.0	5	26	12.353516162860254	0.6565447624607775	19.245491780944672
30000.0	5	27	14.490319414058217	0.7690984746142819	18.665838613107546
30000.0	5	28	16.526381692565852	0.9888801691870127	17.846058901499628
30000.0	5	29	16.976421238236142	1.3359525572813309	16.75189260268817

30000.0	6	0	19.039665657870685	1.1794795415201076	16.468212292199876
30000.0	6	1	17.2433649077816	0.8417978965286917	17.71727864224506
30000.0	6	2	13.85672626958546	0.6170370650070542	18.669868829010884
30000.0	6	3	11.048171725007967	0.4833278169747818	19.358304038191317
30000.0	6	4	9.08422264530923	0.4122448737952663	19.85692775062106
30000.0	6	5	7.756698176679792	0.3807207042447011	20.2167848522213
30000.0	6	6	6.864224328275506	0.3719973182212248	20.4731350870391
30000.0	6	7	6.268268240299086	0.3755277363199898	20.65256180801088
30000.0	6	8	5.8754043521511425	0.385577688226793	20.77539113127968
30000.0	6	9	5.620182014505418	0.39941736077607604	20.85710423948504
30000.0	6	10	5.454834796953625	0.415840860048319	20.909531125984476
30000.0	6	11	5.343769752310084	0.43425234642668653	20.94154934703972
30000.0	6	12	5.261032763990196	0.45425230068604694	20.959292964173276
30000.0	6	13	5.18950495096848	0.47554368295429056	20.966194056303745
30000.0	6	14	5.120916438435122	0.49796923102307084	20.963187504082114
30000.0	6	15	5.0560220628297925	0.5215284214699931	20.949229648748844
30000.0	6	16	5.004546396626384	0.5462800564839848	20.922083099492884
30000.0	6	17	4.984782370441443	0.5720978773734988	20.879201304473128
30000.0	6	18	5.022954293550364	0.5983000092776827	20.818522177701844
30000.0	6	19	5.15251704469041	0.6232409100978857	20.738985650702556
30000.0	6	20	5.413383045573775	0.6440911494447091	20.64052128526642
30000.0	6	21	5.850726531181631	0.6572222454959852	20.523066824678967
30000.0	6	22	6.512943046447817	0.6596597336605048	20.38401622227153
30000.0	6	23	7.449466298779235	0.6516427480582904	20.21378094855833
30000.0	6	24	8.71172247232418	0.6394099110682894	19.990527649202846
30000.0	6	25	10.360270759182942	0.6366950375251911	19.677458431258746
30000.0	6	26	12.466163048574854	0.6641334207026581	19.225882080164276
30000.0	6	27	15.04507545602066	0.747408646528203	18.579562758084645
30000.0	6	28	17.746553403203215	0.9143965576477557	17.671638231468126
30000.0	6	29	19.039665657870685	1.1794795415201076	16.468212292199876

30000.0	7	0	20.180346943047276	1.0340118423952602	16.389518517164642
30000.0	7	1	17.829958197850043	0.7475876701738551	17.624220733506903
30000.0	7	2	14.074976484161091	0.5504668205641686	18.55658463406226
30000.0	7	3	11.094493313906911	0.42650759828860474	19.22719005588836
30000.0	7	4	9.050221505485563	0.35543491119825354	19.713516957381565
30000.0	7	5	7.678072804562672	0.31912083591922286	20.06743592344529
30000.0	7	6	6.753028838363476	0.3034365428093449	20.324534890177674
30000.0	7	7	6.124847686703151	0.2993106397928936	20.511769742243782
30000.0	7	8	5.6929324530728955	0.30189716359953717	20.64987274520425
30000.0	7	9	5.387625317083887	0.30903979971703865	20.75435359862982
30000.0	7	10	5.159992902279482	0.3199628671259602	20.836255715905892
30000.0	7	11	4.976364013201192	0.33445542398108286	20.9027146756339
30000.0	7	12	4.815260463757266	0.35247356018022896	20.957402396364234
30000.0	7	13	4.66545830442557	0.3740039403901625	21.001062873958798
30000.0	7	14	4.5245608498629295	0.3990559086072784	21.032265300741557
30000.0	7	15	4.397877833004155	0.4276862948977497	21.04831806276038
30000.0	7	16	4.297636594565864	0.459975867611139	21.046153426061856
30000.0	7	17	4.2426299508752905	0.49587245041185884	21.0229827868217
30000.0	7	18	4.258382020826743	0.5348237391454886	20.976619091669605
30000.0	7	19	4.377805824910974	0.5752020681136017	20.905486716638606
30000.0	7	20	4.642062316739095	0.6137405435541291	20.80838218951795
30000.0	7	21	5.100788419838219	0.6455351139895127	20.683879841071445
30000.0	7	22	5.810251946699014	0.6653634180851182	20.528809739051095
30000.0	7	23	6.828676944627318	0.6706324171144957	20.334838941078733
30000.0	7	24	8.212106814427507	0.6649561184081126	20.083096138275735
30000.0	7	25	10.018887305090345	0.6600896305308426	19.73976016249297
30000.0	7	26	12.319358757531711	0.674533489625735	19.257137721056033
30000.0	7	27	15.153073383232092	0.7297497539092659	18.577906651669313
30000.0	7	28	18.25100519533579	0.8462672715024107	17.633872393771338
30000.0	7	29	20.180346943047276	1.0340118423952602	16.389518517164642

30000.0	8	0	20.44209691012609	0.9115926728659406	16.48942957646361
30000.0	8	1	17.70583491233608	0.6731344874677717	17.66793359043794
30000.0	8	2	13.850786881523378	0.5010522132749369	18.545951669740013
30000.0	8	3	10.874575801107765	0.3856283726066225	19.167942312595763
30000.0	8	4	8.85206356232273	0.3140811616205863	19.611169395274995
30000.0	8	5	7.499995669518073	0.2728289667995014	19.928024946938528
30000.0	8	6	6.590347467522705	0.25024988976471174	20.155598112773674
30000.0	8	7	5.971129278051052	0.2386885017732728	20.322638570445324
30000.0	8	8	5.539367696250793	0.23408709485378906	20.451341403284882
30000.0	8	9	5.223256887540012	0.234686010373242	20.557801986397745
30000.0	8	10	4.972962211203958	0.2398899995816752	20.652483587412675
30000.0	8	11	4.755696189045036	0.24959011405124595	20.740873825880062
30000.0	8	12	4.552560165842353	0.26385165103255404	20.82433865360242
30000.0	8	13	4.355975393191063	0.2828151630085073	20.901189229342712
30000.0	8	14	4.167342414013677	0.3067022634064858	20.96789920945996
30000.0	8	15	3.995054694702688	0.3358577585979338	21.020280624990725
30000.0	8	16	3.8531682441448267	0.37075833564768446	21.054349212857126
30000.0	8	17	3.7609649264411256	0.4118828367148258	21.066652644726855
30000.0	8	18	3.7434942682318044	0.459310706026521	21.054010441368536
30000.0	8	19	3.8330373066634604	0.5119725636723015	21.01289548948473
30000.0	8	20	4.0712105378949275	0.566719103686975	20.938956911775804
30000.0	8	21	4.510783671192033	0.6178202793210498	20.827104782706844
30000.0	8	22	5.215038882730747	0.6578982258153108	20.67171200948789
30000.0	8	23	6.251928967060119	0.680999294770156	20.465162574290524
30000.0	8	24	7.684161144775578	0.6869810174196226	20.19315750017634
30000.0	8	25	9.565312332980417	0.6844052118651321	19.828745404844476
30000.0	8	26	11.948453729856524	0.6891843998256669	19.330649837172864
30000.0	8	27	14.863364767128104	0.7195770382496514	18.646293935414608
30000.0	8	28	18.09975765194455	0.7912954353798308	17.711502490842808
30000.0	8	29	20.44209691012609	0.9115926728659406	16.48942957646361

30000.0	9	0	19.928748956757673	0.8188940575257873	16.7382721186324
30000.0	9	1	17.024315069049376	0.6197463590660603	17.83228220071049
30000.0	9	2	13.314791607941	0.46792640897388843	18.634959574006768
30000.0	9	3	10.487950852280584	0.35927638091161185	19.188914956395383
30000.0	9	4	8.566818943673058	0.2868428820611698	19.566874290672768
30000.0	9	5	7.2841638750709565	0.240810648584278	19.820772068626166
30000.0	9	6	6.426282521291546	0.2118248223664674	19.990363213343535
30000.0	9	7	5.847257981664592	0.1935337156529601	20.108327344949096
30000.0	9	8	5.4452214417204	0.1825384601937979	20.20055609593448
30000.0	9	9	5.1472978054212	0.17731515108663548	20.28551463139437
30000.0	9	10	4.902270128658263	0.17727494946471986	20.374189994171065
30000.0	9	11	4.676906628836139	0.18224425059386928	20.47088133914024
30000.0	9	12	4.453435027590673	0.19225722965057354	20.57466516718653
30000.0	9	13	4.226890003037006	0.20751144681122397	20.681230011756313
30000.0	9	14	4.0020821379083635	0.2283988424047365	20.784721644796512
30000.0	9	15	3.7906754159381353	0.2555667422151243	20.879225133169733
30000.0	9	16	3.609081299881712	0.28995309137630865	20.95954846943457
30000.0	9	17	3.4776356365687198	0.33268521725297406	21.021096310937054
30000.0	9	18	3.4211668944853013	0.38467168964526716	21.058888058287998
30000.0	9	19	3.470868990629347	0.4457377861144653	21.066232829133327
30000.0	9	20	3.6672621981558517	0.513382777540728	21.034076650595185
30000.0	9	21	4.063430775703073	0.5817437311990373	20.952000755775753
30000.0	9	22	4.726084692778894	0.6419262610763142	20.81053067122736
30000.0	9	23	5.730095475120868	0.6848149615542878	20.602179252667828
30000.0	9	24	7.1443512792535415	0.7059809146225866	20.31808344726625
30000.0	9	25	9.01757610462054	0.7097733028690422	19.94094574767433
30000.0	9	26	11.378461317582364	0.7088826670839985	19.44035220384178
30000.0	9	27	14.22671834721643	0.7190875187218178	18.773596933927863
30000.0	9	28	17.389619283028704	0.7535836548347642	17.885301379340234
30000.0	9	29	19.928748956757673	0.8188940575257873	16.7382721186324

30000.0	10	0	18.761474339839	0.7591517369789091	17.104401415055403
30000.0	10	1	15.923931908953744	0.5880915884549203	18.102345635348527
30000.0	10	2	12.554558047715393	0.45052446518254974	18.822258479011506
30000.0	10	3	9.986240249879026	0.3463393689705235	19.301234085215132
30000.0	10	4	8.22533241158926	0.27242554229944654	19.603650553094877
30000.0	10	5	7.046930088040117	0.22177000056808943	19.778943833743206
30000.0	10	6	6.2647251917933175	0.1869599971716995	19.869385720614357
30000.0	10	7	5.745364525882945	0.16280569972446887	19.913041353700276
30000.0	10	8	5.391514919143106	0.14643640444433453	19.94204509999319
30000.0	10	9	5.130723122730484	0.13642573886489293	19.98015731452618
30000.0	10	10	4.91026892416017	0.1320614123841687	20.041422877335062
30000.0	10	11	4.695180076760552	0.1329933823169492	20.130531905206286
30000.0	10	12	4.467128188134109	0.1391316026691405	20.24475643258277
30000.0	10	13	4.222544226800346	0.1506523846040081	20.376818264397272
30000.0	10	14	3.9693558925157837	0.16804836661710798	20.51778666176989
30000.0	10	15	3.72302766175181	0.19220032265241702	20.65917480809698
30000.0	10	16	3.503238088508062	0.22443280714999878	20.793727791106452
30000.0	10	17	3.3322051023367267	0.26644830793921415	20.91479624670178
30000.0	10	18	3.2349337609447724	0.3199500361583925	21.014620547650402
30000.0	10	19	3.2412182793431588	0.3857441905538203	21.082417623922833
30000.0	10	20	3.38911886896413	0.4622996043880607	21.10373885344812
30000.0	10	21	3.7291810941537937	0.544256246764915	21.062445849248416
30000.0	10	22	4.326993654531474	0.622077461764931	20.9449741545302
30000.0	10	23	5.258989274781928	0.6842675301285841	20.743750764632583
30000.0	10	24	6.596587525802539	0.7223312035348213	20.455503687389893
30000.0	10	25	8.383778954809133	0.7359103974345809	20.0738895098427
30000.0	10	26	10.626142764951469	0.733845907018431	19.582204831096014
30000.0	10	27	13.289012111294216	0.7296849505846847	18.951303965905353
30000.0	10	28	16.222593470231168	0.7356772862308157	18.13772464294036
30000.0	10	29	18.761474339839	0.7591517369789091	17.104401415055403

30000.0	11	0	17.076725289066193	0.7316396985135276	17.555299281491173
30000.0	11	1	14.519303755827302	0.5776963952454159	18.4593149168771
30000.0	11	2	11.624317031781967	0.44835210789631436	19.099417868464425
30000.0	11	3	9.390716331862214	0.3460866659425881	19.507529505032288
30000.0	11	4	7.833068061505617	0.2698703725996275	19.737404841853074
30000.0	11	5	6.783453772990903	0.21455894507481454	19.833109492614344
30000.0	11	6	6.091230208327077	0.17432317131866412	19.837244082215623
30000.0	11	7	5.640517954055724	0.14498494338563064	19.79246939855002
30000.0	11	8	5.341861382378267	0.12409638363069074	19.738218507788346
30000.0	11	9	5.125731532153929	0.11023508554011481	19.706358104841804
30000.0	11	10	4.939466014385807	0.10248506948259414	19.717714404060956
30000.0	11	11	4.746532954308808	0.10025230404486456	19.780703642821663
30000.0	11	12	4.526830621654334	0.10326172267675211	19.89268592465333
30000.0	11	13	4.276350317006912	0.1116067387477496	20.043610066416147
30000.0	11	14	4.004750454724756	0.12580974692339594	20.2204456222816
30000.0	11	15	3.7308895264782462	0.14689423046626418	20.41058720391571
30000.0	11	16	3.4780704405481644	0.1764492258672393	20.603120340647607
30000.0	11	17	3.270985743525472	0.2165939791131964	20.787929822262438
30000.0	11	18	3.1352228615194573	0.2696510179049626	20.953457932424094
30000.0	11	19	3.0991248761150945	0.3372828257672039	21.084477731602068
30000.0	11	20	3.1974568343308194	0.4189834648420361	21.161625157182282
30000.0	11	21	3.476035958525229	0.5102928378995518	21.16411402452237
30000.0	11	22	3.995114672887709	0.6018537086636644	21.075277351346585
30000.0	11	23	4.826540777703492	0.6808771852067375	20.887695760008537
30000.0	11	24	6.038528303088821	0.7356924359036	20.60319892041377
30000.0	11	25	7.669596135191921	0.7614550873761546	20.226055323000278
30000.0	11	26	9.70903789102614	0.7627897091990409	19.754014043439188
30000.0	11	27	12.096905982554931	0.750816378231654	19.173089560145087
30000.0	11	28	14.699917226278174	0.737456764228029	18.452680148474457
30000.0	11	29	17.076725289066193	0.7316396985135276	17.555299281491173

30000.0	12	0	15.017772907666895	0.7306230184722766	18.061327586180397
30000.0	12	1	12.897102891135475	0.585509834325493	18.87915645198947
30000.0	12	2	10.553292481220396	0.4597966903758675	19.44603239269105
30000.0	12	3	8.703707203930374	0.35743489270364043	19.793161741638336
30000.0	12	4	7.38163088375789	0.2782258560952285	19.963532401638503
30000.0	12	5	6.479760822499328	0.2181724526674916	19.99329157882887
30000.0	12	6	5.887115274644312	0.1727137744236613	19.921952599706827
30000.0	12	7	5.50857554401471	0.1385605863963882	19.79342805526834
30000.0	12	8	5.264975693937744	0.11363670229240087	19.652342066580992
30000.0	12	9	5.092006247971888	0.09649960880609725	19.538881161630172
30000.0	12	10	4.939747960002716	0.08601491457687717	19.483379989859554
30000.0	12	11	4.772577676026128	0.08132800759494616	19.50209985830289
30000.0	12	12	4.569547118189702	0.08195256449502952	19.596141240275934
30000.0	12	13	4.325037274279437	0.08785835168572213	19.754472876186426
30000.0	12	14	4.048112441609667	0.09953775386747717	19.959719793371477
30000.0	12	15	3.758999792212674	0.11807010490045196	20.193637295716197
30000.0	12	16	3.4836056328601805	0.1451808832011051	20.4398006087241
30000.0	12	17	3.2489120402580935	0.18322047220904028	20.68314652479239
30000.0	12	18	3.0812712734011747	0.23488398984886877	20.90766593157692
30000.0	12	19	3.007708416148685	0.3024204918328188	21.094141606376034
30000.0	12	20	3.0593652225533887	0.38616885926521466	21.219821228837596
30000.0	12	21	3.2759616188978034	0.4826691224209831	21.261358548577725
30000.0	12	22	3.709249740545672	0.5833234270506371	21.200719933007175
30000.0	12	23	4.421161941034878	0.6751462792052918	21.031151576786822
30000.0	12	24	5.470749030350669	0.7445977762430608	20.758628355483555
30000.0	12	25	6.889352371673716	0.7832723545900803	20.396270843933046
30000.0	12	26	8.658152532547255	0.7917272013168267	19.954816785962116
30000.0	12	27	10.707451700810932	0.7783103103323945	19.434603177388556
30000.0	12	28	12.92104903804133	0.7544343498345234	18.81660171085459
30000.0	12	29	15.017772907666895	0.7306230184722766	18.061327586180397

30000.0	13	0	12.734725247534955	0.7440726504026343	18.59774855697501
30000.0	13	1	11.13127119931092	0.6042761842639307	19.334267343064134
30000.0	13	2	9.36308463090121	0.4806892799661317	19.831229376412992
30000.0	13	3	7.9228654669423255	0.3779120033125972	20.126126769390776
30000.0	13	4	6.859478705770575	0.2959233227562316	20.2528913789446
30000.0	13	5	6.120273225641018	0.23149123295429475	20.23860021926433
30000.0	13	6	5.634277397741544	0.18113562167754224	20.116860852064057
30000.0	13	7	5.3296910877241865	0.14240486787944195	19.928737800116544
30000.0	13	8	5.139707906865406	0.11362644002351668	19.719431399913148
30000.0	13	9	5.00648480185869	0.09340660334731551	19.53377162657467
30000.0	13	10	4.884281207394064	0.0804614426636774	19.41040158160872
30000.0	13	11	4.740794758306053	0.07372236023983379	19.37519282192424
30000.0	13	12	4.55683705621058	0.0725081887271534	19.436592173141847
30000.0	13	13	4.326225099305016	0.07665161239110124	19.586048337911322
30000.0	13	14	4.056212479013129	0.0865730031051873	19.803723859769555
30000.0	13	15	3.7659555337933326	0.1033331192843205	20.06590997481859
30000.0	13	16	3.4817822779647396	0.12867384562199735	20.349948090546125
30000.0	13	17	3.2317258720249953	0.16498922844965808	20.635177325344685
30000.0	13	18	3.042479291834112	0.21507289483691783	20.901232931688387
30000.0	13	19	2.9397049452143627	0.2814101740399667	21.126002714218085
30000.0	13	20	2.950807754224832	0.3648370876488677	21.285281893157748
30000.0	13	21	3.108765350336795	0.4627241549845711	21.35541568128614
30000.0	13	22	3.45509647153061	0.5674854858723359	21.31880702726779
30000.0	13	23	4.038532485451361	0.6667977263944129	21.169947265643657
30000.0	13	24	4.904710495228312	0.7466289890559076	20.91785407477442
30000.0	13	25	6.0758288072702396	0.7964237803398073	20.581909872644932
30000.0	13	26	7.530615988315304	0.8134756788513756	20.182608564418295
30000.0	13	27	9.203000155388816	0.8033206279758002	19.73148417241084
30000.0	13	28	10.996862346967132	0.7763554022608123	19.217835377092523
30000.0	13	29	12.734725247534955	0.7440726504026343	18.59774855697501

30000.0	14	0	10.407075977297223	0.7532804453586242	19.141102991616304
30000.0	14	1	9.317944457585812	0.621641949753725	19.795351990105168
30000.0	14	2	8.096135075439097	0.5032938652788727	20.2201417710052
30000.0	14	3	7.061807171940144	0.4027771967180467	20.466608273402073
30000.0	14	4	6.267081569157886	0.32012527368230986	20.562252987323618
30000.0	14	5	5.6994608605519534	0.2528776752404889	20.52531685960838
30000.0	14	6	5.323469576455267	0.1986419212479481	20.382225166134376
30000.0	14	7	5.0918771889305745	0.15586526110451934	20.168440132632618
30000.0	14	8	4.952943248411251	0.12341456960150694	19.925376268887074
30000.0	14	9	4.85705838474269	0.10012117586770013	19.696985693327605
30000.0	14	10	4.762957895446975	0.08471868288077303	19.52503825022819
30000.0	14	11	4.641675618410054	0.07604833263264409	19.442150447471167
30000.0	14	12	4.476916680677045	0.07330455985675027	19.46460394091261
30000.0	14	13	4.263863313431221	0.07620477325956489	19.589398107308345
30000.0	14	14	4.008980878451242	0.08507772664964208	19.797979006420512
30000.0	14	15	3.7295532802640885	0.10090565821440953	20.06405651788279
30000.0	14	16	3.450399309366985	0.12533701826647223	20.36041833297711
30000.0	14	17	3.1987255495973157	0.16062934492409572	20.66181666079749
30000.0	14	18	3.0003482505736154	0.20940041096594025	20.944529367402016
30000.0	14	19	2.878999867689585	0.2739961340765088	21.184877238787013
30000.0	14	20	2.85818823154651	0.3553159764446516	21.35885191969364
30000.0	14	21	2.964138693648878	0.4511986833586571	21.444220287793684
30000.0	14	22	3.2279983481985166	0.5550019330462248	21.42523529183891
30000.0	14	23	3.6846834311879113	0.6555379366760952	21.298179412873154
30000.0	14	24	4.365158113209126	0.7394032136201694	21.074189508833737
30000.0	14	25	5.281498428042364	0.7954196237426835	20.776201716339703
30000.0	14	26	6.4119532547096165	0.8189534772627316	20.430331709792984
30000.0	14	27	7.700109755634631	0.8132964503021897	20.05463643224496
30000.0	14	28	9.070243827043956	0.7875410849364023	19.642104885046436
30000.0	14	29	10.407075977297223	0.7532804453586242	19.141102991616304

30000.0	15	0	8.250923083220464	0.7365697075590354	19.659351197276166
30000.0	15	1	7.59720352907913	0.6220868458560596	20.230089122503077
30000.0	15	2	6.8371245937315965	0.5170280551495197	20.579441343891855
30000.0	15	3	6.167260249965664	0.42510796708926485	20.778374497441714
30000.0	15	4	5.629612195537343	0.3465459907403194	20.85079973583845
30000.0	15	5	5.232230522165246	0.2799159947874797	20.807212029674997
30000.0	15	6	4.964592601608343	0.22409389306313943	20.666750992008026
30000.0	15	7	4.801308162183972	0.17860548352261443	20.45822857700633
30000.0	15	8	4.70721559362484	0.14309332979510622	20.216961870169104
30000.0	15	9	4.643630568265084	0.11688826685250307	19.981902385704203
30000.0	15	10	4.575281190491875	0.09900270448683515	19.792226401796135
30000.0	15	11	4.476151952914759	0.08839389520377267	19.68161800989233
30000.0	15	12	4.331956222630527	0.08426630560325075	19.67089978140668
30000.0	15	13	4.139548067682682	0.08628818272209526	19.76298638874836
30000.0	15	14	3.9058413526364975	0.09470458791631309	19.943872473819816
30000.0	15	15	3.6468181424896255	0.11037493643174427	20.188915577583398
30000.0	15	16	3.3849409840829687	0.13475441625471102	20.46999515004971
30000.0	15	17	3.144939010988227	0.1697957392320544	20.759869233499593
30000.0	15	18	2.950233960597998	0.21768553549094813	21.033240423041224
30000.0	15	19	2.8217522131239456	0.28027539540515367	21.266205663942234
30000.0	15	20	2.7789808839308163	0.35808857639759345	21.436101167184038
30000.0	15	21	2.84200279052187	0.44898124565012854	21.52317175676835
30000.0	15	22	3.032898670070657	0.546952078078885	21.51442667574646
30000.0	15	23	3.3745871088086545	0.6420290176857774	21.408375884246954
30000.0	15	24	3.8851185967460244	0.722113517991736	21.217636407940162
30000.0	15	25	4.567351514272378	0.7766774814609818	20.966365017118708
30000.0	15	26	5.399043234194264	0.8006479100118524	20.682193126780962
30000.0	15	27	6.333222574935924	0.7961335457562759	20.384590936649293
30000.0	15	28	7.311062818196297	0.7711073915778179	20.06496644734386
30000.0	15	29	8.250923083220464	0.7365697075590354	19.659351197276166

30000.0	16	0	6.467133387650917	0.6786564240449868	20.101600259477927
30000.0	16	1	6.124302994350272	0.5930523270759593	20.599598632514788
30000.0	16	2	5.701019326045778	0.5120288562737975	20.878669304808174
30000.0	16	3	5.316857112068776	0.43766134878985696	21.034539297464516
30000.0	16	4	4.99746893053376	0.37029671756007215	21.09055265762291
30000.0	16	5	4.75398935150161	0.3096785517553525	21.05133206535579
30000.0	16	6	4.58701683734975	0.2561057033609059	20.92950361981804
30000.0	16	7	4.48543698651795	0.21039034649236193	20.747288804417785
30000.0	16	8	4.428338791421943	0.1732328153356088	20.533355503073352
30000.0	16	9	4.389021470871976	0.14478964397719973	20.320013574947385
30000.0	16	10	4.340472566606134	0.12467095584195473	20.14054535143647
30000.0	16	11	4.2610444113479895	0.11221782272790597	20.025049700228312
30000.0	16	12	4.138306204898591	0.10683766232925895	19.994502157363893
30000.0	16	13	3.9700432117072864	0.10826292183807075	20.055585382295565
30000.0	16	14	3.763364687712129	0.1166950111335828	20.199716462612596
30000.0	16	15	3.5329921293245	0.13284520084846083	20.406920491314043
30000.0	16	16	3.2986124863553385	0.1578888091073831	20.65176688247947
30000.0	16	17	3.0814656142793075	0.1933244112047883	20.908070236578915
30000.0	16	18	2.9014809467498215	0.24068914690716503	21.151105400318553
30000.0	16	19	2.7761452709957557	0.3010443379025129	21.358112884657395
30000.0	16	20	2.7210774709037406	0.37416143044261535	21.508626898120756
30000.0	16	21	2.7513366917193554	0.4574843456961144	21.585952585429244
30000.0	16	22	2.8821508670237845	0.5452566972841421	21.580289937213934
30000.0	16	23	3.127673335233312	0.6285359049275971	21.492541461862043
30000.0	16	24	3.496625488446231	0.696782430509701	21.336247393563987
30000.0	16	25	3.9851802628617787	0.7409503564005523	21.13487952505425
30000.0	16	26	4.570806854796076	0.756771331207238	20.914054168505753
30000.0	16	27	5.214056486006093	0.7463105316126449	20.689998784474934
30000.0	16	28	5.868747026357075	0.7169137192047657	20.447007274117748
30000.0	16	29	6.467133387650917	0.6786564240449868	20.101600259477927

30000.0	17	0	5.164510787806058	0.5801869778263543	20.399382302345963
30000.0	17	1	5.006552927783117	0.532259755922121	20.86076248902123
30000.0	17	2	4.788354776809848	0.4842758148558378	21.09203885579315
30000.0	17	3	4.592830518995232	0.4361071824450934	21.219042502869122
30000.0	17	4	4.431887690242962	0.3877157540452396	21.268474602940785
30000.0	17	5	4.310644857723983	0.33961440289948447	21.242109352341174
30000.0	17	6	4.229550323604873	0.2933285509077167	21.14801392040268
30000.0	17	7	4.182442584831643	0.25098871746875145	21.00288064155967
30000.0	17	8	4.1568345620728575	0.2145554104924083	20.829256735571153
30000.0	17	9	4.135745059666045	0.1853007771825772	20.652876274484075
30000.0	17	10	4.1009213867223835	0.16374045759771905	20.500370760650547
30000.0	17	11	4.036834573745635	0.1498773829426434	20.39629607872077
30000.0	17	12	3.9341974753090083	0.14354104144538538	20.35892089069071
30000.0	17	13	3.791765779266713	0.14467370668359994	20.396081341900445
30000.0	17	14	3.616137247599193	0.15350228076994374	20.503480305991424
30000.0	17	15	3.42007931524437	0.17058749602297885	20.66652883725721
30000.0	17	16	3.2199811599960455	0.19675997515030008	20.864459377805733
30000.0	17	17	3.0330783466353	0.2329470371298621	21.074430642952375
30000.0	17	18	2.875332292731917	0.27987448298517964	21.274219695037186
30000.0	17	19	2.760617748083611	0.3376070770628309	21.44352969181922
30000.0	17	20	2.7011281627743435	0.4049052106222254	21.56482666007401
30000.0	17	21	2.7082296451244696	0.4784829338179011	21.62476609134555
30000.0	17	22	2.7927041639104324	0.5524838530304592	21.616724247630845
30000.0	17	23	2.9633630480139166	0.6187319656162334	21.54369043653978
30000.0	17	24	3.2234431904056198	0.6682543506171484	21.41930097160715
30000.0	17	25	3.565490846993689	0.6939317016155413	21.26457461839466
30000.0	17	26	3.967850222098723	0.693139621091815	21.10016144348626
30000.0	17	27	4.3980487124392225	0.6687905872124035	20.934972011835505
30000.0	17	28	4.8200525149238596	0.628111389846787	20.739669863109658
30000.0	17	29	5.164510787806058	0.5801869778263543	20.399382302345963

30000.0	18	0	4.338675632328807	0.45833317525391243	20.488024963196857
30000.0	18	1	4.269683878904914	0.4497879479213881	20.980826552175653
30000.0	18	2	4.14757732482179	0.43826621306756125	21.206335939890188
30000.0	18	3	4.050655684242471	0.4214361733795592	21.328821139201803
30000.0	18	4	3.983618362191497	0.3980995533430278	21.384923187867564
30000.0	18	5	3.944515414432731	0.3685738399055628	21.378121979785178
30000.0	18	6	3.9286131172523047	0.3348941041515161	21.315147796457648
30000.0	18	7	3.927842819801137	0.300175999225252	21.209285511447803
30000.0	18	8	3.9316653482767903	0.2676130032119546	21.078340819551926
30000.0	18	9	3.928234099028139	0.23973779024056488	20.942457537194322
30000.0	18	10	3.905946965113976	0.2181847377651976	20.822249607044895
30000.0	18	11	3.855419360600192	0.20383881843178725	20.73670250274496
30000.0	18	12	3.7715164948647475	0.1971437808787052	20.700387838962563
30000.0	18	13	3.654697008593012	0.1983943446575036	20.72055705630816
30000.0	18	14	3.5110629317939943	0.20792444205112798	20.795513416864956
30000.0	18	15	3.3511106721309147	0.22616416442601323	20.915246273898497
30000.0	18	16	3.187695556722854	0.25356781463764405	21.063976457877192
30000.0	18	17	3.0339429745854964	0.2904256730614921	21.223312648965404
30000.0	18	18	2.9018100055400096	0.3365696587459701	21.374846153299035
30000.0	18	19	2.8016874611406757	0.3909759554371982	21.50180669368298
30000.0	18	20	2.7428816913656506	0.4512820198564893	21.590176718760425
30000.0	18	21	2.7342845347676947	0.513318544328775	21.63001806648314
30000.0	18	22	2.7842906869342485	0.5709300687852807	21.617464319809113
30000.0	18	23	2.8991772598080456	0.616518102746615	21.55675363737149
30000.0	18	24	3.079801163070529	0.6426252306892125	21.460315551987456
30000.0	18	25	3.317760110001305	0.6442801054242259	21.344803853191056
30000.0	18	26	3.5940751730129508	0.6210037561529945	21.223261649344817
30000.0	18	27	3.88447368311679	0.5771442789519151	21.09327374173685
30000.0	18	28	4.161954766073757	0.5202130431447582	20.902946871731185
30000.0	18	29	4.338675632328807	0.45833317525391243	20.488024963196857

30000.0	19	0	3.917839997485366	0.33708234631388106	20.343987418209355
30000.0	19	1	3.879281994379009	0.3624898862391959	20.957655855514155
30000.0	19	2	3.775187979615036	0.38459210560311147	21.230197271956015
30000.0	19	3	3.707252798110736	0.3994045124514781	21.37536940372017
30000.0	19	4	3.6787962946333157	0.40393096967176056	21.45039672839294
30000.0	19	5	3.682851971000743	0.39716210395295526	21.466381185975102
30000.0	19	6	3.709553266660563	0.38059496372944335	21.43242294131892
30000.0	19	7	3.746323409159954	0.357644404693733	21.360979966568106
30000.0	19	8	3.780050206474958	0.3324155146736968	21.26699426731582
30000.0	19	9	3.7991566296650015	0.3086250252929697	21.166496586290243
30000.0	19	10	3.7949051976312664	0.28907587654001654	21.075286011743383
30000.0	19	11	3.7620421450334467	0.2756358885468478	21.007568434802085
30000.0	19	12	3.6991531066847365	0.2694739592718771	20.97428374175875
30000.0	19	13	3.6087869887182165	0.27133424160108116	20.98129378955824
30000.0	19	14	3.4970720778946722	0.2817264487741827	21.02816192842148
30000.0	19	15	3.3726648876114083	0.3009870235650484	21.108254853971253
30000.0	19	16	3.2452633253979	0.32920815134877135	21.210249751290778
30000.0	19	17	3.124203410877431	0.3660528083135933	21.32041064891114
30000.0	19	18	3.017674401571749	0.4104827596446474	21.424778308833115
30000.0	19	19	2.932824056426039	0.46042918286986695	21.510760505987303
30000.0	19	20	2.876542784975364	0.5124540924724652	21.56819920799941
30000.0	19	21	2.856194791279578	0.5615233751719094	21.590421046564746
30000.0	19	22	2.879325289100962	0.6011474195315748	21.57564155290623
30000.0	19	23	2.951704358014389	0.6242350851387364	21.528162548786728
30000.0	19	24	3.074035879870449	0.6248148886858174	21.45756072264
30000.0	19	25	3.239121512558074	0.6001680092258396	21.374091097143154
30000.0	19	26	3.432848081288907	0.5522314648422744	21.28072344058261
30000.0	19	27	3.6415710702481703	0.4871528292752779	21.15947165731347
30000.0	19	28	3.846226907736187	0.41304405430297475	20.924938597566264
30000.0	19	29	3.917839997485366	0.33708234631388106	20.343987418209355

30000.0	20	0	3.8205709139099824	0.23549210437045826	20.020388242218182
30000.0	20	1	3.7813049237636895	0.285551186500268	20.828579516208933
30000.0	20	2	3.6397911234833025	0.3344668517654225	21.192255257586055
30000.0	20	3	3.5502067990955135	0.37741909958768366	21.379415878963844
30000.0	20	4	3.5183051570087756	0.4093398141281554	21.479237776020465
30000.0	20	5	3.533235966170573	0.4270450162904255	21.516064482085916
30000.0	20	6	3.5818645285542723	0.43051904926812345	21.504185354124193
30000.0	20	7	3.6478269123975724	0.4226716557913127	21.457207239739937
30000.0	20	8	3.7137873488541393	0.4079861447926344	21.388915019039857
30000.0	20	9	3.764825744861165	0.39106400603493635	21.31281230617587
30000.0	20	10	3.790861198468197	0.37573177736156915	21.241316413239712
30000.0	20	11	3.787320593836281	0.3647841842398271	21.184974514184233
30000.0	20	12	3.754506065389417	0.3601092668878961	21.15165572593532
30000.0	20	13	3.6964358023716777	0.36292326756059307	21.145655237157108
30000.0	20	14	3.619552600779729	0.373952155796311	21.166993941626973
30000.0	20	15	3.531379397320653	0.39349527221052877	21.211405057422546
30000.0	20	16	3.4392343500376743	0.42136272213662695	21.271258222145363
30000.0	20	17	3.3492995556534875	0.45670638499423977	21.337166923502835
30000.0	20	18	3.266411343368005	0.49777870023473786	21.399685230258648
30000.0	20	19	3.194758168876307	0.5416636348361334	21.45058095955525
30000.0	20	20	3.1391926944050472	0.5840517993094803	21.483596591707684
30000.0	20	21	3.1062641004166363	0.6192070253806757	21.495035277069803
30000.0	20	22	3.1038307742408833	0.6403850223827701	21.484470979273933
30000.0	20	23	3.138707522179547	0.6409907282078795	21.455081694682203
30000.0	20	24	3.2132417114390366	0.6164783160780881	21.412004482962935
30000.0	20	25	3.323482966490475	0.5663462362960764	21.357270855948325
30000.0	20	26	3.4628129951537296	0.4950044291472135	21.281683490585618
30000.0	20	27	3.63127344107693	0.4105772717186813	21.148071366504684
30000.0	20	28	3.816168415127531	0.3220088733902211	20.82989222731383
30000.0	20	29	3.8205709139099824	0.23549210437045826	20.020388242218182

30000.0	21	0	3.9882801551783773	0.16196993022624928	19.639299592865473
30000.0	21	1	3.925938831499753	0.2273413396739827	20.653909476543035
30000.0	21	2	3.7024199584155624	0.29540605011779814	21.124820206824804
30000.0	21	3	3.5520873637980745	0.3612990350367507	21.35922684235937
30000.0	21	4	3.4846497699115804	0.4179525976499703	21.482179661877396
30000.0	21	5	3.4846065437656883	0.459651937491107	21.53390926025662
30000.0	21	6	3.537258997547886	0.48429029139619334	21.534772333715605
30000.0	21	7	3.6248611635446686	0.493639030445047	21.500171862846056
30000.0	21	8	3.726742871597061	0.4919836650717889	21.443727993102694
30000.0	21	9	3.823037666300752	0.4843439364725129	21.377790710521612
30000.0	21	10	3.8986955405850034	0.4752246789344974	21.31294089981263
30000.0	21	11	3.9455485625718474	0.4681147046116281	21.257480733026828
30000.0	21	12	3.9620506412847623	0.4654863886990926	21.217188541557043
30000.0	21	13	3.951548728315579	0.468979525013769	21.195137214028016
30000.0	21	14	3.9200811006089538	0.4795678345907102	21.191521015080387
30000.0	21	15	3.874309685635011	0.49762352242484875	21.203755669049233
30000.0	21	16	3.8199055358769245	0.5228632676592296	21.227132193208416
30000.0	21	17	3.7606649336955633	0.554192243298419	21.255975666826703
30000.0	21	18	3.6986561198834615	0.5894805080174192	21.28490291527196
30000.0	21	19	3.6355193127791976	0.6253235326013618	21.309711232497268
30000.0	21	20	3.5744924865493695	0.656879436261368	21.32772228780478
30000.0	21	21	3.5219903742300223	0.6779632998592259	21.33779308632766
30000.0	21	22	3.4872971912410566	0.6816827302645626	21.340234530319496
30000.0	21	23	3.479853167555008	0.6618692027223976	21.336223447764038
30000.0	21	24	3.5056501587567777	0.6151825745858694	21.32536543857384
30000.0	21	25	3.5664341901504493	0.5430549187349911	21.300295582187584
30000.0	21	26	3.666088757820736	0.4521508682784504	21.23839221692566
30000.0	21	27	3.8212024508151408	0.3525342773701586	21.0820376808429
30000.0	21	28	4.023761523674587	0.2540911884319416	20.666732702068234
30000.0	21	29	3.9882801551783773	0.16196993022624928	19.639299592865473

30000.0	22	0	4.386628831749029	0.1157834214690339	19.31044004389037
30000.0	22	1	4.2722526536776275	0.18934096007518708	20.482107675994687
30000.0	22	2	3.924690055119045	0.27011845781700383	21.04736311974542
30000.0	22	3	3.6789108693078116	0.3537552806186937	21.322957925949837
30000.0	22	4	3.5477694363053267	0.4314547822947459	21.463614486140802
30000.0	22	5	3.509383400322519	0.4950759285328108	21.524086380347132
30000.0	22	6	3.5487746081023	0.5403584606868208	21.5295839131605
30000.0	22	7	3.649767147709176	0.5676684900032434	21.496539225846224
30000.0	22	8	3.7910670564731968	0.5806294228657543	21.438531619873984
30000.0	22	9	3.9486432909405	0.5840991725037203	21.36777107081703
30000.0	22	10	4.100457839256338	0.5826897870630358	21.29462023017951
30000.0	22	11	4.230395403357549	0.5801298440532291	21.22693087013533
30000.0	22	12	4.329858767101362	0.5791976574352915	21.169924627507157
30000.0	22	13	4.397035817703351	0.5818707890389766	21.126404157128018
30000.0	22	14	4.434695069767798	0.589468807828604	21.09698343267117
30000.0	22	15	4.447491925719497	0.6026946307736831	21.080381200942497
30000.0	22	16	4.439585133626008	0.6215537791519458	21.07401085506183
30000.0	22	17	4.413199437729974	0.6451690033083054	21.074915809170218
30000.0	22	18	4.368640326573503	0.671528488848128	21.08076369120464
30000.0	22	19	4.305946398455192	0.6972259804742912	21.09046406878928
30000.0	22	20	4.2276313119775235	0.7173005563612531	21.1041562554854
30000.0	22	21	4.14100812919512	0.7253858477713063	21.12265394241852
30000.0	22	22	4.058242636358882	0.714485181422123	21.146531237095722
30000.0	22	23	3.99348064086423	0.6786243088580696	21.174566218666726
30000.0	22	24	3.9590547741708204	0.6151773878636659	21.20053527242485
30000.0	22	25	3.965481535776794	0.5268811811994811	21.20755715381646
30000.0	22	26	4.030077372450083	0.42209974042645987	21.159690703085026
30000.0	22	27	4.187564479111132	0.3125518965226319	20.98068986511868
30000.0	22	28	4.432844569765266	0.2090555432800537	20.481674313680436
30000.0	22	29	4.386628831749029	0.1157834214690339	19.31044004389037

30000.0	23	0	5.000406312777584	0.09183331913402246	19.066798553219495
30000.0	23	1	4.789009701188132	0.16891723419520188	20.332368850543155
30000.0	23	2	4.269234860543154	0.25774441338970766	20.965900916096036
30000.0	23	3	3.890587312816776	0.3546069084411534	21.27235200222548
30000.0	23	4	3.66567343589932	0.4492638701164979	21.42616059901151
30000.0	23	5	3.5639841452201333	0.5315903459334145	21.49254690883072
30000.0	23	6	3.5708026224465472	0.5956207954012303	21.49872330664417
30000.0	23	7	3.6738659598807604	0.6405110192879195	21.460225665813862
30000.0	23	8	3.85482017893075	0.6689750792183468	21.389921713643837
30000.0	23	9	4.0888793630668	0.6850376773602089	21.300462367208556
30000.0	23	10	4.348103830032824	0.6925372598907442	21.203596663132288
30000.0	23	11	4.6056558881809915	0.6946364089491838	21.108932906159566
30000.0	23	12	4.839567496467454	0.6939162273842501	21.023383326244208
30000.0	23	13	5.035018580029621	0.6926000615373048	20.95121773386934
30000.0	23	14	5.184592568993583	0.6926565878250435	20.89432705173582
30000.0	23	15	5.286616380076484	0.6957062461556911	20.852610988509397
30000.0	23	16	5.3423784816724895	0.7027589998313524	20.82465447768184
30000.0	23	17	5.353496210579031	0.7138623167955609	20.808739060968676
30000.0	23	18	5.320739281900387	0.7277395893300617	20.80390938152308
30000.0	23	19	5.245071788708324	0.7414798082039324	20.81061520378357
30000.0	23	20	5.130547809659816	0.750365187991221	20.83055983097098
30000.0	23	21	4.98734325461837	0.7480358083568495	20.865700183592917
30000.0	23	22	4.832574153795572	0.7273253573226497	20.916533303885757
30000.0	23	23	4.687749185264929	0.6820499094989382	20.979568899528775
30000.0	23	24	4.574851814555572	0.6095424059359956	21.043402328142992
30000.0	23	25	4.516514916128613	0.5128738367491865	21.082878210101494
30000.0	23	26	4.545751743447355	0.4012049142593451	21.050613421905503
30000.0	23	27	4.715505928993175	0.2873677412214088	20.855778204258268
30000.0	23	28	5.022296456631701	0.18304572140708966	20.299978060928783
30000.0	23	29	5.000406312777584	0.09183331913402246	19.066798553219495

30000.0	24	0	5.865045707238257	0.08460532347414738	18.888754968334045
30000.0	24	1	5.464126643128767	0.16211140434532414	20.20619210109146
30000.0	24	2	4.695142583930908	0.25562117294011016	20.884538306201943
30000.0	24	3	4.1336952235612765	0.3617123366190784	21.21308833712189
30000.0	24	4	3.780446105438375	0.4688389351269659	21.378573260590805
30000.0	24	5	3.5895350287744052	0.5655866848226135	21.452234472633037
30000.0	24	6	3.54361720681447	0.6452402113730441	21.459817235298356
30000.0	24	7	3.6340204659409934	0.7064675582224804	21.413391677735646
30000.0	24	8	3.8483074277365406	0.7511370373151065	21.323746895043413
30000.0	24	9	4.166855309281604	0.7817079328652797	21.20389031653946
30000.0	24	10	4.561896694070397	0.7999341238071311	21.068209565564338
30000.0	24	11	4.997869989146568	0.807004125555485	20.930518107409753
30000.0	24	12	5.434365520386352	0.8043447520921359	20.802490885975054
30000.0	24	13	5.832084627709252	0.7942897689720116	20.692652573214904
30000.0	24	14	6.159838618880052	0.78015713170517	20.605829449508867
30000.0	24	15	6.399120930965353	0.7656857583722211	20.543231422994822
30000.0	24	16	6.543969877293724	0.7541238445692048	20.50336288195479
30000.0	24	17	6.5969461521236585	0.7473767306227592	20.48361942069927
30000.0	24	18	6.564427568840836	0.7454551247006502	20.482014188143268
30000.0	24	19	6.454329897539762	0.7462143754127443	20.49831972797683
30000.0	24	20	6.277281982239028	0.7453033251940849	20.534090995525872
30000.0	24	21	6.0497710627471895	0.7363995021963898	20.591402649507266
30000.0	24	22	5.796260085470077	0.7120428689288703	20.670434988660322
30000.0	24	23	5.547936027597659	0.6654195313360283	20.7660582432446
30000.0	24	24	5.339135946806506	0.5929967070008889	20.863317917744254
30000.0	24	25	5.207285183216306	0.4970108259638557	20.931512402137592
30000.0	24	26	5.203180683214197	0.3861974023812512	20.915410935210527
30000.0	24	27	5.3999942876080365	0.27365977773975625	20.71420644247635
30000.0	24	28	5.800430105056796	0.1718492206394205	20.128874593236684
30000.0	24	29	5.865045707238257	0.08460532347414738	18.888754968334045

30000.0	25	0	7.11570848702068	0.09015972992676174	18.71426178913208
30000.0	25	1	6.322123661797485	0.1652715739269777	20.08969031482932
30000.0	25	2	5.1493969324597835	0.26048323691869346	20.811399508123156
30000.0	25	3	4.330288462620308	0.37168215185601117	21.162132049323958
30000.0	25	4	3.8153653319767433	0.48593280314415355	21.34093825723649
30000.0	25	5	3.518650645045974	0.5914965417744611	21.42476267059379
30000.0	25	6	3.4075694470909896	0.6823983040176554	21.43652594445252
30000.0	25	7	3.471708915421122	0.758096663067473	21.38281618812014
30000.0	25	8	3.7056078010083984	0.8200817913191477	21.270388211593918
30000.0	25	9	4.102315908029124	0.8685715211165068	21.111280924307867
30000.0	25	10	4.646298818826189	0.9014523233942019	20.92260883524778
30000.0	25	11	5.30408212409468	0.915611122659302	20.72452167399557
30000.0	25	12	6.018129959825104	0.9094818138937154	20.537324608598006
30000.0	25	13	6.711742834313663	0.8851465926830038	20.377995469441725
30000.0	25	14	7.307208679618576	0.8485957756976852	20.257110001639706
30000.0	25	15	7.748163734414696	0.8078971595733268	20.1776555179368
30000.0	25	16	8.011789840942884	0.770472199146404	20.136384829022603
30000.0	25	17	8.104782943242462	0.7410861743329877	20.126942554662836
30000.0	25	18	8.049878271256896	0.7211880070633477	20.14321986562631
30000.0	25	19	7.873859074553517	0.7091404593436407	20.18161236425772
30000.0	25	20	7.602942918747252	0.7006801028817652	20.24151225347162
30000.0	25	21	7.2648112019727895	0.6893945100429086	20.323934006532188
30000.0	25	22	6.892798861800996	0.6675030188504301	20.42854809932815
30000.0	25	23	6.527576939154018	0.6274173828554532	20.549600994213176
30000.0	25	24	6.215498847840449	0.5641981915786254	20.671082804881024
30000.0	25	25	6.009995227750737	0.47814746654657503	20.760621228701403
30000.0	25	26	5.985615151577928	0.37608532447833243	20.759017802358322
30000.0	25	27	6.250686686460435	0.2700954046855881	20.556864197932065
30000.0	25	28	6.834703445772317	0.17306268450740234	19.9527198424122
30000.0	25	29	7.11570848702068	0.09015972992676174	18.71426178913208

30000.0	26	0	8.724766063250401	0.10739652947338885	18.44871160947207
30000.0	26	1	7.351087695317356	0.176146838045777	19.948818091884725
30000.0	26	2	5.537897662909887	0.2691085701221387	20.75396428376787
30000.0	26	3	4.372241790981327	0.3800467225473917	21.146003234802844
30000.0	26	4	3.6852864187292864	0.49450200472582817	21.342201291269173
30000.0	26	5	3.294797089501106	0.6017090056460285	21.435070574491718
30000.0	26	6	3.1270034066696533	0.6983203098037587	21.45042459425603
30000.0	26	7	3.1604245570813068	0.7862263740395141	21.390089596837306
30000.0	26	8	3.3961775480640566	0.8674125753389363	21.254471865482742
30000.0	26	9	3.847223804087085	0.9394827389753385	21.05120061266246
30000.0	26	10	4.526177809433842	0.9944222342859594	20.797734009147703
30000.0	26	11	5.423059824099599	1.021397705813722	20.521323177631196
30000.0	26	12	6.477765776033146	1.0125797195643826	20.255258224215638
30000.0	26	13	7.568176896678902	0.968827880036202	20.0309218422053
30000.0	26	14	8.537771850540873	0.9009663988558987	19.869051627788103
30000.0	26	15	9.25584701434062	0.8250770931934295	19.775350415639075
30000.0	26	16	9.665361534647209	0.7554698138049949	19.74266383863463
30000.0	26	17	9.783787760349178	0.7004793686801918	19.75734084591108
30000.0	26	18	9.669431944844614	0.6623407758884334	19.805664769078465
30000.0	26	19	9.386994282599954	0.6389509117222648	19.87784131770566
30000.0	26	20	8.990875079012058	0.6254658982047258	19.969064335162333
30000.0	26	21	8.525149477481158	0.6152031200308995	20.078064612797043
30000.0	26	22	8.031165948135937	0.6002896431987249	20.20378647695492
30000.0	26	23	7.554214161339589	0.572740014556227	20.34104984466858
30000.0	26	24	7.146977671892457	0.526308766467351	20.475744101284437
30000.0	26	25	6.879024947403309	0.45872120464744803	20.57766289048642
30000.0	26	26	6.865592556580831	0.37334953027089146	20.584513293494307
30000.0	26	27	7.2869212589241465	0.2793383546866988	20.371584634505243
30000.0	26	28	8.203927575470185	0.1885332044299521	19.72542201624581
30000.0	26	29	8.724766063250401	0.10739652947338885	18.44871160947207

30000.0	27	0	7.760604619940187	0.13810892569057165	18.3382480310628
30000.0	27	1	7.697928917689486	0.19484276835243144	19.850138892393716
30000.0	27	2	5.5634081094183045	0.2787022956101853	20.73662926573494
30000.0	27	3	4.122547595417461	0.3812180405199723	21.1923588333513
30000.0	27	4	3.3298771468982533	0.4869744902348303	21.406372809682455
30000.0	27	5	2.9024285534240635	0.5875990134184272	21.49589130789449
30000.0	27	6	2.712358537652076	0.6839904095423525	21.504511834337702
30000.0	27	7	2.72385030173013	0.7818860446066367	21.434832344782013
30000.0	27	8	2.9456150938813073	0.8848625253600326	21.278589893470993
30000.0	27	9	3.415029082902934	0.9881464480738914	21.032552331926844
30000.0	27	10	4.1862834159508004	1.0761115793819231	20.70819489318936
30000.0	27	11	5.300088319182546	1.1260092083070181	20.337953755306916
30000.0	27	12	6.725365630420426	1.118727196924828	19.972313339637473
30000.0	27	13	8.301700116508465	1.0518258004017134	19.66480652534714
30000.0	27	14	9.756800019252825	0.9440353155969962	19.452545625423113
30000.0	27	15	10.830539302540462	0.8249331373581701	19.345339774534896
30000.0	27	16	11.404591678988789	0.7190033440383333	19.3294774563284
30000.0	27	17	11.519216809575182	0.6380503713338556	19.3801227627847
30000.0	27	18	11.296839188633225	0.5834326756203366	19.472654113080246
30000.0	27	19	10.8641838118018	0.5510632847760183	19.588701466181607
30000.0	27	20	10.317080624070684	0.5347280683503164	19.7175495187549
30000.0	27	21	9.719800688808153	0.5273927119392202	19.854524868055673
30000.0	27	22	9.118275649639807	0.5215777233203672	19.99757403199985
30000.0	27	23	8.553221064980994	0.5097748548762309	20.143198000697907
30000.0	27	24	8.0725147851616	0.48534705382934007	20.281840497667332
30000.0	27	25	7.759750705270168	0.44382384306889056	20.387554745485794
30000.0	27	26	7.786578182983845	0.38444837361747186	20.391635595947093
30000.0	27	27	8.373717603043366	0.311296146588864	20.152248683248892
30000.0	27	28	9.15374914643134	0.22978621913739639	19.490629755651813
30000.0	27	29	7.760604619940187	0.13810892569057165	18.3382480310628

30000.0	28	0	0.5962827778758916	0.1496450346765507	20.54898002310609
30000.0	28	1	3.8905817465158252	0.2132382226555818	20.509570983365002
30000.0	28	2	4.392092893588312	0.28414301538798925	20.909071305169473
30000.0	28	3	3.4352278503834914	0.36890210681865315	21.326445323259605
30000.0	28	4	2.758053059268975	0.45688771605899986	21.52616754418155
30000.0	28	5	2.386766474150039	0.5437486754367653	21.579480037744766
30000.0	28	6	2.219283737127489	0.6352506882261169	21.556381494223075
30000.0	28	7	2.2244089002000575	0.7416220082856428	21.469571488830994
30000.0	28	8	2.4228673345422376	0.8691042200376156	21.300039997128476
30000.0	28	9	2.875871228843635	1.0115032553284629	21.023495957859215
30000.0	28	10	3.6827217515639665	1.1448187803364829	20.63398559089519
30000.0	28	11	4.956072518092671	1.2303914485814471	20.163517538706046
30000.0	28	12	6.736254460744615	1.231667760995021	19.683001162847447
30000.0	28	13	8.854955566846945	1.1395881132647356	19.276902079709618
30000.0	28	14	10.89461191284178	0.9844444920004937	19.00608837072147
30000.0	28	15	12.395784368821312	0.8161751226958963	18.885982143257618
30000.0	28	16	13.142762626643506	0.6725663814318436	18.893430755524403
30000.0	28	17	13.216064323594708	0.5676131863264158	18.988969358709753
30000.0	28	18	12.836343514645069	0.49945487047971193	19.134774446395912
30000.0	28	19	12.215706985437334	0.46052735993574606	19.302459076785883
30000.0	28	20	11.501219016765525	0.4427170391062547	19.474288921248476
30000.0	28	21	10.778811292246278	0.43873332486623023	19.64135061421962
30000.0	28	22	10.094965791539064	0.44203953724426315	19.800348231197976
30000.0	28	23	9.476067827488576	0.446628817794337	19.950233460315005
30000.0	28	24	8.950703359897194	0.44700641903338373	20.087601565860545
30000.0	28	25	8.598653999035886	0.43845460449492263	20.191333444350462
30000.0	28	26	8.56681340302973	0.41820742086272056	20.191518359885432
30000.0	28	27	8.514541074359768	0.38543500974805434	20.009691761986176
30000.0	28	28	5.424542416075539	0.32051481264473175	19.917772594416
30000.0	28	29	0.5962827778758916	0.1496450346765507	20.54898002310609

30000.0	29	0	3.1492313703660624E-7	6.929613576573134E-7	3.166425421554557
30000.0	29	1	0.17916584312188696	0.17001731567548553	23.385751218816903
30000.0	29	2	1.9800057241499853	0.2691573735470922	21.549957422264736
30000.0	29	3	2.387317844402557	0.3395152913013698	21.54282816097239
30000.0	29	4	2.082642005865564	0.40624067870124514	21.6353585110756
30000.0	29	5	1.836028235739779	0.4760567381953853	21.59747375752853
30000.0	29	6	1.7140428629841713	0.5606092659010855	21.50445508777773
30000.0	29	7	1.7213154468081973	0.6749260135700197	21.3894010151145
30000.0	29	8	1.8935763928208988	0.8287830273013272	21.22153099004206
30000.0	29	9	2.3086533832587515	1.015743717761082	20.941959158905917
30000.0	29	10	3.10194033552379	1.2035945510789776	20.511284721341486
30000.0	29	11	4.462304780847936	1.3352459017721043	19.952275311152135
30000.0	29	12	6.5371978459596205	1.3516026390803202	19.357663193772115
30000.0	29	13	9.199943526481638	1.2335946383132839	18.85023933899818
30000.0	29	14	11.88337355046507	1.0262252346332525	18.520857443196427
30000.0	29	15	13.862847988683589	0.8058488077445274	18.391661579078058
30000.0	29	16	14.785431243011585	0.6253407096716662	18.428087537716497
30000.0	29	17	14.788303619664138	0.498942518149205	18.574423076259883
30000.0	29	18	14.219536111766248	0.4196323572072217	18.77905577209003
30000.0	29	19	13.392089437377358	0.37557643931026685	19.003249607407863
30000.0	29	20	12.50826895608317	0.35668450564976756	19.221798850537304
30000.0	29	21	11.675438862892694	0.3556015566452452	19.421198284410924
30000.0	29	22	10.938585911760402	0.36708098627914165	19.59693329950074
30000.0	29	23	10.303879345651042	0.3872747722537179	19.7507660732128
30000.0	29	24	9.765957662287539	0.4131770216614674	19.885869735467722
30000.0	29	25	9.350836276216468	0.44254683262312045	19.98783426789128
30000.0	29	26	8.888613580149748	0.47579228704101667	20.01700901673177
30000.0	29	27	6.156320331015268	0.5102099828838833	20.20981881380007
30000.0	29	28	0.3958925583463709	0.43159584309495497	22.41062343865559
30000.0	29	29	3.1492313703660624E-7	6.929613576573134E-7	3.166425421554557

